10,12,14,51,60,64,68,64,61,58,70,90,115,124,138,140,119,114,107,97,92,73,60,53,35,29
10,11,14,53,76,78,58,63,59,57,64,88,135,142,153,138,119,110,95,76,62,56,53,34,36,21
0,5,14,23,35,9,27,52,27,31,69,92,118,124,124,101,103,110,97,81,60,54,50,32,21,15
8,0,13,13,9,7,11,0,12,52,67,87,108,104,106,95,109,106,101,81,60,52,27,14,16,12
0,8,10,13,7,0,0,10,51,55,74,86,86,93,88,89,103,110,98,85,61,52,32,13,8,12
0,0,0,0,0,0,0,30,55,64,75,82,84,72,74,82,95,110,100,84,65,52,37,13,11,9
0,10,0,10,10,0,35,53,65,80,103,116,84,72,78,89,101,115,116,101,73,55,44,11,14,12
0,0,0,13,10,10,54,60,77,98,108,97,76,74,81,91,105,118,121,105,83,56,50,13,12,9
0,0,0,9,8,44,56,62,67,77,74,73,71,73,76,84,89,107,104,90,75,56,36,10,11,0
0,0,0,9,10,14,37,51,58,52,53,66,61,69,68,73,83,87,87,77,61,54,13,10,7,0
0,0,0,8,9,0,0,13,51,50,54,57,61,62,63,63,70,80,81,74,64,52,13,0,0,0
0,0,10,13,12,14,14,50,52,53,55,65,66,63,62,62,66,76,75,73,68,56,45,11,0,6
0,12,13,22,32,50,56,56,57,60,60,67,73,72,69,70,72,83,90,87,72,60,54,18,13,12
0,13,40,53,54,52,56,66,74,79,82,80,78,73,74,79,94,110,116,110,81,62,50,23,14,11
12,52,71,83,86,81,82,82,79,91,93,100,114,114,119,138,158,192,166,145,113,80,66,57,53,50
52,58,94,96,103,91,87,91,93,100,101,113,114,122,128,141,169,181,164,134,110,82,69,61,56,53
50,55,81,82,88,92,86,79,82,91,93,102,113,121,136,147,170,171,154,130,99,76,66,59,55,51
50,54,70,74,83,85,92,82,81,82,88,97,111,113,123,138,154,154,142,121,90,80,63,59,54,52
31,48,52,63,74,84,85,85,81,77,76,86,90,92,103,110,115,121,123,100,79,65,63,52,51,46
14,14,50,54,66,76,82,84,82,72,75,80,79,83,88,83,88,94,97,92,72,61,54,50,37,35
9,12,40,51,53,65,80,80,77,71,69,72,72,73,79,76,84,89,89,81,69,63,53,51,46,38
11,12,17,35,47,59,71,79,80,73,67,69,72,74,74,76,81,82,77,69,61,52,44,15,14,12
9,14,22,30,29,45,55,68,78,76,64,65,70,69,68,74,78,73,69,63,50,41,34,25,15,18
0,8,14,27,21,40,52,56,68,75,73,65,68,72,69,69,76,70,68,61,54,39,26,22,11,10
0,8,12,10,12,13,50,52,59,69,73,70,64,66,64,63,68,74,65,59,53,47,14,12,11,9
0,7,0,11,13,18,41,50,53,55,71,71,68,62,62,62,64,67,65,58,52,23,14,12,9,0
0,0,6,12,11,12,31,40,23,36,56,64,67,58,59,60,58,58,59,54,19,11,10,10,0,0
0,0,7,9,0,10,13,15,19,21,43,60,59,57,57,55,55,57,55,51,14,10,9,8,0,0
0,0,0,0,0,0,12,13,14,20,23,58,59,59,52,54,56,55,54,39,15,8,0,0,0,0
0,0,0,0,0,0,14,23,19,14,13,57,58,57,52,50,52,54,52,51,11,8,7,0,0,0
0,0,0,5,0,8,13,27,31,27,12,53,58,54,50,36,53,53,54,54,13,7,6,6,0,0
0,0,0,0,0,11,14,20,51,11,30,56,66,50,46,51,50,37,44,34,11,0,8,0,0,0
0,0,0,0,0,9,11,22,26,12,42,60,56,42,49,48,45,51,52,44,13,8,7,0,0,0
0,0,0,0,0,6,9,8,9,6,14,47,50,45,34,11,27,50,51,38,10,0,0,0,0,0
0,0,0,0,0,0,8,7,9,9,8,25,15,13,12,14,12,50,47,27,9,0,0,0,0,0
0,0,0,0,0,0,7,7,7,8,0,14,12,10,10,11,10,13,25,13,8,0,0,0,0,0
0,0,0,0,0,0,0,6,0,0,0,9,7,10,10,7,5,11,14,10,8,0,0,0,0,0
0,0,0,0,0,0,0,0,0,0,0,7,9,7,6,6,11,12,12,13,8,5,0,0,0,0
0,0,0,0,0,7,0,0,0,6,0,8,10,5,11,12,12,22,13,12,10,0,0,0,0,0
0,0,0,0,0,0,0,0,0,0,0,0,11,0,7,13,14,23,13,11,6,7,7,0,0,0
10,13,17,51,60,65,69,65,61,57,69,90,114,125,138,140,120,113,106,97,92,73,60,54,37,31
10,12,14,53,76,78,59,63,60,57,64,88,133,142,152,137,118,110,95,76,62,56,53,25,29,21
0,6,14,23,31,9,30,53,30,29,68,92,117,125,125,100,102,109,98,81,60,54,50,27,19,14
7,0,13,13,10,7,11,0,13,52,67,87,107,104,105,95,109,106,100,81,60,52,27,14,17,12
0,8,10,13,7,0,0,11,51,55,74,86,85,92,87,89,102,110,98,85,61,52,30,14,8,13
0,0,0,0,0,0,6,32,55,64,74,83,83,72,73,81,94,110,101,84,65,52,40,13,11,10
0,10,0,10,11,0,35,53,66,81,103,116,83,72,77,88,101,116,116,101,72,55,44,11,14,12
0,0,0,14,10,11,55,61,77,98,108,96,76,74,80,92,105,119,120,104,82,56,50,13,11,10
0,0,0,10,8,50,58,62,68,78,74,73,69,74,75,84,90,106,104,90,74,56,36,10,11,0
0,0,0,9,10,14,43,52,58,52,53,66,58,67,68,72,82,88,87,77,61,54,14,10,7,0
0,0,0,8,9,0,6,13,53,51,54,57,60,62,62,63,70,80,81,72,64,52,14,0,0,0
0,0,10,13,12,14,17,50,52,53,55,64,67,63,62,61,66,75,76,73,67,55,42,10,7,7
0,12,13,25,35,50,56,56,57,59,59,68,72,72,69,69,71,82,89,88,71,60,54,18,12,11
0,13,43,53,54,53,56,66,74,79,82,80,78,72,75,79,95,110,117,110,81,61,50,25,13,11
13,53,72,84,87,82,83,83,80,91,92,101,114,113,120,138,158,192,169,146,112,80,66,57,54,50
52,58,95,96,104,92,88,91,94,100,101,113,114,122,128,140,169,182,165,134,110,81,68,61,55,53
50,56,81,83,89,93,88,79,83,91,93,103,113,121,136,146,172,169,154,130,97,76,66,59,55,51
50,53,70,74,83,86,92,82,82,82,89,97,111,114,122,137,152,155,141,122,89,79,64,59,54,53
29,50,53,63,75,85,86,85,81,77,76,86,90,91,103,109,114,120,122,99,78,64,63,52,52,46
14,14,50,54,66,76,82,83,83,72,75,80,78,82,88,82,87,94,97,91,71,61,53,50,37,33
10,12,38,51,53,65,81,80,78,71,69,72,71,73,79,76,83,89,89,80,68,62,53,51,50,38
11,12,16,38,45,59,71,80,80,74,66,69,71,74,73,75,80,81,77,69,60,52,42,14,13,13
9,15,23,30,29,45,56,68,78,76,64,65,70,69,67,73,76,72,69,63,50,40,35,25,14,19
0,8,14,27,23,39,52,56,68,75,73,65,67,71,68,68,75,70,68,61,54,39,26,22,12,10
0,9,12,10,13,14,51,52,59,70,72,70,64,65,64,62,67,74,64,60,53,40,14,12,12,9
0,8,0,11,12,15,45,50,53,55,71,71,68,62,61,62,62,66,65,58,52,23,14,11,9,0
0,0,6,12,10,12,31,36,25,32,56,64,67,58,59,60,57,58,58,54,19,11,10,9,0,0
0,0,7,10,0,10,13,14,21,23,45,60,58,57,57,54,55,57,54,50,14,10,9,8,0,0
0,0,0,6,0,0,13,13,15,20,23,58,59,60,52,53,55,55,54,35,15,7,0,0,0,0
0,0,0,0,0,0,14,20,21,14,13,57,58,57,52,50,52,54,52,51,11,8,0,0,0,0
0,0,0,5,0,8,13,27,31,27,12,53,58,55,50,30,52,53,54,54,12,7,6,5,0,0
0,0,0,0,0,11,14,21,51,11,26,56,66,50,45,50,50,36,44,33,11,0,8,0,0,0
0,0,0,0,0,9,12,21,27,13,43,59,56,42,47,46,47,51,52,44,13,8,7,0,0,0
0,0,0,0,0,6,9,8,10,6,13,47,50,45,31,10,20,47,51,41,9,0,0,0,0,0
0,0,0,0,0,0,8,7,9,10,8,25,14,13,11,14,11,44,47,20,8,0,0,0,0,0
0,0,0,0,0,0,8,7,8,8,0,14,12,10,10,11,9,13,23,13,8,0,0,0,0,0
0,0,0,0,0,0,0,6,0,0,0,8,6,10,10,7,0,10,14,10,8,0,0,0,0,0
0,0,0,0,0,0,0,0,0,0,0,7,9,7,6,0,10,12,13,12,8,6,0,0,0,0
0,0,0,0,0,7,0,0,0,7,0,8,10,4,11,12,13,20,12,12,9,0,0,0,0,0
0,0,0,0,0,0,0,0,0,0,0,6,10,0,7,12,13,23,14,12,6,6,8,0,0,0
11,13,16,51,60,65,68,66,61,58,68,90,114,124,137,140,119,113,106,97,92,73,60,54,39,31
10,12,14,54,75,77,60,63,60,57,65,88,133,141,153,136,118,111,95,77,62,55,53,27,29,23
0,6,13,25,33,9,30,53,25,25,68,92,117,125,125,100,102,109,97,81,60,54,50,27,19,15
8,0,12,13,10,7,11,0,13,52,67,87,107,103,105,95,108,106,100,81,59,52,27,15,22,12
0,9,10,13,8,0,0,11,52,55,73,86,85,92,88,89,101,110,99,85,61,52,30,14,9,13
0,0,0,0,0,0,6,35,55,65,75,82,82,72,73,81,93,109,100,84,65,52,43,13,11,10
0,10,0,10,11,0,35,53,66,81,103,114,83,71,78,89,101,115,116,101,72,56,50,12,14,12
0,0,0,14,10,11,54,61,76,97,107,95,76,74,80,92,105,119,120,103,82,56,50,13,11,10
0,0,0,9,8,50,58,62,68,77,73,73,68,74,75,85,90,107,104,89,73,56,36,10,11,0
0,0,0,9,9,14,43,52,58,52,53,66,58,66,68,73,81,87,87,77,60,54,14,10,7,0
0,0,6,8,8,0,6,14,52,51,54,57,60,62,63,64,70,80,81,72,64,52,14,0,0,0
0,0,9,13,11,15,17,47,52,53,55,65,67,63,62,62,66,75,75,73,67,55,37,10,7,7
0,12,14,27,35,50,56,56,57,59,59,68,71,71,70,70,71,83,90,88,71,60,54,21,12,12
0,13,40,53,54,53,56,66,74,79,82,81,78,72,75,79,95,110,117,110,81,62,50,25,13,11
13,53,72,84,87,82,83,83,80,91,92,100,114,114,121,138,157,193,169,146,112,81,65,57,53,48
52,58,95,97,104,92,89,90,94,100,101,113,115,122,129,140,169,182,166,134,110,82,68,62,55,54
50,55,81,83,89,94,88,80,83,91,92,104,113,121,136,146,171,168,152,130,97,76,66,60,55,51
50,53,70,74,84,86,92,82,81,82,88,97,111,113,122,137,149,154,141,121,88,79,64,59,54,53
28,50,53,63,75,86,86,86,81,77,76,86,89,91,102,110,114,119,122,98,78,64,62,52,51,48
14,14,50,54,66,76,83,83,83,72,75,80,78,82,88,82,87,93,97,91,71,61,53,51,32,33
10,12,36,50,53,66,80,80,78,70,69,72,71,73,79,75,82,89,88,80,68,62,53,51,50,38
11,11,17,36,47,59,71,80,80,74,66,69,71,73,74,75,79,81,77,69,60,52,42,14,13,12
9,14,22,30,29,46,56,68,78,76,64,65,70,69,67,73,75,72,68,63,50,40,35,26,14,19
0,8,14,26,23,39,52,56,69,75,72,65,66,71,68,68,74,70,67,61,53,39,26,20,11,10
0,9,12,10,13,14,50,52,59,70,72,70,64,65,65,62,67,74,63,60,53,43,14,12,12,9
0,8,0,10,12,18,43,50,53,55,71,71,68,62,62,62,62,67,65,58,51,25,14,12,9,0
0,0,6,12,10,13,33,36,25,32,56,64,67,58,59,59,56,58,58,54,21,11,10,9,0,0
0,0,7,9,0,10,13,14,21,23,43,60,58,57,58,54,55,57,54,50,14,11,8,8,0,0
0,0,0,0,0,0,13,13,14,22,21,58,59,59,53,53,55,55,54,33,15,8,6,0,0,0
0,0,0,0,0,0,14,18,19,14,13,57,59,58,52,50,51,54,52,51,11,8,0,0,0,0
0,5,0,5,0,8,13,27,29,27,12,53,58,55,51,30,52,53,54,53,12,7,6,6,0,0
0,0,0,0,0,11,14,23,51,11,26,56,66,50,46,50,50,36,42,33,10,0,8,0,0,0
0,0,0,0,0,9,11,22,27,13,44,60,56,41,47,45,45,50,52,44,13,8,7,0,0,0
0,0,0,0,0,6,10,8,10,0,13,50,50,45,31,10,15,45,51,41,9,0,0,0,0,0
0,0,0,0,0,0,7,7,9,10,8,25,14,13,11,14,11,47,47,17,8,0,0,0,0,0
0,0,0,0,0,0,8,7,8,8,0,15,12,10,10,11,8,13,23,13,7,0,0,0,0,0
0,0,0,0,0,0,0,6,0,0,0,8,6,9,10,7,0,9,14,10,8,0,0,0,0,0
0,0,0,0,0,0,0,0,0,0,0,7,8,7,6,0,10,12,13,13,8,5,0,0,0,0
0,0,0,0,0,7,0,0,0,7,0,8,10,5,12,12,13,22,12,12,9,0,0,0,0,0
0,0,0,0,0,0,0,0,0,0,0,6,10,5,7,12,13,23,14,12,5,6,7,0,0,0
11,13,16,51,60,65,69,66,61,57,69,90,113,124,138,139,119,113,107,96,92,73,60,54,41,33
11,12,14,54,75,77,60,63,60,57,65,88,133,141,151,136,118,111,96,77,62,55,53,27,27,25
0,7,13,26,33,9,30,53,27,25,68,91,117,126,124,100,102,109,97,82,61,53,50,23,19,15
8,0,12,13,10,7,11,0,14,52,67,87,106,103,105,94,109,106,100,81,60,52,27,14,22,12
0,9,10,13,8,0,0,11,53,55,73,86,85,92,88,89,101,111,99,86,61,52,32,14,9,13
0,0,0,0,0,0,6,35,55,64,75,82,82,72,73,81,94,109,101,85,65,52,37,13,11,9
0,10,0,10,12,0,35,53,66,80,103,113,83,71,77,88,101,116,116,101,73,55,50,12,14,13
0,0,0,14,10,11,54,61,76,97,106,95,75,75,81,92,105,118,121,103,83,56,50,13,11,11
0,0,0,9,7,50,58,62,68,77,73,73,68,74,75,85,90,107,105,89,73,55,36,10,11,7
0,0,0,10,9,14,43,51,58,53,53,65,58,66,67,73,82,87,87,76,60,54,14,10,7,0
0,0,6,8,8,0,6,14,53,51,54,57,61,62,64,64,70,81,81,72,64,52,14,0,0,0
0,0,9,13,11,15,14,47,52,53,55,65,67,64,61,62,67,76,76,73,67,55,35,10,7,8
0,12,14,27,37,50,56,56,58,59,59,67,72,71,69,70,71,83,90,88,71,60,54,23,12,12
0,13,40,53,54,53,56,66,76,79,83,80,78,72,75,78,95,110,118,110,81,62,50,26,14,11
14,54,72,84,87,83,83,84,80,91,92,100,114,114,121,139,157,193,171,147,113,81,65,57,53,47
53,58,95,97,104,92,89,90,94,100,102,113,115,121,128,140,169,182,167,134,110,82,68,61,55,53
51,55,82,83,89,94,88,80,83,90,92,103,113,121,135,146,170,168,153,130,97,76,66,60,56,50
50,54,70,74,83,86,92,82,82,82,88,97,109,113,121,135,149,154,141,121,88,79,64,59,54,52
28,50,53,63,75,87,85,86,81,76,76,86,90,91,102,109,113,118,122,99,78,64,62,52,51,50
14,14,50,54,66,77,83,84,83,72,75,80,79,82,88,81,87,93,96,90,71,61,53,50,32,33
10,11,38,50,53,65,80,80,78,71,69,72,71,72,78,75,82,88,88,79,68,62,53,51,48,38
11,11,17,36,47,59,71,79,80,74,66,69,72,74,74,75,79,80,76,69,59,51,44,14,13,12
10,14,22,30,30,46,56,68,78,76,64,65,70,69,67,72,74,72,68,63,50,40,35,26,15,17
0,8,14,26,25,40,52,56,69,75,73,65,66,71,68,67,74,69,67,61,53,38,26,19,11,10
0,8,12,10,13,14,50,52,59,70,72,70,64,65,64,61,67,73,63,60,53,38,13,12,12,9
0,7,0,10,12,18,41,50,53,55,71,71,67,61,61,62,61,66,65,58,51,23,14,11,9,0
0,0,6,11,10,13,29,36,26,34,56,64,67,58,58,59,56,58,57,53,25,11,10,9,6,0
0,0,7,10,6,10,13,15,23,21,45,59,58,57,57,53,55,57,54,50,14,10,8,8,0,0
0,0,0,6,0,0,13,13,15,22,21,58,59,59,53,53,55,55,54,35,15,8,7,0,0,0
0,0,0,0,0,0,14,16,25,13,13,57,59,58,52,50,51,54,52,51,11,8,0,0,0,0
0,0,0,5,0,9,13,25,31,25,12,53,58,55,50,27,52,53,54,53,12,7,6,6,0,0
0,0,0,0,0,11,14,23,51,11,30,55,66,50,46,50,50,37,45,33,11,0,8,0,0,0
0,0,0,0,0,9,11,22,30,13,45,60,56,42,46,46,45,50,51,44,13,7,8,0,0,0
0,0,0,0,0,6,9,8,10,0,13,50,47,50,31,10,20,45,51,36,9,0,0,0,0,0
0,0,0,0,0,6,7,7,9,10,9,23,14,13,11,14,11,47,47,15,9,0,0,0,0,0
0,0,0,0,0,0,7,7,8,8,0,14,12,10,10,10,8,13,23,13,7,0,0,0,0,0
0,0,0,0,0,0,0,6,0,0,0,8,7,10,10,6,0,9,15,10,8,0,0,0,0,0
0,0,0,0,0,0,0,0,0,0,0,7,9,7,6,0,10,12,13,12,8,5,0,0,0,0
0,0,0,0,0,7,0,0,0,7,0,7,10,5,12,12,13,20,12,11,9,0,0,0,0,0
0,0,0,0,0,0,0,0,0,0,0,6,10,0,7,12,13,22,14,12,6,6,7,0,0,0
11,13,17,51,60,64,69,65,61,58,68,90,114,123,138,140,118,113,107,97,91,73,60,53,41,35
11,11,14,54,74,77,59,63,59,57,64,87,133,140,151,136,118,111,96,77,62,55,54,27,29,29
0,7,14,27,33,9,27,53,33,25,68,91,117,124,124,101,103,109,98,83,61,53,50,23,19,20
8,0,13,12,9,7,11,0,14,52,66,86,106,103,105,94,108,106,99,81,60,52,23,14,20,13
0,9,10,13,7,0,0,11,53,55,74,86,85,92,87,89,101,110,99,87,62,52,32,13,9,13
0,0,0,0,0,0,0,35,55,64,75,82,82,72,74,81,94,108,100,85,66,52,34,13,11,10
0,9,0,10,11,0,35,53,65,80,103,112,83,71,77,88,101,115,115,100,73,55,50,12,15,12
0,0,0,14,10,11,53,61,77,96,105,95,75,75,80,92,105,117,120,103,83,56,47,13,11,10
0,0,0,9,7,50,57,62,68,76,72,72,68,74,74,84,90,106,104,89,73,55,33,10,11,7
0,0,0,10,8,14,40,52,58,53,52,65,60,66,69,70,82,88,87,77,60,53,14,10,7,0
0,0,7,8,8,0,6,14,52,51,54,57,62,63,64,64,70,80,81,72,64,51,14,0,0,0
0,0,9,13,11,14,15,47,53,53,55,65,68,64,61,62,67,76,76,72,68,55,35,10,7,8
0,12,13,27,35,50,56,56,58,59,59,67,72,71,69,70,72,83,90,88,71,60,54,23,12,12
0,13,43,53,55,53,56,66,76,79,83,80,78,72,74,78,95,110,118,111,82,61,50,25,14,11
14,54,72,84,87,83,83,84,80,91,92,100,114,114,121,139,157,193,171,148,114,81,66,57,54,48
53,58,96,97,104,92,88,91,94,100,102,113,116,122,128,139,169,181,166,134,111,82,68,61,55,53
51,56,82,84,89,94,88,80,84,90,92,103,113,120,135,146,170,167,151,130,98,76,66,59,56,51
50,54,70,74,83,86,92,82,82,83,88,96,110,113,121,135,150,152,140,121,88,78,64,59,54,53
31,50,53,63,75,86,85,86,81,76,76,85,90,91,102,109,113,117,122,98,78,64,63,52,51,50
14,14,50,54,66,77,83,84,82,72,75,79,79,82,88,81,86,92,96,90,71,60,52,50,32,33
10,11,38,50,53,65,80,80,78,71,69,72,72,72,78,75,82,88,88,79,68,62,53,51,50,38
11,11,19,35,47,59,71,80,80,74,66,69,72,73,73,75,79,80,75,69,59,51,44,15,13,12
10,14,22,30,29,46,56,68,78,76,64,65,70,69,67,72,74,72,68,62,50,40,35,26,15,18
6,8,14,26,25,39,52,56,69,75,73,64,67,71,69,67,74,69,67,61,53,39,26,17,11,10
0,8,12,10,12,14,50,52,59,70,72,70,64,65,64,61,67,72,63,60,52,36,13,12,12,9
0,8,0,11,13,15,39,51,53,55,71,71,68,62,62,62,61,66,64,58,52,25,14,12,9,0
0,0,6,11,10,13,27,34,25,34,56,64,67,58,58,59,56,57,57,53,27,10,11,9,6,0
0,0,7,10,6,10,13,15,23,20,43,60,58,58,58,53,55,57,53,50,14,10,8,9,0,0
0,0,0,6,0,0,13,13,15,20,23,58,59,59,53,53,55,55,54,37,14,8,7,0,0,0
0,0,0,0,0,0,14,18,23,14,13,57,60,58,52,47,51,54,52,51,11,8,0,0,0,0
0,0,0,5,0,9,13,25,31,23,12,52,59,55,50,27,52,52,54,53,12,7,6,5,0,0
0,0,0,0,0,11,14,23,51,11,30,55,67,50,46,50,50,35,42,32,11,0,8,0,0,0
0,0,0,0,0,9,11,23,30,13,45,60,56,42,46,45,45,48,51,46,14,7,8,0,0,0
0,0,0,0,0,6,9,9,10,0,13,50,50,47,34,9,20,42,50,36,9,0,0,0,0,0
0,0,0,0,0,6,7,7,9,10,9,23,15,13,11,14,11,44,43,15,9,0,0,0,0,0
0,0,0,0,0,0,7,7,8,8,0,14,12,10,10,10,8,13,19,13,8,0,0,0,0,0
0,0,0,0,0,0,0,6,0,0,0,8,7,9,10,6,0,9,14,10,8,0,0,0,0,0
0,0,0,0,0,0,0,0,0,0,0,7,9,7,6,0,10,11,12,12,8,5,0,0,0,0
0,0,0,0,0,7,0,0,0,7,0,7,10,5,12,11,13,19,12,11,9,0,0,0,0,0
0,0,0,0,0,0,0,0,0,0,0,6,10,0,7,12,13,19,14,11,6,6,7,0,0,0
11,13,17,51,60,64,68,65,61,57,68,89,113,122,137,140,118,114,108,96,92,73,60,53,41,35
11,11,14,54,73,77,58,63,60,57,64,87,133,141,150,135,118,111,96,77,63,55,53,29,36,29
0,6,14,27,31,9,27,53,30,25,68,91,115,124,122,100,103,110,98,83,61,53,50,25,23,20
8,0,13,13,9,6,11,0,14,52,66,86,105,103,104,94,108,106,100,81,60,52,25,14,22,13
0,9,10,13,7,0,0,11,53,54,73,86,86,92,87,89,101,110,99,87,63,51,33,13,9,13
0,0,0,0,0,0,0,32,55,65,75,81,81,71,74,81,94,108,100,85,67,51,37,13,11,10
0,9,0,10,11,0,39,53,65,79,102,111,82,71,76,89,100,115,114,100,74,55,47,12,15,12
0,0,0,14,10,12,53,61,77,95,104,93,74,75,80,91,104,116,120,102,83,55,50,13,11,10
0,0,0,8,7,47,57,62,67,74,71,72,68,74,74,83,89,106,104,88,74,55,33,10,11,7
0,0,0,10,8,13,37,51,58,52,52,65,61,67,67,70,82,88,87,77,60,54,14,10,7,0
0,0,7,9,7,0,0,14,52,51,55,57,63,63,64,64,70,80,82,72,64,51,14,0,0,0
0,0,9,14,11,14,14,45,53,53,55,64,67,64,61,62,66,75,76,72,68,55,35,10,7,7
0,12,13,27,32,50,56,56,58,59,59,67,72,72,69,70,72,82,91,88,71,60,54,27,13,13
0,13,45,53,55,53,56,67,77,79,83,80,78,72,74,78,95,110,118,110,82,62,50,25,14,11
13,54,72,83,87,83,83,83,79,91,92,99,114,114,120,138,156,193,171,148,114,80,66,57,54,50
53,58,95,97,104,92,88,91,94,100,102,113,116,122,128,139,168,180,166,133,111,83,69,62,56,54
51,56,82,83,88,93,88,80,84,90,92,102,113,121,136,145,167,167,152,129,98,77,66,59,55,51
48,54,70,74,83,85,92,82,81,83,88,96,109,113,121,135,149,150,140,120,88,79,64,59,54,52
31,48,53,63,75,86,85,86,81,75,76,85,90,91,102,108,113,115,121,98,78,64,62,52,51,50
15,14,50,54,66,76,82,83,82,72,75,79,79,82,87,80,86,92,95,89,71,61,52,50,30,33
10,11,38,50,53,64,80,80,78,70,69,71,71,73,78,75,82,87,87,78,68,62,53,51,50,36
11,11,19,31,47,59,71,79,80,75,66,69,72,73,73,74,79,80,75,69,59,51,42,16,13,11
9,13,23,29,29,46,55,68,78,76,64,65,70,69,67,71,74,71,67,62,50,40,35,26,15,17
6,8,13,25,25,41,52,56,69,74,72,64,67,71,68,67,73,68,66,60,53,42,25,20,11,11
0,8,12,10,12,14,50,52,59,70,72,70,64,65,64,61,67,72,63,59,52,36,13,13,12,9
0,7,0,11,13,16,37,51,53,55,72,70,68,62,62,62,60,66,64,58,51,23,14,12,9,0
0,0,7,11,10,13,23,34,23,34,56,63,67,58,58,58,56,57,57,53,25,11,10,9,6,0
0,0,6,10,6,10,13,15,25,18,43,59,59,58,57,53,54,56,53,50,14,10,8,9,0,0
0,0,0,0,0,0,13,13,14,20,25,58,59,59,53,53,54,55,54,37,14,8,7,0,0,0
0,0,0,0,0,0,14,18,25,13,13,56,59,59,51,45,51,54,52,50,11,8,0,0,0,0
0,0,0,6,0,9,13,27,31,25,12,52,59,55,50,27,52,52,54,53,12,7,6,6,0,0
0,0,0,0,0,11,13,21,51,12,32,55,66,50,48,50,50,33,43,33,11,0,8,0,0,0
0,0,0,0,0,9,11,22,30,13,45,60,56,43,44,43,43,48,51,43,14,7,8,0,0,0
0,0,0,0,0,6,9,8,10,0,14,50,50,47,29,10,15,37,50,30,9,0,0,0,0,0
0,0,0,0,0,6,7,7,9,9,9,25,15,14,11,13,11,44,45,14,9,0,0,0,0,0
0,0,0,0,0,0,7,7,8,8,0,14,11,10,10,10,8,13,17,12,8,0,0,0,0,0
0,0,0,0,0,0,0,0,0,0,0,8,7,10,10,6,0,8,14,10,8,0,0,0,0,0
0,0,0,0,0,0,0,0,0,0,0,7,9,7,6,0,9,11,12,12,8,5,0,0,0,0
0,0,0,0,0,7,0,0,0,6,0,7,10,5,11,11,12,17,12,11,9,0,0,0,0,0
0,0,0,0,0,0,0,0,0,0,0,6,10,0,7,12,13,19,14,11,6,6,7,0,0,0
11,13,21,51,60,63,68,65,61,57,68,89,112,122,137,139,119,115,108,96,91,72,60,53,39,37
10,11,14,53,73,77,58,62,60,57,64,86,133,141,149,135,118,112,97,77,64,56,54,29,36,27
0,6,14,26,31,9,27,53,33,25,68,91,115,124,122,100,103,111,99,83,61,54,50,27,25,21
8,0,13,13,9,7,11,0,14,52,66,85,104,104,104,93,108,107,102,81,61,52,25,13,20,13
0,9,10,13,7,0,0,12,53,54,73,85,85,91,87,88,101,110,99,88,63,52,32,13,9,13
0,0,0,0,0,0,0,35,55,65,75,82,82,72,73,81,95,109,101,85,67,51,31,13,11,10
0,10,0,10,11,0,46,53,66,79,101,111,81,71,75,88,101,116,114,100,74,55,44,11,17,12
0,0,0,14,10,12,55,61,77,95,103,93,73,74,80,90,104,116,120,103,83,56,50,13,11,10
0,0,7,9,7,44,58,62,67,74,71,71,69,74,74,83,89,105,104,88,74,55,30,10,11,8
0,0,0,10,9,13,37,51,58,52,52,64,61,66,67,69,82,87,88,76,60,53,14,10,8,0
0,0,7,9,7,0,0,14,52,51,55,56,62,63,63,63,71,79,82,72,64,51,14,0,0,0
0,7,9,14,11,13,14,47,53,53,55,63,67,64,62,62,67,76,76,72,69,55,40,10,7,7
0,13,13,27,32,50,57,56,58,58,59,67,71,72,69,70,72,83,91,88,72,60,54,25,13,12
0,13,50,53,55,53,57,67,77,79,83,80,79,73,75,78,95,111,119,111,83,62,50,25,14,12
13,54,72,83,87,83,83,84,79,91,92,100,114,114,120,138,158,194,172,147,114,80,66,57,54,50
53,59,96,98,104,92,88,92,95,100,102,113,116,122,128,138,169,180,166,133,111,83,69,62,56,54
51,56,83,83,89,93,88,80,84,90,92,102,113,121,136,145,168,169,154,129,98,77,66,59,56,50
48,54,70,74,83,85,92,82,82,83,88,96,110,113,121,134,150,151,139,120,89,79,64,58,54,52
34,50,53,64,75,86,85,86,82,75,76,85,90,91,102,107,113,116,120,98,78,64,62,52,51,50
17,14,48,54,66,76,83,84,82,72,75,79,79,82,87,80,86,92,95,88,71,61,52,50,33,35
10,11,40,50,53,64,80,80,78,70,70,71,71,72,78,75,82,87,87,78,68,62,53,50,50,35
11,12,17,31,47,59,71,79,81,75,66,68,72,73,72,74,79,80,75,68,59,51,46,16,14,12
9,14,23,29,29,46,55,68,78,76,64,64,70,69,67,71,74,71,67,61,51,40,35,25,15,18
6,8,13,25,23,41,52,56,69,74,73,64,67,71,68,67,73,68,66,61,54,41,25,20,12,10
0,8,12,10,12,14,50,52,59,69,72,70,64,66,64,60,67,72,63,58,52,38,13,12,12,10
0,8,0,11,13,14,39,51,53,55,72,70,69,62,62,61,61,65,64,58,51,23,14,11,10,0
0,0,6,11,10,12,25,34,23,32,56,63,67,57,58,58,56,57,57,53,27,10,10,9,6,0
0,0,7,9,6,10,13,15,26,18,45,59,58,58,57,53,54,56,53,50,14,10,8,8,0,0
0,0,0,6,0,0,12,12,15,15,30,58,59,59,53,53,54,55,54,37,14,8,6,0,0,0
0,0,0,0,0,0,14,18,26,13,13,56,59,58,51,40,51,54,52,50,12,8,0,0,0,0
0,0,0,5,0,9,13,25,34,25,12,52,59,55,50,27,52,52,54,53,12,7,6,6,0,0
0,0,0,0,0,11,14,21,51,12,32,55,66,50,48,50,50,33,43,33,11,0,8,0,0,0
0,0,0,0,0,9,11,25,31,12,44,60,56,44,43,43,45,50,52,42,14,8,7,0,0,0
0,0,0,0,0,6,9,9,10,6,14,50,50,47,25,9,17,37,51,27,9,0,0,0,0,0
0,0,0,0,0,0,7,7,9,9,9,23,14,14,11,13,12,44,45,15,10,0,0,0,0,0
0,0,0,0,0,0,7,7,8,8,0,14,11,10,10,10,8,13,19,12,8,0,0,0,0,0
0,0,0,0,0,0,0,0,0,0,0,7,7,10,10,6,0,8,15,9,8,0,0,0,0,0
0,0,0,0,0,0,0,0,0,0,0,6,9,7,6,0,9,11,12,12,9,5,0,0,0,0
0,0,0,0,0,7,0,0,0,6,0,7,10,5,11,11,13,20,12,11,9,0,0,0,0,0
0,0,0,0,0,0,0,0,0,0,0,0,10,0,7,11,13,20,14,11,6,6,7,0,0,0
11,13,21,51,60,63,69,65,61,57,68,88,112,122,136,139,119,115,107,96,91,73,60,53,39,35
10,11,14,53,73,77,59,62,59,57,64,86,133,142,150,135,118,112,96,77,64,56,54,29,34,29
0,6,14,26,29,9,27,53,33,25,68,90,115,124,122,100,103,111,99,83,61,54,50,27,25,21
8,0,13,13,9,6,12,0,14,52,66,85,105,104,104,93,108,107,101,82,61,52,25,13,20,12
0,9,10,14,7,0,0,12,53,54,73,85,85,91,87,88,101,110,99,88,63,52,30,13,9,13
0,0,0,0,0,0,6,32,55,65,75,81,82,72,73,80,94,109,100,84,67,52,31,13,12,10
0,9,0,10,11,0,50,54,65,79,100,110,81,71,75,88,100,115,113,99,74,56,41,11,19,12
0,0,0,15,10,12,56,61,76,95,102,92,74,74,79,90,104,116,119,102,83,56,47,12,11,10
0,0,7,8,8,44,58,62,67,73,71,70,69,75,74,83,89,106,104,88,74,55,30,10,11,7
0,0,0,11,8,13,37,52,57,53,52,64,61,67,67,69,83,88,87,76,60,54,14,10,8,0
0,0,7,10,7,0,0,15,52,51,54,57,61,62,63,62,71,80,81,72,64,51,13,0,0,0
0,7,10,14,11,14,14,50,53,53,55,63,67,64,62,61,67,76,76,72,69,55,40,10,7,7
0,13,13,27,30,50,57,56,58,58,60,67,71,72,69,69,72,83,91,88,72,60,54,27,13,11
0,13,48,53,55,53,57,67,76,80,83,80,79,73,74,78,95,112,118,110,83,63,50,23,14,11
13,54,72,84,87,83,84,84,79,92,93,99,114,114,119,138,158,193,170,147,114,80,66,57,54,50
53,59,95,98,105,92,89,92,94,100,102,113,115,122,129,138,169,182,165,133,111,82,69,62,56,54
50,57,83,83,89,93,88,80,84,90,92,102,113,121,136,145,168,169,152,129,98,77,65,59,55,51
50,54,70,75,83,86,93,82,81,83,88,96,110,114,121,134,150,150,138,120,89,79,64,58,54,52
32,50,53,64,75,86,86,86,81,75,76,85,89,91,102,107,113,116,119,97,79,63,62,52,52,48
15,14,50,54,66,76,83,83,82,72,74,79,78,82,87,80,86,91,94,88,71,61,52,50,33,33
10,11,38,50,52,64,80,80,78,70,70,71,71,73,78,74,82,87,87,78,67,62,52,50,50,35
11,12,17,33,50,59,71,80,81,74,66,69,71,73,72,74,79,79,75,68,59,51,42,15,13,12
10,14,23,29,29,46,56,68,78,76,64,65,70,68,66,71,74,71,67,61,50,39,35,25,14,19
6,7,13,26,23,40,52,56,69,75,73,64,67,71,68,67,73,68,66,60,54,44,25,22,12,11
0,9,12,10,12,14,50,52,59,69,72,70,64,65,64,60,66,71,63,58,52,38,13,12,12,9
0,8,0,11,12,14,41,51,53,54,72,70,68,62,62,60,60,65,63,58,52,25,14,12,10,0
0,0,6,11,10,12,27,34,21,34,56,63,67,58,58,58,56,57,56,53,23,11,10,9,6,0
0,0,7,9,0,10,13,15,23,18,43,60,59,58,57,52,54,56,52,50,14,10,8,8,0,0
0,0,0,0,0,0,13,13,14,15,30,58,59,60,53,52,55,54,54,35,15,8,0,0,0,0
0,0,0,0,0,0,14,18,25,13,13,56,59,58,51,38,51,54,51,50,12,8,0,0,0,0
0,0,0,5,0,9,14,29,31,27,12,52,59,55,50,25,52,52,54,53,12,7,6,5,0,0
0,0,0,0,0,11,14,23,51,12,30,55,66,51,46,48,50,32,42,33,12,7,7,0,0,0
0,0,0,0,0,9,12,25,30,12,43,59,56,44,42,41,45,50,51,42,15,8,7,0,0,0
0,0,0,0,0,6,9,8,9,7,14,45,50,50,22,9,17,35,50,25,9,0,0,0,0,0
0,0,0,0,0,0,8,7,9,9,9,23,14,14,11,13,11,44,43,15,9,0,0,0,0,0
0,0,0,0,0,0,7,7,8,8,0,13,11,10,10,9,8,13,17,12,8,0,0,0,0,0
0,0,0,0,0,0,0,0,0,0,0,7,6,10,10,0,0,8,14,10,8,0,0,0,0,0
0,0,0,0,0,0,0,0,0,0,0,6,8,7,6,0,9,11,12,12,8,5,0,0,0,0
0,0,0,0,0,7,0,0,0,6,0,7,10,5,11,10,12,20,12,11,9,0,0,0,0,0
0,0,0,0,0,0,0,0,0,0,0,0,10,5,7,11,13,20,13,11,6,6,7,0,0,0
10,13,22,51,60,63,69,65,60,57,68,87,112,122,136,138,119,115,108,96,91,73,60,54,39,33
10,11,14,53,73,77,59,62,60,57,63,86,132,142,150,135,118,112,96,77,64,56,53,31,34,25
0,6,14,25,31,10,30,53,30,25,68,90,113,124,122,99,102,110,99,83,62,54,50,30,29,23
8,0,13,13,9,6,11,0,14,51,66,85,105,103,104,93,108,107,101,82,61,52,27,14,20,12
0,9,10,13,7,0,0,12,53,54,73,85,85,90,87,88,101,110,99,88,63,52,32,13,8,13
0,0,0,0,0,0,6,35,55,64,75,81,81,72,73,80,94,109,100,85,67,52,37,13,11,9
0,9,0,10,12,0,42,54,65,79,100,110,81,71,75,88,99,114,113,100,74,56,41,11,14,12
0,0,0,15,10,12,56,61,76,93,101,92,73,73,80,90,103,116,118,103,83,56,47,13,11,10
0,0,0,8,8,47,58,62,67,72,71,70,68,75,73,83,89,105,104,88,74,56,33,10,12,7
0,0,0,11,8,13,34,51,57,53,52,64,61,67,67,71,82,88,87,76,60,54,13,10,7,0
0,0,6,10,7,0,0,14,52,51,54,57,61,62,62,63,71,80,81,72,64,52,13,0,0,0
0,7,10,13,12,14,14,50,52,53,55,63,66,65,61,61,65,76,76,73,69,55,40,11,7,7
0,13,14,29,30,50,57,56,58,59,59,67,71,72,69,69,72,82,90,88,72,60,54,27,13,12
0,13,48,53,55,53,57,67,76,79,84,80,79,73,75,78,95,112,119,111,83,63,51,21,14,11
13,53,72,84,87,83,84,84,79,91,93,100,114,114,120,138,157,193,169,147,114,80,65,57,54,49
52,59,95,99,105,92,88,91,94,100,102,113,114,122,129,138,168,181,166,133,112,83,69,62,56,54
50,56,83,83,89,93,88,80,84,90,93,102,113,121,136,146,168,169,153,129,98,77,65,59,55,51
50,54,71,74,83,85,93,82,82,83,88,96,110,114,121,134,149,150,138,120,89,79,63,59,54,52
31,50,53,64,75,85,86,86,81,75,75,85,89,91,102,108,112,115,119,97,79,64,62,52,52,46
15,14,50,53,66,76,83,83,82,71,74,79,78,82,87,80,85,91,94,88,70,61,52,50,35,30
10,11,40,50,53,64,80,80,77,70,70,71,71,73,78,74,80,87,86,77,67,62,52,51,50,35
11,11,17,31,47,59,71,80,81,74,66,69,71,73,72,73,78,79,75,67,59,51,40,15,13,12
9,15,23,29,29,45,55,68,78,75,63,65,70,68,66,71,73,70,67,61,50,38,34,25,14,18
6,8,13,25,25,39,52,56,69,74,72,64,67,71,68,67,72,68,66,61,54,42,23,20,12,11
0,8,12,10,12,14,50,52,58,69,72,69,64,66,64,60,66,71,63,58,53,40,13,13,12,9
0,8,0,10,12,14,41,51,53,54,72,70,68,62,62,60,60,65,64,58,52,23,13,12,9,0
0,0,6,11,10,12,27,34,21,32,56,63,67,58,58,58,55,57,56,53,21,10,10,9,6,0
0,0,7,9,0,10,13,14,23,18,45,59,58,58,57,53,54,56,52,50,14,10,8,8,0,0
0,0,0,0,0,0,13,13,14,14,30,58,59,60,53,52,54,54,54,35,16,8,0,0,0,0
0,0,0,0,0,0,14,18,25,13,13,56,58,58,52,38,51,53,51,51,12,8,0,0,0,0
0,0,0,5,0,9,13,27,31,25,12,52,58,55,50,25,51,52,53,53,12,7,6,6,0,0
0,0,0,0,0,11,13,25,51,12,28,55,66,50,46,45,48,31,41,33,12,0,7,0,0,0
0,0,0,0,0,9,11,25,30,11,43,59,56,44,43,42,44,47,51,42,14,8,7,0,0,0
0,0,0,0,0,6,9,8,9,6,14,45,50,47,20,9,15,35,50,25,10,0,0,0,0,0
0,0,0,0,0,0,8,7,9,9,9,23,14,14,12,13,11,41,43,15,10,0,0,0,0,0
0,0,0,0,0,0,7,7,8,7,0,13,11,10,10,9,7,13,17,12,8,0,0,0,0,0
0,0,0,0,0,0,0,0,0,0,0,7,6,10,10,0,0,8,14,10,8,0,0,0,0,0
0,0,0,0,0,0,0,0,0,0,0,6,8,7,6,0,9,11,12,12,8,5,0,0,0,0
0,0,0,0,0,7,0,0,0,6,0,7,10,5,11,11,12,20,12,11,9,0,0,0,0,0
0,0,0,0,0,0,0,0,0,0,0,0,10,5,7,11,13,19,14,11,6,6,7,0,0,0
10,13,20,51,60,64,69,64,60,57,68,87,111,122,136,138,119,114,108,97,91,73,60,54,39,33
10,11,14,53,73,78,59,62,59,57,64,86,131,141,150,135,118,112,96,78,64,55,53,31,34,25
0,7,14,25,33,10,30,53,30,25,67,90,114,124,122,99,102,111,100,84,62,54,50,32,29,23
8,0,13,13,9,6,12,0,15,51,66,85,105,103,104,93,107,107,102,83,61,52,27,14,19,12
0,9,10,13,7,0,0,12,53,54,73,85,85,90,87,88,101,110,99,88,63,52,32,13,8,13
0,0,0,0,0,0,6,35,56,64,75,81,82,72,73,80,94,110,101,85,67,52,34,13,11,9
0,9,0,10,11,0,42,55,65,79,100,109,81,71,75,87,100,114,114,100,74,55,44,11,14,12
0,0,0,14,10,11,56,61,76,93,102,92,73,72,80,90,103,116,118,104,83,56,45,13,11,10
0,0,0,8,8,47,58,62,67,73,71,70,68,74,73,83,89,105,103,88,74,56,33,10,12,7
0,0,0,10,8,13,37,51,57,53,52,64,62,67,67,70,82,87,87,76,61,54,13,10,7,0
0,0,7,9,7,0,0,14,52,51,54,57,61,62,63,63,72,80,81,73,64,52,13,0,0,0
0,7,10,13,12,14,14,50,52,53,55,63,66,65,62,61,65,76,76,73,69,56,40,11,7,7
0,13,14,29,32,50,57,56,58,58,60,67,71,72,69,69,72,83,90,89,72,60,54,23,12,11
0,13,48,53,55,54,57,67,76,79,83,80,79,73,75,78,95,113,119,113,83,63,50,21,14,11
13,54,72,84,88,83,85,85,79,91,93,100,114,114,120,138,157,192,170,148,113,80,65,57,54,48
52,59,95,98,105,92,89,91,94,100,102,113,114,123,130,139,170,182,166,134,112,83,69,62,56,54
50,57,83,83,90,94,88,80,83,90,93,102,113,121,136,145,169,169,153,129,98,76,65,59,55,51
50,54,71,74,83,86,93,82,82,83,88,96,109,114,121,134,150,150,138,121,89,79,63,59,54,52
29,50,53,63,75,86,86,86,81,76,75,85,89,91,102,107,112,115,119,97,79,64,61,52,51,46
14,15,50,54,66,76,83,84,82,72,75,79,78,81,87,80,85,91,94,88,70,60,52,50,35,28
10,12,40,50,53,65,80,81,77,70,70,71,71,72,78,73,80,87,86,77,67,61,52,50,50,33
11,12,16,33,47,59,71,80,81,74,66,68,71,73,72,73,78,79,75,68,59,51,40,14,13,12
9,17,22,29,29,45,56,68,78,75,64,65,69,68,66,71,73,70,66,61,50,38,35,25,13,20
6,8,13,26,21,39,52,56,69,74,73,64,67,71,68,66,72,68,66,61,54,38,25,19,12,10
0,9,12,10,12,14,50,52,58,69,73,69,63,66,64,60,65,71,62,59,53,40,14,12,12,9
0,8,0,10,12,14,41,51,53,54,72,70,68,62,61,60,60,65,64,58,52,23,13,11,10,0
0,0,6,11,10,12,27,32,21,30,56,63,67,58,58,57,55,57,56,53,23,10,10,9,6,0
0,0,7,9,0,10,13,14,21,18,47,59,58,58,57,53,54,56,51,50,14,10,8,8,0,0
0,0,0,0,0,0,13,13,14,14,27,57,59,60,53,52,54,54,54,39,20,8,0,0,0,0
0,0,0,0,0,0,14,18,25,12,13,56,58,58,52,36,51,54,51,51,12,8,0,0,0,0
0,5,0,5,0,9,13,25,34,23,12,52,58,54,50,19,51,52,53,54,12,7,6,6,0,0
0,0,0,0,0,12,14,23,51,11,26,55,66,50,45,40,48,32,41,33,12,0,7,0,0,0
0,0,0,0,0,9,11,25,30,11,41,59,56,44,42,41,43,47,51,44,14,8,7,0,0,0
0,0,0,0,0,6,9,8,9,6,14,40,50,47,22,8,15,32,50,27,10,0,0,0,0,0
0,0,0,0,0,0,8,7,9,9,9,21,14,15,12,13,12,38,43,15,10,0,0,0,0,0
0,0,0,0,0,0,7,7,8,7,0,13,11,10,10,9,7,13,21,12,8,0,0,0,0,0
0,0,0,0,0,0,0,6,0,0,0,7,6,10,10,0,0,9,14,10,8,0,0,0,0,0
0,0,0,0,0,0,0,0,0,0,0,6,8,7,6,0,9,11,11,12,8,5,0,0,0,0
0,0,0,0,0,7,0,0,0,6,0,7,10,5,11,10,12,20,12,11,10,0,0,0,0,0
0,0,0,0,0,0,0,0,0,0,0,0,10,5,7,11,13,19,13,11,6,6,7,0,0,0
10,13,18,50,61,64,69,64,60,57,68,88,111,122,136,138,119,114,108,97,91,72,60,54,39,31
10,11,14,53,74,77,59,63,60,57,63,87,131,142,150,135,118,110,97,78,63,55,54,31,31,25
0,6,14,26,31,9,30,53,30,27,68,90,114,124,122,99,102,110,100,83,62,54,50,32,25,21
8,0,13,13,9,7,11,0,14,51,66,85,105,102,103,93,107,107,102,83,61,52,29,14,17,13
0,9,10,13,7,0,0,12,53,54,72,85,85,91,87,88,101,110,99,88,63,52,32,12,8,13
0,0,0,0,0,0,6,35,55,64,75,81,82,72,73,80,94,109,100,86,66,52,43,12,11,9
0,9,0,10,11,0,42,54,65,79,100,110,81,71,76,87,99,113,114,100,74,55,47,11,14,11
0,0,0,17,10,11,56,61,76,94,103,92,73,71,80,90,102,116,118,104,83,56,45,13,11,10
0,0,0,8,8,47,58,62,66,73,71,71,68,74,74,82,89,105,104,88,74,56,38,10,12,7
0,0,0,11,9,13,37,51,57,53,52,64,61,67,67,70,82,88,87,76,61,54,14,10,7,0
0,0,7,10,7,0,0,14,51,51,54,58,62,62,63,62,71,80,81,73,64,52,14,0,0,0
0,7,10,13,12,15,14,50,52,53,55,64,66,65,62,61,65,76,76,73,68,56,42,11,8,7
0,13,14,31,30,50,56,56,58,59,60,67,71,73,69,69,72,82,90,89,72,60,53,23,12,11
0,13,48,53,55,54,57,67,76,80,84,80,79,73,74,78,95,113,118,113,83,63,51,21,14,11
13,54,72,84,89,83,84,84,80,92,93,100,115,114,120,137,156,192,170,149,113,80,66,58,54,46
53,59,95,98,104,93,89,91,94,100,102,114,114,123,130,139,169,182,166,134,112,83,69,62,56,54
50,57,83,83,90,94,88,80,83,90,93,102,113,121,137,146,170,169,154,130,98,76,66,59,56,52
50,54,71,75,83,86,93,83,82,82,88,96,109,113,121,134,149,150,138,121,89,79,64,59,54,52
29,50,53,64,75,86,85,86,81,76,76,86,89,91,102,108,111,115,120,98,79,64,62,52,51,46
14,15,50,54,66,76,83,84,82,72,75,78,78,81,87,80,85,91,93,88,69,60,53,50,35,28
9,12,38,50,53,65,80,80,77,70,69,71,71,73,77,73,80,86,86,78,67,61,52,50,50,33
11,12,17,36,47,59,71,80,81,74,66,69,71,73,72,73,78,78,75,68,58,51,40,14,13,11
9,17,22,29,29,45,56,68,77,75,64,65,69,68,66,70,72,70,66,61,50,38,35,26,13,19
0,8,14,26,23,38,52,56,69,75,73,64,66,71,68,66,71,68,66,61,54,39,25,19,12,10
0,9,12,10,13,14,50,52,58,69,73,70,63,66,64,59,65,71,62,59,53,40,14,12,12,8
0,8,0,10,12,14,43,51,53,54,71,71,68,62,61,60,60,65,64,58,52,23,14,11,10,0
0,0,7,11,10,12,27,30,20,30,56,64,67,58,58,57,55,56,56,53,23,10,10,8,0,0
0,0,7,9,6,10,13,14,19,20,45,60,58,58,57,53,54,56,52,50,14,10,9,8,0,0
0,0,0,0,0,0,13,12,14,14,25,58,59,60,53,52,54,54,54,39,20,8,0,0,0,0
0,0,0,0,0,0,14,18,23,13,13,56,58,58,51,34,51,54,51,51,12,8,0,0,0,0
0,5,0,5,0,9,13,25,34,27,12,52,58,54,50,17,51,52,53,54,12,7,6,0,0,0
0,0,0,0,0,12,14,25,51,12,28,55,66,50,45,38,48,32,42,33,12,0,7,0,0,0
0,0,0,0,0,9,11,23,27,11,40,59,56,46,42,40,41,47,51,44,14,7,7,0,0,0
0,0,0,0,0,6,9,8,9,7,14,42,50,50,25,9,14,32,50,27,10,0,0,0,0,0
0,0,0,0,0,6,8,7,9,10,9,23,14,15,12,12,11,38,43,17,10,0,0,0,0,0
0,0,0,0,0,0,7,7,8,7,0,13,11,10,10,9,7,13,21,13,8,0,0,0,0,0
0,0,0,0,0,0,0,6,0,0,0,8,6,10,10,0,0,8,14,10,8,0,0,0,0,0
0,0,0,0,0,0,0,0,0,0,0,7,8,7,6,0,8,11,11,12,8,5,0,0,0,0
0,0,0,0,0,7,0,0,0,6,0,7,10,5,11,10,12,19,12,11,9,0,0,0,0,0
0,0,0,0,0,0,0,0,0,0,0,6,11,5,7,11,13,19,13,11,6,6,7,0,0,0
11,13,20,50,61,63,68,64,60,57,68,88,111,121,136,139,118,115,108,97,91,72,61,54,39,29
9,11,14,53,74,77,58,62,60,57,64,87,131,141,149,135,117,111,96,78,63,56,54,34,34,23
0,6,14,27,31,10,25,53,33,31,67,91,114,125,123,99,102,110,100,83,62,54,50,32,25,21
8,0,13,13,9,7,11,0,17,51,66,85,105,102,103,94,107,108,102,83,61,52,31,17,22,12
0,9,10,13,7,0,0,12,52,54,72,86,85,91,87,88,101,110,99,88,62,52,30,13,9,13
0,0,0,0,0,0,6,35,55,65,74,81,81,71,73,80,94,109,100,86,67,52,43,13,11,8
0,8,0,9,12,0,35,54,65,79,100,110,81,71,77,88,99,113,114,100,74,55,47,11,14,11
0,0,0,14,10,11,55,61,76,94,101,92,72,71,81,91,102,117,118,104,83,56,42,13,11,9
0,0,7,8,8,41,58,62,66,73,70,70,67,74,74,82,88,105,104,88,74,56,36,10,11,7
0,0,0,11,9,13,37,51,57,52,51,64,61,68,68,71,81,87,86,76,62,54,14,10,7,0
0,0,8,9,8,0,0,14,51,51,54,57,62,63,63,62,70,80,81,73,64,53,14,0,0,0
0,7,10,13,12,14,15,50,52,53,55,64,66,65,62,61,65,76,76,74,68,56,40,11,8,7
0,13,14,29,37,50,56,56,58,59,60,66,71,73,69,69,72,82,91,89,72,60,53,23,12,11
0,13,50,53,55,54,56,67,76,79,83,80,79,73,75,78,95,113,119,113,82,63,51,21,14,11
13,54,73,85,89,83,84,83,80,91,92,100,115,114,121,137,155,192,172,150,114,81,66,58,54,44
53,60,98,99,104,92,89,91,95,100,101,114,114,124,129,140,168,182,166,134,111,83,69,62,56,54
50,58,84,84,90,94,88,80,83,90,93,102,114,121,137,146,170,169,154,130,98,76,66,59,55,51
50,54,72,75,84,85,92,82,82,82,88,96,109,113,122,135,149,150,140,121,89,79,64,59,54,52
28,50,53,64,76,86,85,86,81,76,75,86,89,91,102,108,112,114,119,97,78,64,61,53,51,46
14,15,50,54,67,76,83,83,82,72,74,79,78,81,86,80,85,91,93,88,69,61,53,50,33,28
9,12,40,50,53,65,80,81,77,70,68,71,71,73,78,73,80,86,85,77,67,61,52,51,50,33
11,12,19,35,43,60,71,79,81,75,66,69,71,73,73,72,78,79,75,68,58,51,36,14,14,11
9,16,22,28,30,45,55,68,78,76,63,65,69,68,67,70,72,70,66,61,49,39,35,25,13,16
0,9,14,25,21,38,51,55,69,75,72,64,67,71,68,66,71,68,66,61,54,38,23,19,12,10
0,9,12,9,13,14,50,52,59,69,73,70,64,66,64,60,65,71,62,59,52,45,14,12,12,8
0,8,0,10,13,15,37,51,53,55,71,71,68,62,61,60,60,65,64,58,52,25,13,11,10,0
0,0,7,12,10,12,25,28,18,30,56,63,67,58,58,57,54,57,56,54,23,11,10,8,0,0
0,0,7,9,0,10,13,14,17,21,45,60,58,58,57,53,53,56,52,50,14,10,8,8,0,0
0,0,0,0,0,0,13,12,14,15,21,58,59,60,53,52,54,54,54,39,20,8,0,0,0,0
0,0,0,0,0,0,14,15,23,14,12,56,58,58,52,34,50,53,51,51,11,8,0,0,0,0
0,0,0,5,0,9,13,23,36,27,12,52,58,54,50,17,50,52,53,54,12,7,6,0,0,0
0,0,0,0,0,11,13,21,51,12,28,55,65,50,45,40,47,31,40,32,11,0,7,0,0,0
0,0,0,0,0,9,11,21,26,12,39,59,56,45,43,41,40,47,51,44,13,8,7,0,0,0
0,0,0,0,0,6,9,8,8,7,13,50,47,47,29,9,14,35,45,27,10,0,0,0,0,0
0,0,0,0,0,6,9,7,9,10,8,25,14,15,12,13,11,36,40,15,9,0,0,0,0,0
0,0,0,0,0,0,7,7,8,8,0,14,11,10,10,9,0,13,19,13,8,0,0,0,0,0
0,0,0,0,0,0,0,6,0,0,0,8,6,10,10,0,0,8,13,10,8,0,0,0,0,0
0,0,0,0,0,0,0,0,0,0,0,7,8,7,6,0,8,11,11,12,8,5,0,0,0,0
0,0,0,0,0,8,0,0,0,6,0,7,10,5,11,10,12,19,12,11,9,0,0,0,0,0
0,0,0,0,0,0,0,0,0,0,0,6,10,5,7,11,12,19,13,11,6,6,7,0,0,0
