11,14,40,57,64,66,72,76,94,101,95,97,100,99,116,130,110,89,67,59,55,54,56,54,27,19
6,13,38,56,60,68,68,76,92,94,88,96,110,112,130,128,103,81,65,56,54,53,56,50,23,15
11,12,29,53,59,58,58,66,66,77,98,106,110,107,113,105,91,77,62,51,51,52,57,53,45,18
11,22,35,52,59,55,50,50,78,87,98,102,113,101,109,108,96,79,61,51,14,51,55,57,51,21
9,15,37,53,59,15,9,55,71,85,96,96,87,94,105,100,87,74,60,35,0,17,50,52,54,31
5,7,9,50,58,55,51,52,66,83,88,83,85,95,107,101,85,74,59,44,9,14,51,42,51,37
0,0,11,42,64,55,54,54,67,83,100,100,100,97,106,104,88,72,59,50,20,15,15,13,14,13
0,0,13,51,67,57,53,54,69,89,101,104,98,105,109,108,88,70,61,50,17,13,25,13,0,0
0,0,13,52,56,52,51,55,66,94,101,98,103,103,110,102,82,78,64,34,11,13,13,9,7,0
0,0,11,47,46,20,22,56,67,74,100,104,105,102,100,94,86,77,61,17,7,0,0,7,10,0
0,7,9,19,18,13,13,53,62,77,86,98,102,99,88,85,80,69,59,13,0,0,0,0,7,0
0,8,11,15,18,40,50,54,65,80,92,101,103,94,94,90,80,69,61,51,51,27,35,17,14,11
0,7,13,38,13,15,54,66,72,88,95,101,105,121,98,95,90,81,71,62,37,25,33,12,12,11
8,7,8,7,11,20,46,59,85,107,119,114,112,99,101,97,89,79,80,45,14,11,12,0,0,0
11,31,50,50,51,55,64,80,94,112,122,131,130,121,123,129,118,120,84,68,56,53,52,28,27,13
31,36,52,54,56,63,72,87,107,125,137,141,137,130,131,131,128,105,90,69,57,53,54,50,38,25
46,50,52,60,61,66,74,86,108,128,135,142,138,119,136,137,120,106,90,72,58,54,55,51,31,25
45,37,51,60,62,67,74,82,100,122,132,135,129,104,124,133,117,102,85,68,58,51,54,50,26,13
15,40,55,58,62,63,72,77,88,101,112,118,103,86,102,115,108,91,78,63,54,42,44,32,23,17
17,35,54,55,58,62,74,72,78,86,93,90,83,80,87,93,94,84,70,62,50,33,40,22,9,13
14,51,51,55,58,60,63,64,68,71,74,76,70,70,78,79,82,81,70,58,50,13,25,13,13,11
14,31,31,52,55,58,60,59,62,67,67,72,73,71,73,77,74,73,63,51,13,12,12,9,9,9
12,18,23,32,40,50,51,53,51,59,62,65,66,60,68,76,70,67,54,38,17,13,22,15,8,9
7,12,20,36,45,39,45,42,54,60,63,64,66,64,73,73,75,64,57,40,12,10,11,10,7,7
11,15,18,43,34,50,34,47,54,59,63,65,63,62,69,69,71,67,56,47,13,11,10,7,8,7
8,8,19,42,41,50,50,50,54,58,61,65,62,60,67,69,69,67,55,29,9,6,7,8,7,6
7,8,9,14,20,36,50,52,54,56,59,62,59,56,65,70,67,61,54,14,0,6,0,6,0,0
0,0,7,12,13,19,41,54,57,58,63,72,61,62,63,65,64,58,51,14,10,9,9,6,0,0
0,0,0,10,11,13,16,32,52,58,70,82,65,63,62,61,62,56,27,13,8,0,8,0,0,0
0,0,0,7,8,10,12,9,21,51,56,61,60,61,60,58,59,54,13,7,0,0,0,0,0,0
0,0,0,8,0,8,9,7,13,47,50,53,56,58,60,52,59,53,14,0,0,5,0,0,0,0
0,0,5,6,6,10,6,10,13,37,39,50,51,58,58,53,58,51,22,9,0,0,0,0,0,0
0,0,0,0,0,0,0,12,13,27,34,40,46,55,57,53,58,54,32,11,0,0,0,0,0,0
0,0,0,0,0,0,6,9,13,11,25,32,27,56,55,58,61,56,37,10,0,0,0,0,0,0
0,0,0,0,0,8,0,8,11,14,17,23,15,50,58,60,63,57,36,8,0,0,0,0,0,0
0,0,0,0,0,0,7,0,0,15,15,12,14,52,54,59,60,53,15,6,0,0,0,0,0,0
0,0,0,0,6,6,0,0,0,12,17,13,14,11,47,56,55,50,13,0,0,0,0,0,0,0
0,4,0,0,0,0,0,5,0,13,11,12,14,20,20,52,53,42,14,0,0,0,0,0,0,0
0,0,5,0,0,0,0,0,0,12,9,7,14,13,36,51,53,42,13,7,0,0,0,5,0,0
0,0,0,0,0,0,0,0,0,8,8,7,13,11,30,51,51,36,13,0,0,0,4,0,0,0
11,14,40,56,64,66,72,76,94,102,96,97,100,99,114,130,110,88,67,58,55,54,56,54,25,17
6,13,38,55,60,68,67,76,93,94,88,96,109,111,130,126,102,81,65,56,54,53,56,45,21,14
11,13,30,52,59,57,58,66,66,77,98,106,109,107,112,105,91,77,62,51,51,52,58,53,40,16
11,21,33,52,58,54,50,50,78,87,97,102,113,102,109,107,96,78,61,51,14,51,55,56,51,18
9,15,35,53,59,14,9,55,71,86,96,97,87,95,106,101,87,74,59,35,0,23,52,56,52,23
5,7,9,51,58,54,51,52,66,83,88,83,86,94,106,101,84,74,59,44,9,14,52,47,47,27
0,0,11,42,63,54,54,54,67,83,99,101,99,97,107,104,88,71,59,51,18,20,21,15,14,13
0,0,13,51,66,56,54,54,68,89,101,104,99,105,109,107,87,71,62,50,15,12,23,14,8,9
0,0,13,52,56,52,52,56,66,94,101,99,103,103,110,102,81,78,64,43,10,12,13,10,8,7
0,0,12,45,46,17,25,56,67,74,100,103,105,102,100,94,85,77,61,21,7,6,0,7,10,0
0,6,9,15,15,14,14,53,61,77,85,99,101,99,87,84,79,69,59,12,0,0,0,0,7,0
0,8,12,17,16,43,50,54,64,80,92,101,103,93,94,90,80,69,61,51,51,25,35,19,14,11
0,7,14,36,13,15,55,66,72,89,95,101,104,120,97,94,89,80,71,62,35,25,33,12,13,11
8,8,9,7,11,20,46,59,85,107,119,115,111,98,101,97,89,79,79,46,13,11,12,0,0,0
11,33,50,51,51,55,64,80,94,112,124,131,131,120,123,129,117,120,84,68,56,52,52,27,27,12
31,34,52,54,55,62,73,86,108,125,138,142,136,130,131,131,128,106,90,70,57,54,54,50,38,23
50,50,52,59,61,66,75,86,108,129,137,141,139,120,137,137,120,106,90,72,58,54,55,51,34,25
42,30,51,60,62,67,74,82,101,122,133,135,130,103,125,133,117,102,85,68,57,52,54,48,28,14
13,36,54,57,62,63,73,76,88,101,112,118,103,86,102,116,107,91,79,63,54,40,42,32,26,17
16,35,54,55,57,61,74,72,78,86,93,90,84,80,87,94,93,84,70,61,48,35,40,19,9,12
14,51,51,55,58,60,63,64,68,71,74,76,70,70,77,79,81,82,71,58,50,13,26,13,13,10
15,32,33,52,55,58,60,59,62,67,68,72,73,71,73,78,74,73,62,52,13,12,12,9,9,9
12,18,22,32,39,50,52,52,51,59,62,65,67,60,67,76,69,67,54,41,16,13,22,15,8,9
7,12,22,37,45,39,45,42,54,60,63,64,65,64,73,73,75,64,57,43,12,11,11,10,7,7
11,16,18,41,36,47,34,50,54,59,63,66,63,62,69,69,71,67,56,47,13,11,10,7,8,7
8,8,21,42,41,50,47,50,54,58,61,65,62,60,66,69,69,67,56,29,8,6,8,7,7,0
7,9,9,14,22,36,51,52,54,57,59,62,59,56,64,70,66,61,53,13,0,6,0,6,0,0
0,0,7,12,13,17,43,54,57,58,63,73,61,63,62,66,63,59,51,13,10,9,9,6,0,0
0,0,0,10,12,13,16,32,52,58,71,82,64,63,62,61,62,57,29,13,8,0,8,0,0,0
0,0,0,7,8,9,12,10,21,51,56,61,60,61,59,58,58,54,13,7,0,0,0,0,0,0
0,0,0,8,0,7,10,8,13,47,50,53,56,58,59,52,59,53,14,0,0,0,0,0,0,0
0,0,5,6,6,10,6,10,14,39,37,50,51,58,59,52,58,50,22,8,0,0,0,0,0,0
0,0,0,0,0,0,7,12,13,27,34,43,46,55,57,53,57,54,32,11,0,0,0,0,0,0
0,0,0,0,0,0,6,9,13,12,23,32,32,56,55,58,61,57,37,10,0,0,0,0,0,0
0,0,0,0,0,8,7,8,11,14,17,25,14,50,58,60,63,57,34,8,0,0,0,0,0,0
0,0,0,0,0,0,7,0,0,15,14,12,14,51,54,59,60,53,15,7,0,0,0,0,0,0
0,0,0,0,6,6,0,0,0,12,17,13,14,11,50,56,54,50,13,0,0,0,0,0,0,0
0,4,0,0,0,0,0,5,0,13,11,12,14,23,18,52,53,42,13,0,0,0,0,0,0,0
0,0,5,0,0,0,0,0,0,12,9,7,14,13,36,52,53,42,13,7,0,0,0,5,0,0
0,0,0,0,0,0,0,0,0,8,8,7,12,11,30,51,51,38,13,0,0,0,4,0,0,0
11,14,41,56,65,66,72,76,94,102,96,98,100,98,113,129,109,88,68,58,55,54,56,53,22,19
6,13,39,55,60,68,67,76,93,94,88,96,109,111,129,126,102,81,66,56,54,54,56,43,20,14
11,13,32,52,59,57,58,66,66,77,98,106,109,106,113,105,91,77,62,51,51,52,57,52,34,18
11,21,32,52,58,54,50,50,78,88,97,102,114,101,109,107,96,78,61,51,15,51,55,55,50,18
9,17,37,54,58,14,9,55,71,86,96,97,87,94,107,102,87,74,59,35,0,33,54,59,51,19
5,7,9,51,58,54,51,51,67,83,87,83,86,95,106,100,84,73,59,44,9,16,53,50,40,21
0,0,12,45,62,54,54,55,67,83,99,100,100,96,107,104,88,72,60,51,20,25,27,27,14,13
0,0,13,52,65,56,54,54,69,90,101,103,100,105,108,107,87,70,62,50,14,12,25,15,10,10
0,0,14,52,55,52,52,56,67,95,102,100,103,103,110,102,82,77,65,40,10,12,12,11,10,9
0,0,13,45,46,20,25,56,67,75,100,103,105,102,100,94,84,77,61,23,7,6,0,7,9,0
0,0,10,14,14,13,13,53,61,77,85,99,101,99,87,84,79,69,59,12,0,0,0,0,6,0
0,9,12,15,16,43,50,54,65,81,92,101,103,93,93,90,79,69,62,51,50,22,35,23,14,12
7,8,14,36,13,19,55,66,73,88,95,101,105,120,97,94,90,80,72,62,35,25,30,12,13,11
8,9,10,7,11,20,46,58,85,106,119,115,111,99,101,97,89,79,80,48,14,11,11,0,0,0
12,33,50,51,51,55,64,80,94,112,124,131,132,119,123,129,117,120,84,68,55,52,52,28,25,13
31,36,53,54,55,62,73,87,109,126,138,142,135,130,131,130,128,106,90,70,57,54,54,50,36,23
50,50,52,59,61,66,75,86,109,130,137,141,139,120,136,137,121,106,90,72,58,54,54,52,34,33
38,23,52,60,62,67,73,82,101,123,134,136,129,104,125,132,118,103,85,68,57,52,54,50,31,17
12,36,54,57,62,63,72,76,88,101,112,118,103,85,102,117,107,91,79,63,53,39,41,35,25,22
15,35,54,55,57,61,73,72,78,86,93,90,83,80,87,94,93,84,70,62,48,33,40,20,9,12
14,51,51,55,58,60,64,64,68,71,74,77,71,70,77,79,81,81,71,58,50,13,23,14,13,11
15,32,36,52,55,58,61,59,62,66,67,72,73,72,73,78,74,73,63,53,13,12,12,9,9,10
12,19,23,32,40,50,52,52,52,60,62,65,67,60,67,75,70,66,54,41,16,13,22,15,8,9
8,13,20,37,45,40,46,43,54,60,63,64,65,64,73,73,75,64,57,41,13,11,11,10,7,7
11,15,18,41,36,45,36,50,55,59,62,66,63,62,68,68,70,66,57,45,13,11,10,8,8,8
8,8,21,42,41,50,50,50,54,58,61,65,62,60,66,69,69,66,57,29,8,7,7,8,7,0
7,9,10,14,23,36,50,52,54,57,59,62,60,56,64,69,66,61,54,13,0,6,0,6,0,0
0,0,7,12,13,15,43,54,57,59,64,72,62,62,62,65,63,58,51,13,10,9,9,6,0,0
0,0,0,10,12,13,20,33,52,58,70,82,64,63,62,61,62,56,34,13,8,0,8,0,0,0
0,0,0,7,8,9,12,10,21,51,56,61,60,61,60,58,58,54,13,0,0,0,0,0,0,0
0,0,0,8,0,7,10,8,13,50,50,53,56,58,59,52,59,53,14,0,0,0,0,0,0,0
0,0,5,6,6,10,6,10,14,39,35,50,51,58,58,52,58,50,23,8,0,0,0,0,0,0
0,0,0,0,0,0,0,13,13,27,34,42,47,55,57,52,58,54,32,12,0,0,0,0,0,0
0,0,0,0,0,0,6,9,13,12,21,30,32,56,55,58,60,57,42,10,0,0,0,0,0,0
0,0,0,0,0,8,7,8,11,14,15,21,14,50,58,60,63,57,34,8,0,0,0,0,0,0
0,0,0,0,0,0,7,0,0,15,14,12,14,50,54,59,60,53,19,7,0,0,0,0,0,0
0,0,0,0,6,6,0,0,0,12,17,13,15,10,50,56,55,50,13,0,0,0,0,0,0,0
0,4,0,0,0,0,0,0,0,13,11,12,14,21,20,52,53,42,14,5,0,4,0,0,0,0
0,0,5,0,0,0,0,0,0,13,9,6,15,13,36,52,53,40,14,7,0,0,0,5,0,0
0,0,0,0,0,0,0,0,0,9,9,7,12,11,27,51,52,39,13,0,0,0,4,0,0,0
10,14,38,57,65,66,71,75,94,103,96,97,100,98,112,129,108,89,67,58,55,53,56,53,20,17
7,13,38,54,60,68,67,76,93,94,88,96,109,110,128,126,102,82,65,56,54,54,56,45,20,15
11,13,32,53,59,57,58,66,66,78,98,106,110,107,112,105,91,76,62,51,52,53,57,52,31,18
11,21,32,52,58,54,50,50,78,88,97,102,114,101,109,107,96,78,60,51,20,51,55,54,41,20
10,18,35,54,59,16,10,55,71,86,95,97,87,94,107,103,87,74,59,32,0,39,57,63,43,17
5,7,9,51,59,54,51,52,66,83,87,83,86,95,106,101,84,73,59,38,10,18,54,51,31,16
0,0,12,47,63,53,55,56,67,84,100,100,100,95,107,105,88,72,60,51,21,25,33,40,17,12
0,7,14,52,66,57,55,55,68,89,101,103,100,105,109,107,86,71,62,50,14,12,25,21,12,11
0,0,14,53,56,51,53,57,67,95,101,99,104,103,109,102,82,77,64,40,10,11,13,11,11,11
0,0,13,42,50,17,31,55,68,75,100,103,105,102,100,95,84,78,61,23,7,6,0,7,9,0
0,0,10,15,14,13,14,53,61,77,85,98,102,98,87,84,79,67,59,12,0,0,0,0,6,0
0,9,12,17,16,50,50,55,65,81,92,101,103,92,93,90,79,69,62,51,50,20,35,25,17,12
7,7,14,34,14,21,55,66,73,87,95,100,105,120,97,94,89,80,71,61,37,25,30,13,13,11
8,10,10,7,11,18,46,58,84,106,118,115,111,99,100,97,89,79,79,45,14,11,10,0,0,0
11,33,50,50,51,55,65,80,94,112,123,131,132,119,122,128,117,120,84,68,55,52,52,28,25,13
31,38,52,54,56,62,73,87,108,126,138,142,135,129,131,130,128,106,89,69,58,53,54,50,36,26
50,50,51,59,62,66,75,86,108,130,137,141,138,118,136,137,120,106,90,71,58,53,54,52,34,39
41,23,52,60,63,67,73,82,101,124,133,136,130,103,125,133,117,103,85,67,57,52,54,50,35,23
12,35,54,57,62,63,72,77,87,101,112,116,103,85,102,117,106,91,79,62,53,39,41,34,26,25
15,35,54,55,57,61,73,72,78,85,93,90,84,80,86,94,93,84,70,61,48,35,38,23,9,12
14,51,51,55,58,60,64,64,68,71,74,76,70,70,77,79,81,81,71,58,50,13,23,14,13,11
16,32,36,52,55,58,60,59,62,66,67,72,73,71,73,78,74,73,63,53,13,13,12,10,9,10
12,18,23,33,42,50,52,52,52,60,62,64,67,59,68,75,70,66,54,40,16,13,22,15,8,8
8,13,22,37,47,41,46,43,55,60,63,63,66,64,72,73,75,65,57,40,13,11,12,10,7,7
11,16,20,43,36,45,38,50,55,59,62,65,63,62,68,69,70,66,57,43,13,11,10,7,8,9
9,8,21,44,41,50,50,50,54,58,61,65,61,60,66,69,68,66,56,27,8,6,8,8,7,6
7,9,10,15,23,36,51,52,54,57,59,62,60,56,64,69,66,60,53,13,0,6,0,6,0,0
0,0,7,12,13,17,47,54,57,59,63,72,61,62,62,65,63,58,51,13,10,9,8,6,0,0
0,0,0,11,12,13,23,33,51,58,70,82,64,63,61,62,62,56,31,13,8,0,8,0,0,0
0,0,0,7,8,9,12,9,19,51,56,61,61,60,59,58,58,54,13,0,0,0,0,0,0,0
0,0,0,8,0,7,10,8,14,47,50,53,56,57,58,52,59,53,14,0,0,5,0,0,0,0
0,0,5,6,7,9,6,10,14,39,35,48,51,57,59,53,58,50,22,8,0,0,0,0,0,0
0,0,0,0,0,0,0,13,13,26,33,42,48,54,57,53,58,54,35,11,0,0,0,0,0,0
0,0,0,0,0,0,7,9,13,12,21,25,35,55,55,58,60,57,42,10,0,0,0,0,0,0
0,0,0,0,0,8,7,7,11,13,17,21,14,50,58,60,63,57,34,8,0,0,0,0,0,0
0,0,0,0,0,0,8,0,0,15,13,12,13,50,53,60,59,53,19,6,0,0,0,0,0,0
0,0,0,0,6,6,0,0,0,12,14,13,17,9,47,56,55,50,13,0,0,0,0,0,0,0
0,4,0,0,0,0,0,0,0,13,11,12,14,21,16,52,53,42,14,5,0,4,0,0,0,0
0,0,5,0,0,0,0,0,0,13,9,6,16,13,36,52,53,40,14,7,0,0,0,5,0,0
0,0,0,0,0,0,0,0,0,9,9,7,13,10,27,51,52,38,13,0,0,0,4,0,0,0
10,14,38,57,65,66,71,75,94,102,97,98,100,98,113,128,109,88,68,58,55,53,55,53,19,16
6,13,39,54,60,68,67,76,92,95,89,96,109,110,128,126,102,82,65,56,54,54,55,40,18,17
11,12,32,53,59,57,58,66,66,78,99,108,110,107,113,105,92,76,62,50,52,53,56,51,23,16
11,22,33,52,58,55,50,50,78,88,98,102,114,101,109,107,96,78,60,51,25,51,56,53,33,16
10,18,32,54,59,18,9,56,71,87,96,97,88,94,107,103,87,74,58,27,6,50,60,66,25,14
5,7,10,51,59,54,51,51,67,83,88,83,87,95,106,101,84,73,59,38,10,23,55,51,21,15
0,0,12,47,64,54,54,56,68,84,100,100,101,95,107,105,88,72,60,51,27,30,38,50,15,12
0,7,13,52,68,57,54,55,68,89,102,104,100,105,109,107,86,71,62,46,14,12,27,27,17,12
0,0,14,53,56,51,52,57,67,94,102,99,104,103,109,103,82,77,64,40,10,11,13,12,13,12
0,0,13,42,46,20,28,55,67,75,101,103,105,102,100,94,86,78,61,25,8,7,0,7,9,5
0,0,10,15,15,13,14,54,62,77,86,98,101,98,88,84,80,68,58,12,0,0,0,0,0,0
0,9,12,21,16,50,50,55,65,81,94,101,104,92,93,90,79,69,61,51,51,22,40,21,19,13
0,7,14,34,13,21,55,66,72,87,96,100,105,121,97,94,89,80,71,61,40,23,33,13,13,11
8,9,10,7,12,16,46,59,85,106,119,115,111,98,100,97,88,79,79,45,14,11,10,0,0,0
11,35,51,50,52,55,64,81,94,112,124,130,132,119,122,128,117,120,84,68,56,53,52,27,23,13
29,42,52,54,56,62,73,87,108,126,139,143,135,129,130,131,127,106,89,69,58,53,54,50,38,30
50,50,51,59,62,67,75,87,109,129,138,141,138,119,136,137,120,106,90,71,58,53,54,52,36,41
42,25,52,60,63,67,74,82,101,124,135,137,130,102,125,133,117,103,85,67,57,52,54,50,36,26
12,38,54,57,62,63,72,77,87,101,113,116,103,85,102,117,106,91,79,62,54,39,39,32,28,30
16,36,54,56,57,61,73,72,78,85,93,90,84,80,86,94,93,84,71,61,50,33,38,23,8,13
14,51,51,55,58,60,64,64,68,71,74,77,70,70,77,79,81,81,71,58,50,13,20,14,13,11
17,34,37,52,55,58,60,60,62,66,68,72,73,71,73,78,74,72,63,53,13,12,12,9,9,10
12,19,23,32,42,50,52,52,52,59,62,64,67,59,68,75,70,66,54,40,17,13,22,15,7,9
8,13,23,37,46,44,46,44,55,60,63,64,66,64,72,73,75,65,57,40,13,11,12,10,7,7
12,17,20,41,36,47,38,47,55,59,63,66,63,62,69,69,70,66,57,40,13,11,10,7,8,9
9,8,21,44,43,50,50,50,54,58,62,65,61,60,66,69,68,66,56,27,8,6,7,8,7,6
7,9,10,15,23,34,51,52,55,57,59,62,60,56,64,69,66,61,53,13,0,7,0,6,0,0
0,5,7,12,13,19,45,54,57,59,64,72,61,62,62,66,63,58,51,12,10,9,8,6,0,0
0,0,0,11,11,13,23,35,52,58,71,82,64,63,61,62,62,57,31,13,8,0,8,0,0,0
0,0,0,7,8,9,12,10,19,51,56,61,61,60,59,58,58,53,13,0,0,0,0,0,0,0
0,0,0,7,0,7,10,8,14,47,51,54,56,57,58,52,58,53,14,0,0,0,0,0,0,0
0,0,5,6,7,9,6,10,14,37,39,50,52,57,58,53,57,51,22,8,0,0,0,0,0,0
0,0,0,0,0,0,0,13,13,27,36,42,48,54,57,53,58,55,35,11,0,0,0,0,0,0
0,0,0,0,0,0,7,10,13,12,25,25,35,55,55,58,60,57,40,9,0,0,0,0,0,0
0,0,0,0,0,8,0,7,11,13,22,21,14,47,58,60,63,57,36,8,0,0,0,0,0,0
0,0,0,0,0,0,7,0,0,15,15,12,13,50,53,60,60,53,19,6,0,0,0,0,0,0
0,0,0,0,6,6,0,0,0,11,19,13,17,9,45,56,55,50,13,0,0,0,0,0,0,0
0,4,0,0,0,0,0,0,0,13,11,12,14,21,16,52,53,41,13,5,0,4,0,0,0,0
0,0,5,0,0,0,0,0,0,13,10,5,17,13,34,53,53,42,14,7,0,0,0,5,0,0
0,0,0,0,0,0,0,0,0,9,9,7,13,11,27,51,52,38,13,0,0,0,4,0,0,0
11,14,41,57,65,67,72,75,94,102,97,98,99,97,114,128,109,89,68,58,55,54,55,52,17,16
6,13,39,54,60,67,67,77,93,95,89,96,111,110,129,127,101,82,65,56,54,54,55,43,18,14
11,12,33,53,59,58,58,66,66,78,99,108,110,107,113,104,92,76,62,51,52,53,56,51,21,18
11,22,35,53,59,55,50,50,78,88,98,102,114,100,109,107,96,78,60,51,29,51,56,52,33,16
10,19,35,54,59,18,10,56,71,86,96,97,87,94,107,103,87,74,58,27,7,50,60,65,27,14
5,8,10,50,59,55,51,52,67,82,88,83,86,95,106,100,85,73,59,38,11,25,56,51,19,16
0,0,12,50,64,54,55,55,68,84,100,100,101,95,106,105,88,72,60,51,30,30,36,50,15,11
0,7,14,52,68,57,54,55,69,88,102,103,99,105,109,107,86,71,62,43,15,12,30,27,15,12
0,0,15,53,55,51,52,57,67,94,102,98,103,103,108,102,82,77,65,40,10,11,13,12,13,11
0,0,13,42,50,20,34,56,67,75,101,102,105,102,100,94,86,78,61,23,8,7,0,7,9,6
0,0,10,17,16,13,14,54,62,77,86,97,101,97,89,84,80,67,58,12,6,0,0,0,0,0
0,9,12,17,18,50,51,55,66,81,93,100,104,93,92,89,79,68,61,51,50,22,40,23,21,13
7,7,14,34,14,21,55,66,72,87,97,100,105,121,96,94,90,80,71,61,37,23,33,13,13,10
7,10,10,7,12,16,46,59,85,106,119,114,112,98,100,96,89,79,79,45,14,11,10,0,0,0
11,35,51,50,52,56,64,81,94,112,124,131,131,118,121,128,118,120,84,67,56,53,52,28,22,14
31,44,52,54,56,62,73,88,108,125,139,141,135,129,130,130,127,105,88,69,58,54,54,50,38,32
50,50,51,60,62,67,74,87,110,128,137,142,138,118,136,137,121,106,90,71,58,54,54,51,34,41
39,26,52,59,62,67,74,82,100,124,135,136,130,103,124,133,118,103,85,67,57,51,54,50,36,28
12,40,54,57,62,63,72,77,87,101,113,116,102,84,102,116,107,91,79,62,53,39,39,31,28,30
15,36,54,56,58,62,73,72,78,85,94,89,83,79,87,93,93,84,71,61,46,31,38,25,8,13
14,51,52,55,58,60,64,64,68,71,74,76,70,70,77,78,82,81,70,58,50,13,20,14,12,12
19,32,38,52,55,58,60,60,62,66,68,72,72,70,72,78,74,73,63,52,13,12,12,9,9,10
12,19,23,32,42,50,51,52,52,59,62,63,67,59,68,75,71,66,54,40,17,13,22,15,7,9
7,13,23,37,45,45,45,44,55,60,63,63,66,64,72,73,75,65,57,40,12,10,12,10,7,7
12,17,21,43,36,50,38,50,55,59,63,65,63,61,69,70,70,67,57,38,13,11,10,7,8,8
9,8,23,44,41,50,51,50,55,58,62,65,61,60,66,68,68,66,56,27,8,6,7,8,7,6
7,9,10,15,23,36,51,52,55,57,59,62,60,56,63,69,67,61,53,13,0,7,0,6,0,0
0,6,8,12,13,21,45,54,58,59,64,72,60,61,62,65,63,58,50,13,10,9,8,6,0,0
0,0,0,11,11,13,23,35,52,58,71,81,65,62,62,61,62,57,31,13,8,0,8,0,0,0
0,0,0,7,9,9,12,10,21,51,56,60,61,60,59,57,59,53,13,0,0,0,0,0,0,0
0,0,0,8,0,8,10,8,14,45,51,53,56,58,58,52,59,53,14,0,0,0,0,0,0,0
0,0,5,6,7,10,6,10,14,35,41,50,52,57,58,53,57,51,22,7,0,0,0,0,0,0
0,0,0,0,0,0,0,13,14,27,36,39,48,54,56,52,58,54,35,11,0,0,0,0,0,0
0,0,0,0,0,0,7,10,13,12,25,25,30,55,55,58,61,56,37,9,0,0,0,0,0,0
0,0,0,0,0,8,0,7,11,13,25,17,14,44,57,59,63,57,34,8,0,0,0,0,0,0
0,0,0,0,0,0,7,5,0,14,15,11,13,45,53,60,60,53,17,6,0,0,0,0,0,0
0,0,0,0,6,6,0,0,0,11,21,13,17,9,45,55,55,50,13,0,0,0,0,0,0,0
0,4,0,0,0,0,0,0,0,13,11,12,14,18,15,52,53,41,13,5,0,5,0,0,0,0
0,0,5,0,0,0,0,0,0,13,10,5,16,13,34,52,53,40,13,7,0,0,0,4,0,0
0,0,0,0,0,0,0,0,0,9,9,7,13,11,25,51,52,38,13,0,0,0,4,0,0,0
11,14,43,56,65,66,72,76,94,102,97,97,99,97,114,128,109,88,67,58,55,54,55,52,19,16
6,13,41,54,60,67,67,77,92,95,89,96,111,111,128,126,101,82,65,56,55,54,55,45,20,14
10,12,33,53,58,57,58,66,66,79,99,108,110,108,112,105,92,76,62,51,52,53,56,51,21,15
11,21,36,52,58,55,50,50,79,88,98,102,114,100,110,107,96,78,61,51,31,51,56,52,31,15
10,19,35,54,59,18,10,56,72,86,96,97,88,94,106,102,88,74,58,30,7,50,60,66,25,15
5,7,10,51,59,55,51,52,67,82,88,82,86,95,106,100,84,74,59,38,11,27,56,51,17,16
0,0,12,50,64,54,55,56,68,83,100,100,101,95,106,104,88,71,60,50,30,36,36,47,14,11
0,7,14,52,68,57,55,55,69,88,102,104,99,105,109,106,86,71,62,46,17,13,30,30,15,12
0,0,15,53,55,51,52,56,67,93,102,98,103,103,108,102,83,76,65,46,10,11,14,12,13,11
0,0,14,42,46,20,34,56,68,74,101,103,105,102,100,94,87,77,61,25,8,7,0,7,9,6
0,0,10,17,15,13,15,54,62,77,86,96,101,97,89,84,80,67,58,12,6,0,0,0,0,0
0,9,12,17,16,50,51,55,66,81,93,100,103,93,92,89,80,68,61,51,50,25,40,21,19,13
7,8,14,36,13,19,55,66,72,87,97,100,104,122,96,94,90,80,71,61,35,25,38,13,14,11
7,9,10,7,12,16,46,59,85,106,120,113,112,98,100,96,88,78,79,43,14,12,10,0,0,0
11,35,51,51,52,55,64,81,94,112,124,130,130,118,121,128,118,119,84,67,56,53,52,27,22,14
31,42,52,54,56,62,73,88,109,125,139,141,135,129,130,130,127,105,88,69,57,54,54,50,38,30
50,50,51,60,61,67,74,87,109,127,137,141,138,118,135,137,120,106,89,71,57,54,54,51,34,39
41,30,52,59,63,67,74,82,101,124,134,135,129,103,124,133,117,102,84,67,57,51,54,50,35,28
12,40,54,57,62,63,73,77,88,100,113,116,101,85,102,116,106,90,79,62,54,42,41,31,30,25
15,36,54,56,57,62,74,72,78,84,93,89,83,79,87,93,93,84,71,61,48,31,40,25,8,13
14,51,51,55,58,60,64,64,68,70,74,76,70,70,77,78,81,81,70,58,47,13,21,13,12,11
19,31,38,52,54,58,60,59,63,67,68,71,72,71,73,78,75,73,63,52,13,12,12,9,9,9
11,19,23,32,42,50,52,52,52,59,63,63,67,60,68,76,71,66,54,40,17,13,22,15,7,9
7,13,23,36,44,42,47,43,55,60,63,63,66,64,72,73,74,64,57,41,12,11,12,11,7,7
12,17,21,41,36,50,36,50,56,59,63,65,63,62,69,70,70,66,57,38,13,12,10,7,8,7
9,8,23,44,41,47,51,50,55,58,62,64,61,60,66,69,69,66,56,29,8,6,7,7,7,0
7,9,10,17,23,34,51,52,55,57,59,62,59,56,63,69,67,60,53,13,0,7,6,6,0,0
0,6,8,12,13,21,45,54,57,58,63,72,60,61,63,65,64,58,51,12,10,9,8,6,0,0
0,0,0,11,11,13,23,33,52,58,71,81,65,63,62,62,62,56,29,13,8,7,8,0,0,0
0,0,0,7,8,9,12,10,23,51,57,60,61,61,59,57,59,53,13,0,0,0,0,0,0,0
0,0,0,8,0,7,10,9,14,45,51,53,56,58,58,52,59,53,14,0,0,6,0,0,0,0
0,0,5,6,7,10,6,10,14,33,42,48,51,58,58,53,57,50,22,7,0,0,0,0,0,0
0,0,0,0,0,0,7,14,15,26,36,39,48,53,56,52,58,54,36,11,0,0,0,0,0,0
0,0,0,0,0,0,7,10,13,11,25,25,30,55,55,58,61,56,35,9,0,0,0,0,0,0
0,0,0,0,0,8,0,7,12,12,25,17,14,47,57,59,63,57,38,8,0,0,0,0,0,0
0,0,0,0,0,0,7,5,0,14,15,11,14,45,53,60,60,53,17,6,0,0,0,0,0,0
0,0,0,0,6,6,0,0,0,12,21,12,17,9,43,55,55,50,13,0,0,0,0,0,0,0
0,4,0,0,0,0,0,0,0,13,11,11,14,21,14,52,54,41,13,5,0,5,0,0,0,0
0,0,5,0,0,0,0,0,0,13,10,5,16,13,34,52,54,40,13,6,0,0,0,5,0,0
0,0,0,0,0,0,0,0,0,9,9,7,13,11,23,51,51,36,12,0,0,0,4,0,0,0
11,14,44,56,64,66,73,76,94,101,97,98,100,98,115,128,109,88,67,58,55,54,55,53,17,14
6,12,42,54,60,67,67,77,92,95,90,96,111,111,128,126,102,82,65,56,55,54,55,45,20,13
10,12,32,53,58,57,58,66,66,78,99,107,110,107,112,105,92,76,62,51,52,53,56,51,19,14
11,22,36,52,58,55,50,50,79,87,98,102,114,101,109,107,96,78,60,51,31,52,56,53,33,14
10,19,35,53,58,18,10,56,72,86,97,97,88,95,106,102,88,74,58,30,7,50,61,66,25,14
5,8,10,51,59,55,51,52,68,82,88,82,86,95,106,100,84,74,59,36,11,30,56,51,15,14
0,0,12,50,64,55,57,55,68,83,101,99,101,95,106,104,89,71,60,50,32,36,38,47,15,11
0,7,14,53,68,57,55,55,69,88,103,104,99,105,109,107,87,71,62,43,20,13,35,33,15,12
0,0,14,53,55,51,52,56,67,93,103,99,103,103,108,102,83,76,65,43,10,11,14,12,13,11
0,0,14,45,50,22,34,57,68,74,101,103,105,102,100,94,87,77,61,25,8,7,0,8,10,5
0,6,10,21,15,14,14,55,63,77,87,96,101,97,88,84,81,67,58,12,6,0,0,0,0,0
0,9,12,17,18,50,51,55,66,80,93,100,103,93,92,89,80,69,61,51,50,25,37,21,19,13
7,8,14,36,13,17,55,67,73,87,97,100,104,122,97,94,90,80,71,61,37,25,38,13,14,10
7,8,10,0,11,16,47,59,85,106,120,113,112,99,100,96,88,78,79,45,14,12,11,0,0,0
11,36,51,51,52,55,64,82,94,111,125,130,130,119,121,128,118,119,83,66,56,53,52,30,23,13
31,42,52,54,55,62,72,88,110,124,139,140,135,129,130,130,128,104,88,69,57,54,53,50,38,32
50,50,51,60,61,67,74,87,110,127,138,141,138,118,134,137,120,105,89,71,57,54,54,52,36,39
39,32,52,60,62,66,75,82,101,124,134,135,130,104,124,133,118,102,84,67,57,52,54,50,35,25
12,40,54,56,62,64,73,77,88,100,113,116,102,84,102,116,107,90,79,62,54,42,41,34,30,23
16,36,54,55,57,62,74,72,78,84,94,89,83,79,87,93,93,83,70,61,48,31,38,27,8,12
13,51,52,55,59,60,64,64,68,71,74,76,70,70,77,78,82,81,70,58,50,13,20,13,13,11
19,31,38,52,54,58,61,59,63,67,68,71,72,71,72,77,75,73,63,52,13,12,13,9,9,9
11,20,23,32,42,50,51,52,52,58,63,63,67,60,67,75,71,66,54,40,17,13,22,16,7,9
7,13,23,36,45,42,47,43,55,60,63,64,66,64,72,73,75,64,58,41,12,11,12,11,7,7
12,17,23,41,40,50,36,47,56,59,64,65,63,62,68,70,70,67,57,38,13,12,10,7,8,7
9,8,23,46,45,47,51,50,55,58,62,64,61,60,67,69,69,67,56,27,8,7,7,8,7,0
7,9,10,17,25,38,51,52,55,56,59,62,59,56,63,69,67,60,53,13,0,7,6,6,0,0
0,6,8,12,14,19,45,54,58,58,64,72,61,61,63,65,64,59,50,13,10,9,8,6,0,0
0,0,0,10,11,13,23,33,53,57,72,81,65,63,61,61,63,57,29,13,8,7,8,0,0,0
0,0,0,7,9,9,12,11,23,51,57,61,60,61,59,58,59,53,13,0,0,0,0,0,0,0
0,0,0,8,0,8,10,9,14,45,51,53,56,58,58,52,59,53,14,0,0,6,0,0,0,0
0,0,5,6,6,10,7,10,14,32,44,48,51,58,57,53,58,51,22,7,0,0,0,0,0,0
0,0,0,0,0,0,7,14,15,26,36,38,48,53,56,52,59,54,36,11,0,0,0,0,0,0
0,0,0,0,0,0,6,10,13,11,28,23,30,55,54,58,61,56,32,9,0,0,0,0,0,0
0,0,0,0,0,8,7,7,12,12,27,17,14,50,57,60,63,57,38,8,0,0,0,0,0,0
0,0,0,0,0,0,7,0,0,14,17,11,13,40,53,59,60,53,17,6,0,0,0,0,0,0
0,0,0,0,7,6,0,0,0,11,25,12,15,9,41,55,56,50,13,0,0,0,0,0,0,0
0,4,0,0,0,0,0,0,0,12,11,11,14,21,14,52,54,42,13,5,0,5,0,0,0,0
0,0,5,0,0,0,0,0,0,12,10,5,15,13,31,52,54,40,13,6,0,0,0,5,0,0
0,0,0,0,0,0,0,0,0,9,9,7,13,11,23,51,52,36,12,0,0,0,4,0,0,0
11,14,44,56,65,66,73,76,95,101,97,98,100,98,113,127,109,89,67,58,55,54,55,53,19,14
6,12,41,54,61,67,67,76,91,95,89,97,111,111,128,126,102,81,65,56,55,54,55,43,18,13
10,12,32,53,59,57,57,66,67,78,99,108,110,107,111,105,92,76,62,51,52,53,56,51,19,14
11,21,35,53,58,54,51,50,79,87,98,102,114,101,108,107,95,78,61,51,31,51,57,53,35,13
9,19,40,54,59,16,10,56,72,86,97,97,88,95,105,102,88,75,58,30,7,47,60,67,27,14
5,8,10,51,59,55,52,52,68,82,88,82,85,95,106,100,84,74,59,33,11,30,56,51,15,14
0,0,12,50,64,55,57,56,68,82,100,100,100,95,106,104,89,71,60,50,30,33,41,47,14,11
0,8,14,52,68,56,56,54,69,88,102,103,99,105,108,106,86,71,62,46,17,13,35,33,14,11
0,0,14,53,55,52,54,56,67,93,102,100,103,103,108,102,83,76,65,43,10,11,14,13,13,11
0,0,13,45,50,28,40,58,67,75,101,103,104,102,99,94,87,77,61,25,8,6,0,7,10,0
0,0,10,21,16,14,15,55,62,77,86,97,101,97,87,83,81,66,59,12,6,0,0,0,0,0
0,9,12,17,20,50,51,55,65,80,92,100,103,93,92,89,80,69,61,51,50,17,35,23,21,12
7,8,14,38,13,17,55,67,73,88,97,100,104,122,96,94,90,80,71,61,37,25,33,14,13,10
8,8,10,7,11,20,50,59,85,107,120,113,112,99,100,96,88,77,79,45,13,12,11,0,0,0
11,36,51,51,52,55,64,81,94,112,124,131,129,118,120,125,118,119,83,66,56,52,52,31,22,13
35,44,53,53,55,62,73,87,110,124,139,139,135,129,130,129,128,104,88,69,57,53,53,50,36,26
50,50,51,60,61,67,75,87,109,128,137,141,137,118,134,137,120,106,89,71,57,54,54,52,36,35
39,32,52,60,62,67,75,82,101,124,134,135,131,104,123,133,118,102,84,67,57,51,54,50,36,25
13,38,55,57,61,64,73,77,87,100,112,115,102,84,102,116,107,90,79,62,54,42,42,37,28,19
17,38,54,55,58,62,74,72,78,84,93,89,83,79,87,93,93,83,70,61,46,31,38,25,8,12
13,51,51,55,59,60,64,64,68,70,74,75,70,70,77,78,81,81,70,58,50,13,20,14,13,10
19,30,37,52,54,58,61,59,63,66,68,70,72,71,72,77,75,73,63,52,13,13,12,9,9,8
12,20,24,32,42,50,52,52,52,58,62,63,67,60,67,76,70,66,54,40,17,13,22,15,7,8
7,13,22,36,47,42,47,42,55,60,63,63,66,64,72,73,75,64,57,41,12,11,12,11,7,6
11,19,21,43,40,47,38,50,55,59,63,65,63,62,68,69,70,67,57,38,13,12,10,7,7,7
9,8,25,46,45,50,51,50,55,58,62,64,61,60,66,69,69,67,56,25,9,7,7,8,7,0
7,9,10,15,28,40,51,52,55,56,59,62,59,56,63,69,67,60,53,13,0,7,6,6,0,0
0,6,8,12,14,21,47,54,58,58,64,72,61,61,62,65,64,59,51,12,10,9,8,6,0,0
0,0,6,10,12,13,23,35,52,57,71,81,65,63,62,61,63,56,31,13,8,7,8,0,0,0
0,0,0,7,9,10,12,11,23,51,57,61,60,61,59,57,59,53,13,0,0,0,0,0,0,0
0,0,0,8,0,7,10,8,14,45,51,53,56,58,58,52,59,53,14,0,0,6,0,0,0,0
0,0,5,6,7,10,7,10,14,32,39,46,51,58,57,53,58,50,21,7,0,0,0,0,0,0
0,0,0,0,0,0,8,13,15,25,35,38,47,54,56,52,58,54,37,11,0,0,0,0,0,0
0,0,0,0,0,0,7,9,13,11,25,25,30,55,54,58,61,56,35,9,0,0,0,0,0,0
0,0,0,0,0,9,8,7,12,12,22,15,14,50,57,59,63,57,40,7,0,0,0,0,0,0
0,0,0,0,0,0,8,0,0,14,14,11,13,40,53,59,60,53,19,6,0,0,0,0,0,0
0,0,0,0,7,6,0,0,0,11,23,12,15,9,39,55,55,50,13,0,0,0,0,0,0,0
0,4,0,0,0,0,0,0,0,12,11,11,14,21,14,52,54,42,13,5,0,5,0,0,0,0
0,0,5,0,0,0,0,0,0,12,9,6,15,13,31,52,54,39,13,6,0,0,0,5,0,0
0,0,0,0,0,0,0,0,0,9,9,7,13,11,23,50,52,36,13,0,0,0,4,0,0,0
11,14,41,56,65,66,72,76,94,102,96,98,101,99,113,128,109,89,68,58,55,54,55,53,19,15
6,12,41,54,61,67,68,76,91,94,89,96,111,111,129,126,103,81,65,56,55,54,55,43,16,14
10,12,29,53,59,58,57,67,66,78,99,108,111,107,111,105,92,76,62,51,52,54,56,51,21,14
11,21,33,52,58,55,50,50,79,87,97,102,114,101,108,107,95,78,61,51,29,52,57,53,35,14
9,19,40,53,59,20,10,56,72,86,96,97,88,95,105,102,88,75,58,27,7,47,61,67,31,15
6,8,10,51,59,55,52,52,67,82,88,82,86,95,106,101,84,74,59,33,11,30,56,51,19,14
0,0,12,50,64,55,57,56,68,83,101,100,101,95,106,104,89,71,60,50,30,30,44,47,15,11
0,7,14,52,68,56,57,55,69,89,102,103,99,105,108,106,86,70,62,46,17,13,35,36,15,12
0,0,14,53,55,52,53,56,67,94,102,100,103,104,108,102,82,76,65,43,10,11,14,13,13,11
0,0,13,47,50,28,37,58,67,75,101,103,105,102,98,94,87,78,61,28,8,7,0,8,10,6
0,0,10,25,15,14,15,55,62,77,86,97,102,98,88,83,80,67,59,11,6,0,0,0,0,0
0,9,12,19,20,50,51,55,66,80,92,101,103,94,92,89,80,69,61,51,51,20,37,23,23,13
0,8,14,40,14,17,55,67,73,88,97,101,105,122,96,94,89,80,71,61,40,25,36,13,13,11
8,8,9,7,11,20,50,59,85,107,120,113,112,99,100,96,88,78,79,46,14,11,11,0,0,0
11,36,50,51,52,56,65,81,95,112,124,131,129,120,120,125,117,120,83,66,56,52,52,32,26,13
35,42,52,53,56,62,73,88,110,125,139,140,137,129,130,130,128,103,88,69,58,53,53,50,40,28
50,50,51,60,62,67,75,87,109,128,137,141,137,119,134,137,119,106,89,71,57,53,54,52,38,43
39,30,52,60,62,67,75,82,102,124,134,135,131,104,123,133,118,102,84,67,57,52,54,50,38,26
13,38,54,57,62,64,74,77,88,101,112,115,102,85,101,116,106,90,79,61,54,40,44,39,25,22
16,36,54,55,57,62,75,73,78,85,93,89,83,80,87,93,93,84,70,61,48,31,42,27,8,12
13,51,51,55,58,60,65,64,68,71,74,76,70,70,77,79,81,81,71,58,50,13,20,13,13,10
20,30,38,52,54,58,61,59,63,67,68,70,72,71,72,78,75,73,63,51,13,13,13,10,9,9
12,20,24,33,42,50,52,52,52,58,62,64,67,61,67,76,70,66,54,39,17,13,22,16,8,9
7,13,20,37,47,44,47,42,55,60,63,64,66,64,72,73,75,64,57,41,13,11,12,11,7,7
11,19,21,41,40,50,40,47,56,59,63,65,63,63,68,69,70,67,57,43,13,12,10,7,8,7
9,8,23,48,47,50,51,50,55,58,62,64,61,61,66,69,69,67,56,27,9,7,8,8,7,0
7,9,10,17,28,42,51,52,55,56,59,62,59,57,63,69,67,60,53,13,0,7,6,7,0,0
0,6,8,12,14,21,50,54,58,58,64,72,62,62,62,65,64,59,51,12,10,9,8,6,0,0
0,0,0,11,12,14,25,35,52,58,71,82,65,63,62,61,63,56,31,13,8,7,8,0,0,0
0,0,0,7,9,10,13,10,23,51,57,61,60,61,59,58,59,53,13,0,0,0,0,0,0,0
0,0,0,8,0,8,10,8,14,45,51,53,56,59,58,52,59,53,15,0,0,6,0,0,0,0
0,0,5,6,7,10,7,10,14,32,39,47,51,58,57,53,58,50,20,7,0,0,0,0,0,0
0,0,0,0,0,0,8,14,15,25,36,38,48,54,56,52,58,54,36,11,0,0,0,0,0,0
0,0,0,0,0,0,7,9,13,11,25,25,32,55,54,58,61,56,37,9,5,0,0,0,0,0
0,0,0,0,0,9,8,7,12,12,20,17,14,50,58,59,63,57,43,8,0,0,0,0,0,0
0,0,0,0,0,0,8,0,0,14,14,11,13,40,53,59,59,53,21,6,0,0,0,0,0,0
0,0,0,0,7,6,0,0,0,11,21,12,21,9,39,55,55,50,13,0,0,0,0,0,0,0
0,4,0,0,0,0,0,0,0,13,11,11,14,23,15,52,54,42,13,5,0,5,0,0,0,0
0,0,5,0,0,0,0,0,0,12,9,6,17,13,31,52,54,40,13,7,0,0,0,5,0,0
0,0,0,0,0,0,0,0,0,9,9,7,13,12,23,51,51,38,13,0,0,0,4,0,0,0
11,14,40,57,64,67,72,76,94,101,96,98,101,99,113,129,109,89,68,58,55,54,55,53,19,15
7,12,41,54,61,68,68,76,92,95,89,96,111,111,129,126,102,81,65,56,55,54,55,45,16,13
11,12,28,53,58,58,58,66,67,78,99,107,111,107,111,104,92,77,62,51,52,53,56,51,21,15
11,21,32,53,58,55,50,47,79,86,97,103,114,101,108,108,95,78,61,50,27,51,56,53,35,14
9,18,40,54,59,21,10,55,71,86,96,96,88,95,105,102,88,75,57,25,7,47,60,67,29,15
6,8,10,52,59,55,52,51,67,83,88,82,86,95,106,101,85,74,59,30,11,25,56,51,17,14
0,0,12,50,64,55,56,56,68,83,100,100,101,95,106,105,89,72,60,50,32,27,47,45,15,11
0,7,14,52,69,57,57,54,69,89,102,103,99,105,108,107,86,70,62,43,14,13,35,36,15,12
0,0,14,53,55,52,54,56,67,94,103,100,103,104,108,102,82,76,65,40,10,12,14,13,14,12
0,0,13,47,50,32,40,57,67,76,100,103,104,102,98,95,86,78,61,25,8,6,6,8,10,6
0,0,10,25,16,14,14,54,62,77,85,97,101,98,88,84,80,67,59,11,6,0,0,0,0,0
0,10,12,21,21,50,51,55,66,80,92,101,103,94,92,90,79,69,61,51,51,22,27,23,19,14
7,8,13,38,14,19,55,66,73,88,96,101,105,121,97,95,89,80,71,61,40,23,33,14,13,12
8,8,9,8,11,20,50,59,85,107,120,113,112,99,100,96,88,78,79,46,13,11,11,0,0,0
11,36,50,51,52,56,64,81,95,112,124,132,129,119,120,125,117,119,83,66,56,52,52,32,25,14
35,42,52,53,56,62,73,88,110,126,139,140,137,129,130,129,128,103,89,69,58,53,53,50,40,30
50,48,51,60,62,66,75,87,110,129,137,141,136,119,134,137,119,106,89,71,57,53,54,52,40,45
39,28,51,60,62,67,75,82,102,124,134,136,131,104,123,130,118,102,84,67,57,51,54,48,40,30
13,38,54,57,62,64,74,78,88,102,111,116,102,86,101,117,106,90,79,61,54,40,41,40,26,26
18,38,54,55,57,62,74,72,78,85,93,89,83,80,87,93,93,84,70,61,50,31,38,25,8,13
13,52,51,55,59,60,64,64,68,71,74,76,70,70,77,79,81,81,70,58,50,13,20,13,14,11
22,31,37,53,55,59,61,59,63,67,68,70,72,71,72,78,74,73,63,51,13,12,12,10,9,10
12,20,25,33,42,50,52,52,52,59,62,63,67,61,67,76,70,67,54,38,16,13,22,17,8,9
7,13,20,37,48,46,47,42,55,60,63,64,66,64,72,73,75,64,57,40,12,11,12,11,7,7
11,22,20,45,38,50,38,47,56,59,63,66,63,63,69,69,70,67,57,43,13,12,10,7,7,7
9,8,23,50,47,50,51,50,55,58,62,65,61,61,66,69,68,67,56,25,9,7,7,8,6,6
8,10,10,19,28,44,51,52,55,57,59,62,60,57,63,69,67,59,53,13,0,6,6,7,0,0
0,6,8,12,14,21,47,54,58,58,64,72,61,62,62,65,64,58,51,12,10,9,8,6,0,0
0,0,0,11,12,14,27,35,52,58,71,82,65,63,62,61,62,57,31,13,8,7,8,0,0,0
0,0,0,7,9,10,13,10,23,51,57,61,60,61,59,58,59,53,13,0,0,0,0,0,0,0
0,0,0,8,0,8,10,8,14,45,51,53,56,59,58,52,59,53,17,0,0,0,0,0,0,0
0,0,5,6,6,10,7,9,14,32,39,47,51,58,57,54,57,51,18,7,0,0,0,0,0,0
0,0,0,0,0,0,8,13,14,26,36,39,48,54,56,52,58,55,35,11,0,0,0,0,0,0
0,0,0,0,0,0,7,9,13,11,25,27,32,54,54,58,61,56,37,9,0,0,0,0,0,0
0,0,0,0,0,9,8,7,12,13,22,17,14,50,58,60,63,57,40,7,0,0,0,0,0,0
0,0,0,0,0,0,8,0,0,15,14,11,13,37,53,59,59,53,21,0,0,0,0,0,0,0
0,0,0,0,7,6,0,0,0,10,21,12,17,9,39,56,55,50,13,0,0,0,0,0,0,0
0,4,0,0,0,0,0,0,0,13,11,11,14,21,16,52,53,42,13,0,0,4,0,0,0,0
0,0,5,0,0,0,0,0,0,12,10,5,17,13,33,52,53,40,13,7,0,0,0,5,0,0
0,0,0,0,0,0,0,0,0,9,10,7,13,11,25,51,51,38,13,0,0,0,4,0,0,0
11,14,40,56,65,68,72,76,94,102,96,98,100,98,113,128,109,88,67,57,55,53,55,52,19,16
6,13,38,54,60,68,68,76,92,95,88,96,111,112,129,126,101,81,65,55,56,54,55,45,14,13
11,12,27,53,58,59,58,66,67,78,98,108,111,106,111,104,91,75,62,50,52,53,56,51,21,15
12,22,32,53,58,55,51,47,79,87,97,103,114,100,108,107,95,78,61,50,29,51,56,52,35,15
9,19,37,53,60,21,10,55,71,86,96,97,88,95,105,102,88,74,57,27,7,50,60,67,27,15
6,8,10,52,59,55,52,51,68,83,88,82,86,95,107,101,84,74,59,30,12,25,55,51,19,14
0,0,12,50,64,55,54,56,67,83,100,100,101,95,106,105,88,72,60,50,32,25,44,45,14,11
0,7,14,52,69,56,56,55,69,89,101,104,99,105,109,107,86,70,62,46,14,13,32,36,15,12
0,0,14,53,55,52,54,56,66,94,102,100,103,104,109,102,81,76,65,37,10,12,13,14,14,11
0,0,13,45,50,35,37,57,67,76,100,103,105,101,98,94,86,78,61,28,8,6,0,7,9,7
0,0,10,19,15,14,15,53,62,77,84,97,101,97,88,84,79,66,59,11,0,0,0,0,0,0
0,9,12,21,21,50,51,55,66,80,92,101,103,93,92,90,79,68,61,51,50,25,27,21,19,14
7,8,14,38,14,21,55,66,73,88,96,101,105,121,96,95,89,79,71,61,37,19,33,13,12,11
8,9,10,8,11,21,50,59,85,108,120,114,112,98,100,96,88,77,79,46,12,10,11,0,0,0
11,36,50,51,52,56,65,81,95,112,123,132,129,119,120,125,116,118,83,66,56,51,52,32,20,13
33,42,52,54,56,62,73,88,110,126,139,140,137,129,130,129,127,103,89,69,58,53,53,50,38,26
50,50,51,60,62,67,75,87,110,129,137,141,136,118,134,137,118,105,90,71,56,52,54,51,36,43
39,32,51,60,63,67,75,81,102,123,134,136,131,103,123,131,117,102,84,67,57,51,54,50,40,26
12,38,54,57,62,64,74,77,88,101,111,117,101,86,100,117,105,91,79,61,53,40,42,37,28,26
18,39,54,56,57,62,74,72,78,85,93,88,83,79,87,93,92,84,71,61,48,31,38,23,8,13
13,51,51,55,58,61,65,64,68,70,74,76,70,70,77,79,82,81,70,58,50,12,18,13,13,10
20,32,37,53,55,59,61,59,62,67,68,71,72,71,72,78,74,73,63,51,13,12,12,10,9,10
12,19,24,34,42,50,52,52,52,59,61,64,67,60,68,76,69,66,54,38,16,13,22,16,8,9
7,13,19,38,47,47,46,43,55,60,63,63,65,64,72,73,75,65,57,40,12,10,12,11,7,7
11,22,20,45,36,50,38,50,56,59,63,66,63,63,68,69,69,66,57,45,13,12,10,7,7,7
9,8,23,48,45,51,51,50,55,58,62,65,61,60,66,69,68,66,56,27,9,7,7,8,6,6
7,10,10,17,28,44,50,52,54,57,58,62,60,56,63,69,66,59,53,13,0,6,6,6,0,0
0,6,8,12,14,23,47,54,58,59,63,72,61,62,62,65,63,58,51,12,10,9,8,6,0,0
0,0,0,11,12,15,27,35,52,58,71,82,65,63,62,61,62,56,31,13,8,0,8,0,0,0
0,0,0,7,9,10,13,10,21,51,56,61,60,61,60,58,58,53,13,0,0,0,0,0,0,0
0,0,0,8,0,8,10,8,14,50,50,53,56,58,58,52,59,52,17,0,0,0,0,0,0,0
0,0,0,6,7,10,6,9,14,33,39,48,51,57,58,53,56,50,17,0,0,0,0,0,0,0
0,0,0,0,0,0,8,13,14,27,35,42,47,54,56,52,58,54,35,11,0,0,0,0,0,0
0,0,0,0,0,0,7,9,13,11,21,30,30,54,54,58,60,56,40,9,0,0,0,0,0,0
0,0,0,0,0,9,7,7,11,13,15,19,14,47,57,59,63,57,43,7,0,0,0,0,0,0
0,0,0,0,0,0,7,0,0,15,14,11,13,35,53,59,58,53,21,0,0,0,0,0,0,0
0,0,0,0,7,6,0,0,0,11,19,13,14,9,43,56,55,50,14,0,0,0,0,0,0,0
0,4,0,0,0,0,0,0,0,13,11,11,14,18,15,52,53,41,14,5,0,4,0,0,0,0
0,0,5,0,0,0,0,0,0,12,10,6,17,13,34,52,53,39,13,7,0,0,0,5,0,0
0,0,0,0,0,0,0,0,0,9,9,7,13,11,27,51,51,38,13,0,0,0,4,0,0,0
