10,12,14,32,57,60,66,61,59,54,67,86,111,124,140,148,126,123,116,106,102,78,63,54,43,43
11,11,13,47,77,74,55,59,55,53,61,83,131,143,158,144,124,117,98,77,63,57,56,27,36,27
9,8,13,13,19,0,12,50,12,22,65,89,117,129,128,107,109,115,98,77,60,54,52,27,25,25
9,0,11,6,0,0,6,0,6,50,63,84,105,108,112,100,113,107,96,74,58,53,25,14,16,13
4,7,0,6,0,0,0,0,21,50,68,81,82,94,92,98,105,104,92,76,57,51,23,10,9,13
0,0,0,0,0,0,0,9,14,56,70,71,74,72,79,92,99,103,90,74,58,50,23,9,9,9
0,0,0,0,0,0,13,11,52,65,80,86,76,65,77,99,107,110,98,82,60,52,27,9,12,10
0,0,0,0,0,0,13,41,57,75,95,95,72,75,85,106,115,118,110,88,63,54,42,10,11,8
0,0,0,0,9,7,12,51,63,89,96,74,68,77,83,99,103,114,103,81,64,53,41,8,12,9
0,0,0,0,0,0,7,25,64,70,70,62,62,71,76,85,98,97,94,74,57,51,14,10,9,0
0,0,6,0,0,0,8,41,56,59,53,53,60,58,68,71,79,90,89,71,59,41,11,7,0,0
0,0,0,0,9,8,12,37,52,52,51,60,62,65,66,76,82,83,82,70,61,52,17,9,0,9
0,0,0,0,0,11,44,50,50,52,52,57,62,66,66,75,80,89,87,75,62,52,41,10,11,10
0,0,0,0,0,7,13,14,14,36,42,50,53,54,59,65,80,90,96,77,56,29,11,7,0,0
8,7,11,8,14,28,30,13,51,52,53,57,61,63,74,83,118,155,130,103,81,61,53,30,18,12
7,9,12,9,14,25,38,17,52,59,60,70,70,73,77,91,128,144,136,104,85,67,56,47,25,14
11,12,13,14,54,52,53,51,55,61,62,67,73,75,89,103,122,140,136,109,84,67,57,50,23,13
11,12,13,11,50,51,54,57,59,61,63,64,72,71,82,108,122,140,142,115,84,68,57,51,33,23
11,8,11,10,20,40,52,55,59,64,64,66,68,73,85,105,117,130,147,110,82,65,56,43,37,16
10,10,12,7,13,20,47,51,62,62,71,71,71,78,87,97,115,124,133,99,75,63,54,50,20,14
0,0,9,11,13,11,50,54,60,61,63,64,67,72,86,100,119,128,122,95,79,65,56,52,50,43
7,7,11,7,13,20,55,55,56,59,60,61,69,75,85,101,110,112,108,85,68,56,50,23,14,10
10,11,15,12,17,28,51,53,53,54,55,56,64,69,84,104,105,111,98,78,57,47,35,25,17,19
8,0,12,12,15,38,56,57,60,59,62,62,68,72,88,95,104,99,88,73,59,51,40,17,15,14
7,7,11,12,13,50,59,56,58,58,60,63,58,70,80,84,93,94,86,70,58,52,31,14,14,13
10,8,8,12,12,58,67,57,56,58,56,60,63,70,76,85,87,92,83,68,57,51,25,14,11,9
7,7,10,11,34,58,75,60,54,54,54,58,61,65,75,83,82,86,80,65,54,17,11,8,10,0
0,0,6,10,12,50,65,56,50,51,31,53,57,61,69,79,79,79,72,64,51,14,10,7,8,8
0,0,0,8,7,29,57,51,36,0,12,47,54,56,66,73,77,75,66,56,38,12,10,0,0,0
0,0,6,0,0,12,56,53,50,13,45,50,51,53,63,72,76,75,67,59,50,23,8,0,7,0
0,6,7,9,0,12,50,52,52,47,36,45,51,51,61,71,77,77,72,61,50,13,9,9,5,7
0,5,6,7,0,7,26,42,51,50,13,14,44,52,66,70,70,71,60,52,33,11,10,6,0,0
0,0,0,0,0,9,16,38,44,42,30,39,52,55,60,68,72,74,68,59,51,25,12,0,0,0
5,5,0,0,0,8,14,21,47,51,14,11,50,54,54,58,66,69,70,61,52,23,9,0,0,6
0,0,0,0,0,7,11,13,30,40,14,8,12,44,51,55,59,66,69,64,54,23,11,6,0,0
0,0,0,0,0,0,10,11,17,32,12,7,14,20,35,52,57,62,63,63,53,19,10,0,0,0
0,0,0,0,0,0,7,9,11,13,7,11,7,11,14,50,53,54,58,57,51,14,9,0,0,0
0,0,0,0,0,0,5,0,0,8,9,10,13,12,11,29,29,50,52,52,48,15,10,5,0,0
0,0,4,0,0,0,0,0,0,8,9,9,12,11,9,33,36,51,48,36,40,16,11,8,6,5
0,0,0,0,0,0,6,0,7,11,9,8,10,12,8,25,35,50,32,26,17,26,12,8,7,0
10,12,14,32,57,60,66,61,59,54,67,86,111,124,140,148,126,123,116,106,102,78,63,54,43,43
11,11,13,47,77,74,55,59,55,53,61,83,131,143,158,144,124,117,98,77,63,57,56,27,36,27
9,8,13,13,19,0,12,50,12,22,65,89,117,129,128,107,109,115,98,77,60,54,52,27,25,25
9,0,11,6,0,0,6,0,6,50,63,84,105,108,112,100,113,107,96,74,58,53,25,14,16,13
4,7,0,6,0,0,0,0,21,50,68,81,82,94,92,98,105,104,92,76,57,51,23,10,9,13
0,0,0,0,0,0,0,9,14,56,70,71,74,72,79,92,99,103,90,74,58,50,23,9,9,9
0,0,0,0,0,0,13,11,52,65,80,86,76,65,77,99,107,110,98,82,60,52,27,9,12,10
0,0,0,0,0,0,13,41,57,75,95,95,72,75,85,106,115,118,110,88,63,54,42,10,11,8
0,0,0,0,9,7,12,51,63,89,96,74,68,77,83,99,103,114,103,81,64,53,41,8,12,9
0,0,0,0,0,0,7,25,64,70,70,62,62,71,76,85,98,97,94,74,57,51,14,10,9,0
0,0,6,0,0,0,8,41,56,59,53,53,60,58,68,71,79,90,89,71,59,41,11,7,0,0
0,0,0,0,9,8,12,37,52,52,51,60,62,65,66,76,82,83,82,70,61,52,17,9,0,9
0,0,0,0,0,11,44,50,50,52,52,57,62,66,66,75,80,89,87,75,62,52,41,10,11,10
0,0,0,0,0,7,13,14,14,36,42,50,53,54,59,65,80,90,96,77,56,29,11,7,0,0
8,7,11,8,14,28,30,13,51,52,53,57,61,63,74,83,118,155,130,103,81,61,53,30,18,12
7,9,12,9,14,25,38,17,52,59,60,70,70,73,77,91,128,144,136,104,85,67,56,47,25,14
11,12,13,14,54,52,53,51,55,61,62,67,73,75,89,103,122,140,136,109,84,67,57,50,23,13
11,12,13,11,50,51,54,57,59,61,63,64,72,71,82,108,122,140,142,115,84,68,57,51,33,23
11,8,11,10,20,40,52,55,59,64,64,66,68,73,85,105,117,130,147,110,82,65,56,43,37,16
10,10,12,7,13,20,47,51,62,62,71,71,71,78,87,97,115,124,133,99,75,63,54,50,20,14
0,0,9,11,13,11,50,54,60,61,63,64,67,72,86,100,119,128,122,95,79,65,56,52,50,43
7,7,11,7,13,20,55,55,56,59,60,61,69,75,85,101,110,112,108,85,68,56,50,23,14,10
10,11,15,12,17,28,51,53,53,54,55,56,64,69,84,104,105,111,98,78,57,47,35,25,17,19
8,0,12,12,15,38,56,57,60,59,62,62,68,72,88,95,104,99,88,73,59,51,40,17,15,14
7,7,11,12,13,50,59,56,58,58,60,63,58,70,80,84,93,94,86,70,58,52,31,14,14,13
10,8,8,12,12,58,67,57,56,58,56,60,63,70,76,85,87,92,83,68,57,51,25,14,11,9
7,7,10,11,34,58,75,60,54,54,54,58,61,65,75,83,82,86,80,65,54,17,11,8,10,0
0,0,6,10,12,50,65,56,50,51,31,53,57,61,69,79,79,79,72,64,51,14,10,7,8,8
0,0,0,8,7,29,57,51,36,0,12,47,54,56,66,73,77,75,66,56,38,12,10,0,0,0
0,0,6,0,0,12,56,53,50,13,45,50,51,53,63,72,76,75,67,59,50,23,8,0,7,0
0,6,7,9,0,12,50,52,52,47,36,45,51,51,61,71,77,77,72,61,50,13,9,9,5,7
0,5,6,7,0,7,26,42,51,50,13,14,44,52,66,70,70,71,60,52,33,11,10,6,0,0
0,0,0,0,0,9,16,38,44,42,30,39,52,55,60,68,72,74,68,59,51,25,12,0,0,0
5,5,0,0,0,8,14,21,47,51,14,11,50,54,54,58,66,69,70,61,52,23,9,0,0,6
0,0,0,0,0,7,11,13,30,40,14,8,12,44,51,55,59,66,69,64,54,23,11,6,0,0
0,0,0,0,0,0,10,11,17,32,12,7,14,20,35,52,57,62,63,63,53,19,10,0,0,0
0,0,0,0,0,0,7,9,11,13,7,11,7,11,14,50,53,54,58,57,51,14,9,0,0,0
0,0,0,0,0,0,5,0,0,8,9,10,13,12,11,29,29,50,52,52,48,15,10,5,0,0
0,0,4,0,0,0,0,0,0,8,9,9,12,11,9,33,36,51,48,36,40,16,11,8,6,5
0,0,0,0,0,0,6,0,7,11,9,8,10,12,8,25,35,50,32,26,17,26,12,8,7,0
10,13,14,30,57,60,66,62,60,54,67,86,111,124,140,147,127,123,115,106,101,79,63,54,39,37
11,11,13,48,76,75,56,59,55,53,61,83,131,142,156,144,124,117,98,77,63,57,55,27,36,27
8,9,14,14,14,0,12,50,13,25,66,89,117,130,129,108,109,115,98,77,60,55,51,30,25,23
9,0,11,7,0,0,6,0,6,48,63,83,106,107,112,100,113,106,95,74,57,52,17,15,15,13
4,8,0,6,0,0,0,0,23,50,68,81,82,94,92,98,103,105,91,75,56,51,23,11,8,12
0,0,0,0,0,0,0,9,15,56,71,71,74,72,80,93,98,102,90,73,57,50,25,10,9,8
0,0,0,0,0,0,13,11,51,65,81,86,75,65,77,99,108,109,97,81,60,52,27,9,12,11
0,0,0,0,0,0,14,38,57,74,96,95,72,75,84,105,114,120,109,89,63,54,40,10,11,8
0,0,0,0,8,7,12,53,64,89,95,73,69,78,83,98,103,114,103,81,64,52,33,8,11,8
0,0,0,0,0,0,7,25,64,70,70,62,62,71,77,86,97,95,93,74,56,50,14,10,9,0
0,0,0,0,0,0,8,41,56,59,54,52,60,59,68,71,79,90,87,71,57,44,12,7,0,0
0,0,0,0,9,8,12,35,53,52,51,60,61,65,66,76,82,83,81,70,61,52,14,9,0,8
0,0,0,0,0,11,38,50,51,52,53,57,62,65,65,75,80,89,87,75,61,51,38,10,10,10
0,0,0,0,0,7,13,14,15,37,42,48,53,54,59,64,79,91,96,77,54,25,11,0,0,0
8,7,11,9,14,28,29,13,52,52,54,57,61,63,73,83,118,153,128,101,80,61,52,28,19,13
7,9,12,9,14,29,38,19,53,59,60,70,70,74,77,91,128,143,134,103,84,66,56,45,21,14
11,12,13,14,54,52,53,50,55,61,62,67,72,75,89,103,121,141,136,109,83,67,56,50,21,13
11,12,13,11,47,50,54,57,59,61,62,64,71,70,81,109,122,138,142,116,83,68,57,51,28,25
10,8,11,10,16,40,52,54,59,62,64,66,68,73,84,105,118,130,146,110,81,65,56,40,32,19
10,10,12,7,13,21,50,52,62,62,71,71,71,79,87,97,115,123,132,99,74,63,55,50,17,14
0,0,9,11,13,11,50,54,60,61,63,64,67,73,86,100,119,128,121,95,79,65,56,52,48,41
7,8,11,7,13,20,55,55,57,59,60,61,68,75,85,101,110,112,108,85,67,56,50,23,14,10
10,11,15,12,17,28,51,52,53,55,55,56,64,70,83,104,105,110,98,78,57,46,35,24,15,19
8,0,12,11,15,39,56,56,61,59,62,62,68,72,87,95,103,98,88,74,59,51,38,17,14,15
7,7,11,11,13,50,59,56,58,58,59,62,58,70,81,85,93,95,85,70,58,52,33,14,13,13
10,7,8,12,12,58,68,57,57,58,55,59,62,70,76,84,87,92,82,67,56,52,23,14,11,9
7,7,9,11,34,57,74,60,54,53,55,58,60,65,75,83,82,86,80,65,53,17,11,8,9,5
0,0,6,10,12,48,65,56,50,51,35,52,56,61,69,79,79,79,71,63,50,13,10,7,7,7
0,0,0,7,7,33,58,51,36,6,12,40,55,56,66,73,77,75,65,56,31,12,10,0,0,0
0,0,6,0,0,12,56,54,50,13,42,47,51,53,63,72,76,75,67,58,50,27,8,0,7,0
0,7,7,9,0,12,50,52,53,40,38,42,51,51,61,70,77,77,71,61,50,13,9,9,0,7
0,5,6,8,0,7,23,43,51,50,14,13,44,52,66,71,70,71,60,52,33,11,10,6,0,0
0,0,0,0,0,9,17,38,45,41,31,37,52,55,60,68,71,74,67,59,51,26,12,0,0,0
5,5,0,0,0,8,14,23,50,51,15,11,50,54,54,58,65,69,69,61,52,23,10,0,0,6
0,0,0,0,0,7,12,13,35,40,14,8,12,41,51,55,58,66,68,63,54,25,11,6,0,0
0,0,0,0,0,0,10,12,21,32,12,7,15,20,32,51,57,62,62,62,52,21,10,0,0,0
0,0,0,0,0,0,7,9,11,14,8,11,7,11,15,50,52,54,57,57,50,14,9,0,0,0
0,0,0,0,0,0,5,0,5,8,9,11,13,12,11,29,26,48,52,52,45,16,10,5,0,0
0,0,4,0,0,0,0,0,0,7,9,9,12,12,9,35,35,51,44,33,33,15,12,8,6,5
0,0,0,0,0,0,6,0,7,10,9,9,10,12,8,25,37,51,27,28,14,25,12,8,7,0
10,12,14,32,57,61,66,63,59,54,67,86,111,124,140,147,127,124,115,105,101,79,63,54,39,41
11,11,13,48,76,75,56,59,55,53,61,83,131,142,155,144,124,117,98,77,62,57,55,31,31,31
8,8,14,14,14,0,12,50,13,27,66,89,117,130,128,108,108,115,98,77,60,55,51,30,25,23
8,0,11,7,0,0,7,0,7,48,62,83,106,107,112,99,113,107,95,74,57,52,19,17,15,13
4,8,0,6,0,0,0,0,23,50,69,82,82,95,91,98,103,106,90,75,56,51,20,11,8,12
0,0,0,0,0,0,0,9,20,56,72,71,74,72,80,94,97,102,90,72,56,51,28,11,9,9
0,0,0,0,0,0,12,11,51,65,81,86,75,65,77,99,107,109,97,81,60,52,27,9,12,11
0,0,0,0,0,0,14,41,57,75,95,95,72,75,83,106,114,120,109,89,63,54,37,10,11,9
0,0,0,0,9,7,13,53,64,89,94,73,69,78,83,98,103,113,102,81,63,52,30,9,11,9
0,0,0,0,0,0,8,28,64,70,70,62,61,71,75,85,97,96,92,74,56,50,14,10,9,0
0,0,0,0,0,0,8,38,56,59,54,52,60,59,68,71,78,90,87,71,58,47,12,7,0,0
0,0,0,0,8,9,12,37,53,52,51,60,61,64,66,77,82,83,81,70,61,52,14,9,0,9
0,0,0,0,0,11,38,50,51,52,52,57,62,65,65,75,79,90,87,75,61,52,36,11,9,10
0,0,0,0,0,8,13,14,14,37,41,47,53,54,59,65,79,90,96,77,54,25,11,0,0,0
8,7,12,9,14,29,30,14,52,52,53,57,60,63,72,82,118,152,128,102,80,61,52,31,18,13
7,10,12,9,14,33,38,19,53,59,60,70,70,74,77,91,128,143,134,103,84,66,56,50,23,14
11,12,13,14,54,52,53,50,55,61,62,67,72,75,89,102,121,140,136,109,82,67,57,50,21,13
11,12,13,12,47,51,54,56,59,61,62,64,71,70,81,109,121,139,142,116,82,68,57,51,28,23
11,9,10,10,18,43,52,54,60,62,64,66,68,73,84,105,117,130,145,110,80,66,56,40,33,22
10,10,11,7,13,23,50,52,62,62,70,71,71,79,86,97,114,123,131,99,74,63,55,50,17,14
0,0,9,11,13,11,50,54,60,61,63,64,67,72,86,100,118,128,121,95,78,65,56,52,50,45
7,8,11,8,13,23,55,55,56,59,60,61,68,75,83,100,110,112,107,85,67,56,50,25,14,11
10,11,15,13,18,29,51,52,54,54,55,55,64,70,82,104,104,111,98,78,56,46,35,23,15,20
8,0,12,12,14,40,55,56,61,59,61,62,67,72,87,95,104,98,88,74,59,51,38,20,14,17
8,7,11,11,13,50,59,56,58,58,60,62,59,70,80,85,93,94,85,70,58,52,33,14,13,13
10,7,8,12,12,58,68,57,57,58,56,59,62,70,76,84,86,92,82,67,56,52,21,14,12,10
7,7,9,11,34,57,74,60,54,53,55,58,59,64,75,83,82,86,80,65,53,19,11,9,9,6
0,0,0,11,11,50,65,56,50,51,33,53,56,61,69,78,79,79,71,63,50,13,10,8,7,7
0,0,0,7,7,37,58,51,36,6,12,40,54,56,66,73,77,75,65,56,31,12,10,0,0,0
0,0,0,0,0,12,56,53,51,13,42,45,51,53,63,73,75,75,67,58,50,25,8,0,6,6
0,7,7,9,0,11,50,52,53,40,36,45,51,52,61,70,77,77,71,60,50,13,8,9,0,7
0,5,6,8,0,7,23,48,51,50,14,13,45,52,65,71,70,71,60,52,31,12,10,6,0,0
0,0,0,0,0,9,17,38,46,40,31,38,52,55,59,68,71,74,67,59,51,25,12,0,0,0
5,5,0,0,0,9,13,25,50,51,19,11,50,54,53,58,66,69,69,61,52,23,10,0,0,6
0,0,0,0,0,7,12,13,35,42,15,9,12,38,51,54,58,67,68,63,54,27,11,6,0,0
0,0,0,0,0,0,11,12,21,32,12,7,14,21,27,52,57,62,62,62,52,21,10,0,0,0
0,0,0,0,0,0,8,9,11,14,8,11,7,11,17,50,52,54,57,57,50,14,8,0,0,0
0,0,0,0,0,0,5,0,5,8,9,11,13,12,10,27,26,48,52,52,42,15,11,6,0,0
0,0,4,0,0,0,0,0,0,7,9,9,12,12,9,35,31,50,42,35,33,14,11,9,6,5
0,0,0,0,0,0,6,0,7,11,9,8,10,12,8,23,34,50,29,28,15,26,12,8,6,0
10,12,14,32,57,60,66,63,59,55,66,85,112,123,140,147,128,125,116,105,100,79,62,55,37,35
11,11,14,48,76,75,56,60,55,53,61,84,131,142,154,144,124,117,97,76,62,57,54,34,31,27
9,8,14,14,14,0,12,51,13,29,65,88,117,130,127,108,107,114,98,78,60,55,51,32,21,20
8,0,11,8,0,0,7,0,6,50,63,83,105,106,112,100,113,107,95,74,57,52,19,19,15,12
4,8,0,6,0,0,0,0,25,50,69,81,81,94,91,99,103,106,90,75,57,51,20,11,7,12
0,0,0,0,0,0,0,9,20,57,72,72,74,72,80,93,97,103,89,72,56,51,28,11,9,8
0,0,0,0,0,0,12,12,51,65,81,86,75,64,77,100,108,110,96,82,60,52,25,9,12,11
0,0,0,0,0,0,14,44,57,76,95,95,72,75,83,106,113,120,109,89,63,54,32,10,11,8
0,0,0,0,9,7,13,53,64,90,95,73,69,77,82,99,103,114,102,80,62,53,25,9,11,9
0,0,0,0,0,0,7,34,64,70,70,62,61,71,75,85,96,97,91,75,56,50,13,10,9,0
0,0,0,0,0,0,7,38,56,59,54,52,60,59,69,71,79,89,87,72,57,47,12,7,0,0
0,0,0,0,8,9,11,35,53,52,51,60,62,64,66,77,82,83,80,70,62,52,13,9,0,8
0,0,0,0,0,11,33,50,51,53,53,57,61,65,66,75,80,89,87,75,61,51,33,11,9,10
0,0,0,0,0,7,13,16,14,37,38,46,53,54,59,64,79,91,96,77,54,27,11,7,0,0
7,7,12,9,14,28,29,13,52,53,53,57,60,63,72,83,117,151,128,102,80,61,52,32,19,13
6,10,12,10,14,29,33,19,53,60,60,70,70,74,77,92,128,144,134,103,84,66,55,47,21,14
11,12,14,15,53,52,53,50,55,61,62,67,72,75,89,102,121,140,135,109,82,67,57,50,27,13
11,12,13,12,43,50,54,56,59,62,63,65,71,71,81,109,121,139,140,115,83,67,57,51,26,21
10,9,11,10,18,38,52,55,60,62,64,66,68,72,84,106,116,130,144,110,80,65,56,40,32,19
10,9,12,7,13,20,50,52,62,63,70,71,71,78,86,97,114,123,130,99,75,63,55,50,16,14
0,0,8,11,13,11,51,54,60,61,63,64,67,72,86,100,118,129,121,95,79,65,56,52,50,41
7,8,11,7,13,20,54,55,57,59,60,61,68,75,83,101,110,112,106,85,67,55,48,28,13,11
10,11,15,13,17,28,51,52,53,54,55,55,63,69,82,105,103,111,97,78,57,46,34,24,16,20
8,0,12,12,14,38,55,56,61,59,61,62,67,72,87,95,103,99,89,74,59,52,37,20,14,15
8,7,11,11,13,50,59,56,58,58,59,63,58,70,80,85,92,95,84,71,58,52,29,14,13,13
10,7,8,12,12,58,68,57,57,58,56,59,61,70,76,84,86,92,82,67,56,51,19,14,12,10
7,7,9,11,36,57,74,60,54,54,54,58,59,64,74,84,82,86,80,65,54,17,10,9,9,6
0,0,0,10,11,48,66,56,50,51,33,53,56,61,68,79,79,79,71,62,50,14,10,8,7,7
0,0,0,7,7,35,58,51,34,6,12,40,54,55,66,73,77,75,65,56,31,12,10,0,0,0
0,5,6,0,0,11,56,54,50,13,40,47,51,53,63,73,75,76,67,58,47,23,8,0,6,5
0,7,7,9,0,11,50,52,54,40,36,42,51,52,61,70,77,77,70,60,50,12,8,9,0,7
0,5,6,8,0,6,23,50,51,50,14,14,44,52,65,71,70,71,59,53,31,11,9,6,0,0
0,0,0,0,0,9,17,38,45,41,31,37,52,55,59,68,70,74,68,59,51,25,12,0,0,0
5,5,0,0,0,8,13,30,50,51,19,12,50,53,54,58,66,69,69,61,52,23,10,0,0,6
0,0,0,0,0,6,12,13,37,37,17,9,12,36,51,55,58,67,68,64,53,25,10,6,0,0
0,0,0,0,0,0,10,12,21,35,12,8,14,21,30,52,57,62,62,62,52,21,10,0,0,0
0,0,0,0,0,0,7,9,11,14,8,11,7,12,17,50,53,54,57,57,46,14,8,0,0,0
0,0,0,0,0,0,5,0,5,8,9,11,13,12,11,26,26,50,52,52,39,14,10,6,0,0
0,0,4,0,0,0,0,0,0,8,9,9,12,12,8,36,31,50,39,36,33,14,11,9,6,5
0,0,0,0,0,0,5,0,7,11,9,8,10,11,8,25,32,50,27,26,14,26,12,8,6,0
11,12,14,34,57,60,65,63,60,54,66,85,112,122,140,147,128,125,115,105,100,79,62,55,41,37
11,11,14,48,75,74,56,60,56,54,62,83,131,142,154,144,124,118,97,76,62,57,54,34,29,29
10,9,14,14,15,0,12,50,13,27,65,88,117,130,127,108,108,115,98,78,61,54,51,30,19,18
8,0,11,8,0,0,7,0,6,50,63,83,106,106,111,99,113,107,95,73,58,52,23,19,16,12
4,8,0,6,0,0,0,0,25,50,68,81,81,94,91,99,103,107,89,75,57,51,22,11,8,12
0,0,0,0,0,0,0,9,22,57,71,72,73,72,80,93,98,102,89,72,57,51,31,11,9,8
0,0,0,0,0,0,12,12,52,65,81,86,75,64,75,100,108,109,96,82,60,51,30,9,12,11
0,0,0,0,0,0,13,41,57,75,94,95,71,74,82,106,113,120,109,88,63,54,32,11,11,8
0,0,0,0,9,7,12,52,64,90,96,72,69,77,81,98,102,114,102,80,64,53,25,9,12,9
0,0,0,0,0,0,7,25,65,70,69,62,61,70,74,84,96,96,91,74,57,50,13,10,9,0
0,0,6,0,0,0,8,38,57,59,54,53,60,59,68,71,79,89,87,71,58,44,12,8,0,0
0,0,0,6,8,9,12,32,52,51,50,59,62,65,66,76,82,83,80,70,62,52,13,9,0,8
0,0,0,0,0,11,33,47,51,52,52,57,62,65,66,75,80,89,87,75,62,51,33,11,10,10
0,0,0,0,0,7,12,16,15,37,37,44,53,54,58,64,79,90,95,76,55,27,11,7,0,0
7,7,12,10,14,26,29,13,52,52,53,56,60,64,72,82,116,150,128,102,82,61,52,31,20,12
7,10,13,10,14,27,33,15,53,60,60,70,70,75,77,91,128,143,134,102,84,66,55,50,19,13
11,12,14,18,53,52,52,50,55,61,61,67,73,75,88,102,122,139,135,108,83,67,57,50,25,13
11,12,13,12,43,50,54,56,59,61,62,64,71,71,81,109,121,138,140,114,83,67,57,51,28,22
11,9,11,10,20,38,52,54,60,63,63,66,68,72,83,105,116,128,144,109,81,65,56,40,30,19
10,9,11,8,13,20,50,52,62,62,70,71,70,78,85,97,113,122,130,98,75,62,55,51,17,14
5,0,8,11,13,11,51,54,60,61,63,64,67,72,86,100,118,128,121,94,79,65,56,52,48,43
7,8,11,7,13,22,54,55,57,59,59,61,68,74,83,101,110,112,106,85,68,55,50,28,13,11
11,11,15,13,17,28,51,52,54,53,55,53,63,68,82,105,104,111,97,77,57,46,34,25,17,19
8,0,12,12,14,36,55,56,61,59,60,61,67,72,88,95,103,98,89,74,60,52,38,22,14,16
8,7,11,11,13,50,58,56,58,58,59,63,58,70,80,85,92,94,84,70,58,52,27,14,13,13
10,7,9,12,12,57,68,57,57,58,55,59,62,69,75,84,86,91,82,68,56,51,23,14,12,10
7,6,9,11,36,57,74,60,54,54,54,58,59,64,74,84,82,86,79,64,55,17,11,9,10,6
0,0,0,10,11,46,65,56,51,51,33,53,56,60,68,78,79,79,71,62,50,14,9,8,7,6
0,0,0,7,7,33,57,51,36,0,12,40,54,55,66,73,76,75,66,56,34,12,11,6,0,0
0,0,6,0,0,11,56,54,51,13,37,42,51,53,63,73,75,75,67,57,50,21,8,0,6,5
0,7,7,9,0,11,50,52,54,40,31,40,51,52,60,71,77,77,71,61,50,13,8,9,0,6
0,5,6,8,0,6,25,48,51,50,14,14,44,52,65,71,70,71,59,53,32,12,9,6,0,0
0,0,0,0,0,9,15,36,46,40,31,37,52,54,60,68,71,73,68,59,51,26,13,0,0,0
6,5,0,0,0,9,13,30,50,51,15,12,50,53,53,59,65,69,69,61,52,23,10,0,0,6
0,0,0,0,0,6,11,13,37,42,15,8,12,36,50,54,58,67,68,64,54,23,10,7,0,0
0,0,0,0,0,0,10,12,25,30,12,7,14,23,25,52,57,61,62,62,53,19,10,0,0,0
0,0,0,0,0,0,7,9,11,13,8,11,7,12,15,51,53,54,57,57,50,14,8,0,0,0
0,0,0,0,0,0,5,0,5,8,9,11,13,12,11,23,26,50,52,51,45,14,10,6,0,0
0,0,4,0,0,0,0,0,0,8,9,9,12,11,9,36,33,50,39,35,36,14,11,9,6,5
0,0,0,0,0,0,5,0,7,11,9,8,10,11,8,28,31,50,29,25,16,25,12,8,6,0
11,12,16,36,57,60,65,63,59,54,66,85,111,124,140,148,128,124,115,105,100,79,63,55,41,39
11,11,13,50,75,74,56,60,56,54,61,83,131,143,154,144,124,119,96,76,62,57,54,31,29,31
9,9,14,14,14,0,12,50,13,31,65,88,116,129,127,107,108,115,98,79,61,54,51,32,21,20
8,0,11,7,0,0,7,0,6,50,63,83,106,106,111,99,113,107,95,73,58,52,27,17,17,12
0,7,0,6,0,0,0,0,25,50,68,81,81,94,91,98,103,107,89,75,57,51,22,11,8,11
0,0,0,0,0,0,0,10,22,57,72,71,73,72,81,93,98,104,89,72,57,51,34,11,9,8
0,0,0,0,0,0,12,12,51,66,81,86,75,64,76,100,109,109,96,82,60,51,30,9,12,10
0,0,0,0,0,0,13,41,57,76,94,94,71,74,83,107,113,120,109,88,63,53,32,11,11,8
0,0,0,0,8,7,12,52,64,91,96,72,68,77,81,98,103,114,102,80,64,53,30,9,12,9
0,0,0,0,0,0,7,25,65,71,69,62,61,70,74,84,96,97,90,74,57,50,14,10,9,0
0,0,6,0,0,0,7,38,56,60,53,52,59,58,68,72,79,89,88,70,59,44,13,8,0,0
0,0,0,6,8,8,12,37,52,51,50,58,61,65,67,76,81,83,80,70,62,52,14,9,0,8
0,0,6,0,0,10,33,50,50,52,52,56,62,65,66,75,81,89,87,75,62,51,33,11,10,10
0,0,0,0,0,0,13,16,15,37,36,44,52,54,58,64,79,90,96,77,56,31,11,7,0,0
7,7,12,10,14,25,30,13,51,53,53,56,60,63,72,82,116,151,128,102,82,61,52,33,18,12
7,10,13,10,14,27,33,14,53,60,59,69,70,75,77,90,128,142,135,102,85,66,55,47,17,14
11,12,13,16,54,52,52,50,55,61,61,66,73,75,89,101,122,139,135,108,82,67,57,50,23,13
11,12,13,12,45,50,55,56,59,62,62,64,71,71,81,109,121,139,140,115,83,67,57,51,28,21
11,8,10,11,23,36,52,54,60,64,64,65,68,72,84,104,116,128,144,110,81,65,56,39,33,17
10,9,11,8,13,16,50,51,62,62,70,71,70,78,86,97,113,122,130,99,74,62,54,50,19,13
5,0,8,11,13,11,51,54,60,61,63,63,67,72,86,99,118,128,120,94,79,65,56,51,50,41
7,7,11,8,13,22,54,55,56,60,59,61,68,74,83,101,110,112,106,85,68,56,50,26,14,11
11,11,15,13,18,28,51,52,53,53,55,53,64,68,82,104,105,111,97,78,57,45,34,24,18,19
8,0,11,12,14,38,55,56,61,60,60,61,66,71,88,94,103,98,88,74,59,52,37,22,14,16
8,7,11,11,13,50,58,56,58,58,59,63,58,70,80,84,92,95,84,71,58,52,29,14,14,12
11,7,9,12,12,57,67,57,58,58,55,59,62,69,75,84,87,91,81,68,56,51,25,14,12,10
7,6,9,11,36,57,74,60,54,54,54,57,59,64,74,84,82,86,79,65,55,17,11,8,10,6
0,0,0,11,11,48,65,56,51,52,27,52,57,60,68,78,79,79,71,63,50,14,10,8,7,7
0,0,0,7,7,33,57,51,36,6,12,38,54,55,66,73,76,75,66,56,36,12,11,6,0,0
0,0,0,0,0,11,56,54,51,13,37,40,51,53,63,72,75,75,67,58,50,21,7,0,5,5
0,7,7,10,0,10,50,52,53,45,34,35,51,52,60,71,77,77,71,61,50,13,8,9,0,6
0,5,6,8,0,6,23,48,51,50,13,14,42,52,65,72,70,71,59,53,32,12,9,6,0,0
0,0,0,0,0,8,15,38,44,40,32,36,51,54,60,68,70,74,68,59,51,25,13,0,0,0
6,5,0,0,0,8,13,27,50,51,15,11,50,53,53,58,66,68,70,61,52,21,10,0,0,6
0,0,0,0,0,6,10,13,37,42,14,8,12,33,51,54,58,67,68,64,54,21,11,6,0,0
0,0,0,0,0,0,10,12,23,35,12,7,14,25,30,52,57,61,62,62,52,17,10,0,0,0
0,0,0,0,0,0,7,10,11,14,8,11,7,12,15,51,53,54,58,57,50,14,8,0,0,0
0,0,0,0,0,0,5,0,5,8,9,10,13,12,11,25,29,50,52,51,45,14,10,6,0,0
0,0,3,0,0,0,0,0,0,8,9,9,12,11,9,36,35,50,41,36,38,14,10,9,6,5
0,0,0,0,0,0,5,0,7,11,9,7,10,11,8,26,29,50,29,25,16,26,12,8,6,0
10,12,15,34,57,59,65,63,59,54,66,85,111,124,140,147,128,124,115,105,100,79,62,55,43,29
11,11,13,50,75,74,56,60,56,53,61,84,130,143,156,143,125,118,97,76,62,57,54,31,34,27
10,9,14,14,14,0,12,50,12,31,64,88,116,128,128,107,109,116,98,79,61,54,51,30,21,15
8,0,11,7,0,0,7,0,6,51,63,83,106,106,112,99,113,107,96,73,58,52,25,17,14,11
4,7,0,5,0,0,0,0,25,51,68,81,81,93,91,98,104,107,90,75,57,51,22,11,9,11
0,0,0,0,0,0,0,10,27,57,70,71,73,72,81,92,99,105,89,73,57,51,28,9,10,7
0,0,0,0,0,0,12,12,50,66,80,86,74,64,77,100,109,109,97,82,59,51,27,9,12,10
0,0,0,0,0,0,13,41,57,77,94,95,71,74,83,105,114,120,109,89,64,53,35,11,11,8
0,0,0,0,8,7,12,52,64,90,97,72,68,76,81,97,102,114,103,81,65,52,27,9,12,8
0,0,0,0,0,0,7,28,65,71,69,62,61,70,75,83,96,97,91,74,57,50,14,10,10,0
0,0,0,0,0,0,7,44,56,59,54,52,59,58,68,71,79,89,89,70,59,44,13,8,0,0
0,0,0,0,8,7,12,37,52,51,50,58,61,65,66,76,81,83,80,71,61,52,14,9,0,7
0,0,6,0,0,11,33,50,50,52,52,56,62,65,66,74,81,89,87,76,62,51,30,11,11,9
0,0,0,0,0,0,12,16,16,37,37,47,53,54,58,64,80,91,96,77,56,29,11,0,0,0
7,7,11,10,14,26,29,13,51,53,53,56,60,64,73,81,117,152,128,102,81,61,52,31,20,11
7,10,12,10,14,25,36,14,53,60,59,70,70,74,76,90,128,142,135,102,85,66,55,47,17,13
10,12,13,18,54,52,52,50,55,61,61,66,73,75,88,101,121,139,135,108,83,67,57,50,23,12
11,12,13,12,43,50,55,56,59,62,62,64,71,71,81,108,121,138,140,115,84,67,57,51,30,18
11,8,10,11,21,38,52,55,59,64,64,65,68,72,83,104,116,129,144,110,81,65,56,39,32,15
10,10,11,8,13,16,50,51,62,62,70,71,70,78,87,97,113,123,130,99,74,62,54,50,19,13
0,0,9,11,12,11,50,54,59,61,63,63,67,72,86,99,118,128,121,95,79,65,55,51,50,36
7,7,11,8,13,22,54,56,56,59,59,61,68,74,84,101,110,113,106,85,68,56,50,26,14,10
10,10,15,13,17,28,51,52,53,53,55,53,64,68,82,104,106,111,97,78,57,45,33,25,18,17
7,0,11,12,15,38,55,56,61,60,60,61,67,71,88,95,103,98,89,75,60,51,37,20,14,14
8,7,11,11,13,50,58,56,59,58,59,62,57,71,80,84,92,95,85,72,58,52,23,14,13,12
11,7,9,12,12,56,67,57,57,58,55,59,62,70,75,84,88,91,82,69,56,51,26,14,12,10
7,6,9,11,34,57,74,60,54,54,54,57,59,65,74,83,83,86,80,65,55,15,10,8,10,6
0,0,0,10,11,46,65,56,51,52,29,52,57,60,68,78,79,78,72,64,51,13,10,8,7,6
0,0,0,7,7,27,57,51,38,0,12,38,54,55,65,73,76,75,67,57,36,12,10,0,0,0
0,0,0,0,0,11,56,54,51,13,37,40,50,54,63,72,75,75,67,58,50,19,7,0,6,0
0,7,7,9,6,10,50,52,53,45,34,30,51,51,60,70,77,77,71,61,50,13,8,9,0,6
0,0,6,8,0,6,23,46,51,50,14,15,41,52,66,71,70,71,60,53,33,12,8,6,0,0
0,0,0,0,0,8,15,39,43,41,32,36,51,54,60,68,71,74,68,59,51,25,12,0,0,0
5,5,0,0,0,8,13,27,50,51,14,11,50,53,53,58,66,69,70,62,52,23,10,0,0,5
0,0,0,0,0,6,10,14,37,45,14,7,12,33,51,53,58,67,68,64,54,19,10,6,0,0
0,0,0,0,0,0,10,12,23,35,12,7,14,23,32,52,57,61,62,62,53,17,10,6,0,0
0,0,0,0,0,0,7,10,10,14,7,11,6,12,14,50,53,54,57,57,50,13,8,0,0,0
0,0,0,0,0,0,5,0,5,8,9,10,13,12,11,22,27,50,52,52,46,14,10,6,0,0
0,0,3,0,0,0,0,0,0,8,10,9,12,11,9,33,36,50,42,38,40,14,10,8,6,5
0,0,0,0,0,0,5,0,7,11,9,8,10,11,8,23,32,50,30,23,16,23,12,8,6,0
11,12,14,34,57,60,66,62,59,54,66,86,110,124,141,146,128,123,114,105,100,79,62,54,41,31
11,11,13,50,75,74,56,60,56,54,62,83,131,144,157,142,126,118,97,76,62,57,55,29,34,27
9,8,13,14,14,0,12,50,12,29,65,87,117,129,129,106,110,115,98,78,61,55,50,32,21,14
9,0,11,7,0,0,7,0,7,51,63,84,106,107,111,98,113,107,96,73,57,52,27,17,14,11
4,7,0,5,0,0,0,0,25,51,68,81,82,93,91,97,104,106,90,76,57,51,22,11,8,11
0,0,0,0,0,0,0,10,25,57,70,71,73,72,81,92,99,104,90,73,58,51,25,9,9,7
0,0,0,0,0,0,12,12,51,66,80,86,75,64,77,99,108,110,97,83,59,51,30,9,11,10
0,0,0,0,0,0,13,36,57,77,94,95,71,74,82,105,114,121,108,89,64,54,40,11,11,7
0,0,0,0,8,7,12,52,64,91,97,72,67,77,80,97,103,114,102,81,65,53,36,8,11,8
0,0,0,0,0,0,7,25,66,71,70,62,61,69,75,83,97,97,91,74,57,46,14,10,9,0
0,0,0,0,0,0,7,41,56,59,54,52,59,58,68,70,79,89,88,70,59,36,13,7,0,0
0,0,0,0,8,7,12,40,53,51,50,58,61,65,66,75,81,83,80,71,62,52,15,8,0,7
0,0,6,0,0,11,36,50,50,52,52,57,61,65,66,74,80,90,87,75,62,51,30,10,10,9
0,0,0,0,0,7,12,15,16,37,40,46,53,54,58,64,80,91,96,77,56,31,11,0,0,0
8,7,11,9,14,26,30,13,52,53,53,56,60,64,73,80,118,152,129,101,81,61,53,30,17,11
7,10,12,9,14,27,41,14,52,60,59,69,70,74,76,89,128,142,136,103,84,66,56,47,17,13
10,12,13,16,54,52,52,50,55,61,61,66,72,75,88,100,121,139,135,109,83,67,57,50,21,12
11,12,13,12,47,50,55,56,59,61,62,64,71,71,80,108,121,138,140,115,84,67,57,51,26,17
11,8,9,11,23,38,52,54,60,64,64,66,68,72,83,103,116,128,144,110,81,65,56,39,33,14
10,10,11,8,13,18,50,51,62,62,70,71,70,78,87,96,113,123,131,99,74,62,55,50,16,13
0,0,9,11,12,11,50,54,59,60,63,64,67,72,86,98,118,127,120,95,79,65,56,51,50,35
7,7,11,8,13,25,54,55,57,59,59,61,68,73,84,101,110,112,107,85,68,56,50,23,14,9
10,10,15,13,19,29,51,52,54,54,54,53,64,68,82,103,105,110,98,78,57,45,34,24,17,16
8,0,11,11,15,38,55,56,61,60,59,61,66,71,88,94,103,97,89,75,60,51,37,17,14,14
7,7,11,11,13,50,58,56,59,58,59,62,57,71,80,83,92,94,85,72,58,52,25,14,13,11
11,8,9,12,12,57,67,57,57,58,55,59,62,70,75,83,88,91,82,69,57,51,25,14,12,9
7,6,9,11,34,57,74,60,53,54,53,57,59,65,74,82,83,86,80,65,55,19,11,7,9,0
0,0,0,11,11,50,65,56,51,52,29,52,56,60,68,77,79,77,72,64,51,13,10,8,7,0
0,0,0,7,7,29,58,51,40,7,12,40,53,56,66,72,77,75,67,57,38,13,10,0,0,0
0,0,0,0,0,12,56,54,51,13,37,37,50,54,63,71,75,74,67,59,51,21,7,0,6,0
0,7,7,9,6,11,50,51,53,45,34,32,51,52,60,70,77,77,71,61,50,14,8,8,0,6
0,5,5,8,0,7,23,46,51,50,13,14,41,52,66,71,70,71,60,52,33,12,8,6,0,0
0,0,0,0,0,9,15,39,44,42,31,37,51,54,60,67,71,73,68,60,51,26,13,0,0,0
6,5,0,0,0,8,13,23,50,50,15,11,50,53,53,58,66,68,70,62,52,23,10,0,0,5
0,0,0,0,0,7,10,13,40,47,14,7,12,38,51,53,59,67,68,64,55,21,11,6,0,0
0,0,0,0,0,0,10,11,25,35,12,7,14,23,30,51,57,61,62,62,53,19,10,6,0,0
0,0,0,0,0,0,7,10,11,14,7,10,6,12,15,50,53,54,57,57,50,14,8,0,0,0
0,0,0,0,0,0,5,0,5,8,9,10,13,13,11,20,27,50,52,52,48,14,10,6,0,0
0,0,3,0,0,0,0,0,0,9,10,9,12,11,9,30,33,50,44,38,40,14,11,8,6,0
0,0,0,0,0,0,6,0,7,11,9,8,10,11,7,21,32,50,29,25,19,23,12,8,6,0
11,12,15,36,56,60,66,62,59,54,67,86,110,124,141,147,127,124,114,105,100,78,62,54,41,31
11,11,13,50,74,74,56,60,56,54,62,84,131,143,156,143,125,117,97,77,63,56,55,31,36,27
9,8,13,14,14,0,12,50,13,31,65,88,116,130,129,106,110,115,98,77,61,55,50,30,23,14
8,0,11,7,0,0,7,0,8,51,63,84,107,108,112,98,113,107,96,74,57,52,27,15,14,11
4,7,0,6,0,0,0,0,29,51,68,81,82,94,91,97,103,105,91,76,57,51,22,11,8,11
0,0,0,0,0,0,0,10,25,57,71,72,73,73,81,92,98,104,90,73,57,51,23,9,9,7
0,0,0,0,0,0,13,12,51,67,80,86,75,64,77,99,108,110,97,83,60,51,25,9,11,10
0,0,0,0,0,0,14,36,58,76,95,95,72,74,83,104,114,121,109,89,65,53,40,11,11,7
0,0,0,0,8,7,13,51,65,90,96,73,67,77,81,97,103,114,103,81,66,52,38,8,11,7
0,0,0,0,0,0,8,25,66,71,70,62,61,70,74,83,96,97,92,74,57,43,14,10,9,0
0,0,0,0,0,0,7,44,57,59,54,52,58,59,68,70,79,89,88,70,58,33,13,7,0,0
0,0,0,0,8,7,12,35,54,53,50,58,60,65,66,76,81,83,81,71,61,52,15,8,0,7
0,0,6,0,0,11,38,50,50,52,52,57,61,65,66,74,81,89,88,75,62,51,30,10,10,9
0,0,0,0,0,7,13,14,15,38,40,47,53,55,59,64,80,91,96,78,56,27,12,0,0,0
8,7,11,9,14,28,31,12,52,53,53,56,60,64,73,80,118,152,129,101,81,61,52,31,18,11
7,10,12,9,13,29,44,14,53,59,59,69,70,73,76,89,127,142,136,103,84,65,56,45,15,13
11,12,13,14,54,52,52,51,55,61,62,67,72,75,89,101,121,139,135,109,83,66,57,50,23,12
11,12,13,12,47,50,55,56,59,61,62,64,71,71,81,107,121,137,140,116,84,67,56,51,28,17
11,9,9,12,21,38,52,54,59,63,63,66,68,72,83,104,116,128,145,111,82,65,56,39,33,14
10,10,11,9,13,18,50,51,62,62,70,71,70,78,86,96,113,123,132,99,74,62,54,47,16,12
0,0,9,11,12,11,50,54,60,60,63,64,67,72,86,98,118,128,121,95,79,65,56,51,50,35
7,7,11,8,13,25,54,55,56,59,59,61,68,73,84,100,110,112,107,85,68,56,48,23,14,9
10,10,16,13,19,29,51,52,53,53,55,53,64,68,81,103,105,110,98,78,57,45,34,24,17,16
8,0,12,12,15,39,56,55,61,60,60,61,66,71,88,94,103,98,89,75,60,51,38,17,14,14
7,6,11,11,13,50,58,56,59,58,60,62,57,70,79,83,92,94,85,72,58,52,23,14,13,11
11,8,8,12,11,57,68,57,57,58,55,58,62,70,76,83,88,91,82,68,57,51,23,14,12,9
7,6,9,11,32,57,74,60,54,54,54,57,59,64,74,82,83,86,81,65,54,19,10,7,9,0
0,0,0,11,11,50,66,55,51,52,31,52,56,61,68,77,79,77,72,64,51,12,10,8,7,0
0,0,0,8,6,29,58,51,42,7,12,40,53,56,65,73,77,75,67,57,40,12,10,0,0,0
0,5,0,0,0,12,56,53,51,14,40,32,50,54,62,72,75,74,67,59,50,19,7,0,6,0
0,6,7,10,0,11,50,51,53,47,34,32,51,52,61,70,78,77,71,61,50,13,8,8,0,6
0,5,5,8,0,7,25,42,51,50,14,14,39,52,65,71,70,71,60,52,33,11,8,6,0,0
0,0,0,0,0,9,19,39,46,42,32,37,51,55,60,67,71,74,68,59,51,25,13,0,0,0
5,5,0,0,0,8,13,21,50,51,17,11,50,54,54,57,66,69,70,62,52,21,10,0,0,0
0,0,0,0,0,7,12,13,40,42,15,7,12,41,51,53,58,66,69,64,55,21,11,6,0,0
0,0,0,0,0,0,10,11,25,32,12,7,13,20,27,51,57,61,63,62,53,17,10,6,0,0
0,0,0,0,0,0,7,10,11,14,7,11,6,12,14,50,53,54,58,57,50,14,8,0,0,0
0,0,0,0,0,0,6,5,5,8,9,10,13,13,10,23,29,50,52,52,48,14,10,6,0,0
0,0,3,0,0,0,0,0,0,8,10,9,12,11,9,32,31,51,45,39,40,14,11,8,6,0
0,0,0,0,0,0,6,0,8,12,9,8,10,12,7,19,34,51,30,26,17,23,12,9,6,0
10,12,14,32,57,60,66,62,60,54,67,85,110,124,140,147,128,125,115,105,100,78,62,54,39,31
11,11,13,50,74,74,56,60,56,54,61,84,131,143,157,143,125,117,98,77,63,57,55,31,34,25
9,8,14,14,14,0,12,50,13,27,65,88,117,130,129,107,110,115,98,77,62,55,51,30,19,16
8,0,11,7,0,0,7,0,8,51,63,83,107,108,112,98,113,107,97,74,57,52,25,17,14,11
4,7,0,6,0,0,0,0,29,51,68,81,82,94,91,98,103,105,91,77,57,52,22,11,8,11
0,0,0,0,0,0,0,11,22,57,70,72,73,73,80,92,98,104,90,73,58,51,21,9,9,7
0,0,0,0,0,0,13,12,52,67,80,86,75,64,76,100,108,110,97,83,61,52,23,9,11,10
0,0,0,0,0,0,14,36,58,76,94,96,72,74,82,104,114,121,108,89,65,54,40,10,10,8
0,0,0,0,9,7,13,51,64,90,96,74,67,77,80,98,103,114,103,81,66,53,36,9,11,8
0,0,0,0,0,0,8,28,66,71,70,62,61,70,75,83,96,97,93,74,57,46,14,10,9,0
0,0,0,0,0,0,7,41,57,58,54,53,59,59,68,70,80,90,88,71,58,36,13,7,0,0
0,0,0,0,8,8,12,37,54,52,50,59,61,65,65,76,81,83,81,70,61,52,17,8,0,7
0,0,0,0,0,11,36,47,51,52,52,57,61,65,66,74,80,89,88,75,62,51,30,10,9,9
0,0,0,0,0,7,13,15,15,37,41,46,53,55,58,64,80,91,96,77,56,27,11,0,0,0
8,7,11,9,14,29,31,12,52,52,53,57,60,64,73,80,118,154,128,101,81,61,53,30,18,11
7,10,12,9,13,29,41,15,52,59,60,69,70,73,76,89,128,141,136,103,85,66,56,47,15,12
11,12,13,15,54,52,52,50,55,61,62,68,72,75,88,101,122,140,136,109,83,66,57,50,23,12
11,12,13,12,47,50,55,57,59,61,62,64,71,71,80,107,121,137,140,116,84,67,56,51,26,18
11,9,10,12,21,40,52,54,59,62,63,65,68,72,83,104,117,129,145,111,82,65,56,40,28,14
10,10,11,8,13,18,50,51,62,62,70,71,71,78,86,96,113,122,132,98,74,62,54,43,14,13
0,0,9,11,12,11,50,54,60,60,63,64,67,72,86,98,117,128,121,96,79,65,56,51,48,35
7,7,11,8,13,25,54,55,56,59,59,61,68,74,84,100,110,112,107,85,68,56,48,23,14,9
10,10,16,13,18,28,51,52,53,53,55,54,64,68,81,103,105,111,99,78,57,46,34,24,15,16
8,0,12,12,15,38,56,55,61,60,60,61,66,72,88,94,103,98,89,74,61,51,38,17,14,14
7,7,11,11,13,51,58,56,59,58,59,62,57,71,79,83,93,94,85,71,58,52,23,13,13,11
10,7,8,12,12,57,68,57,57,58,55,58,62,71,76,84,87,91,83,68,57,51,21,14,11,9
7,7,9,11,34,58,74,60,54,54,53,58,59,65,74,82,83,86,80,65,55,25,11,7,9,0
0,0,5,11,11,50,66,55,50,51,33,52,56,61,67,77,79,77,72,64,51,13,10,8,7,6
0,0,0,8,7,29,58,51,44,7,12,45,53,56,65,73,77,75,67,56,43,12,10,0,0,0
0,5,0,0,0,12,56,54,51,14,37,32,50,54,62,72,76,75,67,59,51,23,8,0,5,0
0,7,7,9,0,12,50,51,53,47,34,40,51,52,60,70,77,77,71,61,51,14,8,8,0,6
0,5,6,8,0,7,25,42,51,50,14,14,41,52,64,71,70,71,60,53,33,12,9,6,0,0
0,0,0,0,0,9,19,39,46,43,30,38,52,55,59,68,72,73,68,59,51,29,13,0,0,0
6,4,0,0,0,8,14,23,50,51,19,12,50,53,54,57,66,68,70,62,52,25,10,0,0,0
0,0,0,0,0,7,12,13,40,42,17,8,12,44,51,53,59,66,69,64,55,25,10,6,0,0
0,0,0,0,0,0,10,11,25,32,12,8,13,21,23,51,56,61,63,63,53,21,10,0,0,0
0,0,0,0,0,0,7,10,12,14,7,11,6,12,14,51,53,55,57,57,51,16,8,0,0,0
0,0,0,0,0,0,6,0,6,8,9,10,13,13,10,25,29,50,52,52,50,14,10,6,0,0
0,0,3,0,0,0,0,0,0,8,10,9,12,12,8,32,31,51,47,41,43,14,11,9,6,0
0,0,0,0,0,0,6,0,8,11,9,8,10,12,7,18,34,50,32,26,19,25,12,9,6,0
10,12,14,34,57,60,66,62,60,55,67,86,111,124,141,148,127,125,115,105,100,79,62,54,39,39
11,12,13,45,73,74,55,60,56,54,61,84,133,144,158,144,125,117,98,77,63,57,55,29,31,27
9,8,14,14,14,0,11,50,13,27,65,88,117,130,129,107,109,115,98,77,61,56,51,32,17,23
8,0,11,7,0,0,7,0,7,51,63,83,107,108,111,99,113,107,96,74,58,53,25,15,15,12
5,7,5,6,0,0,0,0,29,50,69,81,82,95,90,98,102,106,91,76,57,52,22,11,7,12
0,0,0,0,0,0,0,10,20,56,71,72,74,73,80,92,98,103,90,73,58,51,21,10,8,9
0,0,0,0,0,0,13,12,51,66,80,85,75,64,75,100,107,110,98,83,61,52,25,9,10,11
0,0,0,0,0,0,14,38,58,75,96,95,72,75,82,105,114,121,108,89,65,54,37,9,10,8
0,0,0,0,9,7,12,50,64,90,96,74,67,77,80,98,103,114,103,81,65,54,41,9,11,9
0,0,0,0,0,0,8,25,66,71,71,62,62,71,75,84,96,97,93,75,57,50,14,10,8,0
0,0,0,0,0,0,6,38,57,59,54,53,59,58,67,71,80,90,88,72,58,36,12,0,0,0
0,0,0,0,8,8,12,32,53,52,50,59,61,65,65,76,81,84,81,70,62,52,17,8,0,8
0,0,0,0,0,11,27,40,51,51,52,57,61,64,65,74,79,90,87,75,62,51,33,10,9,10
0,0,0,0,0,0,13,14,15,36,41,44,53,55,58,64,79,91,96,77,56,29,11,0,0,0
8,7,11,9,13,26,29,13,52,52,52,57,60,63,72,81,117,154,128,101,81,61,53,30,16,12
7,10,13,9,13,25,33,14,52,58,60,69,70,73,77,89,127,142,135,103,85,66,56,45,15,13
11,12,12,12,52,51,51,50,55,61,62,68,72,75,88,102,121,140,136,108,83,66,57,50,19,12
11,12,13,12,43,50,54,56,58,61,62,63,71,71,80,108,120,137,140,115,84,67,56,50,25,23
11,9,10,11,21,36,52,53,59,62,63,66,67,72,83,104,117,129,144,111,82,66,57,37,28,15
10,10,11,8,13,18,50,51,62,62,70,70,70,78,86,97,113,122,131,98,74,62,54,45,14,13
0,0,9,11,12,11,50,53,60,60,63,63,67,72,86,98,117,128,121,95,79,65,56,51,46,38
7,7,11,8,13,23,54,54,56,59,59,61,68,74,83,101,110,111,107,85,67,57,48,20,13,10
10,10,16,12,19,28,51,51,53,53,55,53,64,68,81,103,104,110,98,78,58,46,35,24,14,18
8,0,12,11,15,35,55,55,60,59,60,61,66,72,87,94,103,98,89,74,61,51,37,17,13,16
7,7,11,12,13,50,58,55,59,58,59,62,57,70,79,83,92,94,85,70,58,53,25,13,12,12
9,7,8,12,11,56,67,57,57,58,55,58,62,70,76,84,87,91,83,68,58,51,21,14,11,10
7,7,9,11,30,57,73,60,54,54,53,57,59,64,74,82,83,87,81,65,55,29,11,7,8,0
0,0,5,11,11,44,65,55,50,51,33,52,56,61,68,77,79,78,72,64,51,13,10,8,6,6
0,0,0,8,6,29,57,51,42,7,12,45,53,56,65,73,77,75,66,56,45,13,10,0,0,0
0,0,0,0,0,11,55,54,51,13,42,32,51,54,62,73,76,75,67,58,51,19,8,0,5,0
0,7,7,8,0,12,50,51,53,50,34,42,51,52,60,70,78,77,71,61,51,14,9,8,0,6
0,5,6,8,0,8,23,43,51,50,14,14,41,52,64,71,70,71,59,53,34,13,10,6,0,0
0,0,0,0,0,9,17,38,47,43,30,38,52,55,59,68,71,73,68,59,51,34,13,0,0,0
5,4,0,0,0,8,13,21,50,51,17,12,50,53,54,58,66,68,70,62,53,25,10,0,0,5
0,0,0,0,0,7,11,13,40,40,22,8,12,47,51,54,58,66,69,65,55,27,10,6,0,0
0,0,0,0,0,0,9,11,25,32,13,7,13,23,23,52,56,62,63,63,53,23,10,0,0,0
0,0,0,0,0,0,6,9,12,14,8,11,7,12,13,51,53,55,58,57,51,18,8,0,0,0
0,0,0,0,0,0,6,0,5,8,9,10,13,13,10,26,29,50,52,52,50,14,10,6,0,0
0,0,3,0,0,0,0,0,0,8,10,9,12,11,8,33,30,51,47,41,41,16,11,9,5,4
0,0,0,0,0,0,5,0,8,11,9,8,10,11,7,20,34,51,32,28,20,26,12,9,6,0
