12,13,13,17,51,50,54,58,71,94,109,111,117,119,134,133,110,92,86,91,78,67,64,58,51,27
12,14,12,27,53,55,50,61,78,93,94,112,138,121,121,108,94,87,84,85,82,73,71,56,53,39
12,19,13,13,8,0,17,56,61,78,100,121,140,126,106,83,71,68,74,78,75,75,71,58,52,40
11,10,9,6,8,0,0,9,66,84,100,116,132,107,92,82,64,61,59,58,58,61,58,52,41,17
8,9,0,7,0,0,0,12,64,85,99,106,98,97,89,75,61,56,53,51,47,41,32,11,9,6
0,0,0,0,0,0,0,13,62,82,89,90,92,94,86,71,62,55,51,36,14,15,12,9,7,0
0,0,0,0,0,0,0,12,62,83,103,104,101,95,88,74,65,56,52,50,32,14,12,0,0,0
0,0,0,0,0,0,0,17,62,89,103,99,101,96,95,75,63,56,51,43,36,27,13,9,0,0
0,0,0,0,0,0,0,21,61,94,103,99,101,100,90,77,63,58,51,50,37,31,14,7,9,0
0,0,0,0,0,0,0,13,59,82,103,103,101,98,83,77,63,53,51,28,17,13,12,7,9,0
0,0,0,0,0,0,0,11,56,77,93,94,100,82,78,67,59,51,33,12,11,10,10,8,6,0
0,0,0,0,0,0,0,11,54,72,86,89,88,78,72,67,57,50,23,30,45,14,14,10,9,6
0,0,0,0,0,0,0,32,58,78,105,116,109,91,76,68,60,56,50,37,27,50,50,11,12,9
0,0,0,0,0,0,0,17,53,80,127,142,119,79,69,61,55,53,48,25,20,15,14,7,7,0
0,0,0,0,10,9,15,43,65,84,107,130,133,110,87,80,72,70,60,57,54,55,50,22,29,12
0,9,8,8,7,6,12,51,68,88,112,127,130,122,103,89,81,68,64,59,57,55,53,38,34,15
6,10,7,8,9,9,11,51,65,87,108,129,134,124,110,89,78,69,64,62,58,55,54,50,31,14
5,0,0,9,7,0,14,52,65,86,113,138,143,122,114,95,74,66,63,61,57,54,54,50,41,13
8,7,0,0,6,0,10,47,62,79,99,134,132,121,118,101,77,65,63,60,57,53,50,31,22,17
11,11,0,10,12,11,13,40,61,74,97,125,130,133,118,103,85,70,65,61,56,54,54,50,50,13
7,7,7,9,10,12,23,52,62,69,89,111,118,123,120,107,94,76,67,63,60,63,65,58,57,50
11,10,8,10,8,12,31,51,55,63,77,95,109,116,113,107,93,71,63,61,56,53,51,35,22,13
7,12,12,15,13,15,33,39,43,59,68,90,108,116,108,125,89,69,57,52,51,51,46,32,30,24
0,9,9,10,12,12,14,20,51,57,65,79,93,100,106,97,104,74,61,58,57,55,53,33,30,14
0,9,9,9,11,8,12,12,51,58,62,73,83,95,96,90,89,85,61,57,59,58,55,38,18,11
7,0,0,8,0,7,7,11,46,56,55,67,75,89,86,85,75,74,62,56,57,58,57,30,22,11
9,7,0,5,0,8,10,14,32,54,51,63,73,80,86,86,73,62,60,58,56,63,73,52,33,11
8,6,5,0,7,6,11,19,31,54,54,61,68,75,85,83,72,60,53,58,61,64,92,57,18,8
0,0,0,0,0,0,9,11,20,52,55,60,61,72,87,76,69,59,51,50,61,58,57,14,9,8
0,0,0,0,0,0,7,0,13,52,56,60,61,66,79,79,77,72,52,51,54,56,43,12,9,8
0,5,0,0,0,0,5,6,12,50,54,57,60,66,72,70,76,64,53,51,54,50,25,11,10,0
0,0,0,0,0,0,0,0,10,37,52,53,57,62,65,69,60,48,29,33,33,31,14,7,6,0
0,0,0,0,0,0,0,7,14,32,47,54,60,65,68,71,61,50,42,44,40,15,9,0,6,0
0,5,0,0,0,0,0,6,11,27,51,54,59,64,65,65,58,50,45,44,21,11,0,0,0,0
0,0,0,0,0,0,0,0,0,14,47,52,58,61,64,63,54,15,19,25,14,10,8,0,0,0
0,0,0,0,0,0,0,0,0,15,35,50,55,57,58,58,51,11,11,13,10,6,7,0,0,0
0,0,0,0,0,0,0,0,0,12,14,14,51,52,53,53,19,7,10,9,7,0,0,0,0,0
0,0,0,0,0,0,0,0,0,8,14,28,46,51,53,51,18,0,7,9,8,8,8,0,0,0
0,0,0,0,0,0,0,0,0,11,12,10,32,50,53,51,20,8,8,11,10,7,6,6,5,0
0,0,0,0,0,0,0,0,0,10,11,30,37,51,51,52,15,7,10,11,9,8,9,0,6,0
12,13,13,17,51,50,54,59,71,94,108,111,118,118,134,133,110,92,86,91,78,67,63,58,51,27
12,14,12,29,53,55,50,61,78,93,94,112,139,122,121,109,94,88,85,86,82,73,72,56,54,37
12,18,13,13,8,0,17,56,61,78,100,122,140,127,106,84,71,69,73,78,75,74,71,58,52,40
11,9,9,6,8,0,0,9,66,84,100,116,131,108,93,82,64,61,59,58,58,62,58,52,43,16
8,9,0,7,0,0,0,12,64,85,99,105,98,97,89,75,60,56,54,51,50,41,32,12,9,6
0,0,0,0,0,0,0,13,62,82,90,91,93,95,86,71,62,55,51,36,14,15,12,9,7,0
0,0,0,0,0,0,0,12,62,84,103,104,100,94,88,74,64,56,53,50,37,15,13,0,0,0
0,0,0,0,0,0,0,15,62,89,103,100,100,96,95,75,63,56,51,43,44,30,13,9,0,0
0,0,0,0,0,0,0,21,60,94,103,99,101,100,90,77,62,58,51,50,37,31,14,7,9,0
0,0,0,0,0,0,0,13,60,82,103,103,102,98,83,77,63,54,51,28,17,13,11,8,9,0
0,0,0,0,0,0,0,11,56,77,93,94,100,81,78,67,58,51,30,12,11,10,10,8,6,0
0,0,0,0,0,0,0,11,54,72,85,90,88,79,72,67,56,50,23,25,42,14,13,11,9,6
0,0,0,0,0,0,0,30,58,78,105,116,109,90,76,68,60,56,50,37,30,50,50,11,12,9
0,0,0,0,0,0,0,15,52,80,126,142,119,79,69,61,56,52,48,26,20,15,14,7,7,0
0,0,0,0,10,9,15,42,64,85,107,131,132,110,87,80,72,70,60,57,55,55,51,25,31,12
0,9,8,7,8,6,12,52,68,87,112,128,129,121,103,89,80,67,64,59,57,55,54,38,34,14
6,10,7,8,9,9,11,51,66,87,108,130,133,123,111,88,78,69,64,62,58,55,54,50,34,13
5,0,0,9,7,0,13,52,65,86,113,138,143,122,115,94,74,66,63,61,57,54,54,50,43,12
8,8,0,0,0,0,10,45,62,79,100,134,131,121,119,100,77,66,64,60,57,53,51,32,21,17
11,11,0,10,12,11,13,38,61,75,97,125,130,133,119,102,85,70,65,61,56,54,54,50,50,13
7,7,8,9,11,12,25,52,62,69,89,111,117,123,120,106,94,76,68,62,60,63,65,59,57,50
11,10,8,10,8,12,31,51,54,63,77,95,108,116,113,106,93,71,63,61,56,53,51,37,22,12
7,12,12,15,13,15,33,38,42,58,68,90,108,116,109,125,88,69,57,52,51,52,46,32,30,23
0,9,10,10,11,12,14,19,50,57,65,79,93,100,107,97,105,74,61,58,57,55,53,34,29,13
0,9,9,9,11,9,11,12,51,58,61,73,83,95,96,91,88,85,61,58,60,58,55,40,20,12
7,0,0,7,0,7,6,11,42,56,55,67,76,89,86,84,75,74,62,56,57,58,57,35,22,11
9,7,0,5,0,8,10,13,32,54,51,63,73,79,86,86,73,62,60,58,56,62,73,52,33,11
7,6,5,0,7,6,11,17,28,54,54,61,67,75,85,83,71,61,53,58,61,64,92,57,21,8
0,0,0,0,0,0,9,11,18,52,55,60,61,72,87,77,69,59,51,50,60,58,57,15,10,8
0,0,0,0,0,0,7,0,13,52,57,60,61,65,79,79,77,71,52,51,54,56,40,12,8,8
0,5,0,0,0,0,5,6,12,50,53,57,60,66,72,69,76,64,53,51,55,51,25,11,10,0
0,0,0,0,0,0,0,0,10,39,52,53,57,62,65,69,60,48,29,34,33,31,14,7,7,0
0,0,0,0,0,0,0,6,13,32,46,54,60,64,68,71,61,50,43,44,42,19,9,0,6,0
0,5,0,0,0,0,0,6,11,27,51,54,59,64,65,65,58,50,42,41,21,11,0,0,0,0
0,0,0,0,0,0,0,0,0,14,45,52,58,61,64,63,54,17,19,25,14,10,8,0,0,0
0,0,0,0,0,0,0,0,0,17,32,50,55,57,58,57,51,11,11,13,10,7,7,0,0,0
0,0,0,0,0,0,0,0,0,12,13,14,52,52,54,53,19,6,10,9,7,0,0,0,0,0
0,0,0,0,0,0,0,0,0,8,13,28,46,52,53,51,16,0,7,10,9,8,8,0,0,0
0,0,0,0,0,0,0,0,0,11,12,10,32,50,53,51,20,8,8,11,10,7,6,6,5,0
0,0,0,0,0,0,0,0,0,10,11,30,38,51,51,51,14,7,10,11,9,8,9,5,6,0
12,13,13,19,51,50,54,58,71,94,108,112,117,118,133,133,110,93,86,91,78,66,64,59,51,35
12,13,12,29,54,55,50,61,77,93,94,112,139,121,121,109,93,88,85,86,82,73,72,56,54,45
12,17,13,13,9,0,14,56,61,78,100,121,140,126,106,84,71,69,73,78,75,75,71,58,52,47
11,9,9,0,8,0,0,9,66,83,100,117,131,107,92,82,64,62,60,58,58,61,58,52,41,17
8,9,0,7,0,0,0,12,63,84,99,105,98,96,89,75,60,56,54,51,45,43,32,12,9,6
0,0,0,0,0,0,0,13,62,81,90,90,92,94,86,71,62,55,51,36,14,14,12,9,7,0
0,0,0,0,0,0,0,12,62,83,103,104,100,94,88,73,64,56,52,47,35,14,13,0,0,0
0,0,0,0,0,0,0,15,61,88,102,99,101,96,95,75,62,56,52,43,38,27,13,9,0,0
0,0,0,0,0,0,0,19,60,93,103,98,101,100,91,77,62,58,51,50,34,28,14,7,9,0
0,0,0,0,0,0,0,13,60,82,103,103,102,97,84,77,63,54,50,31,15,13,12,8,9,0
0,0,0,0,0,0,0,10,56,77,93,94,100,81,77,67,58,52,27,12,11,10,10,8,6,0
0,0,0,0,0,0,0,10,54,72,85,91,89,79,73,67,56,50,21,25,40,14,13,11,9,6
0,0,0,0,0,0,0,27,58,78,104,116,108,90,77,68,59,56,50,35,25,50,50,11,11,10
0,0,0,0,0,0,0,15,52,80,126,142,119,79,69,61,56,52,50,25,18,14,14,7,0,0
0,0,0,0,10,10,15,42,64,84,107,130,132,109,88,80,72,71,60,57,54,55,51,25,31,12
0,8,8,7,7,7,12,52,67,87,111,128,129,121,102,89,80,68,63,59,57,56,54,38,31,15
6,10,7,8,9,9,11,51,66,87,108,129,133,123,111,88,78,69,64,62,57,54,54,50,34,14
6,0,0,9,7,0,13,52,64,86,113,139,142,122,114,94,74,67,63,61,57,54,54,50,46,13
8,7,0,0,0,0,10,43,61,79,100,134,131,121,118,100,77,66,63,60,57,53,51,32,23,19
11,11,0,10,12,11,13,38,61,74,97,124,130,132,119,102,85,71,65,61,56,54,54,50,46,13
7,7,7,9,11,12,25,52,62,68,88,110,117,122,120,105,94,77,67,63,60,63,65,58,57,50
11,10,8,10,8,12,31,51,54,63,77,95,108,116,113,107,93,72,63,61,56,53,51,39,23,13
7,12,13,15,13,15,33,38,42,58,68,90,108,116,110,126,88,70,57,53,51,51,46,32,30,24
0,9,10,10,11,12,14,17,50,57,65,78,93,100,106,97,105,74,60,58,57,55,53,35,29,13
0,8,9,9,11,9,12,12,51,58,61,73,82,95,96,91,88,85,60,57,60,57,55,38,20,12
7,0,0,7,0,7,7,10,41,56,55,67,76,89,86,84,75,74,62,56,57,58,57,37,20,11
8,7,0,5,0,8,10,13,35,54,51,62,72,79,86,86,73,62,60,58,56,62,73,52,33,11
8,6,0,0,7,6,11,17,30,54,54,61,68,75,85,83,71,61,53,58,61,64,92,57,20,8
0,0,0,0,0,0,9,11,16,51,55,59,61,72,87,77,69,59,51,50,60,58,57,17,10,8
0,0,0,0,0,0,7,0,13,52,56,60,61,66,79,79,76,72,52,50,54,55,40,12,8,9
0,5,0,5,0,0,5,6,11,50,53,56,60,66,72,69,76,64,53,52,55,51,27,12,10,0
0,0,0,0,0,0,0,0,10,37,52,53,57,62,65,69,59,50,27,34,33,29,14,7,7,0
0,0,0,0,0,0,0,6,13,32,45,54,60,64,68,70,61,50,43,46,40,19,10,0,7,0
0,5,0,0,0,0,0,6,11,22,51,53,58,64,65,65,58,50,40,47,17,12,0,0,0,0
0,0,0,0,0,0,0,0,0,14,45,52,57,60,64,63,54,22,19,22,14,10,8,0,0,0
0,0,0,0,0,0,0,0,0,15,30,50,55,57,58,57,50,11,11,13,10,6,7,0,0,0
0,0,0,0,0,0,0,0,0,12,13,13,51,52,54,53,19,7,10,10,7,0,0,0,0,0
0,0,0,0,0,0,0,0,0,8,13,28,46,52,53,51,16,0,7,9,8,8,7,0,0,0
0,0,0,0,0,0,0,0,0,11,11,10,32,50,53,50,19,8,8,11,10,6,6,6,5,0
0,0,0,0,0,0,0,0,0,9,10,29,38,50,52,52,14,7,10,11,9,8,9,5,6,0
12,13,13,19,51,50,54,58,71,94,107,112,117,118,134,133,111,92,86,91,78,66,63,59,51,35
11,13,12,26,54,55,51,61,77,93,94,112,140,120,122,109,92,87,85,85,82,73,72,57,54,43
11,16,13,13,8,0,14,56,61,78,100,122,140,126,107,84,70,69,74,78,75,75,71,58,52,45
11,9,9,0,8,0,0,9,66,83,100,117,131,107,92,82,64,61,60,58,58,61,58,52,41,16
8,9,0,7,0,0,0,12,63,85,98,105,98,96,90,75,61,56,54,51,45,41,32,12,10,6
0,0,0,0,0,0,0,13,62,82,90,90,92,94,86,71,62,55,51,36,14,14,12,9,7,0
0,0,0,0,0,0,0,12,61,83,103,104,100,94,89,74,63,57,51,41,35,15,13,0,0,0
0,0,0,0,0,0,0,15,61,88,102,99,100,96,95,75,61,57,52,40,44,22,13,9,0,0
0,0,0,0,0,0,0,17,60,92,103,98,102,99,91,78,62,58,51,46,31,31,14,7,10,0
0,0,0,0,0,0,0,13,61,82,103,103,102,97,84,76,63,53,50,28,17,13,12,8,9,0
0,0,0,0,0,0,0,11,56,77,92,94,100,80,77,68,58,52,30,13,11,10,10,8,7,0
0,0,0,0,0,0,0,11,54,73,84,90,89,79,73,68,55,50,21,17,40,14,13,11,9,6
0,0,0,0,0,0,0,25,58,78,104,116,108,89,77,69,59,56,50,35,30,50,50,11,12,10
0,0,0,0,0,0,0,15,52,80,126,142,119,79,69,61,55,52,50,23,16,14,13,7,7,0
0,0,0,7,9,10,16,43,64,84,107,131,132,109,88,81,72,71,60,56,55,54,51,26,31,12
0,8,7,7,7,7,12,52,66,87,111,129,129,120,102,89,80,67,63,58,57,56,54,38,34,15
7,10,7,7,9,9,12,51,65,87,107,130,132,122,111,89,78,69,64,62,58,55,53,50,36,14
6,0,0,9,7,0,13,51,64,86,113,139,143,122,114,95,74,67,62,60,57,54,54,50,48,13
8,7,0,0,0,0,10,45,61,79,99,134,131,121,119,101,76,66,64,60,57,53,51,34,23,17
11,11,0,10,12,11,12,40,62,75,97,125,130,132,118,102,85,71,65,60,57,54,54,50,46,13
7,7,7,9,11,12,25,52,61,69,88,110,118,122,120,105,94,77,68,63,61,63,65,58,57,50
10,10,8,10,8,12,29,51,54,63,76,95,108,116,113,107,93,72,63,60,57,53,51,41,25,13
7,13,13,15,14,15,32,38,41,58,68,90,108,115,110,127,88,70,57,52,51,51,46,32,30,25
0,9,10,10,11,12,14,17,50,56,64,79,93,100,107,97,105,74,60,58,58,55,53,35,29,13
0,8,9,9,12,9,12,11,51,58,61,73,82,95,96,91,88,85,60,57,60,57,55,38,20,12
7,0,0,7,0,7,6,10,42,56,54,67,76,89,87,84,74,74,63,56,56,57,56,39,22,11
8,7,0,5,0,8,10,13,35,55,51,63,72,78,87,86,72,62,60,57,56,63,73,52,35,12
7,6,0,0,0,6,11,19,31,54,54,61,67,74,85,84,72,61,53,57,61,64,92,58,25,8
0,0,0,0,0,0,9,11,16,51,55,59,61,72,87,77,69,59,51,47,61,59,57,19,10,8
0,0,0,0,0,0,7,0,13,52,56,60,61,65,79,79,76,72,52,50,54,56,43,12,8,9
0,5,0,5,0,0,5,0,12,50,53,56,59,66,72,70,76,65,53,52,55,51,25,12,10,0
0,0,0,0,0,0,0,0,10,41,51,53,57,62,65,69,59,50,28,33,33,30,14,7,7,0
0,0,0,0,0,0,0,0,13,32,44,54,60,63,68,70,61,50,44,47,40,20,10,0,7,0
0,5,0,0,0,0,0,7,10,25,51,53,58,63,65,65,57,50,45,41,19,12,0,0,0,0
0,0,0,0,0,0,0,0,0,14,47,52,57,60,65,63,54,22,19,20,14,10,8,0,0,0
0,0,0,0,0,0,0,0,0,17,30,51,54,56,58,57,50,12,11,13,11,6,7,0,0,0
0,0,0,0,0,0,0,0,0,12,13,13,51,52,54,53,19,6,10,9,7,0,0,0,0,0
0,0,0,0,0,0,0,0,0,8,13,30,43,51,54,51,18,0,8,9,8,8,7,0,0,0
0,0,0,0,0,0,0,0,0,11,11,10,32,48,54,50,17,8,8,10,10,6,6,7,5,0
0,0,0,0,0,0,0,0,0,9,10,27,37,50,52,52,14,7,10,11,9,8,9,5,7,0
11,13,13,19,50,50,55,57,71,93,108,112,117,118,133,132,111,93,86,90,78,66,64,59,51,33
11,13,12,26,54,56,51,61,77,93,94,111,141,120,121,109,93,88,85,86,82,74,73,57,54,47
11,17,14,13,8,0,15,56,61,78,100,121,140,125,107,84,71,69,74,77,75,75,71,59,52,45
11,9,9,0,7,0,0,9,66,83,99,116,131,108,92,82,63,61,61,58,59,61,58,52,41,16
8,9,0,7,0,0,0,12,63,85,98,105,98,96,90,75,61,56,55,51,47,43,30,12,10,6
0,0,0,0,0,0,0,13,62,82,90,90,93,94,85,71,62,55,51,36,15,14,12,9,7,0
0,0,0,0,0,0,0,12,61,83,103,104,100,93,88,74,63,56,52,41,35,14,13,0,0,0
0,0,0,0,0,0,0,15,62,88,102,99,100,95,95,75,61,58,52,40,38,20,13,9,0,0
0,0,0,0,0,0,0,17,60,92,104,97,102,100,91,78,61,58,51,46,34,28,14,7,10,0
0,0,0,0,0,0,0,13,61,82,103,103,102,96,83,75,63,53,50,25,20,13,12,8,8,0
0,0,0,0,0,0,0,11,56,77,92,94,100,80,75,68,58,52,25,12,11,10,10,9,6,0
0,0,0,0,0,0,0,10,54,73,85,90,89,79,72,67,55,50,23,15,37,14,13,10,9,6
0,0,0,0,0,0,0,30,58,78,104,115,108,89,76,68,60,56,50,30,32,47,47,10,11,10
0,0,0,0,0,0,0,15,52,80,126,141,118,79,68,61,56,52,50,23,15,14,13,7,0,0
0,0,0,0,9,10,16,46,64,84,107,131,132,109,88,80,72,71,60,56,55,54,50,28,31,12
0,8,7,7,7,7,12,52,66,87,110,129,129,120,101,89,80,67,63,58,56,56,53,40,36,14
7,10,6,7,9,9,12,50,65,87,107,129,132,121,109,90,79,68,64,61,57,54,53,50,31,14
6,0,0,9,7,0,13,51,64,86,114,138,142,122,114,95,74,67,62,60,57,53,54,50,50,14
7,8,0,0,6,0,10,47,61,80,100,133,130,121,117,101,77,66,63,59,58,53,51,34,22,20
11,11,0,11,12,11,13,40,62,75,97,124,130,131,118,102,85,71,65,60,57,54,54,50,46,13
7,7,8,9,11,12,27,52,61,68,88,110,118,121,120,105,94,76,68,63,61,63,65,58,57,50
11,10,8,9,9,12,29,51,54,64,76,95,108,116,113,106,93,72,63,60,56,54,51,39,22,13
7,12,12,15,14,17,32,37,42,58,68,91,109,115,109,127,88,69,57,52,52,51,47,33,31,25
0,10,10,10,12,12,14,19,50,56,65,78,93,100,106,97,105,74,60,58,58,55,53,36,30,14
0,8,9,9,12,9,12,11,52,58,61,73,82,95,96,91,89,85,61,57,60,57,55,38,20,13
7,0,0,7,0,7,6,11,41,56,54,67,76,89,86,84,74,74,62,55,56,57,56,41,22,11
8,7,0,5,0,8,10,13,31,55,52,62,72,78,86,86,73,62,60,57,57,63,73,51,36,12
7,6,0,0,0,7,11,19,33,53,55,60,68,73,85,84,71,60,53,57,61,64,92,57,25,9
0,0,0,0,0,0,9,11,18,52,55,59,62,72,86,77,70,59,51,43,61,58,56,19,10,8
0,0,0,0,0,0,7,0,13,52,56,59,61,65,78,79,77,72,52,50,54,56,38,12,8,9
0,5,0,6,0,0,6,0,12,50,53,56,59,66,71,69,76,65,53,51,55,51,25,12,10,0
0,0,0,0,0,0,0,0,10,39,52,53,57,62,65,70,59,48,27,33,34,29,14,7,7,0
0,0,0,0,0,0,0,7,14,33,44,54,60,64,68,70,62,50,43,46,40,19,9,0,7,0
0,5,0,0,0,0,0,7,10,22,52,53,59,63,64,64,57,50,45,33,19,12,0,0,0,0
0,0,0,0,0,0,0,0,0,14,47,52,57,60,64,63,54,25,19,20,13,10,8,0,0,0
0,0,0,0,0,0,0,0,0,17,30,50,54,56,58,57,50,12,11,14,11,0,7,0,0,0
0,0,0,0,0,0,0,0,0,12,13,13,51,52,53,53,19,6,10,9,7,0,0,0,0,0
0,0,0,0,0,0,0,0,5,8,13,30,44,52,54,51,18,0,8,9,9,8,7,0,0,0
0,0,0,0,0,0,0,0,0,11,11,10,37,50,53,50,17,8,8,10,10,6,6,7,5,0
0,0,0,0,0,0,0,0,0,9,10,26,36,50,52,52,14,7,10,11,10,8,9,5,6,0
11,13,13,17,50,50,55,57,71,93,109,111,117,119,132,132,111,93,86,90,78,66,64,58,51,31
11,13,12,26,54,55,51,61,77,94,93,111,140,121,121,110,93,87,85,86,83,74,73,57,54,41
11,17,14,14,8,0,14,56,61,77,100,122,140,125,106,84,71,69,74,77,75,75,72,59,53,40
11,9,9,0,8,0,0,9,66,83,99,116,131,108,92,82,64,61,61,58,58,61,58,52,41,17
8,9,0,7,0,0,0,12,64,85,98,106,98,96,89,75,61,56,54,51,45,43,30,12,9,6
0,0,0,0,0,0,0,13,62,82,89,90,92,94,86,71,62,56,51,38,15,14,12,9,7,0
0,0,0,0,0,0,0,12,61,83,104,106,100,94,88,74,64,56,52,41,30,14,13,0,0,0
0,0,0,0,0,0,0,15,62,89,102,98,100,96,93,75,62,58,52,40,33,20,13,9,0,0
0,0,0,0,0,0,0,15,60,92,103,98,102,99,91,78,61,57,51,46,31,28,14,7,10,0
0,0,0,0,0,0,0,13,60,82,103,104,102,97,83,75,63,53,50,23,17,13,11,8,8,0
0,0,0,0,0,0,0,11,55,78,93,93,100,80,75,69,58,52,25,13,11,11,10,8,6,0
0,0,0,0,0,0,0,11,54,73,85,89,89,79,72,68,55,50,21,15,40,13,13,10,9,6
0,0,0,0,0,0,0,27,57,78,104,115,108,90,76,68,60,56,50,32,30,47,47,10,11,9
0,0,0,0,0,0,0,18,53,80,126,141,118,79,67,61,56,52,50,23,15,14,13,7,0,0
0,0,0,7,9,10,16,47,64,84,107,131,132,109,88,80,72,71,60,57,54,54,50,27,31,12
0,8,7,8,0,7,12,52,66,87,110,128,129,121,100,89,81,67,63,59,56,56,53,38,34,15
7,10,6,8,9,10,12,51,65,87,107,129,134,121,108,90,79,69,64,61,57,54,53,47,31,14
6,0,0,9,7,0,13,51,65,86,114,138,142,122,114,95,74,67,62,60,57,53,54,50,48,14
7,7,0,0,7,0,10,50,61,80,99,133,130,122,117,102,76,66,63,59,57,53,51,31,23,16
11,11,0,11,12,11,13,40,62,75,97,124,130,132,117,102,85,71,65,60,57,54,54,50,44,13
7,7,7,9,10,12,25,52,61,68,88,109,119,122,118,105,94,76,68,63,60,63,64,58,57,50
11,10,8,10,8,12,31,51,54,64,76,94,109,115,112,106,93,72,63,60,56,54,51,39,20,13
7,12,13,15,14,17,32,37,42,58,68,91,108,115,109,128,88,70,57,53,51,51,47,32,31,23
0,10,9,10,12,12,14,20,50,56,65,78,93,100,105,97,105,74,61,58,58,56,53,35,30,13
0,8,8,9,12,9,12,11,52,58,61,73,82,95,96,91,89,85,61,57,60,57,55,34,20,13
7,0,0,8,0,7,6,10,41,56,54,67,75,89,85,85,74,74,62,55,57,57,56,37,20,10
8,7,0,6,0,8,11,13,32,55,51,62,72,79,86,86,73,62,60,57,56,62,73,51,38,12
7,6,5,0,0,7,11,19,33,54,54,60,68,74,84,84,71,60,53,57,61,63,92,57,23,8
0,0,0,0,0,0,9,11,16,52,55,59,62,72,86,77,70,59,51,43,61,58,56,17,10,8
0,0,0,0,0,0,7,0,13,52,56,59,61,65,77,79,77,72,52,50,54,56,38,12,9,9
0,5,0,6,0,0,6,0,12,50,53,56,59,66,71,70,75,64,53,51,55,51,25,12,10,0
0,0,0,0,0,0,0,0,10,42,52,53,57,63,65,70,59,48,28,33,34,30,14,7,7,0
0,0,0,0,0,0,0,7,14,34,44,54,60,64,67,70,62,50,44,47,40,17,9,0,7,0
0,5,0,0,0,0,0,7,10,25,52,53,59,64,64,64,57,47,45,33,19,12,0,0,0,0
0,0,0,0,0,0,0,0,0,14,45,52,57,61,64,63,55,22,19,20,13,10,8,0,0,0
0,0,0,0,0,0,0,0,0,17,27,50,54,56,58,58,50,11,11,13,10,0,6,0,0,0
0,0,0,0,0,0,0,0,0,12,12,13,51,52,53,53,19,6,10,9,7,0,0,0,0,0
0,0,0,0,0,0,0,0,5,9,13,28,43,52,53,51,21,0,8,9,8,8,7,0,0,0
0,0,0,0,0,0,0,0,0,11,11,11,35,50,53,51,19,8,8,10,10,6,6,7,5,0
0,0,0,0,0,0,0,0,0,9,9,26,34,50,52,53,15,7,10,11,9,8,9,6,6,0
11,13,13,17,50,50,55,57,70,94,108,110,116,118,133,132,111,93,86,90,78,67,63,58,51,27
11,13,11,26,54,55,50,62,78,94,94,110,139,121,120,109,93,86,84,86,83,74,72,57,53,37
10,16,14,14,8,0,14,56,61,77,100,121,139,125,106,85,72,68,75,77,75,75,71,58,53,36
12,8,9,0,7,0,0,9,66,83,99,115,131,108,92,82,64,60,60,58,58,61,58,52,39,15
8,8,0,7,0,0,0,12,64,85,98,105,98,96,89,75,61,56,54,51,47,43,28,12,9,6
0,0,0,0,0,0,0,13,62,82,89,90,93,93,85,72,62,56,51,36,15,16,12,9,8,0
0,0,0,0,0,0,0,12,61,83,104,105,100,94,88,74,64,56,52,44,35,14,13,0,0,0
0,0,0,0,0,0,0,15,62,90,102,98,100,95,94,76,62,57,52,46,38,17,12,9,0,0
0,0,0,0,0,0,0,19,60,93,103,98,102,99,90,78,62,57,51,50,37,34,14,6,10,0
0,0,0,0,0,0,0,13,60,82,103,103,102,96,82,76,63,53,51,23,22,13,11,8,9,0
0,0,0,0,0,0,0,11,55,77,92,93,100,81,75,69,59,51,25,13,11,10,10,8,6,0
0,0,0,0,0,0,0,11,54,73,85,88,88,78,72,68,56,50,23,14,42,14,13,10,9,0
0,0,0,0,0,0,0,27,58,78,104,114,108,90,76,69,61,56,50,32,35,47,47,10,12,9
0,0,0,0,0,0,0,20,53,80,126,140,117,79,67,62,56,51,48,25,15,14,13,7,7,0
0,0,0,7,10,10,17,46,64,85,107,131,132,109,88,81,72,70,60,56,55,54,50,27,31,11
0,9,7,8,0,7,12,52,67,88,110,128,128,121,100,90,81,67,64,59,57,56,53,40,34,14
7,10,6,8,9,10,12,51,65,87,107,128,133,121,108,90,79,68,64,61,58,55,52,45,34,13
5,0,0,10,7,0,14,51,65,86,114,137,142,122,114,95,74,67,62,61,57,54,54,48,45,13
7,7,0,0,7,0,11,50,61,80,99,133,131,121,117,102,77,66,63,59,57,53,50,29,23,15
11,11,0,11,12,11,13,40,62,75,97,124,129,132,117,103,86,70,65,61,57,54,54,50,46,13
7,7,7,9,10,12,25,52,61,69,88,109,118,122,119,106,95,76,68,62,61,63,64,58,57,50
11,10,8,10,8,12,29,51,54,64,77,95,108,116,113,107,93,71,63,60,57,54,51,39,19,13
7,12,12,16,14,17,32,36,41,58,68,90,108,115,109,128,89,69,56,52,52,51,47,32,30,20
0,10,9,10,12,12,14,20,51,57,65,79,93,100,105,97,105,73,61,58,58,56,53,35,29,13
0,8,8,9,11,9,12,12,52,58,61,73,82,94,96,91,89,85,61,57,59,57,55,34,18,12
6,0,0,8,0,7,6,11,42,56,54,67,75,89,85,85,75,74,62,55,57,57,57,37,22,10
9,6,0,5,0,8,10,13,32,55,51,62,71,79,86,86,73,61,60,57,57,63,73,51,38,12
7,6,0,0,0,7,11,20,31,55,54,60,67,74,84,84,72,59,53,57,61,63,92,57,23,8
0,0,0,0,0,0,9,12,20,52,55,59,61,72,86,77,70,59,51,39,61,59,56,17,10,8
0,0,0,0,0,0,7,0,13,52,56,59,61,65,77,79,77,72,52,51,54,56,38,12,9,8
0,5,0,5,0,0,6,0,12,50,54,56,59,66,72,70,76,64,53,51,55,51,23,12,10,0
0,0,0,0,0,0,0,0,10,42,51,53,57,63,65,70,60,47,30,32,35,30,14,7,7,0
0,0,0,0,0,0,0,7,14,35,44,53,60,64,67,70,62,47,43,47,40,20,9,0,7,0
0,5,0,0,0,0,0,7,10,27,52,53,58,64,64,64,58,47,45,36,23,12,0,0,0,0
0,0,0,0,0,0,0,0,0,14,45,52,57,61,64,64,55,15,19,25,14,10,8,0,0,0
0,0,0,0,0,0,0,0,0,19,32,47,54,56,58,58,51,11,12,14,11,0,6,0,0,0
0,0,0,0,0,0,0,0,0,12,12,13,51,52,53,53,25,6,10,9,8,0,0,0,0,0
0,0,0,0,0,0,0,0,5,9,13,27,42,51,53,51,26,0,7,9,8,8,7,0,0,0
0,0,0,0,0,0,0,0,0,11,11,10,37,50,53,51,20,8,8,10,10,6,6,7,5,0
0,0,0,0,0,0,0,0,0,10,10,26,34,50,51,52,16,7,10,11,9,8,9,6,6,0
11,13,13,19,50,50,55,57,70,94,108,110,116,118,133,133,111,93,86,90,78,67,64,58,51,27
11,13,12,30,54,56,50,61,77,93,94,110,137,121,120,109,94,87,85,86,83,74,73,57,53,39
10,16,14,14,9,0,14,56,60,77,101,121,140,125,106,84,72,68,74,78,75,75,72,58,52,36
11,9,9,0,8,0,0,9,66,83,99,115,131,109,92,82,64,61,60,58,57,61,58,51,41,16
8,9,0,7,0,0,0,11,64,85,98,104,97,97,89,75,62,56,53,51,45,45,28,12,9,5
0,0,0,0,0,0,0,13,62,82,88,89,92,94,85,72,63,56,50,38,15,16,12,9,8,0
0,0,0,0,0,0,0,12,61,83,104,104,99,95,88,74,64,56,52,47,32,14,13,0,0,0
0,0,0,0,0,0,0,14,61,89,102,98,99,95,94,76,63,57,52,46,36,20,13,9,0,0
0,0,0,0,0,0,0,17,60,93,102,98,101,100,90,79,62,57,51,51,34,31,15,0,9,0
0,0,0,0,0,0,0,13,59,82,103,103,101,96,82,77,64,54,51,28,22,13,11,7,9,0
0,0,0,0,0,0,0,11,54,77,93,93,100,81,76,68,59,51,25,13,11,10,10,8,6,0
0,0,0,0,0,0,0,11,53,73,85,88,87,78,72,68,56,50,25,15,40,13,13,10,9,6
0,0,0,0,0,0,0,27,57,78,104,115,107,90,76,68,61,56,50,32,30,47,47,10,11,9
0,0,0,0,0,0,0,18,52,80,126,141,117,79,67,61,57,52,48,26,18,14,13,7,0,0
0,0,0,7,10,10,16,44,64,85,107,131,132,109,87,81,72,70,60,56,55,55,50,27,30,11
0,8,7,8,7,7,13,52,67,88,110,128,128,121,101,90,81,67,63,59,56,56,53,43,31,14
0,10,6,8,9,10,12,51,65,87,108,128,132,121,109,90,79,69,64,62,57,55,53,40,31,14
5,0,0,9,7,0,14,51,65,86,114,137,142,122,115,95,74,67,62,61,57,53,54,48,43,13
7,7,0,0,7,0,10,50,61,80,99,134,130,122,118,101,77,66,63,59,57,53,51,28,22,14
11,11,0,11,12,11,13,40,62,75,97,124,129,132,117,102,86,70,65,61,57,54,54,50,46,13
8,7,7,9,10,12,27,52,61,69,88,109,118,122,119,106,95,76,67,62,60,63,64,58,57,50
11,10,8,10,8,12,29,51,54,64,77,94,108,115,113,107,93,72,63,60,56,54,52,37,19,13
7,12,12,15,14,17,32,35,42,58,67,90,107,116,109,127,89,69,56,52,51,50,47,33,30,20
0,10,9,10,12,12,14,20,50,57,64,79,92,100,105,97,105,74,61,59,57,56,53,34,28,13
0,8,8,9,11,9,12,12,52,58,61,73,82,94,96,91,89,85,61,57,59,57,55,32,18,12
6,6,0,8,0,7,6,11,41,56,54,67,75,89,85,85,75,74,62,55,57,57,56,37,22,10
8,7,0,6,0,8,10,13,31,54,51,62,71,79,86,86,73,61,60,58,57,62,73,51,36,11
7,6,0,0,6,7,11,20,30,55,54,60,67,74,84,84,72,60,53,57,61,63,93,57,20,7
0,0,0,0,0,0,8,12,18,52,55,59,61,72,87,77,70,59,51,43,61,59,56,15,10,8
0,0,0,0,0,0,7,0,12,52,56,59,61,65,78,80,77,72,52,51,54,56,40,12,9,8
0,6,0,6,0,0,6,0,12,50,54,56,59,66,72,70,76,64,52,51,54,51,25,12,9,0
0,0,0,4,0,0,0,0,10,39,51,52,57,63,65,70,60,50,30,33,35,30,15,7,7,0
0,0,0,0,0,0,0,7,13,34,45,53,60,64,67,70,62,48,42,47,42,19,10,0,7,0
0,5,0,0,0,0,0,6,11,27,52,53,58,64,64,65,58,47,42,38,23,12,0,0,0,0
0,0,0,0,0,0,0,0,0,14,42,52,56,61,64,63,55,17,21,25,13,10,8,0,0,0
0,0,0,0,0,0,0,0,0,17,32,44,54,56,58,58,51,11,11,14,11,0,6,0,0,0
0,0,0,0,0,0,0,0,0,12,12,13,51,52,53,53,25,6,10,9,7,0,0,0,0,0
0,0,0,0,0,0,0,0,0,8,13,26,39,52,53,51,25,0,7,9,8,8,7,0,0,0
0,0,0,0,0,0,0,0,0,12,11,10,34,50,52,51,19,8,8,11,10,7,6,7,5,0
0,0,0,0,0,0,0,0,0,9,10,26,33,50,51,52,16,7,10,11,9,8,9,5,6,0
12,13,13,17,50,50,54,58,70,93,108,110,116,118,134,133,110,93,86,91,78,67,64,58,51,31
11,13,11,30,54,55,50,61,77,94,94,111,137,120,121,109,93,86,85,85,83,73,72,57,53,41
10,16,14,14,9,0,13,55,60,77,101,121,140,125,106,84,71,68,74,77,75,76,72,58,52,38
11,9,9,0,8,0,0,9,66,83,99,115,130,109,93,83,64,61,60,57,57,61,58,52,39,18
8,8,0,7,0,0,0,11,64,84,98,104,97,97,90,76,62,56,53,51,45,47,30,12,9,6
0,0,0,0,0,0,0,13,62,82,88,90,92,94,86,72,63,56,50,41,15,16,11,9,7,0
0,0,0,0,0,0,0,12,60,83,104,105,100,95,89,74,64,56,52,50,32,17,13,0,0,0
0,0,0,0,0,0,0,14,61,90,102,98,100,96,95,76,63,56,52,50,38,25,13,9,0,0
0,0,0,0,0,0,0,17,60,93,102,98,101,100,90,79,63,57,51,51,34,31,17,0,10,0
0,0,0,0,0,0,0,12,58,82,103,103,102,97,84,77,64,53,52,34,22,14,12,8,9,0
0,0,0,0,0,0,0,11,54,78,93,93,100,81,77,68,60,51,25,14,11,10,10,8,6,0
0,0,0,0,0,0,0,11,53,73,84,88,88,78,72,68,56,50,27,17,42,14,13,10,8,6
0,0,0,0,0,0,0,25,57,78,103,115,107,89,77,69,60,56,50,35,27,50,50,10,12,9
0,0,0,0,0,0,7,18,52,80,126,141,117,78,68,62,57,52,48,25,18,14,13,7,7,0
0,0,0,7,9,10,15,40,64,84,107,130,131,108,87,81,71,70,60,57,55,55,51,28,29,11
0,8,7,8,7,7,13,52,66,88,110,128,128,120,102,90,81,67,63,59,57,56,53,43,25,14
6,10,6,9,8,10,11,51,64,87,108,128,132,121,109,90,79,69,64,62,57,55,52,42,31,13
5,0,0,9,7,0,14,51,65,86,114,138,141,122,115,95,74,66,62,61,57,54,54,46,43,13
7,7,0,0,6,0,11,47,61,79,99,134,131,121,119,101,77,66,63,59,57,53,51,29,22,14
11,11,0,11,12,11,13,38,61,75,97,124,128,132,117,103,87,70,65,61,57,55,54,50,48,13
7,7,7,9,10,12,25,52,61,69,88,110,118,122,120,106,94,76,67,63,60,63,64,58,56,50
11,10,8,10,8,12,27,51,54,64,77,94,108,116,114,108,93,72,63,61,56,54,52,37,22,13
7,12,12,15,13,16,32,35,41,58,67,90,106,115,110,127,89,70,56,53,51,51,47,33,31,18
0,10,10,10,12,12,14,20,50,57,64,79,92,100,106,97,105,74,61,59,58,56,53,35,27,13
0,8,9,9,11,9,11,12,51,58,62,73,82,94,96,91,89,84,60,57,59,57,55,34,20,12
6,0,0,8,0,7,6,11,42,56,54,67,75,89,86,85,75,74,62,56,57,57,56,33,23,11
8,7,0,6,0,8,11,13,32,54,52,63,71,79,86,86,73,61,60,58,57,62,73,51,36,11
7,6,0,0,6,6,11,19,26,54,54,60,67,74,85,84,72,60,53,57,61,63,93,57,18,7
0,0,0,0,0,0,8,12,16,52,55,59,61,72,87,77,69,59,51,45,61,59,57,19,9,8
0,0,0,0,0,0,7,0,12,52,55,59,61,65,79,80,77,72,52,51,54,56,40,12,8,8
0,5,0,5,0,0,6,0,11,51,54,56,59,66,72,70,76,64,53,52,54,50,27,11,10,0
0,0,0,0,0,0,0,0,10,41,52,52,57,63,65,70,60,48,29,33,34,32,16,7,7,0
0,0,0,0,0,0,0,7,13,32,45,53,59,63,67,71,63,47,42,50,42,20,10,0,6,0
0,5,0,0,0,0,0,6,10,30,52,53,58,63,65,65,58,47,42,41,23,12,0,0,0,0
0,0,0,0,0,0,0,0,0,14,45,52,56,61,65,63,55,15,23,27,14,10,8,0,0,0
0,0,0,0,0,0,0,0,0,15,32,44,54,56,59,59,51,11,11,14,11,7,6,0,0,0
0,0,0,0,0,0,0,0,0,12,12,13,51,52,53,53,27,6,10,10,8,0,0,0,0,0
0,0,0,0,0,0,0,0,0,8,13,25,39,51,53,51,26,0,7,10,8,9,8,0,0,0
0,0,0,0,0,0,0,0,0,12,11,11,32,50,53,52,19,8,8,11,10,7,6,7,5,0
0,0,0,0,0,0,0,0,0,9,10,29,36,50,52,52,16,7,10,11,9,8,9,5,6,0
12,13,13,17,50,48,55,58,70,93,109,110,116,117,134,133,111,93,86,91,78,67,64,58,51,31
11,13,11,30,54,55,50,61,77,93,94,111,137,120,123,108,94,86,85,86,83,73,72,57,54,43
11,16,13,13,8,0,14,55,60,77,101,122,140,125,107,84,71,68,74,78,75,76,71,58,52,43
11,9,9,0,8,0,0,9,66,83,99,115,130,109,93,82,64,61,59,58,57,60,58,52,41,16
8,8,0,7,0,0,0,11,64,84,99,104,97,96,90,76,62,56,53,51,45,47,32,12,9,6
0,0,0,0,0,0,0,14,62,82,89,89,92,93,85,72,63,56,50,44,14,16,12,9,7,0
0,0,0,0,0,0,0,12,60,82,103,104,100,95,89,74,65,56,52,50,32,17,13,0,0,0
0,0,0,0,0,0,0,14,61,89,102,98,100,96,95,76,63,57,51,46,38,22,13,9,0,0
0,0,0,0,0,0,0,17,60,93,102,98,100,100,91,79,64,58,51,51,37,25,15,6,10,0
0,0,0,0,0,0,0,13,59,82,103,102,101,97,84,77,64,54,51,34,25,13,12,8,9,0
0,0,0,0,0,0,0,11,54,77,93,93,99,81,78,68,59,51,25,13,11,10,10,8,6,0
0,0,0,0,0,0,0,11,53,73,85,88,88,78,73,68,56,50,25,20,45,13,13,10,9,6
0,0,0,0,0,0,0,27,58,78,104,115,106,89,77,69,60,56,50,35,27,50,50,10,12,9
0,0,0,0,0,0,0,17,52,80,127,141,117,78,68,62,57,52,48,23,18,13,13,8,7,0
0,0,0,0,9,10,15,39,64,84,107,130,131,108,87,81,71,70,60,57,55,54,51,30,27,11
0,8,7,8,7,7,13,52,66,88,111,128,128,120,102,90,81,68,63,59,57,55,53,40,27,14
6,10,6,8,8,10,11,51,64,87,108,128,132,121,109,90,79,69,64,62,58,55,53,45,29,13
5,0,0,9,7,0,14,51,65,86,113,138,141,122,115,95,74,66,62,62,57,54,54,48,41,13
7,7,0,0,0,0,10,50,61,79,99,133,131,121,119,102,77,66,63,59,58,53,51,31,22,14
11,11,0,10,12,11,12,38,61,75,97,125,128,132,118,103,86,70,65,61,57,55,54,50,48,13
8,7,7,9,10,12,25,52,61,69,89,110,118,122,120,106,94,76,67,62,61,63,65,58,56,51
11,10,8,9,8,12,27,51,54,64,77,94,108,116,114,107,93,72,63,61,57,54,51,39,20,13
6,12,12,15,13,15,32,35,41,58,68,90,106,115,111,127,90,70,56,53,52,51,47,34,30,18
0,10,9,10,12,12,14,20,50,56,64,79,91,100,106,97,106,74,61,59,58,55,53,38,27,14
0,8,9,9,11,10,11,12,51,58,62,73,81,94,97,91,89,85,60,57,58,57,55,36,18,12
6,0,0,8,0,7,6,11,42,56,54,67,76,89,87,86,75,74,62,56,57,57,57,35,22,11
8,7,0,5,0,8,10,13,31,55,52,62,71,79,87,86,73,61,60,58,57,62,72,51,35,11
8,6,0,0,6,6,12,20,28,53,54,60,67,74,86,84,72,60,53,58,61,63,93,58,18,7
0,0,0,0,0,0,8,12,20,52,55,58,61,72,88,77,69,59,50,50,61,59,57,21,9,8
0,0,0,0,0,0,7,0,12,52,56,59,61,65,79,80,77,73,52,51,54,56,40,12,8,8
0,5,0,5,0,0,6,0,11,50,54,56,59,66,73,70,76,64,52,52,54,50,25,11,10,0
0,0,0,0,0,0,0,0,9,37,52,52,57,62,66,70,60,47,28,33,34,32,15,8,7,0
0,0,0,0,0,0,0,7,13,33,45,53,59,63,68,71,62,48,39,50,43,20,10,0,6,0
0,4,0,0,0,0,0,6,11,27,52,53,58,63,65,65,57,47,40,38,25,12,0,0,0,0
0,0,0,0,0,0,0,0,0,14,47,52,56,60,65,63,54,22,21,25,14,10,8,0,0,0
0,0,0,0,0,0,0,0,0,15,35,44,53,56,59,59,51,11,11,14,11,6,6,0,0,0
0,0,0,0,0,0,0,0,0,12,13,13,50,52,54,53,25,6,10,10,8,0,0,0,0,0
0,0,0,0,0,0,0,0,0,8,13,26,38,51,54,51,26,0,7,10,8,8,7,0,0,0
0,0,0,0,0,0,0,0,0,11,11,10,31,50,52,52,19,9,8,11,10,7,6,7,5,0
0,0,0,0,0,0,0,0,0,9,10,26,33,50,52,52,15,7,10,11,9,8,9,5,6,0
11,12,13,15,48,50,56,59,72,93,109,110,117,117,134,133,111,93,86,92,78,66,64,58,51,31
11,12,10,27,54,56,52,63,81,94,94,112,138,121,121,110,93,86,85,85,83,73,72,57,54,50
11,14,13,13,8,0,25,58,63,78,101,121,140,125,107,84,71,69,74,77,75,76,71,58,52,45
11,8,9,0,8,7,0,12,69,84,100,114,129,108,92,82,64,61,60,57,58,60,58,52,41,17
8,8,0,7,0,0,0,15,67,84,99,105,97,96,90,76,61,56,53,51,45,45,35,13,9,6
0,0,0,0,0,0,0,22,64,82,88,90,92,94,86,71,62,55,51,47,16,14,12,9,7,0
0,0,0,0,0,0,0,19,62,83,103,104,100,94,89,74,65,56,52,50,37,17,13,0,0,0
0,0,0,0,0,0,0,25,63,89,102,98,101,96,94,75,62,57,52,50,30,22,13,10,0,0
0,0,0,0,0,0,0,25,61,93,103,98,101,98,91,78,63,57,51,51,37,23,14,7,9,0
0,0,0,0,0,0,0,17,60,81,103,102,101,97,85,77,64,53,51,31,20,13,11,8,8,0
0,0,0,0,0,0,0,12,55,77,92,92,100,80,78,68,58,51,25,13,11,10,10,9,6,0
0,0,0,0,0,0,0,12,54,72,84,88,88,78,72,68,56,47,25,30,40,13,12,10,8,6
0,0,0,0,0,0,7,37,59,77,103,113,105,89,76,68,59,56,47,32,32,50,47,11,11,9
0,0,0,0,0,0,8,20,53,79,123,138,116,77,68,62,56,51,50,25,16,13,12,8,0,0
0,0,0,0,8,10,19,46,65,83,105,128,129,107,87,80,70,70,60,57,54,54,51,31,27,12
0,8,6,0,7,7,14,53,67,87,109,126,128,120,101,88,80,67,63,59,57,55,52,38,29,14
6,8,0,6,8,9,12,52,66,86,106,127,132,121,109,90,78,69,64,61,58,55,53,50,27,13
0,0,0,8,6,0,15,52,65,86,112,136,141,123,114,95,74,67,62,62,57,54,53,50,43,13
7,6,0,0,0,0,12,51,62,79,98,131,130,120,119,103,77,65,63,60,58,52,51,31,22,16
11,10,0,9,11,12,13,47,62,75,97,123,129,131,119,103,86,69,64,61,57,54,54,50,46,12
7,5,6,9,9,12,33,53,62,69,89,110,119,123,120,106,94,76,67,62,60,62,65,58,57,51
11,9,7,9,8,12,36,52,54,64,77,95,109,116,115,107,93,72,63,61,56,54,51,41,20,13
6,10,11,15,14,16,34,38,39,58,68,90,107,115,112,128,90,70,56,53,52,51,47,34,31,22
0,9,9,10,11,13,17,26,51,57,64,78,93,100,108,98,105,73,61,58,58,55,53,38,29,14
0,7,8,8,11,10,12,13,52,58,62,73,82,94,97,92,89,85,61,57,59,57,55,42,18,12
0,0,0,7,0,8,7,12,46,56,55,67,77,89,87,86,75,74,62,56,57,57,57,35,20,11
7,6,0,5,0,8,11,14,35,54,52,62,71,78,87,87,73,62,60,57,56,62,72,52,35,12
6,0,0,0,0,7,12,23,35,53,54,60,67,74,86,85,72,61,53,58,61,63,94,58,21,8
0,0,0,0,0,0,9,12,26,52,55,59,61,71,88,78,69,59,51,50,61,59,57,21,9,8
0,0,0,0,0,0,8,6,17,53,57,59,61,65,80,80,77,73,52,51,54,56,34,11,8,8
0,0,0,0,0,0,7,7,13,50,54,57,60,65,73,71,76,64,53,52,55,50,27,12,10,0
0,0,0,0,0,0,0,0,11,41,52,52,57,62,66,70,60,46,30,34,34,33,16,8,7,0
0,0,0,0,0,0,0,9,17,34,45,53,60,63,68,71,63,50,42,48,45,16,9,0,7,0
0,4,0,0,0,0,0,8,12,32,52,53,59,63,64,65,57,45,35,38,25,11,5,0,0,0
0,0,0,0,0,0,0,7,0,15,47,51,57,60,64,64,54,22,17,25,15,10,8,0,0,0
0,0,0,0,0,0,0,0,0,14,35,50,53,57,58,58,50,11,11,14,11,6,6,0,0,0
0,0,0,0,0,0,0,0,0,11,13,12,51,51,54,53,23,6,10,10,8,0,0,0,0,0
0,0,0,0,0,0,0,0,5,7,13,21,39,51,54,51,25,0,7,10,8,8,8,0,0,0
0,0,0,0,0,0,0,0,0,10,11,10,31,48,52,52,19,8,8,11,11,6,0,7,5,0
0,0,0,0,0,0,0,0,0,10,12,25,36,48,51,52,14,7,10,11,9,9,10,6,6,0
11,12,13,15,48,50,56,59,72,93,109,110,117,117,134,133,111,93,86,92,78,66,64,58,51,31
11,12,10,27,54,56,52,63,81,94,94,112,138,121,121,110,93,86,85,85,83,73,72,57,54,50
11,14,13,13,8,0,25,58,63,78,101,121,140,125,107,84,71,69,74,77,75,76,71,58,52,45
11,8,9,0,8,7,0,12,69,84,100,114,129,108,92,82,64,61,60,57,58,60,58,52,41,17
8,8,0,7,0,0,0,15,67,84,99,105,97,96,90,76,61,56,53,51,45,45,35,13,9,6
0,0,0,0,0,0,0,22,64,82,88,90,92,94,86,71,62,55,51,47,16,14,12,9,7,0
0,0,0,0,0,0,0,19,62,83,103,104,100,94,89,74,65,56,52,50,37,17,13,0,0,0
0,0,0,0,0,0,0,25,63,89,102,98,101,96,94,75,62,57,52,50,30,22,13,10,0,0
0,0,0,0,0,0,0,25,61,93,103,98,101,98,91,78,63,57,51,51,37,23,14,7,9,0
0,0,0,0,0,0,0,17,60,81,103,102,101,97,85,77,64,53,51,31,20,13,11,8,8,0
0,0,0,0,0,0,0,12,55,77,92,92,100,80,78,68,58,51,25,13,11,10,10,9,6,0
0,0,0,0,0,0,0,12,54,72,84,88,88,78,72,68,56,47,25,30,40,13,12,10,8,6
0,0,0,0,0,0,7,37,59,77,103,113,105,89,76,68,59,56,47,32,32,50,47,11,11,9
0,0,0,0,0,0,8,20,53,79,123,138,116,77,68,62,56,51,50,25,16,13,12,8,0,0
0,0,0,0,8,10,19,46,65,83,105,128,129,107,87,80,70,70,60,57,54,54,51,31,27,12
0,8,6,0,7,7,14,53,67,87,109,126,128,120,101,88,80,67,63,59,57,55,52,38,29,14
6,8,0,6,8,9,12,52,66,86,106,127,132,121,109,90,78,69,64,61,58,55,53,50,27,13
0,0,0,8,6,0,15,52,65,86,112,136,141,123,114,95,74,67,62,62,57,54,53,50,43,13
7,6,0,0,0,0,12,51,62,79,98,131,130,120,119,103,77,65,63,60,58,52,51,31,22,16
11,10,0,9,11,12,13,47,62,75,97,123,129,131,119,103,86,69,64,61,57,54,54,50,46,12
7,5,6,9,9,12,33,53,62,69,89,110,119,123,120,106,94,76,67,62,60,62,65,58,57,51
11,9,7,9,8,12,36,52,54,64,77,95,109,116,115,107,93,72,63,61,56,54,51,41,20,13
6,10,11,15,14,16,34,38,39,58,68,90,107,115,112,128,90,70,56,53,52,51,47,34,31,22
0,9,9,10,11,13,17,26,51,57,64,78,93,100,108,98,105,73,61,58,58,55,53,38,29,14
0,7,8,8,11,10,12,13,52,58,62,73,82,94,97,92,89,85,61,57,59,57,55,42,18,12
0,0,0,7,0,8,7,12,46,56,55,67,77,89,87,86,75,74,62,56,57,57,57,35,20,11
7,6,0,5,0,8,11,14,35,54,52,62,71,78,87,87,73,62,60,57,56,62,72,52,35,12
6,0,0,0,0,7,12,23,35,53,54,60,67,74,86,85,72,61,53,58,61,63,94,58,21,8
0,0,0,0,0,0,9,12,26,52,55,59,61,71,88,78,69,59,51,50,61,59,57,21,9,8
0,0,0,0,0,0,8,6,17,53,57,59,61,65,80,80,77,73,52,51,54,56,34,11,8,8
0,0,0,0,0,0,7,7,13,50,54,57,60,65,73,71,76,64,53,52,55,50,27,12,10,0
0,0,0,0,0,0,0,0,11,41,52,52,57,62,66,70,60,46,30,34,34,33,16,8,7,0
0,0,0,0,0,0,0,9,17,34,45,53,60,63,68,71,63,50,42,48,45,16,9,0,7,0
0,4,0,0,0,0,0,8,12,32,52,53,59,63,64,65,57,45,35,38,25,11,5,0,0,0
0,0,0,0,0,0,0,7,0,15,47,51,57,60,64,64,54,22,17,25,15,10,8,0,0,0
0,0,0,0,0,0,0,0,0,14,35,50,53,57,58,58,50,11,11,14,11,6,6,0,0,0
0,0,0,0,0,0,0,0,0,11,13,12,51,51,54,53,23,6,10,10,8,0,0,0,0,0
0,0,0,0,0,0,0,0,5,7,13,21,39,51,54,51,25,0,7,10,8,8,8,0,0,0
0,0,0,0,0,0,0,0,0,10,11,10,31,48,52,52,19,8,8,11,11,6,0,7,5,0
0,0,0,0,0,0,0,0,0,10,12,25,36,48,51,52,14,7,10,11,9,9,10,6,6,0
