0,8,11,21,51,70,75,74,93,79,58,61,59,62,70,75,62,57,55,57,43,20,13,9,6,7
6,5,13,32,53,102,124,65,63,54,15,56,65,70,84,78,62,61,58,60,57,25,15,11,0,0
0,8,22,39,56,124,113,54,17,27,50,63,74,79,86,75,59,58,59,58,52,36,37,18,8,6
8,8,14,50,76,79,59,7,55,64,61,72,92,90,96,95,83,71,55,54,52,51,50,21,11,11
8,11,27,67,79,59,57,51,72,90,81,81,92,114,136,110,90,73,61,57,56,55,50,30,10,11
10,11,52,74,82,82,91,58,83,99,75,62,82,98,180,136,76,62,60,61,58,59,56,13,9,13
6,12,62,86,86,72,75,56,66,73,72,78,88,106,110,101,69,56,50,36,35,55,52,13,8,8
0,30,61,72,84,60,31,59,62,79,75,79,78,94,102,95,66,57,54,37,51,53,52,23,10,0
0,47,74,65,81,69,17,55,61,84,75,70,85,101,104,91,67,59,55,51,46,52,54,25,10,0
0,16,101,58,50,42,14,13,55,64,82,82,93,109,110,94,65,59,56,52,43,50,54,17,10,7
0,0,10,12,20,22,28,27,30,63,79,77,85,103,106,82,64,57,52,50,35,47,50,15,9,0
0,0,0,14,37,50,14,7,54,60,65,72,81,81,82,80,63,58,50,36,35,35,42,14,8,7
0,0,7,12,10,14,10,7,51,55,55,64,66,68,70,65,56,53,42,22,14,21,36,12,7,0
0,0,0,0,0,7,0,0,11,27,31,50,51,53,54,44,15,14,9,0,0,0,7,0,0,0
0,0,0,0,11,14,0,12,30,48,51,57,61,62,62,57,54,52,44,14,14,25,23,11,7,0
0,0,7,9,11,11,10,13,41,54,57,62,69,78,70,62,58,68,56,30,14,35,17,10,0,0
0,0,6,9,11,9,23,30,51,57,56,62,66,77,71,63,65,69,54,50,17,35,27,12,9,8
0,0,0,10,11,14,51,50,54,59,58,60,68,78,66,63,64,62,52,45,15,45,33,14,10,7
0,0,0,0,10,50,52,53,59,61,59,66,67,68,68,64,64,60,56,44,21,32,26,11,8,7
0,0,0,6,13,53,50,55,64,63,67,71,71,76,73,64,61,69,61,54,26,27,25,12,10,9
0,0,0,9,28,55,59,57,66,65,63,67,70,91,75,65,62,67,66,60,53,50,30,12,11,9
0,0,0,11,37,53,57,59,68,65,61,63,73,93,74,61,62,66,67,58,51,38,22,12,10,9
0,0,8,21,28,44,54,56,65,63,57,62,65,69,62,58,54,59,58,55,47,37,28,26,15,13
0,0,9,13,33,54,57,58,66,63,60,59,66,66,62,60,64,63,62,61,56,51,36,14,14,10
0,0,10,13,26,56,57,58,63,65,61,62,61,61,57,55,59,63,64,63,58,54,47,11,12,10
0,0,0,12,31,54,57,56,60,63,58,57,52,56,53,22,55,61,62,60,57,52,42,12,11,9
0,0,7,13,44,56,56,55,61,60,55,53,53,54,51,16,54,56,62,62,58,55,50,12,10,9
0,0,7,13,50,56,59,56,60,55,50,52,54,53,51,34,53,54,56,62,57,54,47,13,8,7
0,0,0,10,36,59,61,54,55,52,40,51,52,29,50,14,47,52,53,55,60,51,40,11,0,0
0,0,0,0,35,59,61,52,52,43,37,50,14,9,17,8,23,37,50,55,53,54,23,9,8,0
0,0,6,25,51,63,57,53,55,50,29,27,12,12,25,8,9,25,38,51,57,58,51,45,11,0
5,7,26,65,82,89,64,57,57,52,50,39,39,14,51,28,27,38,40,46,56,78,86,58,52,21
7,11,22,46,98,91,65,58,51,44,43,48,46,37,53,48,44,54,48,52,54,84,84,56,51,21
0,9,8,21,60,59,59,53,47,40,14,12,12,51,52,14,55,59,50,25,36,56,62,52,14,10
0,6,10,11,51,54,56,53,27,13,14,14,32,14,40,14,54,60,34,9,12,38,51,19,9,0
0,0,8,12,31,45,50,13,12,10,13,38,35,20,35,13,12,25,15,10,8,14,27,14,9,5
0,0,6,7,14,23,16,9,9,12,9,9,14,14,11,9,0,0,9,6,5,10,12,9,9,0
0,6,5,10,13,15,17,10,11,11,9,8,10,11,12,0,0,5,10,5,7,9,10,10,9,5
0,6,6,0,11,14,13,8,8,8,0,0,0,11,0,6,0,7,8,6,0,0,7,8,9,5
0,0,0,0,10,11,10,0,0,0,0,0,7,0,8,0,6,0,9,0,0,0,8,5,10,0
0,7,10,14,48,66,70,66,83,73,56,60,58,62,69,74,61,56,53,55,38,14,13,8,0,5
5,0,12,26,52,98,113,62,62,53,17,56,66,71,85,78,61,60,56,58,56,17,14,10,0,0
0,7,16,33,54,117,109,55,33,43,52,64,74,80,86,75,58,58,59,57,51,34,32,15,8,6
7,6,12,43,68,72,58,10,58,67,62,74,93,92,97,96,82,71,56,53,52,51,50,15,11,10
7,9,13,60,69,55,56,53,75,92,81,82,93,116,136,110,90,72,61,56,55,54,42,30,9,10
9,8,23,63,70,77,89,59,84,100,74,62,83,99,180,136,75,61,59,59,58,57,54,12,8,11
0,7,54,73,77,70,74,57,68,73,72,78,88,107,110,102,68,56,50,33,35,52,47,12,7,7
0,13,52,64,76,61,37,59,63,79,74,80,78,95,103,96,65,56,54,40,51,52,51,15,10,0
0,21,70,60,79,70,34,56,63,84,76,70,86,102,106,93,68,59,55,50,50,52,53,23,9,0
0,12,89,53,50,52,34,14,56,66,85,82,96,111,111,95,65,60,56,52,50,50,52,14,9,6
0,0,8,12,31,43,16,20,50,65,81,77,88,105,107,83,64,57,53,50,45,47,44,14,9,0
0,0,0,13,46,53,14,10,55,61,66,73,82,84,84,81,63,57,50,38,45,40,40,13,8,6
0,0,7,11,13,41,12,10,50,56,56,64,67,70,72,66,56,54,47,22,20,25,27,11,6,0
0,0,0,0,0,10,0,6,11,28,33,50,52,54,55,47,21,14,9,0,0,0,0,0,0,0
0,0,0,0,14,28,9,10,32,50,52,58,62,64,62,58,55,53,45,15,14,23,21,11,7,0
0,0,0,9,14,20,11,12,47,55,58,63,70,80,70,63,60,69,57,30,14,35,14,10,0,0
0,0,0,10,14,18,14,30,52,57,57,63,67,79,72,65,67,70,54,40,21,37,20,12,8,7
0,0,0,10,19,39,52,51,54,59,58,61,69,79,67,64,66,63,53,43,25,50,31,13,9,7
0,0,0,6,16,54,53,53,59,61,60,67,68,69,69,64,64,61,56,46,25,34,25,11,7,7
0,0,0,8,40,58,51,55,64,64,67,72,72,77,74,66,62,71,62,55,32,35,30,13,10,9
0,0,0,10,50,58,59,57,66,66,64,68,71,92,76,65,63,67,67,61,53,51,38,13,11,8
0,0,0,11,50,55,58,59,68,66,61,63,74,94,74,61,63,67,67,59,51,40,23,12,10,9
0,0,0,20,31,48,55,57,66,64,57,62,66,69,62,58,54,60,58,55,47,37,27,25,15,12
0,0,8,13,39,55,57,58,65,63,60,59,66,65,62,60,64,64,62,61,56,51,36,16,13,10
0,0,8,12,28,56,57,58,63,66,61,62,62,61,58,56,58,64,64,63,58,53,47,11,12,9
0,0,0,12,33,54,57,56,60,63,59,57,52,57,53,26,55,62,62,60,57,51,40,11,11,8
0,0,5,13,46,56,56,56,60,61,55,53,54,55,51,14,54,57,62,62,58,54,50,12,9,9
0,0,7,13,50,57,59,56,60,55,51,52,54,54,51,40,53,54,56,61,57,53,43,12,8,6
0,0,0,10,34,59,61,54,55,52,40,50,51,29,47,13,47,51,52,54,60,51,36,10,0,0
0,0,0,0,37,60,61,53,52,45,40,50,14,10,17,8,21,35,50,54,53,54,18,9,7,0
0,0,0,19,51,64,58,53,55,50,31,27,13,13,14,9,10,27,38,50,57,58,50,38,11,0
0,7,21,64,81,89,64,57,57,52,50,42,41,15,40,28,27,37,39,46,56,76,84,57,52,16
7,11,19,43,98,93,65,59,51,44,44,46,50,37,50,49,42,53,47,51,53,82,82,55,50,18
0,9,7,20,60,59,60,53,50,42,14,12,12,51,51,14,55,59,50,23,38,54,61,51,14,9
0,5,10,11,50,54,57,53,27,13,14,13,32,14,35,17,53,60,31,8,11,30,50,15,8,0
0,0,7,12,34,45,50,13,12,10,13,33,37,20,32,13,12,25,15,9,8,13,25,13,8,0
0,0,5,6,14,25,16,10,9,12,9,9,14,15,11,7,0,0,8,0,6,9,12,9,8,0
0,6,5,9,13,16,17,10,11,10,9,8,11,11,12,0,5,5,11,5,7,8,10,10,9,0
0,6,5,0,11,15,13,8,9,8,0,0,4,11,0,6,0,6,8,6,0,0,7,8,9,5
0,0,0,0,9,11,11,0,0,0,0,0,7,0,9,0,6,0,8,0,0,0,7,5,9,0
0,5,8,13,42,63,64,59,73,65,53,58,57,61,68,73,60,55,52,53,29,12,11,7,0,5
5,0,10,21,51,94,102,60,61,52,14,56,66,70,84,78,60,59,56,56,55,14,13,10,0,0
0,6,13,25,54,110,104,56,50,50,53,63,75,80,86,75,59,58,59,56,50,29,23,15,7,5
6,0,9,31,59,66,57,13,61,70,63,75,94,93,97,95,82,71,57,52,52,50,43,15,11,10
6,0,9,54,60,53,55,55,77,94,82,82,94,117,136,109,89,73,61,56,55,53,30,23,9,9
6,0,10,53,59,73,87,60,85,100,74,61,83,98,180,134,74,60,59,58,56,56,52,11,6,9
0,0,14,60,67,70,72,58,68,74,72,78,88,106,110,101,67,56,51,36,30,41,23,12,7,7
0,8,12,56,69,63,40,59,64,79,73,79,80,94,104,95,65,56,55,46,50,51,50,14,8,0
0,11,64,55,78,70,52,57,65,85,77,70,87,102,106,92,66,60,55,50,50,51,51,19,9,0
0,9,75,42,50,56,51,17,58,67,85,82,98,111,110,95,65,60,56,52,50,50,50,13,8,6
0,0,0,13,50,54,13,14,54,67,82,77,89,108,108,82,64,57,54,51,47,50,36,13,8,0
0,0,0,13,51,58,15,12,56,63,66,73,83,85,86,80,62,57,51,41,50,42,32,12,9,6
0,0,7,12,25,54,13,12,51,56,56,64,68,70,73,66,56,55,50,25,32,35,19,9,6,0
0,0,0,0,0,13,0,7,12,30,36,50,53,55,55,48,26,17,10,6,0,0,0,0,0,0
0,0,0,0,20,48,13,9,37,50,52,58,62,63,62,58,55,54,45,18,16,25,21,10,7,0
0,0,0,10,27,50,11,11,50,56,58,64,72,81,70,64,61,72,58,38,14,35,14,10,6,0
0,0,0,11,37,52,13,30,52,58,57,63,68,80,73,66,70,72,55,45,27,40,20,12,8,7
0,0,0,11,47,53,52,51,54,60,59,61,70,80,68,65,68,64,54,43,31,50,31,13,9,7
0,0,0,7,47,57,54,53,59,61,61,68,69,70,69,66,66,61,57,48,30,37,26,11,7,7
0,0,0,9,53,64,53,55,65,64,68,72,73,78,75,67,63,73,64,56,40,41,38,14,11,9
0,0,0,11,53,62,60,58,67,67,65,68,71,93,77,66,64,69,68,61,54,52,46,13,12,8
0,0,0,10,52,57,60,59,68,66,61,63,74,95,75,62,63,68,69,59,52,44,26,13,11,9
0,0,0,16,37,52,56,57,66,64,57,62,66,69,62,59,55,61,60,55,47,37,28,25,15,12
0,0,7,13,46,56,58,59,66,64,60,59,66,66,62,60,65,65,64,61,56,51,34,17,13,10
0,0,6,12,34,57,58,58,63,66,61,61,62,61,58,56,59,64,65,63,58,54,43,11,12,9
0,0,0,11,39,55,57,56,61,63,58,57,52,57,53,30,56,62,63,60,58,52,38,12,11,9
0,0,0,13,44,57,57,56,61,61,54,53,54,54,51,14,54,57,62,61,59,54,48,12,9,8
0,0,6,12,50,58,59,56,60,55,51,51,54,53,51,40,53,54,57,61,58,53,43,12,8,7
0,0,0,9,31,60,61,54,56,52,35,50,51,25,47,12,47,51,53,54,60,51,31,10,0,0
0,0,0,0,37,61,61,52,52,47,35,45,14,10,14,7,23,37,50,54,53,54,16,7,7,0
0,0,0,14,51,64,58,53,55,50,29,25,13,13,11,8,12,27,40,50,56,57,47,31,11,0
0,6,14,63,81,89,64,57,57,52,50,41,44,21,26,26,29,38,40,44,55,75,82,57,51,14
6,10,17,41,99,94,65,59,51,43,41,44,50,32,41,49,41,53,45,50,53,79,78,54,50,16
0,8,6,15,61,60,60,54,50,40,13,12,11,50,50,14,55,59,47,21,36,53,60,51,14,8
0,5,9,10,50,56,57,53,30,13,12,12,32,14,30,17,53,59,36,7,11,27,50,14,8,0
0,0,7,11,36,51,47,13,12,10,13,27,40,16,27,13,12,27,17,9,7,13,21,13,7,0
0,0,4,5,14,29,16,10,9,12,8,9,14,15,12,0,0,0,8,0,0,9,12,9,7,0
0,5,5,9,13,21,17,11,11,11,9,8,11,12,11,0,0,6,11,5,7,8,9,10,9,0
0,6,5,0,10,17,13,8,9,8,0,0,5,11,6,5,0,6,8,6,0,0,6,7,8,0
0,0,0,0,9,12,11,0,0,0,0,0,7,0,8,0,6,0,9,0,0,0,7,0,9,0
0,4,8,11,35,61,58,52,64,58,51,56,57,60,66,72,57,54,50,52,21,11,10,6,0,0
5,0,10,19,51,91,91,57,59,52,17,56,66,70,83,77,60,57,55,55,53,14,12,9,0,0
0,6,13,21,52,103,99,57,52,52,54,63,75,81,86,75,58,58,58,55,37,25,16,14,8,0
5,0,8,20,52,60,57,25,65,73,64,75,95,94,97,95,81,72,57,53,51,45,33,14,11,9
5,0,8,47,52,45,55,56,79,95,83,82,95,117,136,108,88,72,60,56,53,52,20,16,8,7
5,0,7,15,34,68,85,60,86,101,74,61,83,98,178,133,73,59,58,58,55,54,50,9,0,7
0,0,10,47,58,68,70,59,69,74,72,77,88,106,110,100,66,55,51,38,27,20,13,10,7,0
0,0,8,38,63,64,50,59,65,80,73,79,81,95,104,94,64,55,54,50,50,50,32,13,0,0
0,10,63,51,77,72,56,58,67,87,78,70,89,103,106,92,65,60,55,50,50,50,50,14,8,0
0,8,69,25,50,60,57,17,60,68,86,83,100,112,111,94,63,59,56,52,51,50,37,13,8,6
0,0,6,15,53,58,12,13,57,68,84,78,92,110,109,83,65,57,54,51,50,50,25,11,7,0
0,0,0,13,53,63,14,17,57,64,68,75,84,87,89,81,63,58,51,47,51,47,30,12,9,6
0,0,7,12,47,58,17,17,52,56,57,65,69,72,74,67,57,54,50,27,40,50,14,9,6,0
0,0,0,0,9,23,8,8,12,32,40,51,54,56,56,50,30,19,11,7,0,7,0,0,0,0
0,0,0,0,31,53,26,8,42,50,52,59,63,64,62,59,56,54,47,20,15,25,16,9,8,0
0,0,0,11,47,55,12,10,51,57,59,65,73,83,71,64,62,74,58,44,19,32,12,10,7,0
0,0,0,12,51,59,12,30,53,58,58,64,69,82,73,68,72,74,56,50,32,40,15,11,8,7
0,0,0,12,53,58,53,52,55,60,60,62,71,82,69,66,70,65,54,50,37,50,29,13,10,8
0,0,6,8,54,60,55,53,59,62,61,69,70,70,70,66,67,62,58,50,32,43,22,11,7,8
0,0,6,12,59,69,54,55,65,65,69,74,74,79,76,68,64,74,64,57,46,50,42,15,12,10
0,0,0,12,57,65,61,58,68,67,65,69,73,94,77,66,65,70,69,61,54,54,46,14,12,9
0,0,0,11,54,59,61,59,69,67,61,63,75,96,76,63,64,68,69,59,52,46,23,13,11,9
0,0,0,16,41,54,56,58,66,65,57,63,67,69,62,59,56,62,60,56,46,38,27,25,15,12
0,0,6,14,51,58,58,59,66,64,60,59,67,66,62,60,65,65,64,61,56,51,33,17,13,10
0,0,5,12,44,56,59,58,63,66,61,62,62,61,58,57,59,64,65,63,58,53,37,12,13,9
0,0,0,12,39,55,57,57,61,63,58,57,52,56,53,28,56,62,63,61,58,52,34,12,10,9
0,0,0,12,46,57,57,56,61,62,54,53,54,55,52,14,55,57,62,62,58,53,42,12,9,9
0,0,7,12,50,58,59,56,60,55,51,51,54,53,51,36,53,54,57,61,58,53,39,12,8,7
0,0,0,9,34,60,61,54,56,52,32,50,51,25,43,11,50,51,53,54,59,51,25,9,0,0
0,0,0,0,39,62,61,53,52,50,32,40,14,11,13,7,25,37,48,54,53,53,13,7,7,0
0,0,0,14,51,64,58,54,56,50,29,23,14,14,10,9,14,27,38,50,56,57,37,27,10,0
0,5,14,62,80,89,64,58,57,52,50,42,50,30,14,23,29,37,38,42,55,73,78,55,51,14
6,9,17,40,99,95,65,58,51,43,41,43,51,29,32,50,40,52,42,50,52,77,75,53,46,15
0,8,6,16,61,61,60,54,50,40,13,12,12,50,36,14,55,59,45,21,30,52,58,50,14,8
0,5,9,10,51,56,57,53,32,13,11,11,32,15,25,20,52,59,34,0,10,23,44,13,8,0
0,0,7,11,38,51,50,13,13,10,12,27,42,14,23,12,11,25,15,8,6,12,17,12,7,0
0,0,4,5,14,27,18,9,9,12,8,8,15,17,12,0,0,0,7,0,0,9,10,8,7,0
0,5,5,9,14,20,16,11,11,11,10,8,12,12,10,0,0,7,11,5,6,8,9,10,8,0
0,5,5,0,10,18,12,8,9,8,0,0,5,11,6,0,0,6,8,6,0,0,6,7,9,0
0,0,0,0,9,12,11,0,0,0,0,0,7,0,8,0,5,0,8,0,0,0,6,0,9,0
0,4,8,11,31,59,56,50,62,57,50,55,56,60,66,72,57,54,50,51,17,11,10,5,0,4
6,0,10,18,51,89,90,57,59,52,25,56,65,70,82,76,60,57,54,54,53,14,12,9,0,0
0,6,12,18,52,100,98,58,53,53,54,63,74,81,86,75,58,58,58,55,37,23,14,14,8,6
5,0,6,20,51,59,56,25,66,74,64,75,94,94,97,95,80,71,58,52,51,40,31,13,11,10
6,0,7,43,50,35,55,56,80,96,83,82,94,117,135,107,89,71,61,55,53,51,16,15,7,7
0,0,6,12,14,67,85,59,86,101,74,60,82,97,175,133,72,59,57,58,54,53,43,9,0,7
0,0,8,25,56,67,69,60,69,73,71,76,87,105,109,99,65,55,51,41,25,15,11,9,8,6
0,0,0,30,61,63,50,59,66,79,73,78,80,94,104,94,65,55,54,50,50,47,23,13,0,0
0,9,60,50,76,71,56,58,69,87,77,70,87,102,105,91,65,60,54,50,50,50,44,14,8,0
0,7,67,22,46,60,57,22,60,68,86,80,100,112,111,95,63,59,56,51,51,51,34,12,8,7
0,0,6,19,52,60,12,14,58,69,83,78,91,110,110,84,65,58,54,51,51,51,25,11,6,0
0,0,0,13,52,63,21,27,57,64,68,74,84,87,89,81,62,57,52,47,51,50,27,12,9,6
0,0,8,13,47,59,21,20,52,57,57,64,69,72,74,68,57,55,50,30,47,51,14,9,6,0
0,0,0,0,9,23,9,8,13,32,40,51,54,56,56,51,30,16,11,8,7,8,0,0,0,0
0,0,0,0,30,53,27,9,44,50,52,58,62,64,62,58,56,54,47,25,15,28,16,9,8,0
0,0,0,12,47,55,13,11,51,57,59,64,72,82,72,64,62,72,58,36,27,40,13,10,8,7
0,0,0,12,51,59,12,30,53,58,57,64,68,82,74,68,72,72,56,47,42,50,20,10,7,7
0,0,0,13,53,58,53,52,55,60,60,61,71,81,70,66,71,65,54,47,45,51,31,13,10,9
0,0,7,9,54,60,55,53,59,62,60,68,70,70,70,66,67,62,58,50,37,50,26,11,8,9
0,0,6,12,58,69,54,54,65,65,68,73,74,79,76,68,64,74,64,56,50,52,46,16,12,10
0,0,0,13,56,65,60,58,68,66,65,68,72,94,77,66,65,69,69,61,55,55,50,14,12,10
0,0,0,11,54,59,61,59,69,66,61,62,75,95,75,63,63,68,69,59,52,48,26,13,11,10
0,0,0,17,40,54,57,57,67,65,57,63,66,71,62,60,56,61,58,55,47,38,26,23,15,13
0,0,6,14,51,58,58,59,66,64,60,59,66,66,62,61,65,65,65,61,57,51,31,16,13,10
0,0,5,12,40,56,59,58,63,65,61,61,61,61,58,57,59,64,65,63,58,53,39,12,13,10
0,0,0,12,35,55,57,57,61,62,58,56,51,57,53,28,56,62,63,60,58,52,32,13,10,10
0,0,0,12,46,57,57,56,62,61,54,52,54,55,51,15,55,57,62,61,59,53,40,12,9,9
0,0,7,12,46,57,59,56,61,55,51,51,54,54,50,34,52,54,57,61,57,53,37,12,8,8
0,0,0,9,29,59,61,54,56,52,32,45,50,25,43,10,47,51,53,54,59,51,23,9,0,0
0,0,0,0,39,62,61,53,52,47,32,37,14,11,13,7,27,35,50,54,53,53,13,7,7,0
0,0,0,14,51,64,58,53,56,50,27,21,14,14,9,8,14,25,38,50,57,57,37,29,9,0
0,5,14,62,80,88,64,57,57,51,50,41,48,30,14,20,27,40,39,41,55,74,78,55,51,15
7,10,17,40,98,95,65,58,51,42,41,43,50,29,33,50,41,52,45,48,53,78,76,53,45,16
0,8,6,16,61,61,60,54,51,37,13,12,12,50,36,15,55,58,50,21,30,53,58,50,13,8
0,5,9,11,50,56,56,53,35,13,11,11,30,17,30,17,52,58,34,6,10,25,44,13,8,0
0,0,7,11,31,50,50,13,13,10,12,25,40,14,23,12,12,23,17,9,6,12,17,12,7,5
0,0,4,5,14,25,16,9,9,12,8,8,14,17,12,0,0,0,7,0,0,8,10,9,6,0
0,5,5,9,14,20,17,11,11,11,9,8,11,13,10,0,0,7,12,5,6,8,9,10,9,0
0,6,5,0,10,17,12,8,9,8,0,0,5,11,6,0,0,5,8,6,0,0,0,7,9,0
0,0,0,0,9,12,11,0,0,0,0,0,6,0,8,0,5,0,9,0,0,0,6,0,9,0
0,4,8,11,31,59,55,45,60,55,50,55,56,59,66,71,57,54,50,51,14,11,9,5,0,4
6,0,10,19,51,88,88,57,59,53,23,55,65,69,82,76,60,57,54,54,53,14,11,9,0,0
0,6,12,16,52,98,97,58,52,52,53,63,74,80,86,74,58,58,58,55,35,21,14,14,8,5
5,0,7,17,51,58,55,27,66,74,65,75,94,94,96,93,81,71,58,53,50,38,29,13,11,10
6,0,6,40,45,35,55,55,80,96,84,81,94,116,135,107,88,70,60,56,53,51,16,14,7,6
0,0,0,10,14,68,84,59,86,101,73,59,82,96,174,132,72,58,57,58,54,54,37,8,0,0
0,0,7,17,55,66,68,60,69,73,70,76,87,103,108,98,65,54,51,41,27,14,11,8,8,6
0,0,0,23,61,63,50,59,66,79,74,78,80,95,103,93,64,54,53,50,50,45,19,13,0,0
0,8,58,50,76,71,56,58,68,86,76,69,88,102,104,90,64,59,53,50,51,50,44,13,7,0
0,7,64,20,50,61,57,20,60,67,86,80,100,112,110,94,63,58,55,51,52,51,31,12,8,6
0,0,7,19,54,60,13,17,58,69,83,77,92,110,110,83,65,58,54,52,52,51,25,11,6,0
0,0,0,14,53,64,23,30,57,64,68,73,84,87,90,81,62,58,51,47,51,51,27,11,9,7
0,0,7,12,50,59,23,20,53,56,57,64,69,72,73,68,57,54,50,27,50,51,14,10,6,0
0,0,0,0,9,26,9,8,14,34,38,51,54,56,56,51,27,15,12,8,7,8,0,0,0,0
0,0,0,0,30,53,26,9,45,50,51,58,62,64,62,58,56,54,47,23,16,26,15,9,8,0
0,0,0,12,47,55,13,11,52,57,59,64,72,82,72,64,62,72,58,36,27,37,13,10,9,7
0,0,0,12,52,59,13,27,53,58,57,64,69,82,74,68,73,73,55,50,42,50,25,11,8,8
0,0,6,13,53,58,53,51,55,60,59,61,71,82,70,66,71,64,53,50,41,51,31,13,10,8
0,0,7,9,54,60,55,53,59,62,60,68,70,70,70,66,67,62,58,50,35,50,26,12,8,9
4,0,6,12,59,69,54,55,65,65,68,73,74,79,76,68,65,75,64,56,50,52,48,19,12,10
0,0,0,13,56,65,60,58,68,66,64,68,73,95,77,66,65,69,69,60,55,55,50,14,13,10
0,0,0,11,54,59,61,59,69,66,60,62,75,95,76,63,63,68,69,59,52,50,26,13,12,10
0,0,0,19,41,54,56,57,66,64,57,63,66,71,62,60,56,61,59,56,47,38,27,23,16,13
0,0,6,15,51,58,58,59,66,64,60,59,67,66,62,61,65,65,64,61,57,51,30,16,16,10
0,0,5,13,42,56,59,58,63,65,60,61,62,61,58,56,59,64,65,63,58,53,35,12,13,10
0,0,0,12,35,56,57,57,61,62,57,56,51,56,53,26,56,62,63,60,58,52,32,13,10,10
0,0,0,12,46,58,57,55,62,61,54,52,54,55,51,16,54,57,62,62,59,53,38,12,10,9
0,0,6,12,48,57,59,56,60,55,51,51,54,54,51,34,53,54,57,61,57,53,37,12,9,8
0,0,0,9,29,59,61,54,56,52,30,43,50,23,40,10,47,51,53,54,60,51,21,9,0,0
0,0,0,0,37,61,60,53,52,45,30,32,14,11,13,6,27,40,50,54,53,53,13,7,7,0
0,0,0,14,51,64,58,54,56,50,22,21,14,14,9,8,14,25,36,51,56,57,35,27,9,0
0,5,14,61,80,88,64,57,57,51,48,40,50,35,13,20,27,38,40,41,55,73,77,55,51,14
7,10,16,41,98,95,65,58,51,42,40,43,50,28,32,50,41,52,43,50,52,78,75,53,45,15
0,8,6,15,61,61,60,55,50,35,12,12,11,47,36,14,55,58,47,21,25,53,58,50,13,8
0,5,8,11,50,55,56,53,32,12,10,10,32,15,27,15,52,58,34,6,10,25,38,13,8,0
0,0,7,11,31,50,50,13,13,9,12,25,40,14,25,12,12,19,15,9,6,12,15,12,8,5
0,0,4,6,14,25,16,9,9,12,8,8,14,15,11,0,0,0,7,0,0,8,10,9,7,0
0,5,0,9,14,20,16,10,11,11,9,8,11,13,10,0,0,7,11,5,7,8,9,10,9,0
0,6,5,0,10,17,12,8,9,7,0,0,6,11,6,0,0,0,8,6,0,0,0,7,9,0
0,0,0,0,9,12,11,0,0,0,0,0,6,0,7,0,5,0,9,0,0,0,6,0,9,0
0,4,8,11,29,58,54,38,59,55,50,55,56,59,66,71,57,53,50,50,13,11,9,5,0,4
6,0,9,19,50,86,87,56,59,53,25,55,65,69,81,76,60,58,53,54,52,14,11,9,0,0
0,6,12,16,52,96,96,58,52,52,53,63,74,80,86,74,58,57,57,54,35,21,14,13,8,0
5,0,7,15,50,58,55,25,66,74,65,75,94,93,96,93,80,70,57,53,50,38,27,12,11,10
5,0,7,38,41,25,54,55,80,96,84,82,93,116,135,107,88,69,59,55,53,50,17,15,7,6
0,0,0,9,13,67,84,59,86,101,74,60,82,96,173,132,72,58,57,58,53,53,37,7,0,0
0,0,0,14,55,65,67,60,69,73,70,75,87,103,108,98,65,54,50,41,25,15,11,8,7,0
0,0,0,17,60,62,50,60,66,79,75,78,80,94,103,93,64,54,51,50,50,42,17,13,0,0
0,8,58,44,76,70,56,58,67,86,76,70,87,102,105,90,65,58,53,50,50,50,44,14,7,0
0,7,62,15,43,61,57,17,61,67,86,81,100,112,110,94,64,57,55,51,51,51,31,12,7,5
0,0,7,19,54,60,13,17,58,70,84,79,92,110,111,83,66,58,53,51,51,51,27,11,0,0
0,0,0,13,53,63,31,35,58,64,69,75,85,87,91,82,64,57,51,50,51,51,27,11,8,7
0,0,8,12,50,59,30,20,52,57,58,65,70,72,74,68,58,54,50,32,50,51,14,10,0,0
0,0,0,0,8,25,9,9,13,35,41,52,55,56,57,51,28,14,11,8,7,8,0,0,0,0
0,0,0,0,31,53,25,9,46,51,53,59,63,64,63,58,57,53,47,26,14,25,14,10,8,0
0,0,0,12,47,54,14,12,51,57,59,65,72,82,72,65,62,72,58,36,27,37,13,10,9,6
0,0,0,12,51,59,13,30,53,58,58,64,69,81,74,68,73,73,54,50,45,50,25,11,8,8
0,0,7,12,53,58,53,52,54,60,60,61,71,81,70,66,72,64,52,50,41,51,31,13,10,8
0,0,7,9,54,60,55,53,58,62,60,68,70,70,70,66,68,62,57,50,33,50,26,12,9,9
4,0,6,12,59,69,55,55,65,65,68,73,74,79,76,68,65,74,64,56,50,52,48,20,12,10
0,0,0,13,56,65,60,58,67,66,65,68,73,94,77,67,66,69,68,61,55,55,50,14,13,11
0,0,0,11,54,59,61,59,69,65,61,62,75,95,76,63,64,68,68,59,52,48,26,13,12,10
0,0,0,19,40,54,57,57,66,64,57,63,67,71,62,60,56,61,58,55,47,38,27,23,16,13
0,0,7,15,51,57,58,59,66,64,60,59,67,66,62,61,65,64,64,62,57,51,31,16,16,10
0,0,5,13,42,56,59,59,63,65,61,61,62,60,58,56,60,64,64,63,58,53,33,12,13,10
0,0,0,12,31,55,57,57,62,62,58,56,51,56,53,25,56,62,62,59,58,52,32,13,10,10
0,0,0,12,42,57,57,55,62,60,54,52,54,55,51,18,55,56,62,62,59,53,38,12,10,9
0,0,7,12,46,57,59,56,61,55,51,50,54,54,51,31,53,54,57,61,57,53,35,12,9,7
0,0,0,9,31,59,61,54,56,51,30,40,51,19,40,10,47,51,52,54,59,51,21,9,0,0
0,0,0,0,35,60,61,53,52,47,35,35,14,11,13,6,29,37,46,54,53,53,14,7,7,0
0,0,0,14,51,64,58,54,55,50,27,23,14,13,9,8,14,23,31,50,56,57,35,27,9,0
0,5,14,61,79,87,64,57,57,51,48,41,50,35,13,21,27,36,37,41,55,73,76,54,51,14
7,10,17,40,97,94,65,57,50,42,41,43,50,28,32,50,42,52,42,50,52,78,76,53,43,15
0,8,6,15,61,60,60,55,50,35,13,12,11,50,36,14,55,58,45,21,25,53,58,50,13,8
0,4,9,11,50,55,56,53,35,13,11,10,30,17,27,15,52,58,29,0,9,23,41,13,8,0
0,0,7,11,27,50,50,13,13,10,12,25,40,14,25,12,12,15,14,9,6,12,15,12,8,5
0,0,5,5,14,23,15,10,9,12,8,8,14,15,12,0,0,0,7,0,0,8,10,9,6,0
0,5,5,9,13,18,17,10,11,11,9,8,11,13,10,0,5,6,11,5,7,8,9,10,9,0
0,6,5,0,10,16,12,8,9,7,0,0,5,11,6,0,0,0,8,5,0,0,0,7,9,0
0,0,0,0,9,12,10,0,0,0,0,0,7,0,8,0,5,0,8,0,0,0,6,0,9,0
0,4,8,11,29,57,52,34,57,54,45,55,56,59,66,71,58,53,50,47,13,11,9,5,0,0
5,0,9,19,50,86,85,56,59,53,23,56,65,69,81,76,60,57,53,52,52,13,10,9,0,0
0,5,11,15,52,94,94,58,51,52,54,64,74,80,86,74,58,57,58,53,35,23,14,12,7,0
5,0,8,19,50,58,54,25,67,74,65,75,95,94,96,93,80,70,57,52,50,38,25,13,11,10
5,0,6,43,33,27,54,56,80,96,85,82,94,117,134,108,88,69,59,55,53,50,19,18,7,6
0,0,0,8,12,67,82,59,85,101,74,60,82,96,171,131,72,58,57,58,53,53,37,7,0,0
0,0,0,13,54,66,67,60,68,73,71,76,88,104,109,100,65,53,50,41,25,13,11,8,7,0
0,0,0,14,59,62,50,61,65,78,75,78,80,95,102,94,64,54,52,43,50,45,15,13,0,0
0,7,57,36,75,72,55,58,66,85,77,71,88,103,105,91,64,58,53,50,50,50,41,14,6,0
0,6,59,15,43,62,57,20,61,68,87,82,101,113,110,94,65,58,54,50,51,51,28,13,7,0
0,0,7,19,53,60,13,17,58,70,85,80,93,112,110,81,66,58,52,51,51,52,30,11,6,0
0,0,0,13,53,64,37,37,57,64,69,75,86,87,91,81,63,57,51,50,51,52,27,11,8,7
0,0,8,12,50,59,30,22,52,56,58,65,71,72,74,68,57,54,51,32,50,51,14,9,0,0
0,0,0,0,9,27,11,9,13,34,42,52,55,56,57,50,26,15,11,8,7,8,0,0,0,0
0,0,0,0,31,53,27,10,45,51,53,59,64,64,64,58,57,53,47,25,14,26,14,9,8,0
0,0,0,12,45,54,14,12,52,57,59,65,73,83,71,66,62,72,58,38,25,40,13,10,9,6
0,0,0,12,52,60,14,32,53,58,58,64,70,82,74,68,73,73,54,50,45,50,27,12,8,7
0,0,7,12,53,58,53,52,54,60,60,62,71,82,69,67,72,63,53,43,39,51,35,13,10,8
0,0,7,8,55,60,55,53,59,62,61,68,70,70,70,66,68,62,57,50,33,48,26,12,9,9
4,0,6,13,59,70,55,55,64,65,68,74,75,80,76,68,65,75,65,56,50,52,50,22,12,10
0,0,0,13,56,65,60,58,67,67,65,68,74,95,77,67,66,69,68,60,55,55,50,14,12,10
0,0,0,12,54,59,61,60,69,66,61,62,76,95,76,63,63,68,68,59,51,50,26,14,11,11
0,0,0,20,42,53,56,58,66,64,57,62,67,72,62,59,56,62,60,56,47,38,29,23,15,13
0,0,7,14,51,57,58,59,66,64,60,59,67,66,62,61,65,65,64,61,57,51,31,20,16,10
0,0,0,13,40,56,58,59,64,65,61,61,62,61,58,56,59,64,65,63,58,53,33,12,13,10
0,0,0,12,35,55,57,57,61,62,58,56,51,57,54,28,56,61,63,59,58,52,32,13,11,9
0,0,0,12,44,57,57,56,62,61,54,52,54,56,51,20,54,57,61,61,59,54,40,13,10,9
0,0,7,12,44,58,59,56,61,55,51,51,54,54,50,36,53,54,56,61,57,54,37,12,9,7
0,0,0,9,34,59,61,54,56,52,35,36,51,23,40,11,47,50,53,53,60,51,23,9,0,0
0,0,0,0,33,60,61,54,52,47,32,27,14,11,13,6,23,32,50,54,53,53,14,7,6,0
0,0,0,14,51,64,58,54,56,50,25,25,14,14,9,8,14,27,31,50,55,57,37,23,9,0
0,5,14,60,79,88,64,58,57,51,48,46,48,35,13,21,25,35,37,43,54,73,77,54,50,13
7,10,17,40,97,95,65,58,51,42,40,42,50,30,33,48,41,52,40,50,52,78,76,53,43,14
0,8,6,14,61,60,60,55,50,37,13,12,11,50,40,15,54,58,40,19,27,53,58,50,13,7
0,4,8,11,50,55,56,53,35,13,10,12,30,19,25,15,51,57,29,0,9,19,41,14,8,0
0,0,7,11,25,50,47,14,12,9,12,25,32,14,23,13,12,17,14,9,7,12,14,12,8,0
0,0,5,6,14,23,15,10,9,12,8,8,14,17,11,0,0,0,6,0,0,9,10,9,6,0
0,5,5,9,13,20,17,11,11,11,9,9,11,13,10,0,0,6,11,5,7,8,9,10,9,0
0,5,5,0,10,17,12,8,9,8,0,0,5,11,6,0,0,0,8,5,0,0,0,7,9,0
0,0,0,0,9,12,10,0,0,0,0,0,7,0,8,0,5,0,8,0,0,0,6,0,9,0
0,4,8,11,29,57,52,34,57,54,45,55,56,59,66,71,58,53,50,47,13,11,9,5,0,0
5,0,9,19,50,86,85,56,59,53,23,56,65,69,81,76,60,57,53,52,52,13,10,9,0,0
0,5,11,15,52,94,94,58,51,52,54,64,74,80,86,74,58,57,58,53,35,23,14,12,7,0
5,0,8,19,50,58,54,25,67,74,65,75,95,94,96,93,80,70,57,52,50,38,25,13,11,10
5,0,6,43,33,27,54,56,80,96,85,82,94,117,134,108,88,69,59,55,53,50,19,18,7,6
0,0,0,8,12,67,82,59,85,101,74,60,82,96,171,131,72,58,57,58,53,53,37,7,0,0
0,0,0,13,54,66,67,60,68,73,71,76,88,104,109,100,65,53,50,41,25,13,11,8,7,0
0,0,0,14,59,62,50,61,65,78,75,78,80,95,102,94,64,54,52,43,50,45,15,13,0,0
0,7,57,36,75,72,55,58,66,85,77,71,88,103,105,91,64,58,53,50,50,50,41,14,6,0
0,6,59,15,43,62,57,20,61,68,87,82,101,113,110,94,65,58,54,50,51,51,28,13,7,0
0,0,7,19,53,60,13,17,58,70,85,80,93,112,110,81,66,58,52,51,51,52,30,11,6,0
0,0,0,13,53,64,37,37,57,64,69,75,86,87,91,81,63,57,51,50,51,52,27,11,8,7
0,0,8,12,50,59,30,22,52,56,58,65,71,72,74,68,57,54,51,32,50,51,14,9,0,0
0,0,0,0,9,27,11,9,13,34,42,52,55,56,57,50,26,15,11,8,7,8,0,0,0,0
0,0,0,0,31,53,27,10,45,51,53,59,64,64,64,58,57,53,47,25,14,26,14,9,8,0
0,0,0,12,45,54,14,12,52,57,59,65,73,83,71,66,62,72,58,38,25,40,13,10,9,6
0,0,0,12,52,60,14,32,53,58,58,64,70,82,74,68,73,73,54,50,45,50,27,12,8,7
0,0,7,12,53,58,53,52,54,60,60,62,71,82,69,67,72,63,53,43,39,51,35,13,10,8
0,0,7,8,55,60,55,53,59,62,61,68,70,70,70,66,68,62,57,50,33,48,26,12,9,9
4,0,6,13,59,70,55,55,64,65,68,74,75,80,76,68,65,75,65,56,50,52,50,22,12,10
0,0,0,13,56,65,60,58,67,67,65,68,74,95,77,67,66,69,68,60,55,55,50,14,12,10
0,0,0,12,54,59,61,60,69,66,61,62,76,95,76,63,63,68,68,59,51,50,26,14,11,11
0,0,0,20,42,53,56,58,66,64,57,62,67,72,62,59,56,62,60,56,47,38,29,23,15,13
0,0,7,14,51,57,58,59,66,64,60,59,67,66,62,61,65,65,64,61,57,51,31,20,16,10
0,0,0,13,40,56,58,59,64,65,61,61,62,61,58,56,59,64,65,63,58,53,33,12,13,10
0,0,0,12,35,55,57,57,61,62,58,56,51,57,54,28,56,61,63,59,58,52,32,13,11,9
0,0,0,12,44,57,57,56,62,61,54,52,54,56,51,20,54,57,61,61,59,54,40,13,10,9
0,0,7,12,44,58,59,56,61,55,51,51,54,54,50,36,53,54,56,61,57,54,37,12,9,7
0,0,0,9,34,59,61,54,56,52,35,36,51,23,40,11,47,50,53,53,60,51,23,9,0,0
0,0,0,0,33,60,61,54,52,47,32,27,14,11,13,6,23,32,50,54,53,53,14,7,6,0
0,0,0,14,51,64,58,54,56,50,25,25,14,14,9,8,14,27,31,50,55,57,37,23,9,0
0,5,14,60,79,88,64,58,57,51,48,46,48,35,13,21,25,35,37,43,54,73,77,54,50,13
7,10,17,40,97,95,65,58,51,42,40,42,50,30,33,48,41,52,40,50,52,78,76,53,43,14
0,8,6,14,61,60,60,55,50,37,13,12,11,50,40,15,54,58,40,19,27,53,58,50,13,7
0,4,8,11,50,55,56,53,35,13,10,12,30,19,25,15,51,57,29,0,9,19,41,14,8,0
0,0,7,11,25,50,47,14,12,9,12,25,32,14,23,13,12,17,14,9,7,12,14,12,8,0
0,0,5,6,14,23,15,10,9,12,8,8,14,17,11,0,0,0,6,0,0,9,10,9,6,0
0,5,5,9,13,20,17,11,11,11,9,9,11,13,10,0,0,6,11,5,7,8,9,10,9,0
0,5,5,0,10,17,12,8,9,8,0,0,5,11,6,0,0,0,8,5,0,0,0,7,9,0
0,0,0,0,9,12,10,0,0,0,0,0,7,0,8,0,5,0,8,0,0,0,6,0,9,0
0,4,8,11,28,56,51,36,56,54,47,54,56,60,65,71,58,53,47,45,13,11,8,5,0,0
5,0,10,17,50,83,84,56,58,53,21,56,65,68,80,75,60,57,53,52,52,13,10,9,0,0
0,5,11,14,52,92,92,59,51,52,54,63,74,79,85,74,58,57,58,53,32,15,14,12,7,0
5,0,8,20,50,57,52,27,66,74,66,75,94,94,96,93,80,71,58,52,50,36,27,14,11,10
5,0,6,40,31,23,54,56,80,97,86,82,94,117,134,108,86,70,59,56,53,50,17,18,7,6
0,0,0,7,11,67,81,59,85,101,74,60,82,96,167,130,71,58,57,56,53,52,34,7,0,0
0,0,0,13,54,65,66,61,68,73,71,75,87,105,109,98,64,53,50,44,23,14,11,8,7,0
0,0,0,13,59,63,43,60,65,79,75,78,80,94,102,93,64,55,52,40,47,47,14,13,0,0
0,0,55,33,75,70,55,59,65,86,78,70,87,102,104,90,64,59,53,50,51,50,44,13,7,0
0,0,58,14,40,62,57,20,61,68,87,81,101,113,109,93,64,59,54,51,52,52,28,12,8,0
0,0,6,21,53,61,13,17,58,70,86,80,94,114,109,81,65,58,53,51,51,52,33,11,6,0
0,0,0,13,53,64,34,37,58,65,70,75,85,89,91,81,63,57,52,47,52,51,30,12,9,6
0,0,8,13,50,59,25,20,52,56,58,65,71,73,74,69,57,54,51,30,45,51,15,9,0,0
0,0,0,0,10,27,10,9,13,32,43,53,55,56,57,51,28,16,12,8,8,7,0,0,0,0
0,0,0,0,30,53,27,10,45,51,53,59,64,65,63,58,57,54,45,25,17,30,15,9,8,0
0,0,0,12,43,54,14,12,52,57,60,64,74,85,71,66,62,73,58,47,25,40,13,10,9,6
0,0,0,11,51,60,14,32,54,59,58,64,69,83,73,69,73,74,55,50,50,50,25,11,8,7
0,0,6,12,53,58,53,52,54,61,60,62,71,83,69,67,72,63,54,45,47,51,37,13,10,8
0,0,0,9,55,60,54,53,59,62,61,68,70,71,70,66,67,62,57,50,37,50,30,11,9,8
0,0,6,13,59,69,54,55,64,65,68,74,75,80,76,68,65,75,65,56,51,52,48,22,12,10
0,0,0,13,56,65,60,57,67,67,65,68,73,96,77,67,65,69,68,60,55,55,50,14,13,10
0,0,0,12,54,59,61,60,69,66,61,62,75,95,75,62,63,68,69,58,52,50,25,14,11,11
0,0,0,18,42,53,56,58,66,64,57,62,66,72,62,59,56,62,60,56,47,38,29,24,15,13
0,0,7,14,51,57,58,59,66,64,60,59,67,66,62,61,65,65,64,61,57,51,31,22,14,10
0,0,5,13,42,56,57,58,64,65,61,61,62,61,57,56,59,64,65,63,58,53,41,12,12,9
0,0,0,12,39,55,58,57,61,62,58,56,51,58,53,26,56,62,63,60,58,52,36,13,11,9
0,0,0,12,48,57,57,56,62,61,54,52,54,56,51,18,54,57,62,61,59,54,38,12,10,8
0,0,7,12,46,57,58,56,60,55,51,50,53,54,50,31,52,54,56,62,58,54,37,12,9,7
0,0,0,8,31,58,61,54,56,52,37,23,51,23,38,10,45,51,53,54,60,51,25,9,0,0
0,0,0,0,33,61,60,53,52,50,30,25,15,12,12,6,23,25,50,54,53,53,14,7,6,0
0,0,0,13,51,64,58,53,56,50,22,23,15,14,9,7,13,27,31,50,56,57,35,25,9,0
0,5,13,60,80,87,64,58,57,52,50,46,48,36,13,14,25,37,37,42,54,73,77,55,50,13
6,9,17,38,97,94,65,58,51,43,41,40,50,29,31,49,39,52,45,50,53,77,75,53,43,16
0,8,0,14,62,61,59,54,50,37,13,12,12,50,34,14,54,57,40,17,30,53,58,50,13,7
0,4,8,11,50,55,56,52,37,13,11,11,30,19,15,15,51,56,27,0,10,19,44,13,8,0
0,0,7,11,29,50,42,14,12,10,13,23,30,14,21,13,12,19,14,9,8,12,15,12,8,0
0,0,5,6,13,23,16,10,9,12,8,7,14,17,11,0,0,0,6,0,5,8,10,10,7,0
0,5,5,9,13,20,16,11,11,11,9,8,11,13,9,0,0,7,11,0,7,8,9,10,9,0
0,5,5,0,10,17,12,8,9,8,0,0,5,11,0,0,0,0,8,5,0,0,0,8,8,0
0,0,0,0,9,12,10,0,0,0,0,0,6,0,7,0,5,0,8,0,0,0,6,0,9,0
0,4,8,11,28,56,51,36,56,54,47,54,56,60,65,71,58,53,47,45,13,11,8,5,0,0
5,0,10,17,50,83,84,56,58,53,21,56,65,68,80,75,60,57,53,52,52,13,10,9,0,0
0,5,11,14,52,92,92,59,51,52,54,63,74,79,85,74,58,57,58,53,32,15,14,12,7,0
5,0,8,20,50,57,52,27,66,74,66,75,94,94,96,93,80,71,58,52,50,36,27,14,11,10
5,0,6,40,31,23,54,56,80,97,86,82,94,117,134,108,86,70,59,56,53,50,17,18,7,6
0,0,0,7,11,67,81,59,85,101,74,60,82,96,167,130,71,58,57,56,53,52,34,7,0,0
0,0,0,13,54,65,66,61,68,73,71,75,87,105,109,98,64,53,50,44,23,14,11,8,7,0
0,0,0,13,59,63,43,60,65,79,75,78,80,94,102,93,64,55,52,40,47,47,14,13,0,0
0,0,55,33,75,70,55,59,65,86,78,70,87,102,104,90,64,59,53,50,51,50,44,13,7,0
0,0,58,14,40,62,57,20,61,68,87,81,101,113,109,93,64,59,54,51,52,52,28,12,8,0
0,0,6,21,53,61,13,17,58,70,86,80,94,114,109,81,65,58,53,51,51,52,33,11,6,0
0,0,0,13,53,64,34,37,58,65,70,75,85,89,91,81,63,57,52,47,52,51,30,12,9,6
0,0,8,13,50,59,25,20,52,56,58,65,71,73,74,69,57,54,51,30,45,51,15,9,0,0
0,0,0,0,10,27,10,9,13,32,43,53,55,56,57,51,28,16,12,8,8,7,0,0,0,0
0,0,0,0,30,53,27,10,45,51,53,59,64,65,63,58,57,54,45,25,17,30,15,9,8,0
0,0,0,12,43,54,14,12,52,57,60,64,74,85,71,66,62,73,58,47,25,40,13,10,9,6
0,0,0,11,51,60,14,32,54,59,58,64,69,83,73,69,73,74,55,50,50,50,25,11,8,7
0,0,6,12,53,58,53,52,54,61,60,62,71,83,69,67,72,63,54,45,47,51,37,13,10,8
0,0,0,9,55,60,54,53,59,62,61,68,70,71,70,66,67,62,57,50,37,50,30,11,9,8
0,0,6,13,59,69,54,55,64,65,68,74,75,80,76,68,65,75,65,56,51,52,48,22,12,10
0,0,0,13,56,65,60,57,67,67,65,68,73,96,77,67,65,69,68,60,55,55,50,14,13,10
0,0,0,12,54,59,61,60,69,66,61,62,75,95,75,62,63,68,69,58,52,50,25,14,11,11
0,0,0,18,42,53,56,58,66,64,57,62,66,72,62,59,56,62,60,56,47,38,29,24,15,13
0,0,7,14,51,57,58,59,66,64,60,59,67,66,62,61,65,65,64,61,57,51,31,22,14,10
0,0,5,13,42,56,57,58,64,65,61,61,62,61,57,56,59,64,65,63,58,53,41,12,12,9
0,0,0,12,39,55,58,57,61,62,58,56,51,58,53,26,56,62,63,60,58,52,36,13,11,9
0,0,0,12,48,57,57,56,62,61,54,52,54,56,51,18,54,57,62,61,59,54,38,12,10,8
0,0,7,12,46,57,58,56,60,55,51,50,53,54,50,31,52,54,56,62,58,54,37,12,9,7
0,0,0,8,31,58,61,54,56,52,37,23,51,23,38,10,45,51,53,54,60,51,25,9,0,0
0,0,0,0,33,61,60,53,52,50,30,25,15,12,12,6,23,25,50,54,53,53,14,7,6,0
0,0,0,13,51,64,58,53,56,50,22,23,15,14,9,7,13,27,31,50,56,57,35,25,9,0
0,5,13,60,80,87,64,58,57,52,50,46,48,36,13,14,25,37,37,42,54,73,77,55,50,13
6,9,17,38,97,94,65,58,51,43,41,40,50,29,31,49,39,52,45,50,53,77,75,53,43,16
0,8,0,14,62,61,59,54,50,37,13,12,12,50,34,14,54,57,40,17,30,53,58,50,13,7
0,4,8,11,50,55,56,52,37,13,11,11,30,19,15,15,51,56,27,0,10,19,44,13,8,0
0,0,7,11,29,50,42,14,12,10,13,23,30,14,21,13,12,19,14,9,8,12,15,12,8,0
0,0,5,6,13,23,16,10,9,12,8,7,14,17,11,0,0,0,6,0,5,8,10,10,7,0
0,5,5,9,13,20,16,11,11,11,9,8,11,13,9,0,0,7,11,0,7,8,9,10,9,0
0,5,5,0,10,17,12,8,9,8,0,0,5,11,0,0,0,0,8,5,0,0,0,8,8,0
0,0,0,0,9,12,10,0,0,0,0,0,6,0,7,0,5,0,8,0,0,0,6,0,9,0
0,4,8,11,23,56,51,36,55,54,45,54,56,59,64,71,58,53,45,40,13,11,9,0,0,0
5,0,10,14,50,82,83,56,58,52,19,55,64,68,80,75,60,57,53,52,52,13,11,9,0,0
0,5,11,14,52,90,91,57,51,51,54,63,74,78,84,75,58,57,57,54,30,15,13,13,7,0
6,0,7,17,50,56,51,27,66,74,65,75,94,93,95,92,80,70,57,53,50,40,29,14,10,10
5,0,6,36,31,20,53,56,80,96,85,81,94,116,133,108,87,69,59,55,53,50,16,15,7,5
0,0,0,0,11,65,80,58,85,100,74,60,81,95,167,130,71,58,57,56,54,52,31,7,0,0
0,0,0,12,54,63,65,61,68,74,72,75,87,103,108,97,64,53,50,38,25,14,11,8,0,0
0,0,0,13,59,64,40,59,65,80,74,79,80,94,102,92,64,55,51,46,50,45,14,13,0,0
0,0,54,30,75,70,53,58,66,86,77,70,86,101,104,89,65,57,53,50,51,51,47,13,6,0
0,6,56,14,50,60,55,22,60,68,87,82,100,113,109,91,64,58,54,51,51,51,25,12,7,0
0,0,7,21,54,59,12,15,58,71,86,80,94,112,109,81,65,59,54,51,52,52,30,10,0,0
0,0,0,14,54,63,23,37,57,65,70,76,86,89,91,81,63,57,52,47,52,50,35,11,9,6
0,0,8,12,50,58,21,17,52,57,58,65,71,72,74,69,58,54,50,30,47,52,17,9,0,0
0,0,0,0,10,23,8,9,14,32,45,52,55,56,57,51,32,16,12,8,8,8,0,0,0,0
0,0,0,0,30,52,23,10,45,51,53,59,64,65,63,58,58,53,45,26,20,30,16,10,7,0
0,0,0,12,45,53,13,12,52,57,60,64,73,84,72,65,63,73,57,47,27,40,13,10,9,6
0,0,0,11,51,59,13,32,53,58,58,64,69,82,73,69,74,74,55,47,50,51,25,11,8,7
0,0,6,12,53,58,52,51,55,61,60,62,71,82,69,68,73,63,53,50,45,52,35,13,10,8
0,0,0,9,54,59,53,53,59,62,61,68,70,70,70,66,67,62,57,50,39,50,30,11,9,9
0,0,6,12,58,69,54,55,64,65,68,73,75,79,75,68,65,74,65,57,51,52,48,20,12,10
0,0,0,13,56,64,60,58,67,67,65,68,74,95,77,67,66,69,68,60,55,55,50,14,13,10
0,0,0,11,54,59,60,59,69,66,60,62,75,95,75,62,64,68,69,58,52,50,25,13,11,11
0,0,0,17,40,53,56,58,67,64,57,62,66,71,62,59,56,61,59,56,46,39,29,23,15,13
0,0,6,15,51,57,58,59,66,65,59,59,66,66,62,61,65,65,64,62,57,51,31,20,14,9
0,0,5,13,42,56,57,58,64,65,60,61,62,60,56,56,60,64,65,62,59,53,39,12,12,9
0,0,0,12,39,55,57,57,61,62,58,56,51,57,53,23,57,62,63,60,57,53,36,13,10,9
0,0,0,13,46,56,57,56,62,61,54,52,54,55,51,15,54,56,62,61,59,54,38,12,9,9
0,0,7,11,50,57,58,56,60,56,51,50,53,53,50,25,52,54,57,62,58,53,35,12,9,7
0,0,0,8,31,58,61,54,56,52,35,14,51,19,34,9,45,51,52,54,59,51,23,9,0,0
0,0,0,0,33,61,60,53,52,50,30,27,17,11,12,0,27,27,48,54,53,53,14,8,7,0
0,0,0,13,51,63,57,53,56,50,25,21,17,13,9,7,13,27,31,50,56,57,33,25,9,0
0,5,13,59,80,87,64,58,57,51,48,42,50,36,12,14,27,37,38,41,55,73,77,55,50,12
6,9,15,37,98,94,65,58,51,42,39,43,50,29,27,49,40,52,44,50,52,77,75,53,40,15
0,8,6,14,61,60,59,54,50,40,12,12,12,50,25,14,54,57,35,21,30,53,58,50,12,7
0,4,8,11,50,55,56,52,32,13,11,11,30,15,15,14,51,56,25,0,10,21,44,13,8,0
0,0,6,11,31,50,45,14,13,10,12,20,37,13,23,13,12,15,14,9,8,12,17,12,7,0
0,0,0,5,13,27,14,10,9,12,8,7,14,15,10,0,0,0,7,0,0,9,10,9,7,0
0,5,5,8,13,23,17,11,12,10,9,8,11,13,9,0,0,7,11,0,7,8,9,10,9,0
0,6,5,0,10,17,12,8,9,8,0,0,5,11,0,0,0,0,8,6,0,0,0,7,8,0
0,0,0,0,9,11,10,0,0,0,0,0,7,0,7,0,5,0,8,0,0,0,6,0,9,0
0,5,8,11,23,56,52,31,55,53,45,54,57,58,63,71,58,53,43,37,13,11,9,0,0,4
5,0,10,14,50,82,83,56,58,52,21,55,64,68,80,75,60,57,53,51,51,13,11,8,0,0
0,5,10,13,52,89,90,57,51,51,55,63,74,78,83,73,58,56,57,54,27,14,13,13,7,0
6,0,7,17,50,56,51,25,65,73,66,75,94,93,95,93,80,70,57,52,47,40,29,13,10,10
5,0,6,36,33,20,54,56,80,96,85,81,94,116,132,108,87,68,59,55,53,50,19,15,7,5
0,0,0,0,11,65,80,58,85,100,75,60,81,97,165,129,71,58,57,56,53,52,34,7,0,0
0,0,0,12,53,63,65,61,68,74,72,75,87,104,108,96,64,53,50,38,25,13,11,7,0,0
0,0,0,13,59,62,43,59,65,80,75,79,80,95,101,92,65,55,52,46,50,40,15,13,0,0
0,0,54,33,75,67,52,58,65,86,77,70,86,101,105,90,65,57,53,46,51,50,47,13,6,0
0,7,56,13,51,59,55,17,60,68,87,82,100,113,109,93,65,58,55,50,51,51,25,12,7,0
0,0,6,21,55,58,12,15,57,71,87,80,94,112,109,82,66,59,55,50,52,52,30,10,0,0
0,0,0,14,55,62,19,37,57,65,70,75,85,90,90,81,63,57,52,44,52,50,35,11,9,6
0,0,8,12,50,58,15,17,52,57,57,65,70,73,73,69,57,54,50,30,45,51,17,8,0,0
0,0,0,0,9,21,7,8,14,32,45,52,56,56,57,51,31,15,12,8,7,8,0,0,0,0
0,0,0,0,31,52,22,10,44,51,53,59,63,66,63,58,58,53,47,26,17,30,16,10,7,0
0,0,0,12,45,53,13,12,52,58,60,64,73,84,72,65,63,74,58,44,27,40,13,10,9,7
0,0,0,11,51,58,13,30,53,58,58,64,69,82,73,69,75,73,55,50,50,51,25,11,9,7
0,0,7,12,53,58,52,51,55,61,59,62,71,82,69,68,73,63,52,47,43,51,37,13,10,8
0,0,0,8,53,59,52,53,59,62,61,68,71,71,69,67,68,62,57,50,35,50,28,11,10,9
0,0,6,12,58,68,53,55,64,65,68,73,75,80,76,68,65,75,65,56,50,52,48,19,12,10
0,0,0,12,56,64,60,57,67,67,65,68,74,95,77,66,66,69,68,60,55,55,50,14,13,10
0,0,0,11,54,59,60,59,68,66,60,62,74,95,76,62,64,68,68,59,52,50,25,13,12,11
0,0,0,17,40,53,56,57,66,64,57,62,67,71,62,59,57,61,60,56,46,40,28,23,15,13
0,0,6,14,51,57,58,59,66,64,60,59,66,66,62,61,65,65,64,62,56,51,34,20,14,9
0,0,5,13,42,56,57,58,64,65,61,61,62,60,57,56,60,64,65,63,58,53,37,11,12,9
0,0,0,11,37,55,57,57,61,62,58,55,51,57,53,22,57,62,63,60,57,53,38,13,10,9
0,0,0,12,44,56,56,56,62,61,54,52,54,55,51,18,54,56,62,61,59,54,36,13,9,9
0,0,7,12,50,57,58,56,61,56,51,50,53,53,50,29,52,54,57,62,57,53,35,12,9,7
0,0,0,8,29,58,61,54,56,52,37,13,51,21,31,10,45,51,53,53,59,50,23,9,0,0
0,0,0,0,31,61,60,53,52,47,32,25,15,11,12,0,27,30,50,54,53,53,14,8,7,0
0,0,0,13,50,63,57,53,56,50,29,20,14,13,8,7,14,25,36,50,55,58,35,25,9,0
0,5,13,59,79,87,64,57,57,51,50,41,50,38,12,14,27,37,38,43,54,73,77,55,50,13
7,9,15,37,98,95,65,57,51,42,39,43,50,30,26,49,41,52,44,50,52,77,76,53,40,15
0,8,0,14,61,60,59,54,50,42,13,12,12,50,22,14,54,57,35,19,30,53,58,50,12,7
0,5,8,11,50,55,56,52,32,12,11,11,30,15,15,14,51,56,25,0,10,19,44,13,8,0
0,0,6,10,29,50,45,14,13,9,12,23,37,13,19,13,12,14,14,9,7,12,17,12,7,0
0,0,4,5,13,27,14,10,8,12,9,7,13,17,10,0,0,0,7,0,5,8,10,9,7,0
0,5,5,8,13,21,16,11,12,11,9,8,11,13,9,0,0,7,11,0,7,8,9,9,9,0
0,6,5,0,10,17,12,8,9,8,0,0,5,11,0,5,0,0,8,5,0,0,0,7,8,0
0,0,0,0,9,11,10,0,0,0,0,0,7,0,7,0,5,0,8,0,0,0,6,0,9,0
0,4,9,11,23,56,52,34,55,53,45,55,56,58,64,70,58,52,43,40,13,11,9,0,0,4
5,0,9,14,50,81,82,55,58,53,25,55,64,68,80,75,60,57,53,51,51,13,11,8,0,0
0,5,9,13,52,88,90,57,51,51,55,63,73,78,84,73,58,56,57,54,27,15,13,13,7,0
6,0,6,15,50,55,51,25,65,74,66,75,94,93,95,93,80,70,57,52,47,40,25,13,10,10
5,0,6,36,31,18,54,56,79,96,86,82,94,116,132,107,87,69,59,55,53,51,23,14,7,6
0,0,0,0,11,65,80,58,84,99,75,60,81,97,165,129,71,58,57,56,53,52,34,7,0,0
0,0,0,11,53,63,64,60,67,75,74,75,87,103,108,96,64,53,50,38,27,14,12,7,0,6
0,0,0,12,59,61,46,58,65,80,75,79,80,94,101,92,65,55,51,46,50,40,15,13,0,0
0,0,54,33,73,67,52,58,66,86,78,70,87,101,105,90,65,57,53,50,50,51,44,13,6,0
0,6,54,14,50,58,54,15,60,69,88,82,100,113,110,93,65,58,55,51,52,51,28,12,7,0
0,0,6,19,54,56,11,14,57,71,87,80,93,112,109,82,66,58,55,46,52,52,27,10,0,0
0,0,0,14,55,62,13,35,56,65,69,75,84,88,90,81,63,57,51,47,51,51,35,11,9,7
0,0,7,12,47,57,14,14,53,57,57,65,69,72,74,69,57,54,50,30,45,51,17,8,6,0
0,0,0,0,10,20,0,8,14,32,46,52,55,56,57,51,31,14,11,7,7,8,0,0,0,0
0,0,0,0,30,52,20,10,44,51,53,59,62,65,63,58,59,53,47,23,19,30,16,9,7,0
0,0,0,11,43,53,13,12,52,57,60,64,72,83,71,65,63,74,58,44,35,40,13,9,9,6
0,0,0,12,51,58,13,27,53,58,59,64,69,82,73,69,76,74,55,50,50,51,27,11,8,7
0,0,6,11,53,57,52,51,55,60,60,62,71,82,69,68,74,63,52,50,43,51,35,14,10,8
0,0,0,8,53,59,53,52,59,62,61,68,70,70,69,67,68,62,58,50,35,50,26,11,9,10
0,0,0,11,57,68,53,55,64,65,68,73,75,80,76,68,65,75,64,56,51,52,50,16,12,10
0,0,0,11,55,64,60,57,67,67,65,68,74,95,77,66,66,69,68,61,55,55,51,14,13,11
0,0,0,10,54,59,59,59,68,66,61,62,74,95,76,63,64,68,68,59,52,50,25,13,11,11
0,0,0,16,40,52,55,57,66,64,58,62,66,71,62,60,56,62,60,55,46,39,28,21,17,13
0,0,6,15,50,57,57,59,66,64,60,59,66,66,62,61,65,65,64,62,57,51,37,22,14,10
0,0,5,13,40,56,57,58,64,65,61,61,62,60,57,56,60,64,65,63,58,54,35,12,12,9
0,0,0,12,35,55,57,57,61,62,58,55,51,57,53,22,58,62,63,60,58,52,38,13,10,9
0,0,0,12,44,56,57,56,62,60,55,52,54,55,51,20,55,56,62,61,59,54,40,13,9,9
0,0,7,12,48,57,59,56,61,56,51,50,53,54,50,31,52,54,57,61,57,53,39,12,9,7
0,0,0,8,31,58,61,54,56,52,40,13,50,23,31,11,45,51,53,53,59,51,23,9,0,0
0,0,0,0,33,61,60,53,52,47,35,27,14,11,12,0,29,30,50,54,54,53,14,8,7,0
0,0,0,13,50,62,57,53,56,50,34,20,14,13,9,7,14,23,36,50,55,58,35,23,9,0
0,5,13,59,80,87,64,57,57,51,50,41,50,36,12,16,29,36,38,43,55,73,77,54,50,12
7,9,15,37,98,95,64,58,51,42,40,43,50,29,27,49,43,52,43,50,52,78,76,53,40,15
0,8,6,14,61,60,59,54,50,42,13,12,11,50,22,15,54,56,35,21,30,53,58,47,12,7
0,4,8,10,50,55,56,53,30,13,11,11,27,14,15,15,51,56,25,0,10,21,44,13,8,0
0,0,6,10,27,50,42,14,13,10,13,25,35,13,19,13,12,13,14,9,7,12,17,12,7,0
0,0,4,5,13,25,14,10,8,12,9,7,13,15,10,0,0,0,7,0,5,8,10,9,7,0
0,5,5,8,13,21,16,11,11,11,10,8,11,13,9,6,0,7,11,0,7,9,9,9,9,0
0,6,5,0,10,17,12,8,9,8,0,0,5,11,6,5,0,0,8,6,0,0,0,7,8,0
0,0,0,0,9,11,10,0,0,0,0,0,7,0,7,0,5,0,8,0,0,0,6,0,9,0
0,5,8,11,23,56,52,34,55,53,47,55,56,59,64,71,57,52,43,37,13,11,9,0,0,4
5,0,9,14,42,81,82,55,58,53,30,55,64,68,80,75,59,57,53,52,51,13,11,8,0,0
0,5,8,13,51,88,89,57,50,51,55,63,72,78,83,73,57,56,57,54,27,15,13,12,7,0
6,0,6,15,47,55,51,25,65,74,66,75,94,93,95,92,79,70,56,53,47,36,23,13,10,11
5,0,6,38,31,20,54,56,79,95,86,82,94,116,132,106,86,69,59,55,53,50,23,14,6,6
0,0,0,0,11,64,80,58,84,99,76,60,81,96,165,129,70,57,57,56,53,52,31,6,0,0
0,0,0,12,52,63,65,60,68,75,74,75,87,103,108,96,64,53,50,41,27,13,11,7,0,6
0,0,0,12,59,60,46,58,65,80,75,79,79,94,100,93,63,55,51,40,50,42,17,13,0,0
0,0,54,30,73,67,52,59,65,84,78,71,86,101,105,90,64,58,53,46,51,51,44,13,6,0
0,6,54,14,50,58,55,17,59,68,88,82,99,112,110,93,64,58,54,51,52,51,34,12,7,0
0,0,6,17,54,57,12,15,57,70,87,80,93,112,109,82,65,59,54,43,52,51,25,10,0,0
0,0,0,14,54,62,13,32,56,65,70,75,84,88,88,81,63,57,51,41,51,51,35,11,9,7
0,0,7,12,45,57,14,14,53,56,58,64,69,72,74,70,57,54,47,30,45,51,15,8,6,0
0,0,0,0,10,23,7,8,14,31,45,52,55,56,57,52,26,15,11,7,7,8,0,0,0,0
0,0,0,0,30,52,22,10,43,51,53,58,62,66,63,58,58,53,47,21,19,30,16,9,7,0
0,0,0,11,41,54,13,12,52,57,61,64,72,83,71,65,62,75,58,44,35,40,13,10,9,7
0,0,0,12,51,58,14,30,52,58,58,64,69,82,73,69,75,74,55,50,50,51,27,11,8,7
0,0,0,11,52,57,52,51,55,61,60,62,71,82,69,67,73,63,52,43,45,51,35,13,9,8
0,0,0,8,53,59,53,52,59,62,61,68,70,71,69,67,67,62,58,50,37,50,25,11,9,10
0,0,0,11,56,67,53,55,64,65,68,73,74,80,76,68,65,75,64,56,51,52,48,17,12,11
0,0,0,12,55,64,60,57,67,67,65,68,74,95,77,66,65,69,68,61,55,55,50,13,13,11
0,0,0,10,54,58,60,59,68,66,61,62,74,96,76,63,63,68,68,59,52,50,25,13,12,11
0,0,0,16,40,53,55,57,66,64,57,62,66,71,62,59,56,62,60,55,45,38,28,23,17,14
0,0,7,14,50,57,58,60,65,64,60,59,66,65,62,61,65,65,65,61,57,51,36,22,14,10
0,0,5,13,42,56,57,58,65,65,62,61,62,61,58,56,60,64,65,63,58,54,35,12,12,10
0,0,0,12,35,55,57,57,61,62,58,56,50,57,53,23,57,62,63,60,58,52,38,13,10,10
0,0,0,12,42,56,57,56,62,61,55,52,53,55,52,20,54,56,62,62,59,54,40,13,10,9
0,0,7,12,42,56,59,57,61,56,51,50,53,54,50,31,52,54,57,61,58,54,39,12,9,7
0,0,0,8,29,58,61,54,55,52,40,13,50,23,29,11,40,51,52,53,59,51,23,9,0,0
0,0,0,0,31,60,60,54,52,47,35,23,14,10,12,0,27,32,50,54,54,53,14,8,7,0
0,0,0,13,50,63,58,53,56,50,34,20,14,13,9,7,13,23,38,50,56,57,35,21,9,0
0,5,13,59,79,86,63,57,56,51,50,39,50,36,12,16,25,36,37,43,55,73,76,54,50,13
7,9,15,37,97,95,64,58,51,42,41,43,50,30,29,49,38,52,43,50,53,78,76,53,40,16
0,8,6,14,60,60,59,54,50,40,13,12,11,50,22,15,53,56,35,17,27,53,58,47,12,7
0,4,8,10,47,55,56,53,35,12,12,11,25,15,14,17,50,56,25,0,10,21,41,13,8,0
0,0,6,10,25,50,42,14,12,9,13,23,32,13,17,13,12,13,14,9,7,12,15,12,7,0
0,0,5,5,13,23,14,10,8,12,9,7,13,17,10,0,0,0,7,0,6,8,10,8,7,0
0,6,5,8,13,18,15,11,11,11,10,8,11,13,9,6,0,7,10,0,7,8,9,9,9,0
0,5,5,0,10,15,12,8,9,7,0,0,5,11,5,5,0,0,8,6,0,0,0,7,8,4
0,0,0,0,9,11,10,0,0,0,0,0,7,0,7,0,0,0,8,0,0,0,6,0,9,0
0,5,9,11,24,55,52,31,55,53,45,55,56,59,63,71,57,52,43,40,13,11,9,0,0,4
5,0,9,14,42,81,82,55,57,53,27,55,64,68,79,74,58,57,52,52,51,13,11,8,0,0
0,5,8,13,51,87,89,57,50,51,54,63,72,78,83,72,57,56,57,54,25,14,13,12,7,0
6,0,6,15,48,56,51,25,65,74,66,75,94,93,95,92,79,69,56,53,50,36,25,13,10,10
5,0,5,38,31,20,53,56,79,95,86,82,94,115,131,106,86,68,59,55,53,50,25,14,6,7
0,0,0,0,11,64,80,58,84,99,75,60,81,96,164,129,70,57,56,56,54,52,37,6,0,0
0,0,0,12,52,62,65,60,68,75,73,75,87,103,108,97,64,53,47,44,25,13,12,7,0,0
0,0,0,12,58,59,46,58,64,81,74,79,79,94,100,92,63,54,51,46,50,42,15,13,0,0
0,0,53,30,73,67,52,59,65,85,77,70,86,101,105,89,64,58,53,50,50,51,41,13,5,0
0,0,53,14,46,58,55,15,59,68,87,82,99,112,109,94,64,57,54,51,52,51,22,12,7,0
0,0,6,15,54,57,12,17,58,70,86,80,93,113,109,82,65,58,53,50,52,51,25,10,0,0
0,0,0,13,54,62,13,32,56,65,69,74,84,88,89,81,63,57,50,47,51,51,32,11,9,7
0,0,8,12,50,57,13,14,52,56,57,64,69,72,74,69,57,54,50,32,47,51,15,8,6,0
0,0,0,0,10,21,7,7,14,31,43,52,54,55,57,51,26,14,11,8,7,8,0,0,0,0
0,0,0,0,28,52,20,10,42,52,53,58,62,66,63,57,58,54,45,23,20,30,15,9,7,0
0,0,0,11,41,54,13,12,52,58,60,64,72,83,70,65,62,75,58,50,35,40,13,10,9,6
0,0,0,12,51,58,13,25,53,58,58,64,69,82,73,69,75,74,54,50,50,50,31,11,8,7
0,0,0,11,53,57,52,51,55,61,60,62,70,81,69,67,74,63,52,45,45,51,33,13,9,8
0,0,0,7,53,59,53,52,59,62,61,68,70,70,69,67,67,62,57,50,37,50,25,11,9,10
0,0,0,11,56,66,53,55,64,65,68,73,74,80,76,67,64,75,64,56,51,52,48,17,13,11
0,0,0,11,55,64,59,57,67,67,65,68,74,95,77,66,65,69,68,61,55,54,50,13,13,11
0,0,0,10,54,58,59,59,68,66,60,62,74,96,76,63,63,68,67,59,53,50,25,13,12,11
0,0,0,16,40,53,56,57,66,64,57,61,65,71,61,59,56,62,60,55,47,39,28,22,17,13
0,0,7,14,50,57,58,60,66,64,60,58,66,66,61,61,65,65,64,62,57,51,34,22,15,10
0,0,5,13,42,55,57,58,64,65,61,61,62,61,57,57,60,64,65,63,58,54,37,12,13,10
0,0,0,12,35,55,56,57,61,63,58,56,50,58,53,23,56,62,63,60,58,52,40,13,10,10
0,0,0,12,42,56,56,56,62,61,55,52,53,55,52,21,54,56,62,62,59,55,40,13,10,9
0,0,7,12,42,56,59,57,61,56,51,50,52,54,51,29,52,54,57,61,58,53,41,12,9,8
0,0,0,8,29,58,61,53,56,52,37,13,50,27,31,10,42,50,53,54,60,51,25,9,0,0
0,0,0,0,31,60,60,54,52,50,32,25,14,10,12,0,27,30,48,54,54,53,14,8,7,0
0,0,0,13,50,63,58,53,56,50,29,20,14,13,9,7,13,23,36,50,56,58,35,21,8,0
0,5,13,59,79,86,63,58,56,51,48,40,50,35,12,16,25,36,37,43,55,74,77,54,50,13
7,9,15,36,97,94,64,57,51,43,41,42,50,31,29,49,38,52,42,50,53,78,76,53,41,17
0,8,0,14,60,59,60,54,50,37,12,12,11,50,20,14,53,56,32,19,27,53,57,50,12,7
0,4,8,10,50,55,56,53,32,13,12,11,25,15,14,17,51,56,25,0,10,23,38,13,8,0
0,0,7,10,25,50,40,14,12,10,13,21,30,13,15,13,12,13,14,8,7,12,15,12,7,5
0,0,5,6,13,23,14,10,9,12,8,7,13,17,10,0,0,0,7,0,6,8,10,9,7,0
0,6,5,8,13,16,14,11,11,11,9,8,11,13,9,0,0,6,10,5,7,9,9,9,9,0
0,5,5,0,10,16,12,8,9,7,0,0,5,11,5,5,0,0,8,6,0,0,0,7,8,4
0,0,0,0,9,11,10,0,0,0,0,0,6,0,7,0,5,0,8,0,0,0,7,0,9,0
0,5,8,10,24,55,52,36,54,53,42,55,55,60,65,70,57,52,43,40,13,11,9,5,0,0
5,0,9,13,42,81,81,55,57,53,23,55,64,67,80,74,58,56,52,52,51,14,11,8,0,0
0,5,8,13,52,87,88,57,50,51,53,63,72,78,84,73,56,56,57,54,27,14,13,12,7,0
6,0,6,14,48,56,50,27,65,74,65,75,94,92,96,92,78,69,56,53,50,38,27,13,10,10
5,0,0,38,29,20,53,56,78,95,86,82,94,115,130,105,86,69,59,55,53,50,23,14,7,6
0,0,0,0,11,64,79,58,83,99,74,59,81,96,164,128,70,57,56,56,54,53,34,7,0,0
0,0,0,12,52,63,65,60,67,74,73,76,86,103,108,97,64,52,47,44,25,14,12,7,7,0
0,0,0,12,58,59,50,59,64,81,74,78,79,93,101,92,63,54,51,46,50,45,14,13,0,0
0,0,53,27,73,68,53,59,65,84,77,70,86,101,105,88,64,58,52,50,51,51,41,12,5,0
0,0,53,15,46,60,54,17,59,68,87,81,99,112,109,93,64,57,54,51,52,51,22,12,7,0
0,0,6,15,54,57,12,20,58,70,86,80,93,113,109,82,64,58,53,51,52,51,22,10,0,0
0,0,0,13,54,63,13,32,56,65,69,75,84,88,89,81,63,57,50,50,51,51,30,11,9,7
0,0,7,12,50,58,14,15,52,56,57,64,69,72,74,68,57,54,50,32,50,51,14,8,6,0
0,0,0,0,10,23,7,8,14,31,42,52,54,56,57,51,25,15,11,8,7,9,0,0,0,0
0,0,0,0,30,52,20,10,44,51,53,58,62,65,63,58,57,54,44,23,23,32,15,9,7,0
0,0,0,12,43,53,13,12,52,58,59,64,72,83,71,65,62,74,57,50,35,40,14,10,9,6
0,0,0,12,51,58,13,27,53,58,58,64,69,82,73,68,75,73,54,50,50,50,29,11,8,7
0,0,0,12,53,57,52,51,55,61,60,62,71,81,69,67,73,63,52,43,47,51,33,13,9,8
0,0,0,8,53,59,53,52,59,62,61,68,70,70,70,66,67,61,57,50,41,50,26,12,8,9
0,0,6,11,56,66,53,55,63,65,67,73,74,79,76,68,64,74,64,56,51,51,46,17,12,10
0,0,0,11,55,64,59,57,67,67,64,68,74,95,77,66,65,69,68,60,56,55,50,13,13,11
0,0,0,10,54,58,60,60,68,66,60,62,74,95,76,62,63,68,67,59,53,50,23,14,11,10
0,0,0,15,40,53,55,57,66,64,57,62,65,71,61,58,56,61,60,55,47,40,29,23,18,13
0,0,7,14,51,57,58,60,66,64,60,59,66,66,61,61,65,64,64,62,57,51,31,20,15,10
0,0,5,13,42,56,57,59,64,65,60,61,62,61,57,56,60,64,65,63,58,54,37,12,13,10
0,0,0,12,39,55,56,57,61,62,58,56,50,57,53,25,56,62,63,60,58,52,36,13,10,9
0,0,0,12,44,56,57,57,62,61,54,52,53,56,52,16,54,56,62,62,59,55,42,12,9,8
0,0,7,12,42,57,59,57,61,55,51,50,53,55,50,27,52,53,57,61,58,54,39,12,8,7
0,0,0,8,31,58,61,54,56,52,35,13,50,25,34,10,42,51,53,54,60,51,23,9,0,0
0,0,0,0,33,61,60,54,51,50,32,30,14,11,12,0,27,27,44,54,53,53,14,8,6,0
0,0,0,13,50,63,58,54,56,50,27,25,14,14,9,0,12,23,34,50,56,58,33,21,8,0
0,5,13,59,80,87,63,58,56,51,42,40,50,35,12,14,23,37,37,41,55,74,77,54,50,13
7,9,15,35,97,94,64,58,51,42,41,43,50,31,30,48,36,51,42,50,53,78,76,53,38,16
0,8,0,14,60,60,59,55,50,35,12,12,11,50,22,14,53,56,30,19,30,54,58,50,12,7
0,4,8,10,50,55,56,53,32,13,11,11,23,14,14,15,51,55,23,0,11,25,36,13,8,0
0,0,7,10,27,50,40,14,12,10,12,21,32,13,17,12,11,13,14,8,7,12,15,12,7,5
0,0,5,6,13,23,15,10,9,12,8,8,13,19,10,0,0,0,6,0,6,8,10,8,6,0
0,6,0,9,13,16,14,11,11,11,9,8,11,13,9,0,0,6,10,5,7,9,9,9,9,0
0,5,5,0,10,16,12,9,8,8,0,0,5,11,0,0,0,0,8,6,0,0,0,7,8,0
0,0,0,0,9,11,10,0,0,0,0,0,6,0,7,0,0,0,8,0,0,0,6,0,9,0
0,4,8,11,22,56,53,27,54,53,40,54,56,60,65,70,57,52,43,35,13,11,9,0,0,0
5,0,9,13,46,81,81,56,57,52,21,55,64,67,80,73,58,56,53,52,50,13,11,8,0,0
0,5,9,13,52,86,87,57,50,50,53,63,72,78,84,73,57,55,57,54,27,14,13,12,7,0
6,0,6,16,48,56,51,29,65,74,66,75,94,92,95,92,78,69,56,53,50,38,29,13,10,9
5,0,0,40,35,16,53,56,78,95,85,82,94,115,129,105,86,68,59,55,53,50,25,14,7,5
0,0,0,0,11,64,79,58,83,99,73,59,81,96,163,128,70,57,56,56,54,53,34,7,0,0
0,0,0,12,52,62,65,60,67,74,72,75,86,103,107,97,63,52,50,44,25,14,11,7,7,0
0,0,0,12,58,60,50,59,64,80,73,78,79,93,100,91,63,54,51,46,50,42,14,13,0,0
0,0,52,25,73,68,53,59,64,84,77,70,87,101,104,88,63,58,53,50,50,50,38,12,0,0
0,0,53,14,51,60,54,17,58,67,86,81,100,112,109,92,64,57,54,50,52,51,17,12,6,0
0,0,6,17,54,57,12,17,58,70,85,79,93,113,109,81,63,57,53,52,52,51,20,10,0,0
0,0,0,13,54,62,13,32,57,64,69,75,84,88,89,80,62,57,51,50,52,51,27,11,8,7
0,0,8,12,50,58,13,17,51,56,57,65,69,72,75,68,56,53,50,32,50,51,14,8,6,0
0,0,0,0,10,23,8,7,14,32,40,52,55,56,57,50,23,16,11,8,7,9,0,0,0,0
0,0,0,0,33,52,20,10,45,52,52,57,63,65,62,58,56,54,44,25,20,32,14,9,7,0
0,0,0,10,45,53,13,12,52,58,59,64,72,83,71,65,62,74,57,50,27,40,14,10,9,7
0,0,0,12,51,58,13,27,52,58,58,64,68,81,73,68,75,73,54,50,50,50,29,11,8,7
0,0,0,12,53,57,52,52,54,61,60,62,71,81,69,66,73,63,52,40,50,51,33,13,9,8
0,0,0,8,53,59,52,52,59,62,61,68,70,70,70,66,67,61,57,50,39,50,26,12,8,8
0,0,6,11,56,66,53,56,63,65,67,73,74,79,76,67,64,75,64,55,51,51,44,19,12,10
0,0,0,12,55,64,59,57,67,66,65,68,74,95,77,66,65,69,68,60,56,55,50,14,13,11
0,0,0,10,54,58,60,60,68,66,60,62,75,95,76,62,63,68,67,59,53,50,23,14,11,10
0,0,0,17,40,53,56,58,66,64,57,62,66,71,62,58,56,61,60,55,46,40,28,23,15,13
0,0,7,14,51,58,58,60,66,64,59,59,66,66,62,61,65,65,64,62,57,51,29,19,16,10
0,0,5,13,46,56,58,59,64,65,60,61,62,61,57,56,60,64,65,63,59,53,37,12,13,10
0,0,0,12,41,55,56,57,61,62,58,55,51,57,53,23,56,62,63,60,58,52,36,13,10,9
0,0,0,13,44,57,57,57,62,61,54,52,53,56,52,14,54,57,62,62,59,55,42,13,10,7
0,0,7,12,44,57,59,57,61,55,51,50,53,55,51,23,52,53,57,62,58,54,39,12,9,7
0,0,0,8,34,58,61,54,56,52,35,13,50,25,34,10,42,51,53,54,60,51,25,9,0,0
0,0,0,0,35,61,60,54,51,50,30,30,14,11,12,0,25,27,44,54,53,53,14,7,7,0
0,0,0,13,51,63,58,54,55,50,25,25,14,14,8,0,13,23,34,50,56,57,35,21,8,0
0,5,13,59,79,87,63,58,57,51,44,40,50,35,12,14,19,38,37,41,55,74,77,54,50,13
6,9,15,36,97,93,65,58,51,42,40,42,50,31,29,47,36,51,43,50,53,78,75,53,41,16
0,8,0,14,61,60,60,55,50,37,12,12,11,47,17,14,53,56,35,19,30,53,58,50,12,7
0,4,8,11,50,54,56,53,35,13,11,11,25,15,14,14,50,55,21,0,11,27,33,13,8,0
0,0,6,11,29,50,42,14,12,10,12,21,35,13,15,12,12,14,14,9,7,12,14,12,7,5
0,0,5,6,14,23,15,11,9,12,9,8,13,21,10,0,0,0,7,0,6,8,10,9,7,0
0,6,0,9,13,16,15,11,11,11,9,8,11,13,9,0,0,6,11,5,7,9,9,9,9,0
0,6,5,0,10,17,12,9,8,8,0,0,5,11,0,0,0,0,8,6,0,0,0,7,8,0
0,0,0,0,9,11,10,0,0,0,0,0,6,0,7,0,0,0,8,0,0,0,6,0,9,0
0,4,8,11,22,56,52,29,54,53,37,55,56,60,65,70,57,52,45,35,13,12,9,0,0,0
4,0,9,13,50,80,81,55,57,53,19,55,64,67,80,73,59,56,53,51,50,13,10,8,0,0
0,5,9,13,51,86,87,58,50,50,53,63,72,78,84,73,57,55,57,54,27,14,13,13,7,0
6,5,6,15,50,56,51,29,65,74,66,75,93,92,95,92,79,69,57,53,50,38,27,13,10,10
5,0,0,38,35,16,53,56,78,95,85,82,94,115,130,105,86,68,59,55,52,50,25,14,7,0
0,0,0,0,11,64,78,58,83,99,73,59,81,96,162,127,70,58,56,56,53,53,31,7,0,0
0,0,0,12,53,62,65,60,67,73,71,75,87,103,107,96,64,53,50,44,25,14,11,8,7,0
0,0,0,12,58,60,50,59,64,80,73,78,79,94,101,90,63,54,52,50,50,42,14,13,0,0
0,0,52,25,73,67,53,58,64,84,77,70,87,102,104,88,64,58,53,50,50,51,36,13,0,0
0,0,52,14,51,59,54,15,58,68,86,81,100,112,109,93,64,57,54,50,51,52,17,12,7,0
0,0,7,19,54,56,12,15,58,70,85,80,94,113,109,81,64,57,52,52,52,52,22,11,0,0
0,0,0,13,54,62,13,35,56,64,69,75,84,88,90,80,62,57,51,50,52,51,30,11,8,6
0,0,8,12,50,58,14,17,52,56,57,65,70,73,74,68,56,54,51,27,50,51,17,8,0,0
0,0,0,0,10,20,8,8,14,32,40,52,55,56,57,50,26,16,11,8,7,9,0,0,0,0
0,0,0,0,33,51,19,10,45,51,53,58,63,65,62,58,57,54,45,25,20,32,14,10,7,0
0,0,0,11,45,53,14,12,52,58,59,64,73,84,71,64,63,74,58,50,27,42,14,10,9,7
0,0,0,12,51,58,13,27,52,58,58,64,69,81,72,68,75,73,54,50,50,50,29,11,8,7
0,0,0,12,53,57,52,51,55,60,60,62,71,82,69,66,73,63,53,43,47,51,35,13,10,8
0,0,0,8,53,58,52,53,58,62,61,68,70,70,69,67,67,61,57,50,39,50,28,12,8,8
0,0,6,11,57,66,53,55,64,64,67,73,74,79,76,67,64,75,64,55,51,52,44,19,12,10
0,0,0,11,55,63,59,57,67,66,65,68,74,95,77,66,65,69,68,60,56,55,50,14,13,11
0,0,0,11,54,58,60,60,68,65,60,62,74,95,76,62,63,68,68,59,52,50,23,14,11,10
0,0,0,17,40,53,56,58,66,64,57,61,65,71,62,58,57,61,60,55,47,40,28,23,15,13
0,0,7,14,51,57,57,59,66,64,59,58,66,66,62,61,65,65,65,62,57,51,29,17,16,10
0,0,5,14,42,56,58,59,64,65,60,61,62,61,57,56,60,64,65,63,59,53,35,12,13,10
0,0,0,12,41,55,56,57,61,62,58,56,51,58,53,22,56,62,63,60,58,52,36,13,10,9
0,0,0,13,44,57,57,57,62,61,54,52,54,56,51,14,55,56,62,62,59,55,44,13,10,8
0,0,7,12,46,57,59,57,61,54,51,50,53,55,50,21,52,54,57,62,58,53,39,12,9,7
0,0,0,8,31,58,61,54,56,51,35,13,50,27,36,10,45,50,53,54,60,51,25,10,0,0
0,0,0,0,35,61,60,54,52,50,32,27,14,11,11,0,29,32,48,54,53,53,14,7,6,0
0,0,0,13,51,63,58,54,55,50,27,25,14,14,8,0,14,23,36,50,56,58,35,25,8,0
0,5,13,59,79,87,63,58,57,51,46,42,50,36,12,14,23,38,38,41,55,75,77,54,50,13
7,10,15,36,97,94,64,58,51,43,41,43,50,31,28,47,39,51,44,50,53,78,75,53,40,16
0,8,0,14,61,60,59,55,50,40,13,12,11,50,17,14,54,56,40,21,30,54,58,50,12,7
0,5,8,11,50,54,56,53,32,13,10,11,27,15,13,14,50,56,23,0,11,25,30,13,8,0
0,0,7,10,27,50,42,14,12,10,12,23,37,13,14,12,12,15,13,8,7,13,14,12,7,5
0,0,4,6,14,25,16,10,9,12,9,8,13,21,10,0,0,0,7,0,5,8,10,9,7,0
0,5,0,9,13,16,14,11,11,11,9,8,11,13,9,0,0,6,11,5,7,9,9,9,9,0
0,6,5,0,11,17,12,9,9,8,0,0,5,11,0,0,0,0,8,6,0,0,0,8,8,0
0,0,0,0,9,12,10,0,0,0,0,0,7,0,7,0,0,0,8,0,0,0,6,0,9,0
0,4,8,11,22,56,51,29,54,53,37,54,56,59,65,70,57,53,45,30,13,12,9,0,0,0
4,0,9,14,50,80,80,55,57,52,21,55,64,67,80,74,59,56,53,51,50,14,10,8,0,0
0,5,9,13,51,85,87,58,50,50,54,63,73,78,83,73,57,56,57,54,27,15,13,13,7,0
6,5,5,15,48,55,51,25,64,74,66,75,93,92,94,91,79,69,57,53,50,36,29,13,10,9
5,0,0,38,35,16,53,56,78,95,85,81,94,115,130,105,86,69,58,55,52,50,25,14,7,0
0,0,0,0,11,64,78,58,83,99,74,59,81,96,162,126,70,58,56,56,53,53,28,7,0,0
0,0,0,12,53,62,64,59,67,72,72,75,86,103,107,96,63,53,50,41,25,14,11,8,7,0
0,0,0,13,59,60,50,59,64,78,74,78,79,94,101,90,63,54,51,46,50,37,14,13,0,0
0,0,52,25,73,67,53,58,64,84,77,71,88,101,104,89,64,58,53,50,50,51,38,13,5,0
0,0,52,15,46,59,53,14,58,67,86,81,100,111,108,93,63,57,54,50,51,51,31,12,7,0
0,0,7,19,54,56,12,14,57,69,86,80,93,112,108,81,65,57,53,52,52,52,25,11,6,0
0,0,0,13,54,62,13,35,56,64,70,74,84,88,90,80,62,57,52,50,52,51,27,11,8,6
0,0,8,12,50,57,13,17,52,56,57,65,70,73,74,68,56,53,51,25,47,51,15,8,0,0
0,0,0,0,10,21,7,8,14,32,41,53,55,56,57,51,26,17,11,8,7,9,0,0,0,0
0,0,0,0,33,52,19,10,45,52,53,59,64,65,62,58,57,54,47,25,20,33,14,10,7,0
0,0,0,11,47,53,14,12,51,58,60,64,72,84,71,65,62,73,57,47,30,42,14,10,9,6
0,0,0,11,51,58,13,32,52,58,58,64,69,81,73,67,75,73,54,50,50,50,29,11,8,7
0,0,0,11,52,57,52,51,55,60,60,62,71,81,69,66,73,62,54,45,45,51,35,13,10,8
0,0,0,8,53,58,52,53,58,62,61,68,70,70,69,66,67,62,57,50,35,50,28,12,9,7
0,0,0,11,56,67,52,55,63,64,68,73,74,79,76,67,65,75,64,55,51,52,44,20,12,10
0,0,0,11,56,63,59,57,67,66,65,68,74,95,77,66,66,69,68,60,56,55,50,14,13,10
0,0,0,10,54,58,60,60,68,65,61,62,74,95,75,62,63,68,68,59,52,50,23,14,12,10
0,0,0,17,42,53,56,58,66,63,57,61,65,71,62,58,56,61,60,55,46,40,27,24,15,12
0,0,7,14,50,57,57,60,66,65,59,59,66,66,62,61,65,64,65,61,57,51,30,19,17,10
0,0,5,13,42,56,58,58,64,65,60,61,62,61,57,55,60,64,65,64,58,53,35,12,12,10
0,0,0,12,41,55,56,57,60,62,58,55,51,57,53,22,56,62,63,60,58,52,36,13,10,8
0,0,0,13,44,57,56,57,62,61,54,52,54,56,51,14,54,57,62,62,59,55,44,13,10,7
0,0,7,13,46,56,59,56,60,54,51,50,53,54,50,23,53,54,58,62,58,53,41,12,9,7
0,0,0,8,31,58,61,55,55,52,35,13,50,21,36,10,40,50,53,54,60,51,27,10,0,0
0,0,0,0,35,61,60,54,52,50,32,27,15,12,11,0,25,32,48,54,53,53,14,7,7,0
0,0,0,13,50,63,57,54,55,50,27,25,14,14,8,0,13,23,38,50,56,57,33,23,9,0
0,5,13,59,79,87,63,58,57,51,48,41,50,36,12,14,23,40,38,41,55,74,77,54,50,13
7,9,15,37,97,94,64,58,51,42,42,43,50,30,27,48,38,52,45,50,53,78,76,53,40,14
0,8,0,14,61,59,59,55,47,37,13,12,11,50,17,14,54,56,40,19,27,53,58,50,12,7
0,5,8,11,50,54,56,53,35,13,10,11,27,15,14,13,50,55,23,6,11,23,36,13,8,0
0,0,7,10,27,50,42,14,12,9,12,23,37,13,15,12,12,19,13,9,7,13,15,12,8,5
0,0,4,6,14,23,15,10,8,12,9,8,13,19,10,0,0,0,7,0,0,8,10,9,7,0
0,5,5,9,13,18,16,11,11,11,9,8,11,13,9,0,0,7,11,5,7,9,9,10,9,0
0,6,5,0,11,16,12,9,9,8,0,0,5,11,0,0,0,0,8,6,0,0,5,8,8,0
0,0,0,0,9,11,10,0,0,0,0,0,7,0,7,0,0,0,8,0,0,0,6,0,9,0
0,4,8,11,21,56,51,29,54,53,37,54,55,59,65,69,57,52,47,30,13,12,9,0,0,0
5,0,9,13,50,79,80,55,57,52,23,55,64,67,80,73,59,56,53,51,50,13,10,9,0,0
0,5,9,13,51,85,86,58,50,50,54,63,73,78,83,73,58,56,57,54,25,17,13,12,7,0
7,5,6,14,47,55,51,23,64,73,66,75,93,92,94,91,79,70,57,53,50,38,27,13,10,9
5,0,0,36,35,16,52,55,78,95,85,81,94,114,130,105,86,68,59,55,52,47,25,14,6,0
0,0,0,0,11,63,78,58,82,99,74,60,81,96,162,126,70,58,57,56,53,52,28,7,0,0
0,0,0,12,53,61,64,59,67,73,72,75,86,103,107,95,64,53,51,44,25,13,11,8,0,0
0,0,0,13,58,60,46,59,64,78,73,77,79,94,101,89,63,54,52,50,50,42,14,13,0,0
0,0,51,25,73,67,52,58,64,84,76,71,88,101,103,88,64,58,53,50,50,51,41,12,5,0
0,0,51,15,46,58,53,15,58,66,86,81,100,111,108,92,63,58,54,50,51,51,31,12,7,0
0,0,8,17,54,56,12,14,57,69,86,80,94,112,108,81,65,57,53,51,52,52,30,11,0,0
0,0,0,14,54,63,13,37,56,64,70,75,84,88,90,80,62,57,52,50,52,50,32,11,8,6
0,0,8,12,47,57,13,17,52,56,57,65,70,72,73,68,56,53,50,27,47,51,15,8,0,0
0,0,0,0,10,20,7,8,14,35,42,52,55,56,57,51,25,16,11,8,7,8,0,0,0,0
0,0,0,0,31,52,19,10,44,52,53,59,64,65,62,58,57,54,45,26,19,33,14,10,7,0
0,0,0,10,45,52,13,12,51,57,59,64,72,83,71,65,62,73,58,47,27,42,14,10,9,6
0,0,0,11,51,58,13,32,51,58,58,64,69,80,73,67,75,73,54,50,45,50,31,11,8,6
0,0,0,11,52,57,51,51,54,60,59,62,71,81,69,67,73,62,54,47,45,51,35,13,10,8
0,0,0,8,53,58,52,52,58,62,61,68,70,70,69,66,66,62,57,50,35,50,28,12,9,7
0,0,0,11,56,67,52,55,64,64,68,72,74,79,75,67,65,75,64,56,51,52,46,19,11,10
0,0,0,12,55,63,59,57,67,66,65,68,74,95,76,66,65,69,69,60,55,55,50,14,13,10
0,0,0,10,54,58,60,60,68,65,61,61,74,94,75,62,63,68,68,59,52,50,25,13,12,10
0,0,0,18,40,53,56,58,66,63,57,61,65,70,62,58,56,61,59,55,46,40,27,24,15,12
0,0,7,14,50,56,57,60,65,64,59,58,66,66,62,60,64,64,65,61,57,52,31,17,17,10
0,0,5,13,42,56,57,58,63,65,61,61,62,60,57,55,59,64,65,64,59,53,37,12,12,9
0,0,0,12,39,55,56,57,60,62,58,55,51,57,53,22,56,62,63,60,58,53,38,13,10,9
0,0,0,13,44,56,56,56,62,60,54,52,54,56,51,14,54,57,63,62,59,54,46,13,10,8
0,0,7,12,46,56,59,56,60,54,51,50,53,54,51,21,52,54,58,62,58,53,41,12,9,7
0,0,0,8,31,58,61,54,56,51,35,13,50,19,34,9,37,50,53,54,60,51,27,10,0,0
0,0,0,0,35,60,60,53,52,51,30,25,15,12,12,0,25,35,50,54,53,53,14,7,7,0
0,0,0,13,50,63,58,54,55,50,27,23,14,13,8,0,14,25,36,50,57,58,35,23,9,0
0,6,13,58,79,87,63,58,57,51,48,41,50,33,12,14,25,38,39,42,55,74,77,54,50,13
7,9,15,37,97,94,64,58,51,42,40,44,50,30,26,48,38,52,46,50,53,78,76,53,40,14
0,8,0,14,61,59,59,55,47,35,12,12,11,50,17,13,54,56,42,19,25,53,58,50,12,7
0,4,8,11,50,54,56,53,32,12,10,11,30,15,14,13,50,55,25,6,11,25,38,13,7,0
0,0,6,10,29,50,42,14,12,9,13,23,37,12,15,12,12,19,13,9,7,13,15,12,7,0
0,0,5,6,13,23,14,10,9,12,9,7,13,15,11,0,0,0,7,6,5,9,10,9,7,0
0,5,5,9,13,20,15,11,11,11,9,8,11,12,9,0,5,7,11,5,7,9,9,10,9,0
0,6,5,0,10,17,12,8,9,8,0,0,5,11,0,0,0,0,8,6,0,0,5,8,8,0
0,0,0,0,10,11,10,5,0,0,0,0,7,0,7,0,5,0,8,0,0,0,6,0,9,0
0,5,8,11,22,56,51,29,54,52,37,54,55,60,64,69,57,52,47,30,12,12,9,0,0,0
5,0,9,13,48,79,79,55,57,52,27,54,64,68,79,73,59,56,53,50,50,14,10,8,0,0
0,5,8,13,51,84,86,58,50,50,54,63,73,78,83,72,57,56,57,54,23,15,14,12,7,0
6,5,6,14,47,54,50,21,64,73,65,75,93,93,94,91,78,69,57,53,50,38,27,13,10,9
5,0,0,36,29,16,52,55,78,94,85,81,94,115,130,105,86,68,58,55,52,50,25,13,0,0
0,0,0,0,11,63,78,57,82,98,74,60,80,95,160,126,70,58,57,56,53,52,25,6,0,0
0,0,0,11,52,62,64,59,67,73,72,75,87,103,106,95,64,53,50,44,25,14,11,8,0,0
0,0,0,13,58,58,46,58,64,77,74,77,79,94,101,89,63,54,52,40,50,45,14,13,0,0
0,0,51,25,73,66,51,57,64,83,77,71,87,101,103,88,64,57,53,50,50,51,38,12,5,0
0,0,50,14,43,58,54,14,58,67,87,81,99,111,107,92,63,57,55,50,51,51,31,12,7,0
0,0,7,15,54,56,11,14,57,70,86,80,94,112,108,80,65,57,53,51,52,51,33,11,0,0
0,0,0,14,54,62,14,40,56,64,70,75,84,88,90,80,62,57,52,50,52,50,32,11,8,0
0,0,8,12,50,57,13,15,52,56,57,64,70,72,73,68,57,54,51,25,47,51,15,7,0,0
0,0,0,0,9,20,0,8,13,34,42,52,55,56,57,51,26,15,11,8,7,8,0,0,0,0
0,0,0,0,30,52,17,10,42,52,53,59,64,65,62,58,57,54,47,26,22,33,15,10,7,0
0,0,0,11,43,52,13,12,51,57,59,64,72,83,70,64,62,72,57,41,35,40,14,10,9,6
0,0,0,11,51,57,13,32,52,58,58,64,69,81,73,67,74,72,54,47,45,50,29,10,8,7
0,0,0,11,52,56,51,51,55,60,59,62,71,81,68,67,72,62,54,47,45,51,35,13,9,9
0,0,0,8,53,57,52,52,58,61,60,68,70,70,69,66,66,62,57,44,35,50,28,11,9,7
0,0,0,11,56,66,52,54,63,64,67,72,74,79,75,67,64,74,64,55,51,52,46,17,11,10
0,0,0,11,55,62,58,57,67,66,65,67,74,95,76,65,65,69,68,60,55,55,50,14,12,10
0,0,0,10,54,58,60,59,68,65,60,62,74,94,75,61,63,67,68,58,52,50,25,13,12,10
0,0,0,17,40,52,55,58,66,63,57,61,65,70,62,57,56,61,60,55,46,40,28,24,16,13
0,0,6,13,51,55,57,60,65,63,59,58,66,66,61,60,64,64,65,61,57,52,31,16,16,10
0,0,5,13,40,55,57,58,63,64,61,61,62,61,57,55,60,64,65,63,58,54,37,12,12,9
0,0,0,12,37,55,56,57,60,62,58,55,51,56,53,20,56,62,63,60,58,53,38,12,10,9
0,0,0,13,42,56,56,57,62,60,54,51,54,56,51,14,54,57,63,62,59,54,44,13,10,8
0,0,7,12,46,56,58,56,60,54,51,50,53,54,50,21,52,54,58,62,57,53,39,12,9,7
0,0,0,8,29,58,60,54,55,51,35,13,50,15,31,9,40,50,53,54,60,51,27,10,0,0
0,0,0,0,33,60,60,53,52,51,30,25,14,12,12,0,27,32,50,54,54,53,15,7,7,0
0,0,0,13,50,62,58,54,55,50,27,23,14,13,8,0,13,27,36,50,56,58,35,25,8,0
0,6,13,58,79,87,63,58,57,51,48,41,50,33,12,13,25,38,39,42,55,75,77,54,50,14
7,9,15,36,97,94,64,58,51,42,41,45,50,31,26,49,38,52,45,50,53,79,76,52,38,14
0,8,0,14,61,59,59,55,47,32,12,12,10,47,17,13,53,56,40,17,25,53,58,47,12,7
0,5,8,11,50,54,56,52,32,12,11,11,32,14,13,13,50,55,25,0,11,23,41,13,8,0
0,0,6,10,29,47,42,14,13,9,13,20,37,12,15,12,12,17,14,9,7,13,17,12,7,0
0,0,4,6,13,21,15,10,9,12,9,7,13,15,10,0,0,0,7,6,5,9,10,9,7,0
0,6,5,9,13,20,15,11,11,11,9,8,11,12,9,0,0,7,11,5,7,9,9,9,9,0
0,6,5,0,10,16,12,8,9,7,0,0,5,12,0,0,0,0,9,6,0,0,6,8,9,0
0,0,0,0,9,11,10,0,0,0,0,0,7,0,7,0,5,0,8,0,0,0,7,0,9,0
0,4,9,11,23,56,51,29,53,52,37,54,55,59,64,69,56,52,47,32,12,11,9,0,0,0
5,0,9,13,46,79,79,55,57,52,25,55,64,68,79,74,59,56,53,51,50,13,10,8,0,0
0,5,8,13,51,83,86,57,50,50,53,63,73,78,83,72,57,56,57,54,23,14,14,12,7,0
7,5,5,14,47,53,50,21,65,73,65,75,92,93,94,91,78,69,58,53,50,36,27,12,10,9
5,0,0,31,31,16,53,55,78,94,85,82,93,115,130,105,86,68,58,55,52,50,28,13,0,0
0,0,0,0,11,63,78,57,82,98,73,60,80,95,161,126,70,57,57,56,53,52,25,6,0,0
0,0,0,11,52,61,63,59,68,73,72,75,86,103,107,96,64,53,50,47,23,13,11,8,0,0
0,0,0,12,58,58,43,58,64,77,73,77,79,93,101,89,63,54,51,40,50,42,14,13,0,0
0,0,51,25,73,66,52,57,65,83,76,71,86,101,103,88,64,57,53,50,50,50,41,12,5,0
0,0,50,14,46,58,54,14,58,66,86,82,99,111,108,91,64,57,54,50,51,51,28,12,7,0
0,0,7,14,55,56,11,15,56,69,86,80,94,112,108,80,65,57,52,51,52,51,33,10,0,0
0,0,0,14,54,62,15,40,56,64,70,75,84,88,90,80,62,56,51,50,52,50,32,10,9,0
0,0,8,12,50,57,13,14,52,56,57,65,71,71,73,67,57,54,50,30,45,51,14,7,0,0
0,0,0,0,10,21,0,8,13,36,40,53,55,56,57,51,25,15,11,9,7,8,0,0,0,0
0,0,0,0,31,52,17,10,42,52,53,59,64,65,62,58,56,53,45,26,19,33,15,9,7,0
0,0,0,12,45,52,13,12,51,57,59,65,72,83,70,64,61,72,57,44,32,40,14,10,9,6
0,0,0,11,51,57,13,35,52,58,58,64,68,81,73,66,74,72,54,50,47,50,31,11,8,7
0,0,0,11,52,56,51,51,55,60,59,62,71,80,68,67,72,63,53,50,45,51,33,13,9,8
0,0,0,8,53,57,51,52,58,61,60,68,70,69,69,66,66,62,56,48,33,50,28,11,9,7
0,0,0,11,56,66,52,54,62,64,67,73,74,79,75,67,64,74,64,55,50,52,50,16,11,9
0,0,0,11,56,62,59,57,67,66,65,67,73,95,77,65,65,69,68,60,55,55,50,14,12,9
0,0,0,10,54,58,60,59,68,65,60,62,74,94,75,61,63,67,68,59,52,50,25,13,11,10
0,0,0,16,40,53,55,58,66,62,57,62,65,70,62,58,55,61,60,55,46,40,28,22,16,12
0,0,6,14,51,56,58,60,65,63,59,59,66,66,61,60,65,64,64,61,57,52,33,16,16,10
0,0,5,13,44,55,57,58,63,64,61,61,62,60,57,56,59,64,65,63,58,54,37,12,12,9
0,0,0,11,37,54,56,56,60,61,58,56,51,56,53,20,56,62,63,60,57,52,38,13,10,9
0,0,0,12,42,56,56,56,62,60,54,52,53,56,52,14,54,57,63,62,59,54,44,13,10,8
0,0,7,12,48,56,58,57,60,55,51,50,53,54,50,23,52,54,58,62,57,53,41,11,9,7
0,0,0,8,31,58,61,54,55,51,32,13,50,14,34,9,40,50,53,54,60,51,25,9,0,0
0,0,0,0,33,60,60,53,52,51,30,30,14,12,12,0,25,25,50,54,53,53,15,7,7,0
0,0,0,13,50,62,58,54,56,50,25,25,14,14,8,0,13,27,36,50,56,57,39,23,8,0
0,6,13,58,79,87,63,58,57,51,46,45,50,31,11,14,23,37,39,42,55,75,77,54,50,13
7,9,15,36,97,94,64,58,51,42,38,45,50,30,26,49,37,52,45,51,53,79,76,52,36,14
0,8,0,13,61,58,59,55,47,32,12,13,10,47,17,13,53,56,37,17,27,53,58,47,12,7
0,4,8,10,50,54,55,53,32,12,11,12,27,14,13,13,50,55,25,0,11,23,44,13,8,0
0,0,6,10,29,45,42,14,12,9,13,23,32,12,15,12,12,17,13,10,7,13,17,12,7,0
0,0,4,6,13,21,15,10,9,12,8,8,13,14,10,0,0,0,7,0,6,9,11,9,6,0
0,6,5,9,13,21,16,11,11,11,9,8,11,12,9,0,0,7,11,6,7,9,9,9,9,0
0,6,5,0,10,16,12,8,9,7,0,0,5,11,0,0,0,0,8,6,0,0,6,7,9,0
0,0,0,0,10,11,10,0,0,0,0,0,7,0,7,0,5,0,8,0,0,0,7,0,9,0
0,4,9,11,23,55,50,29,53,52,37,54,56,59,64,69,56,52,47,35,12,11,9,0,0,0
5,0,9,13,46,79,79,55,57,52,25,55,64,68,80,73,59,56,52,50,47,13,10,8,0,0
0,5,8,13,51,83,86,58,50,50,53,63,73,78,84,72,57,56,57,53,21,14,13,12,7,0
7,5,5,14,48,54,50,25,65,73,65,75,93,93,95,91,78,69,57,53,47,36,25,13,10,9
5,0,0,31,29,16,53,56,78,94,85,82,94,115,131,105,86,67,58,55,52,50,26,13,0,0
0,0,0,0,12,63,78,57,82,97,73,60,80,94,162,126,70,57,56,56,52,52,23,6,0,0
0,0,0,11,52,62,64,59,67,72,72,76,86,103,108,96,64,53,50,50,27,13,11,8,0,0
0,0,0,12,58,59,46,59,63,77,73,77,79,92,101,89,63,54,51,37,50,45,14,13,0,0
0,0,50,25,73,66,51,58,64,82,76,70,86,101,103,88,64,57,53,50,50,50,36,11,5,0
0,0,50,14,51,58,55,15,58,66,86,82,99,111,108,90,63,57,54,50,51,51,25,11,7,0
0,0,7,15,55,56,11,15,56,69,86,80,95,112,108,80,65,57,52,51,52,51,30,10,0,0
0,0,0,14,54,63,17,40,56,64,71,76,85,88,90,80,63,56,51,50,52,50,37,10,8,6
0,0,7,12,47,57,14,14,52,56,58,66,71,72,74,67,58,54,50,32,45,51,14,8,0,0
0,0,0,0,9,21,7,7,14,36,41,53,55,56,57,51,23,15,11,9,7,8,0,0,0,0
0,0,0,0,31,52,19,10,43,51,53,59,64,65,62,58,56,53,45,26,19,30,14,9,7,0
0,0,0,12,43,52,13,12,51,57,59,65,73,83,71,63,62,71,57,44,30,40,13,10,9,6
0,0,0,11,51,57,13,32,52,58,58,64,69,82,73,67,73,71,54,47,50,50,29,10,8,7
0,0,0,11,52,56,51,51,55,60,59,62,72,81,68,67,71,63,52,50,47,51,35,13,10,8
0,0,0,7,53,58,52,51,58,61,60,68,70,69,69,66,66,61,56,46,32,50,28,11,9,8
4,0,0,10,56,66,52,54,62,64,67,73,74,79,75,67,64,74,64,55,50,52,48,15,12,9
0,0,0,11,55,62,59,57,66,66,64,68,73,95,77,65,65,68,68,60,55,55,48,14,12,9
0,0,0,10,54,58,60,59,67,65,60,62,74,94,75,61,63,67,68,58,52,50,25,13,11,10
0,0,0,16,40,52,55,57,66,63,57,61,65,70,62,58,55,61,59,55,46,39,28,23,16,12
0,0,6,13,51,56,57,59,65,63,59,59,66,65,61,60,65,64,64,62,56,51,34,17,14,10
0,0,5,13,44,55,57,59,63,64,61,60,62,60,57,56,60,64,65,63,58,53,39,11,12,9
0,0,0,11,39,54,56,56,61,61,58,56,51,56,53,20,57,62,63,60,58,52,34,13,10,10
0,0,0,12,42,56,57,56,62,60,54,52,54,55,52,14,54,57,62,62,58,54,42,13,10,8
0,0,7,12,46,57,58,57,60,55,51,51,53,54,50,23,52,54,57,62,57,53,37,12,9,7
0,0,0,8,31,58,61,54,55,51,30,13,50,17,36,8,42,50,53,54,60,51,21,9,0,0
0,0,0,0,33,60,61,53,52,50,32,32,14,11,13,0,27,27,50,54,53,53,15,7,6,0
0,0,0,13,51,62,58,54,55,50,25,27,14,14,8,0,13,25,31,50,56,57,39,25,8,0
0,6,13,58,79,87,63,58,57,52,46,46,50,28,12,14,23,36,40,42,55,75,77,54,50,13
7,9,15,36,97,94,64,58,51,43,39,45,50,29,26,47,38,51,45,50,53,79,76,52,36,14
0,8,6,13,61,59,59,55,42,35,12,13,10,42,20,13,53,56,37,17,30,54,58,50,12,7
0,4,8,10,50,54,55,53,32,12,11,11,27,14,14,14,50,54,21,0,11,23,41,12,8,0
0,0,6,10,29,47,42,14,12,10,13,23,32,12,15,12,12,14,13,10,7,12,17,11,7,0
0,0,4,6,13,23,15,11,9,12,8,8,13,14,10,0,0,0,7,0,6,9,11,9,6,0
0,6,0,9,13,21,15,11,11,11,9,8,11,12,9,0,0,6,11,6,7,9,9,9,9,0
0,6,5,0,10,17,12,8,9,7,0,0,5,11,0,0,0,0,9,6,0,0,6,7,9,0
0,0,0,0,9,11,10,0,0,0,0,0,7,0,7,0,5,0,8,0,0,0,7,0,9,0
