0,14,20,23,23,14,34,51,5,88,104,114,118,103,77,55,43,12,7,0,13,0,0,0,9,11
12,21,28,13,13,13,19,40,0,107,119,126,126,116,101,61,50,13,8,0,10,7,7,6,8,9
11,14,13,14,13,12,25,51,0,113,123,133,124,119,104,70,56,14,12,0,6,10,10,10,10,8
11,12,13,12,11,9,12,62,14,118,125,127,126,121,108,74,57,17,12,0,0,10,12,10,6,6
11,10,9,10,10,8,12,44,77,112,131,138,126,120,102,73,61,14,10,0,11,8,10,7,6,12
12,10,8,9,0,0,13,53,82,106,121,132,138,124,100,71,57,12,10,0,11,9,9,9,12,14
11,7,12,6,0,0,23,50,65,79,101,108,124,130,107,66,56,25,12,0,12,11,9,10,13,10
11,9,11,0,0,8,8,41,62,81,100,112,122,123,95,67,47,13,9,0,10,9,6,0,11,11
9,9,9,0,0,0,10,14,65,86,84,100,111,116,80,57,31,11,8,0,7,6,0,8,0,5
8,0,9,9,8,0,8,21,72,94,101,92,113,102,78,60,27,8,6,0,0,6,7,0,6,8
6,0,0,0,5,0,10,14,64,80,103,96,102,94,87,61,33,9,0,0,0,0,0,0,8,8
7,6,0,0,0,0,12,15,64,84,99,93,108,111,90,76,37,8,8,0,0,8,6,7,9,7
6,0,8,6,0,0,10,17,72,101,105,103,113,117,104,82,48,10,9,0,10,8,0,8,9,6
10,9,7,0,10,0,15,64,83,104,111,126,146,145,116,100,64,13,12,0,8,9,10,9,6,9
27,16,15,11,10,14,46,72,102,109,116,167,192,174,125,100,70,43,34,0,14,13,13,14,12,14
14,12,13,12,12,12,53,79,96,107,128,164,176,144,129,106,82,61,46,0,33,14,28,14,13,20
25,17,21,25,12,9,64,89,101,112,136,155,174,160,133,117,85,74,54,0,20,12,14,13,17,18
21,31,43,16,29,7,50,68,78,101,133,146,170,155,123,101,88,74,52,0,40,27,21,14,12,14
51,42,50,37,14,7,19,61,85,110,122,132,144,152,115,83,73,57,25,0,14,14,11,6,11,8
54,53,54,43,23,11,50,62,100,118,137,144,157,147,106,82,68,52,20,0,25,19,19,10,9,12
53,46,37,30,38,14,55,78,110,128,129,137,144,143,111,79,59,40,16,0,12,11,15,14,9,8
50,20,30,37,53,28,57,72,112,129,134,142,145,135,110,80,63,12,11,0,15,7,12,13,7,10
33,14,21,40,42,32,56,67,102,122,123,133,130,122,88,63,50,10,6,0,12,10,6,12,9,7
51,23,25,37,42,25,55,66,94,107,115,125,117,109,75,54,34,14,6,0,13,8,9,8,9,11
36,33,31,27,33,19,53,61,87,108,116,115,109,90,63,28,34,9,6,0,11,8,8,10,10,9
39,37,31,26,31,12,53,62,81,96,113,107,97,83,54,15,21,7,7,0,9,10,8,9,12,8
23,25,28,26,27,30,45,61,77,93,98,93,86,67,21,12,13,8,0,0,8,0,7,6,8,10
13,18,25,22,25,27,51,57,74,93,108,91,79,58,32,12,33,13,0,0,9,8,10,10,9,9
12,13,14,14,14,13,25,55,71,91,103,85,74,56,34,12,14,0,0,0,10,9,6,9,10,7
9,12,12,14,17,12,25,53,72,79,89,72,65,56,19,10,12,0,0,0,10,6,7,10,8,7
6,8,11,29,13,11,25,53,62,77,79,69,63,57,19,8,9,5,0,0,8,7,5,6,6,7
8,8,9,12,12,12,29,39,73,76,81,68,63,52,12,12,7,0,0,0,6,9,6,6,5,4
6,0,7,7,14,14,13,47,72,80,79,70,63,51,10,10,8,5,4,0,8,10,9,6,4,7
0,0,0,0,14,12,11,11,61,67,68,59,57,53,10,10,8,0,0,0,8,7,5,5,7,0
0,0,0,0,14,12,14,9,57,69,71,67,58,41,14,8,10,0,0,0,6,0,6,7,6,0
7,0,6,10,10,53,27,10,54,67,75,73,62,32,14,10,10,8,0,0,6,7,8,7,6,0
6,0,6,0,12,54,11,6,55,58,68,66,58,41,15,12,13,5,0,0,0,7,8,10,4,4
0,4,0,0,10,46,10,7,39,66,60,58,55,34,13,12,11,6,0,0,4,7,7,7,7,6
0,5,0,0,10,9,12,0,41,49,58,50,17,35,8,10,10,0,0,0,5,6,4,6,7,4
7,9,7,0,8,8,12,5,34,42,48,22,14,36,10,9,11,0,0,0,9,0,0,0,5,0
0,12,14,13,14,14,31,50,12,88,104,114,119,103,23,54,41,12,6,0,13,0,0,0,9,11
11,13,14,10,11,12,19,40,12,108,120,127,126,116,34,60,50,13,0,0,10,7,7,6,8,9
12,11,13,14,13,13,28,51,13,113,125,134,125,119,47,69,55,14,11,0,6,10,10,9,10,8
11,12,14,12,11,10,12,62,75,118,127,130,127,121,62,72,57,17,11,0,0,10,11,10,6,6
11,10,10,10,10,7,13,50,73,113,132,139,127,120,52,71,60,14,9,0,11,9,10,7,6,12
12,10,8,8,0,0,13,54,78,107,121,133,138,124,59,69,56,12,8,0,11,9,9,9,12,13
11,0,11,6,0,0,23,51,63,80,102,109,123,129,69,66,55,25,11,0,12,11,9,10,13,10
11,9,10,0,0,7,9,50,58,82,100,111,121,123,58,67,43,12,7,0,10,9,6,0,11,11
9,8,8,0,0,0,10,18,61,87,85,100,111,116,44,57,30,11,6,0,7,7,0,8,0,5
8,0,7,8,7,0,8,25,66,95,101,92,112,101,14,59,27,9,0,0,0,6,7,0,6,8
6,0,0,0,0,0,9,14,58,81,102,95,102,94,23,61,32,9,0,0,0,0,0,0,7,8
6,0,0,0,0,0,12,15,58,86,99,93,108,110,15,75,36,7,7,0,0,8,6,7,9,7
6,0,8,0,0,0,10,21,64,101,105,103,113,117,41,83,46,10,8,0,10,8,0,7,9,6
10,8,7,0,9,0,17,64,77,104,111,126,145,145,91,100,64,13,12,0,9,9,10,9,6,9
14,15,14,10,9,14,50,73,101,109,117,165,194,177,102,101,69,43,25,5,14,13,13,14,12,14
14,12,13,10,11,12,56,81,90,108,128,166,179,145,107,106,81,61,37,0,32,14,28,14,13,19
25,16,21,25,11,8,66,91,100,113,137,156,175,160,102,116,83,70,50,5,18,12,14,13,17,17
21,29,43,14,21,7,50,67,75,101,133,146,170,154,92,96,84,72,43,6,36,25,18,13,12,14
51,37,50,35,14,6,14,61,82,110,123,133,144,150,82,77,67,55,14,0,14,14,10,6,10,8
54,53,54,39,19,10,47,62,97,119,137,144,156,146,73,76,64,50,13,0,21,19,17,10,9,12
54,46,34,25,33,13,55,77,109,130,130,137,145,140,77,73,57,27,12,0,11,11,14,14,9,8
50,18,27,35,50,25,58,72,111,130,135,142,144,133,95,74,60,12,9,0,14,8,12,13,7,10
33,14,20,35,35,21,55,67,100,123,124,134,129,120,72,61,41,10,5,0,12,10,6,12,9,7
51,21,22,32,35,20,54,65,92,108,115,126,117,106,61,52,30,14,5,0,13,8,9,8,9,11
33,28,25,21,27,14,53,62,86,110,117,116,108,88,52,26,31,8,5,0,11,8,7,10,10,8
37,30,26,23,28,12,53,63,79,97,114,107,97,81,16,14,19,7,0,0,9,11,8,9,11,8
20,17,22,23,25,27,45,62,75,94,98,94,86,66,9,12,12,8,0,0,8,0,7,6,8,10
13,14,15,15,21,23,51,57,72,94,108,91,79,57,10,12,31,12,0,0,8,8,10,9,9,9
12,12,13,14,14,13,27,55,69,91,103,85,74,56,10,12,14,0,0,0,10,8,6,9,10,7
9,11,12,13,14,11,27,53,71,80,90,72,65,55,7,10,12,0,0,0,10,7,8,10,8,7
7,8,11,14,11,9,26,54,61,78,79,69,63,57,8,8,9,5,0,0,8,7,6,5,6,7
8,8,9,10,10,11,29,44,73,78,81,68,63,52,6,12,7,0,0,0,7,9,6,6,5,4
6,0,7,6,11,12,13,50,70,80,79,69,63,51,0,10,8,5,0,0,8,10,9,6,4,7
0,0,0,0,12,11,11,11,59,68,68,59,57,53,0,10,7,0,0,0,8,7,5,5,7,0
0,0,0,0,11,10,14,9,55,71,71,66,57,39,8,8,10,0,0,0,5,0,6,7,6,0
7,0,0,9,10,38,25,10,52,68,75,72,61,33,9,10,10,8,0,0,6,7,8,6,6,0
6,0,6,0,11,28,11,6,53,59,67,64,58,39,11,12,12,5,0,0,0,7,8,10,4,4
0,4,0,0,8,21,10,8,35,68,59,57,55,32,8,11,11,5,0,0,4,7,7,7,7,6
0,5,0,0,10,8,12,0,36,50,57,48,15,33,0,9,9,0,0,0,5,6,4,6,7,4
7,9,7,0,8,8,11,5,33,42,47,22,14,36,0,9,11,0,0,0,9,0,0,0,5,0
0,9,12,11,13,13,34,52,62,99,108,115,118,101,13,50,39,11,0,6,13,0,0,0,9,11
7,7,12,7,10,12,23,54,86,115,125,129,127,114,14,54,42,12,0,0,10,7,7,6,8,9
10,6,10,13,12,14,40,64,96,122,132,139,126,117,25,63,53,14,0,0,6,10,10,10,10,9
10,11,13,11,10,10,14,75,93,128,134,136,129,120,51,68,55,15,0,5,5,11,12,10,6,6
10,10,10,10,9,6,14,62,90,119,140,144,129,120,44,67,57,13,0,0,11,9,10,7,7,13
12,9,8,7,0,0,14,65,90,111,125,136,142,125,55,64,54,10,0,0,11,9,9,9,12,13
11,0,10,0,0,0,38,59,67,85,108,115,126,128,70,63,54,17,0,6,12,11,9,10,13,11
11,7,9,0,0,7,10,61,65,88,103,113,122,124,58,64,40,12,0,6,11,9,6,0,11,11
9,7,7,0,0,0,11,58,70,94,87,102,111,116,42,56,30,11,0,0,7,7,0,8,0,5
7,0,0,7,0,0,9,59,75,101,103,96,113,102,14,60,28,9,0,0,0,7,7,0,7,8
6,0,0,0,0,0,10,29,66,86,103,98,102,94,27,61,32,9,0,0,0,0,0,0,7,8
6,0,0,0,0,0,12,40,70,96,100,96,109,111,21,75,37,7,0,0,0,8,6,6,9,7
5,0,7,0,0,0,12,52,72,103,105,104,112,116,50,82,47,10,0,6,9,8,0,7,9,7
10,8,7,0,8,0,19,74,85,106,111,125,140,146,100,101,64,12,0,6,9,9,10,9,7,9
14,13,13,8,8,12,51,79,103,111,117,154,195,183,104,101,68,41,0,10,13,13,12,14,12,14
14,11,12,9,10,12,60,89,94,109,127,162,184,146,108,106,79,59,0,10,32,14,27,14,13,19
25,14,18,20,9,8,68,95,100,113,136,154,174,158,101,115,81,68,0,11,20,12,14,13,17,17
20,29,43,11,12,0,47,70,76,102,133,145,167,150,88,92,80,68,4,11,32,15,16,13,12,14
50,27,47,29,11,4,14,61,82,110,122,131,141,145,77,71,61,50,0,6,13,13,10,5,10,7
53,51,52,31,13,8,41,63,97,119,137,143,153,142,70,72,61,42,0,8,15,15,15,9,9,11
55,39,28,15,23,12,54,79,110,130,129,136,143,137,73,69,53,14,0,4,11,11,14,14,9,8
50,14,21,25,42,17,58,74,112,131,135,142,142,130,91,71,58,10,0,0,13,7,11,13,7,10
29,13,14,25,25,13,55,68,101,124,124,133,128,118,70,58,27,9,0,0,10,10,6,12,9,7
51,15,15,22,27,13,54,67,93,109,116,126,116,104,60,50,22,13,0,0,12,7,9,7,9,11
25,14,15,17,19,12,53,63,87,111,117,116,107,87,51,26,23,8,0,0,12,8,7,10,9,8
27,18,13,20,20,11,53,64,80,99,114,108,97,80,13,13,15,6,0,0,9,10,7,8,11,8
14,10,13,16,17,22,45,64,77,96,100,94,85,65,9,11,11,8,0,0,7,0,7,6,8,10
11,11,12,13,15,15,51,59,75,97,109,91,78,57,10,10,28,12,0,7,8,8,10,9,9,9
12,9,10,13,13,13,30,57,71,94,103,85,73,57,10,11,13,0,0,6,10,8,5,9,10,7
8,9,11,11,12,10,27,55,73,82,90,72,65,53,7,10,11,0,0,0,10,7,7,10,8,7
7,7,10,11,8,6,30,57,65,80,79,70,63,57,9,7,8,0,0,0,8,7,6,5,6,7
8,7,9,7,0,7,31,55,80,81,81,68,65,52,8,11,6,0,0,5,7,9,6,5,5,4
6,5,7,0,6,10,13,53,75,82,78,69,62,51,0,10,8,4,0,0,8,10,9,6,4,7
0,0,0,0,8,9,11,12,62,70,67,58,57,53,0,10,6,0,0,0,8,7,5,0,6,0
0,0,0,0,7,6,13,10,58,72,71,65,56,35,8,7,10,0,0,0,5,0,6,6,6,0
6,0,0,8,9,11,17,11,54,69,74,70,62,35,10,9,9,8,0,0,6,7,7,6,5,0
5,0,5,0,9,11,10,7,55,59,67,62,57,37,11,12,12,0,0,0,0,7,8,9,4,4
0,0,0,0,5,11,7,9,39,69,58,56,54,30,9,11,11,5,0,0,4,6,7,7,7,6
0,4,0,0,9,7,10,6,42,51,56,46,14,32,0,9,9,0,0,0,5,6,0,6,7,4
7,8,7,0,7,6,9,7,44,44,45,22,14,35,0,9,10,0,0,0,8,0,0,0,5,0
0,9,12,11,13,13,34,52,62,99,108,115,118,101,13,50,39,11,0,6,13,0,0,0,9,11
7,7,12,7,10,12,23,54,86,115,125,129,127,114,14,54,42,12,0,0,10,7,7,6,8,9
10,6,10,13,12,14,40,64,96,122,132,139,126,117,25,63,53,14,0,0,6,10,10,10,10,9
10,11,13,11,10,10,14,75,93,128,134,136,129,120,51,68,55,15,0,5,5,11,12,10,6,6
10,10,10,10,9,6,14,62,90,119,140,144,129,120,44,67,57,13,0,0,11,9,10,7,7,13
12,9,8,7,0,0,14,65,90,111,125,136,142,125,55,64,54,10,0,0,11,9,9,9,12,13
11,0,10,0,0,0,38,59,67,85,108,115,126,128,70,63,54,17,0,6,12,11,9,10,13,11
11,7,9,0,0,7,10,61,65,88,103,113,122,124,58,64,40,12,0,6,11,9,6,0,11,11
9,7,7,0,0,0,11,58,70,94,87,102,111,116,42,56,30,11,0,0,7,7,0,8,0,5
7,0,0,7,0,0,9,59,75,101,103,96,113,102,14,60,28,9,0,0,0,7,7,0,7,8
6,0,0,0,0,0,10,29,66,86,103,98,102,94,27,61,32,9,0,0,0,0,0,0,7,8
6,0,0,0,0,0,12,40,70,96,100,96,109,111,21,75,37,7,0,0,0,8,6,6,9,7
5,0,7,0,0,0,12,52,72,103,105,104,112,116,50,82,47,10,0,6,9,8,0,7,9,7
10,8,7,0,8,0,19,74,85,106,111,125,140,146,100,101,64,12,0,6,9,9,10,9,7,9
14,13,13,8,8,12,51,79,103,111,117,154,195,183,104,101,68,41,0,10,13,13,12,14,12,14
14,11,12,9,10,12,60,89,94,109,127,162,184,146,108,106,79,59,0,10,32,14,27,14,13,19
25,14,18,20,9,8,68,95,100,113,136,154,174,158,101,115,81,68,0,11,20,12,14,13,17,17
20,29,43,11,12,0,47,70,76,102,133,145,167,150,88,92,80,68,4,11,32,15,16,13,12,14
50,27,47,29,11,4,14,61,82,110,122,131,141,145,77,71,61,50,0,6,13,13,10,5,10,7
53,51,52,31,13,8,41,63,97,119,137,143,153,142,70,72,61,42,0,8,15,15,15,9,9,11
55,39,28,15,23,12,54,79,110,130,129,136,143,137,73,69,53,14,0,4,11,11,14,14,9,8
50,14,21,25,42,17,58,74,112,131,135,142,142,130,91,71,58,10,0,0,13,7,11,13,7,10
29,13,14,25,25,13,55,68,101,124,124,133,128,118,70,58,27,9,0,0,10,10,6,12,9,7
51,15,15,22,27,13,54,67,93,109,116,126,116,104,60,50,22,13,0,0,12,7,9,7,9,11
25,14,15,17,19,12,53,63,87,111,117,116,107,87,51,26,23,8,0,0,12,8,7,10,9,8
27,18,13,20,20,11,53,64,80,99,114,108,97,80,13,13,15,6,0,0,9,10,7,8,11,8
14,10,13,16,17,22,45,64,77,96,100,94,85,65,9,11,11,8,0,0,7,0,7,6,8,10
11,11,12,13,15,15,51,59,75,97,109,91,78,57,10,10,28,12,0,7,8,8,10,9,9,9
12,9,10,13,13,13,30,57,71,94,103,85,73,57,10,11,13,0,0,6,10,8,5,9,10,7
8,9,11,11,12,10,27,55,73,82,90,72,65,53,7,10,11,0,0,0,10,7,7,10,8,7
7,7,10,11,8,6,30,57,65,80,79,70,63,57,9,7,8,0,0,0,8,7,6,5,6,7
8,7,9,7,0,7,31,55,80,81,81,68,65,52,8,11,6,0,0,5,7,9,6,5,5,4
6,5,7,0,6,10,13,53,75,82,78,69,62,51,0,10,8,4,0,0,8,10,9,6,4,7
0,0,0,0,8,9,11,12,62,70,67,58,57,53,0,10,6,0,0,0,8,7,5,0,6,0
0,0,0,0,7,6,13,10,58,72,71,65,56,35,8,7,10,0,0,0,5,0,6,6,6,0
6,0,0,8,9,11,17,11,54,69,74,70,62,35,10,9,9,8,0,0,6,7,7,6,5,0
5,0,5,0,9,11,10,7,55,59,67,62,57,37,11,12,12,0,0,0,0,7,8,9,4,4
0,0,0,0,5,11,7,9,39,69,58,56,54,30,9,11,11,5,0,0,4,6,7,7,7,6
0,4,0,0,9,7,10,6,42,51,56,46,14,32,0,9,9,0,0,0,5,6,0,6,7,4
7,8,7,0,7,6,9,7,44,44,45,22,14,35,0,9,10,0,0,0,8,0,0,0,5,0
0,9,13,11,16,13,40,54,67,102,110,117,117,100,64,50,40,10,0,6,13,0,0,0,9,11
7,7,12,7,11,11,25,60,100,118,127,129,126,113,85,53,42,12,0,0,10,7,7,6,8,9
10,6,10,13,13,14,43,71,101,126,135,140,126,115,98,61,53,14,0,0,6,10,10,10,10,9
10,10,13,12,10,10,18,80,100,132,137,138,129,119,102,67,55,14,0,6,0,11,12,10,6,6
10,9,10,11,10,6,17,67,100,121,141,146,129,120,92,65,56,13,0,0,11,9,10,7,7,12
12,9,8,7,0,0,15,69,97,112,126,137,142,125,90,62,53,9,0,0,11,9,9,9,12,13
11,0,10,5,0,0,47,62,70,86,109,117,126,127,105,62,53,14,0,6,12,11,9,10,13,11
11,7,9,0,0,7,11,65,69,91,105,115,122,124,92,63,40,12,0,6,11,9,7,0,10,11
9,7,6,0,0,0,12,65,77,95,88,103,112,116,77,56,30,11,0,0,7,7,0,8,0,5
7,0,0,6,0,0,10,67,84,102,103,97,114,102,76,61,29,9,0,0,0,7,7,0,7,8
5,0,0,0,0,0,10,52,76,88,104,100,102,96,85,61,31,9,0,0,0,0,0,0,8,8
7,0,0,0,0,0,13,56,80,100,101,98,110,112,90,77,39,7,0,0,6,8,6,6,9,7
5,0,7,0,0,0,14,63,84,105,106,104,113,117,105,85,50,10,0,6,9,8,0,7,9,7
10,8,7,0,7,0,25,80,94,107,112,125,141,148,120,101,65,12,0,7,9,9,10,9,7,9
14,13,13,8,8,12,52,83,105,112,117,148,195,185,128,101,70,43,0,11,13,13,12,14,12,14
14,11,12,8,9,12,62,91,100,109,125,157,186,146,129,106,79,59,7,12,32,14,28,14,13,20
26,14,18,20,9,8,70,97,102,113,134,152,171,157,130,115,83,69,6,13,21,12,14,13,17,17
25,29,43,11,9,0,46,71,77,101,131,143,162,148,117,93,80,67,7,12,30,14,15,13,12,14
50,27,47,29,10,0,14,62,83,109,121,130,138,142,107,73,65,46,0,8,12,12,10,4,10,7
54,51,52,31,11,8,41,64,100,119,136,141,148,140,100,76,64,40,0,10,14,14,15,9,9,11
57,39,31,15,21,12,55,80,111,130,128,136,140,136,104,74,54,13,0,8,11,10,13,14,9,8
50,14,21,27,39,17,59,75,113,130,134,141,141,131,105,76,59,10,0,0,13,7,10,13,7,10
41,13,14,25,22,13,55,68,103,123,123,132,127,119,83,60,27,8,0,0,9,10,6,11,9,7
52,17,14,17,22,13,54,68,94,109,115,125,116,105,72,51,20,13,0,0,11,7,9,8,9,11
20,14,14,17,15,11,53,63,88,110,116,115,107,88,60,30,21,7,0,0,12,7,6,10,9,8
23,14,12,18,19,11,53,64,81,98,113,107,96,81,47,12,17,0,0,0,8,10,7,8,11,8
13,8,12,14,14,20,45,65,79,96,99,94,85,66,15,10,10,8,0,0,0,0,7,6,8,9
10,9,11,13,14,14,51,60,77,97,109,91,78,58,29,10,28,12,0,6,8,7,10,9,8,9
11,7,8,12,13,13,32,59,74,94,103,85,73,58,22,11,12,0,0,6,10,8,5,9,10,7
8,8,10,10,12,10,32,56,76,83,89,72,66,53,15,10,11,0,0,0,10,7,7,10,8,7
6,6,9,8,6,5,32,59,70,80,78,69,63,57,20,7,8,0,0,0,8,7,5,5,5,7
8,7,8,0,0,5,34,60,86,82,80,68,65,53,17,10,7,0,0,5,7,9,6,5,5,4
6,6,6,0,0,9,13,55,79,82,77,69,63,51,12,10,8,4,0,0,8,10,9,5,4,7
0,0,0,0,6,7,11,13,66,72,67,58,57,53,9,9,6,0,0,0,8,7,5,0,6,0
0,0,0,0,0,0,13,10,63,74,70,65,55,35,13,8,10,0,0,0,5,0,6,6,6,0
6,0,0,8,8,7,16,11,58,71,73,70,62,41,13,9,10,8,0,0,5,7,7,6,5,0
5,0,5,0,7,9,9,8,60,60,66,61,57,41,14,12,12,0,0,0,0,7,7,9,4,4
0,0,0,0,0,9,6,10,46,68,56,56,54,30,13,11,11,5,0,0,4,6,7,7,7,6
0,4,0,0,8,5,9,8,50,51,55,44,14,32,8,9,10,0,0,0,4,6,0,6,7,4
7,8,7,0,7,6,8,8,51,45,42,22,14,35,9,9,11,0,0,0,8,0,0,0,5,0
0,9,13,11,16,13,40,54,67,102,110,117,117,100,64,50,40,10,0,6,13,0,0,0,9,11
7,7,12,7,11,11,25,60,100,118,127,129,126,113,85,53,42,12,0,0,10,7,7,6,8,9
10,6,10,13,13,14,43,71,101,126,135,140,126,115,98,61,53,14,0,0,6,10,10,10,10,9
10,10,13,12,10,10,18,80,100,132,137,138,129,119,102,67,55,14,0,6,0,11,12,10,6,6
10,9,10,11,10,6,17,67,100,121,141,146,129,120,92,65,56,13,0,0,11,9,10,7,7,12
12,9,8,7,0,0,15,69,97,112,126,137,142,125,90,62,53,9,0,0,11,9,9,9,12,13
11,0,10,5,0,0,47,62,70,86,109,117,126,127,105,62,53,14,0,6,12,11,9,10,13,11
11,7,9,0,0,7,11,65,69,91,105,115,122,124,92,63,40,12,0,6,11,9,7,0,10,11
9,7,6,0,0,0,12,65,77,95,88,103,112,116,77,56,30,11,0,0,7,7,0,8,0,5
7,0,0,6,0,0,10,67,84,102,103,97,114,102,76,61,29,9,0,0,0,7,7,0,7,8
5,0,0,0,0,0,10,52,76,88,104,100,102,96,85,61,31,9,0,0,0,0,0,0,8,8
7,0,0,0,0,0,13,56,80,100,101,98,110,112,90,77,39,7,0,0,6,8,6,6,9,7
5,0,7,0,0,0,14,63,84,105,106,104,113,117,105,85,50,10,0,6,9,8,0,7,9,7
10,8,7,0,7,0,25,80,94,107,112,125,141,148,120,101,65,12,0,7,9,9,10,9,7,9
14,13,13,8,8,12,52,83,105,112,117,148,195,185,128,101,70,43,0,11,13,13,12,14,12,14
14,11,12,8,9,12,62,91,100,109,125,157,186,146,129,106,79,59,7,12,32,14,28,14,13,20
26,14,18,20,9,8,70,97,102,113,134,152,171,157,130,115,83,69,6,13,21,12,14,13,17,17
25,29,43,11,9,0,46,71,77,101,131,143,162,148,117,93,80,67,7,12,30,14,15,13,12,14
50,27,47,29,10,0,14,62,83,109,121,130,138,142,107,73,65,46,0,8,12,12,10,4,10,7
54,51,52,31,11,8,41,64,100,119,136,141,148,140,100,76,64,40,0,10,14,14,15,9,9,11
57,39,31,15,21,12,55,80,111,130,128,136,140,136,104,74,54,13,0,8,11,10,13,14,9,8
50,14,21,27,39,17,59,75,113,130,134,141,141,131,105,76,59,10,0,0,13,7,10,13,7,10
41,13,14,25,22,13,55,68,103,123,123,132,127,119,83,60,27,8,0,0,9,10,6,11,9,7
52,17,14,17,22,13,54,68,94,109,115,125,116,105,72,51,20,13,0,0,11,7,9,8,9,11
20,14,14,17,15,11,53,63,88,110,116,115,107,88,60,30,21,7,0,0,12,7,6,10,9,8
23,14,12,18,19,11,53,64,81,98,113,107,96,81,47,12,17,0,0,0,8,10,7,8,11,8
13,8,12,14,14,20,45,65,79,96,99,94,85,66,15,10,10,8,0,0,0,0,7,6,8,9
10,9,11,13,14,14,51,60,77,97,109,91,78,58,29,10,28,12,0,6,8,7,10,9,8,9
11,7,8,12,13,13,32,59,74,94,103,85,73,58,22,11,12,0,0,6,10,8,5,9,10,7
8,8,10,10,12,10,32,56,76,83,89,72,66,53,15,10,11,0,0,0,10,7,7,10,8,7
6,6,9,8,6,5,32,59,70,80,78,69,63,57,20,7,8,0,0,0,8,7,5,5,5,7
8,7,8,0,0,5,34,60,86,82,80,68,65,53,17,10,7,0,0,5,7,9,6,5,5,4
6,6,6,0,0,9,13,55,79,82,77,69,63,51,12,10,8,4,0,0,8,10,9,5,4,7
0,0,0,0,6,7,11,13,66,72,67,58,57,53,9,9,6,0,0,0,8,7,5,0,6,0
0,0,0,0,0,0,13,10,63,74,70,65,55,35,13,8,10,0,0,0,5,0,6,6,6,0
6,0,0,8,8,7,16,11,58,71,73,70,62,41,13,9,10,8,0,0,5,7,7,6,5,0
5,0,5,0,7,9,9,8,60,60,66,61,57,41,14,12,12,0,0,0,0,7,7,9,4,4
0,0,0,0,0,9,6,10,46,68,56,56,54,30,13,11,11,5,0,0,4,6,7,7,7,6
0,4,0,0,8,5,9,8,50,51,55,44,14,32,8,9,10,0,0,0,4,6,0,6,7,4
7,8,7,0,7,6,8,8,51,45,42,22,14,35,9,9,11,0,0,0,8,0,0,0,5,0
0,9,12,11,14,13,40,54,69,101,109,116,116,100,65,45,35,10,9,6,13,0,0,0,9,11
7,7,12,7,11,11,23,58,100,116,125,128,125,113,85,52,37,12,8,0,10,6,7,5,8,8
9,6,10,13,13,14,43,70,102,125,133,139,126,116,100,61,52,13,12,0,0,10,10,9,10,8
10,10,13,12,10,10,15,79,101,130,136,137,129,119,102,65,54,14,12,6,0,10,12,10,6,6
10,9,10,11,10,6,19,68,101,121,140,145,129,119,91,65,55,13,10,0,10,9,10,7,7,12
12,9,8,7,0,0,15,70,101,112,125,138,142,124,90,62,53,9,10,0,10,9,9,9,12,13
11,0,10,5,0,0,45,63,72,87,109,116,125,128,104,61,52,13,14,6,12,10,9,10,13,11
11,7,10,0,0,6,11,64,72,91,105,114,122,123,89,62,40,12,9,6,11,9,6,0,11,11
9,7,6,0,0,0,12,64,80,94,89,103,112,116,76,55,29,10,9,0,7,7,0,8,0,5
7,0,6,8,0,0,10,65,89,102,103,96,114,102,75,59,29,9,8,0,0,7,8,0,7,8
6,0,0,0,0,0,10,45,79,88,104,100,102,96,83,60,30,9,0,0,0,0,0,0,8,8
7,0,0,0,0,0,12,53,84,100,101,98,109,112,89,75,39,8,9,0,6,8,6,7,10,7
5,0,6,0,0,0,13,63,87,105,106,104,113,117,104,84,48,10,11,6,10,7,0,8,9,7
10,8,7,0,7,0,25,80,100,107,112,125,141,148,120,101,64,13,14,7,9,9,10,9,7,9
14,13,13,8,8,12,54,83,106,112,117,149,197,185,128,101,69,43,50,12,13,13,13,14,12,14
14,12,12,8,9,13,62,90,101,109,125,161,187,147,130,106,78,58,55,13,32,14,29,14,13,22
26,15,18,22,9,8,70,98,103,113,134,153,172,158,130,112,79,67,59,13,21,12,14,13,17,17
28,31,43,11,9,0,46,71,80,101,131,143,163,148,115,86,75,64,52,12,28,14,14,13,12,13
51,30,47,31,9,4,14,62,85,109,121,130,138,142,105,69,61,46,19,8,12,12,10,5,10,7
54,51,52,31,11,8,41,64,101,119,136,141,148,140,98,73,62,39,25,10,15,15,16,9,9,12
57,46,28,17,23,12,55,80,112,130,129,136,140,136,103,73,54,13,14,8,11,11,14,14,9,8
51,15,21,30,39,20,59,75,113,130,134,141,140,130,104,74,58,10,12,0,13,7,11,13,6,10
45,14,14,22,22,13,55,68,104,124,123,132,127,118,81,60,27,8,6,0,9,10,6,11,9,7
52,21,14,15,22,13,54,68,96,109,115,125,115,104,71,50,20,13,7,0,11,7,9,7,9,11
22,14,14,19,15,11,53,63,89,111,117,115,107,87,59,26,19,7,8,0,12,7,7,10,9,8
23,14,12,18,19,11,53,64,82,98,113,107,96,80,41,12,15,0,8,0,8,10,7,8,11,8
13,8,12,14,14,20,45,65,80,97,99,93,85,65,14,10,11,8,6,0,0,0,7,6,8,9
10,9,11,13,14,14,50,60,78,97,108,91,78,58,25,10,28,12,7,7,8,7,10,9,8,9
11,7,8,12,13,13,30,58,75,94,103,84,73,57,15,11,12,0,4,6,10,8,5,9,10,7
8,8,10,10,12,10,32,56,77,83,89,71,66,53,14,10,11,0,0,0,10,6,7,9,8,7
6,6,10,8,6,5,32,59,71,80,78,69,63,57,16,7,8,0,0,0,8,7,5,5,6,7
8,7,8,0,0,5,34,60,87,82,80,68,65,52,14,10,7,0,4,5,7,8,6,5,5,4
6,5,6,0,0,9,13,56,81,82,77,68,62,52,11,10,8,4,6,0,8,10,9,6,4,7
0,0,0,0,6,7,11,13,68,72,66,58,57,53,8,9,6,0,0,0,8,7,5,4,6,0
0,0,0,0,0,0,13,10,64,75,69,64,54,33,12,7,9,0,0,0,5,0,6,6,6,0
6,0,0,7,7,7,15,11,59,71,73,70,62,37,13,9,10,8,0,0,5,7,7,6,5,0
5,0,5,0,7,8,9,8,62,61,66,61,57,39,14,12,12,0,0,0,0,7,7,9,4,4
0,0,0,0,0,9,5,10,50,69,57,56,54,30,13,11,11,5,0,0,4,6,7,7,7,6
0,4,0,0,8,5,8,9,54,51,56,42,14,32,8,9,10,0,0,0,4,6,0,6,7,4
7,8,7,0,7,6,7,10,54,45,43,22,14,35,9,9,11,0,0,0,9,0,0,0,5,0
0,8,12,11,14,13,40,54,69,101,109,116,116,100,65,45,35,10,9,6,13,0,0,0,9,11
7,7,12,6,11,11,23,58,100,116,125,128,125,113,85,52,37,12,8,0,10,6,7,5,8,8
10,5,10,13,13,14,43,70,102,125,133,139,126,116,100,61,52,13,12,0,0,10,10,9,10,8
10,10,12,11,10,10,15,79,101,130,136,137,129,119,102,65,54,14,12,6,0,10,12,10,6,6
10,10,10,11,10,6,19,68,101,121,140,145,129,119,91,65,55,13,10,0,10,9,10,7,7,12
12,9,8,7,0,0,15,70,101,112,125,138,142,124,90,62,53,9,10,0,10,9,9,9,12,13
11,0,10,5,0,0,45,63,72,87,109,116,125,128,104,61,52,13,14,6,12,10,9,10,13,11
11,7,10,0,0,6,11,64,72,91,105,114,122,123,89,62,40,12,9,6,11,9,6,0,11,11
9,7,6,0,0,0,12,64,80,94,89,103,112,116,76,55,29,10,9,0,7,7,0,8,0,5
7,0,7,8,0,0,10,65,89,102,103,96,114,102,75,59,29,9,8,0,0,7,8,0,7,8
6,0,0,0,0,0,10,45,79,88,104,100,102,96,83,60,30,9,0,0,0,0,0,0,8,8
7,0,0,0,0,0,12,53,84,100,101,98,109,112,89,75,39,8,9,0,6,8,6,7,10,7
6,0,6,0,0,0,13,63,87,105,106,104,113,117,104,84,48,10,11,6,10,7,0,8,9,7
10,8,7,0,7,0,25,80,100,107,112,125,141,148,120,101,64,13,14,7,9,9,10,9,7,9
14,13,13,9,8,12,54,83,106,112,117,149,197,185,128,101,69,43,50,12,13,13,13,14,12,14
14,12,12,8,9,13,62,90,101,109,125,161,187,147,130,106,78,58,55,13,32,14,29,14,13,22
26,15,18,25,9,8,70,98,103,113,134,153,172,158,130,112,79,67,59,13,21,12,14,13,17,17
25,31,43,12,9,0,46,71,80,101,131,143,163,148,115,86,75,64,52,12,28,14,14,13,12,13
51,30,47,31,9,4,14,62,85,109,121,130,138,142,105,69,61,46,19,8,12,12,10,5,10,7
54,51,52,33,11,8,41,64,101,119,136,141,148,140,98,73,62,39,25,10,15,15,16,9,9,12
57,46,28,20,23,12,55,80,112,130,129,136,140,136,103,73,54,13,14,8,11,11,14,14,9,8
51,16,23,27,39,20,59,75,113,130,134,141,140,130,104,74,58,10,12,0,13,7,11,13,6,10
45,14,15,25,22,13,55,68,104,124,123,132,127,118,81,60,27,8,6,0,9,10,6,11,9,7
52,19,14,17,22,13,54,68,96,109,115,125,115,104,71,50,20,13,7,0,11,7,9,7,9,11
22,14,14,19,15,11,53,63,89,111,117,115,107,87,59,26,19,7,8,0,12,7,7,10,9,8
23,14,12,18,19,11,53,64,82,98,113,107,96,80,41,12,15,0,8,0,8,10,7,8,11,8
13,8,12,14,14,20,45,65,80,97,99,93,85,65,14,10,11,8,6,0,0,0,7,6,8,9
10,9,11,13,14,14,50,60,78,97,108,91,78,58,25,10,28,12,7,7,8,7,10,9,8,9
12,7,8,12,13,13,30,58,75,94,103,84,73,57,15,11,12,0,4,6,10,8,5,9,10,7
8,8,10,10,12,10,32,56,77,83,89,71,66,53,14,10,11,0,0,0,10,6,7,9,8,7
6,6,10,8,6,5,32,59,71,80,78,69,63,57,16,7,8,0,0,0,8,7,5,5,6,7
8,7,8,0,0,5,34,60,87,82,80,68,65,52,14,10,7,0,4,5,7,8,6,5,5,4
6,6,6,0,0,9,13,56,81,82,77,68,62,52,11,10,8,4,6,0,8,10,9,6,4,7
0,0,0,0,6,7,11,13,68,72,66,58,57,53,8,9,6,0,0,0,8,7,5,4,6,0
0,0,0,0,0,0,13,10,64,75,69,64,54,33,12,7,9,0,0,0,5,0,6,6,6,0
6,0,0,7,7,7,15,11,59,71,73,70,62,37,13,9,10,8,0,0,5,7,7,6,5,0
5,0,5,0,7,8,9,8,62,61,66,61,57,39,14,12,12,0,0,0,0,7,7,9,4,4
0,0,0,0,0,9,5,10,50,69,57,56,54,30,13,11,11,5,0,0,4,6,7,7,7,6
0,4,0,0,8,5,8,9,54,51,56,42,14,32,8,9,10,0,0,0,4,6,0,6,7,4
7,8,7,0,7,6,7,10,54,45,43,22,14,35,9,9,11,0,0,0,9,0,0,0,5,0
0,8,11,10,12,13,34,53,67,95,105,112,114,99,71,45,33,9,8,7,13,0,0,0,8,11
7,7,12,5,9,10,19,53,93,111,121,125,124,113,95,52,32,11,7,0,10,6,6,5,7,8
9,5,9,13,13,13,40,65,102,122,129,137,125,117,103,62,52,13,12,0,0,10,10,9,10,8
9,10,12,11,10,9,14,77,101,128,134,135,129,121,105,68,54,13,12,7,0,10,12,10,6,6
10,10,10,11,9,6,17,70,102,120,139,144,129,120,100,66,55,13,10,0,10,9,10,7,7,12
12,9,8,7,0,0,14,70,103,112,125,137,141,124,95,62,53,9,10,0,10,9,9,9,12,13
11,0,10,6,0,0,38,62,73,86,107,113,124,129,107,61,52,13,14,7,12,10,9,10,13,10
11,7,10,0,0,6,10,63,73,89,103,113,123,123,93,62,39,11,9,7,11,9,6,0,11,11
9,7,6,0,0,0,12,60,81,94,89,102,112,116,79,55,29,10,9,0,7,7,0,8,0,5
7,0,7,9,5,0,9,62,90,101,103,96,114,102,80,59,28,9,9,0,0,7,8,0,7,8
6,0,0,0,0,0,9,33,82,88,104,99,102,95,86,59,30,8,0,0,0,0,0,0,8,8
7,0,0,0,0,0,12,46,85,100,101,98,109,112,94,74,40,8,9,4,7,8,6,7,10,7
6,0,6,0,0,0,12,61,90,105,106,104,113,118,106,82,48,9,11,8,10,7,0,8,9,6
10,8,7,0,7,0,23,78,100,107,112,125,143,149,122,101,66,13,14,7,9,9,10,9,7,9
27,13,13,9,8,12,55,83,106,112,117,155,201,188,131,101,69,41,51,12,14,13,13,15,12,14
14,12,12,8,10,13,61,90,102,110,127,166,187,148,132,105,77,57,57,14,32,15,29,14,13,20
25,14,20,27,10,8,69,98,104,113,136,156,174,159,131,109,75,64,59,15,23,12,13,13,17,17
25,31,43,12,8,0,47,70,81,101,132,144,165,149,115,80,72,61,52,12,28,14,14,13,12,13
51,27,50,33,8,5,19,62,88,110,121,130,138,142,105,65,58,44,21,9,12,12,10,5,10,7
54,51,52,33,11,8,50,64,103,119,137,141,148,139,100,71,61,38,27,12,17,17,16,9,9,12
57,46,28,22,23,12,54,80,113,130,129,136,141,135,104,71,54,13,14,9,11,11,14,14,9,8
51,18,23,30,39,20,59,75,114,130,135,141,141,130,105,73,58,9,13,0,13,7,11,13,7,10
41,14,15,22,22,13,55,68,105,124,123,132,127,117,83,58,27,7,7,0,9,10,6,12,9,7
52,19,14,17,22,13,54,68,97,109,115,125,116,103,71,50,20,13,8,5,12,7,9,7,9,10
22,14,14,19,15,11,53,63,91,111,117,115,106,86,60,23,19,7,7,0,12,8,7,10,9,8
22,14,12,18,17,11,53,64,83,98,114,106,95,78,50,12,14,0,7,0,8,10,7,8,11,8
12,7,12,14,14,20,45,65,81,97,100,93,84,65,14,10,11,7,6,0,7,0,7,6,9,9
10,9,11,13,14,14,50,60,79,97,108,90,77,57,25,10,28,11,7,7,8,8,10,9,8,8
11,7,8,12,13,13,27,58,75,94,102,84,73,56,25,11,12,0,0,6,10,8,5,9,10,7
8,8,10,10,12,10,30,56,78,82,89,71,65,53,23,10,11,0,0,0,9,6,7,9,8,7
6,6,10,8,6,4,31,59,71,80,78,69,63,57,23,7,8,0,0,0,8,7,5,5,5,7
8,7,8,0,0,5,34,60,87,82,80,68,64,52,21,11,6,0,4,5,7,8,6,6,5,4
6,5,6,0,0,9,13,55,83,82,77,68,62,51,12,10,8,4,6,0,8,10,9,6,4,7
0,0,0,0,6,7,11,12,69,72,65,57,57,53,10,9,6,0,0,0,8,7,5,4,6,0
0,0,0,0,0,0,12,10,64,75,70,64,54,32,13,7,10,0,4,0,5,0,6,6,6,0
6,0,0,7,6,7,14,11,60,71,73,70,61,37,13,9,9,7,0,0,5,7,7,6,5,0
5,0,5,0,6,8,9,8,63,61,65,61,58,41,14,12,12,0,0,0,0,7,8,9,4,4
0,0,0,0,0,9,5,10,51,68,57,56,54,32,13,11,11,4,0,0,4,6,7,7,7,6
0,4,0,0,8,5,8,9,55,51,56,44,14,32,8,9,9,0,0,0,4,6,0,6,7,4
7,8,7,0,7,6,7,10,55,45,43,22,14,36,9,9,11,0,0,0,8,0,0,0,5,0
0,7,10,10,12,12,31,53,66,90,102,111,114,100,72,48,34,10,9,7,13,0,0,0,8,11
7,6,12,0,8,10,17,51,86,109,119,123,123,113,97,54,33,11,8,0,10,6,7,5,8,8
10,5,10,13,12,13,37,62,101,120,128,136,125,118,103,64,52,13,12,0,0,10,10,9,10,8
9,10,12,10,10,9,14,76,101,127,133,134,129,121,105,69,54,13,12,7,0,10,12,10,6,6
10,10,10,10,9,6,17,70,102,120,138,143,129,120,100,67,56,13,10,0,10,9,10,7,7,12
12,9,8,7,0,0,14,71,104,112,125,137,141,124,95,63,54,9,10,5,10,9,9,9,12,13
11,0,11,6,0,0,36,62,73,86,106,112,124,129,107,61,53,14,14,7,12,11,9,10,13,11
11,7,10,0,0,6,10,62,72,88,103,113,123,123,93,62,40,11,9,7,11,9,6,0,11,11
9,7,6,0,0,0,11,59,80,93,89,102,112,116,79,55,29,10,9,0,7,7,0,8,0,5
7,0,7,9,5,0,8,59,90,101,103,96,114,102,80,59,28,9,9,0,0,7,8,0,7,8
6,0,0,0,0,0,9,25,80,87,104,99,102,96,87,59,30,8,0,0,0,0,0,0,8,8
7,0,0,0,0,0,12,40,84,100,101,98,109,112,94,74,41,8,10,5,7,8,6,7,10,7
6,0,7,0,0,0,12,58,88,105,106,104,114,118,106,83,50,10,11,9,10,7,0,8,10,7
10,8,7,0,7,0,23,78,100,107,112,126,145,151,123,101,66,13,14,7,9,9,10,9,7,9
29,13,14,9,9,13,54,83,106,112,118,157,205,190,131,101,70,45,52,13,14,13,13,15,12,14
14,12,12,8,10,14,61,90,102,109,127,168,187,148,132,106,77,59,57,15,32,15,29,14,13,22
27,14,20,29,11,8,69,97,104,113,136,156,174,159,131,109,75,65,60,16,25,12,13,13,17,17
25,31,45,12,8,0,47,70,81,101,132,144,166,149,115,81,72,62,52,13,26,14,14,13,12,13
51,30,50,35,8,5,19,62,88,110,121,130,139,142,105,65,59,46,23,9,12,12,10,5,10,7
54,52,53,31,11,9,50,64,103,119,137,142,149,140,100,72,61,40,28,12,17,17,16,10,9,12
57,50,31,25,23,12,53,80,113,130,130,136,141,136,104,71,54,13,14,9,11,11,14,14,9,8
51,20,25,27,39,20,58,75,115,130,135,141,141,130,105,73,58,10,13,0,13,7,11,13,7,10
45,14,16,25,22,13,55,68,105,124,123,132,127,117,83,59,27,8,7,0,9,10,6,12,9,7
52,19,14,17,22,13,54,68,97,109,115,125,116,103,72,50,20,13,8,6,12,7,9,8,9,11
23,14,14,19,14,11,53,63,91,111,117,115,107,86,60,23,19,7,7,0,12,8,7,10,9,8
23,14,12,18,17,11,52,64,84,99,114,106,96,78,50,12,14,0,8,4,8,10,7,8,11,8
13,7,12,14,14,20,44,64,81,97,99,93,84,65,14,10,11,8,6,0,7,0,7,6,9,9
10,9,11,13,14,14,50,60,79,97,108,90,78,57,25,10,28,12,7,7,8,8,10,9,8,8
11,7,8,12,13,13,27,58,75,94,102,84,73,56,25,11,12,0,0,7,10,8,5,9,10,7
8,8,10,10,12,10,30,56,78,82,88,71,66,54,25,10,11,0,0,0,9,6,7,10,8,7
6,6,10,8,6,4,31,59,71,80,78,69,63,57,23,7,8,0,0,0,8,7,5,5,6,7
8,7,9,0,0,5,34,60,87,82,80,68,65,53,21,11,6,0,4,6,7,9,6,5,6,4
6,5,6,0,0,9,13,55,82,82,77,68,63,51,13,10,8,4,6,0,8,10,9,6,4,7
0,0,0,0,6,7,11,12,69,71,65,57,57,53,10,9,6,0,0,0,8,7,5,4,6,0
0,0,0,0,0,0,12,10,64,75,70,64,55,32,13,7,10,0,4,0,5,0,6,6,6,0
6,0,0,7,6,7,14,11,60,71,73,70,62,39,14,9,9,8,0,0,5,7,7,6,5,0
5,0,0,0,6,8,9,8,63,61,66,61,58,41,14,12,12,0,0,0,0,7,8,9,4,4
0,0,0,0,0,9,5,10,51,68,57,56,54,32,13,11,11,5,0,0,4,6,7,7,7,6
0,4,0,0,8,5,7,9,55,51,56,42,14,33,8,9,10,0,0,0,4,6,0,6,7,4
7,8,8,0,7,6,7,10,55,45,44,22,14,36,9,9,11,0,0,0,8,0,0,0,5,0
0,7,10,10,12,13,31,53,66,89,102,110,113,99,72,48,34,10,9,7,13,0,0,0,8,11
7,0,12,0,8,10,19,51,87,109,120,123,123,113,97,54,33,11,8,0,10,6,7,5,7,8
10,5,10,13,13,13,37,62,101,121,128,136,125,118,103,64,52,13,12,0,0,10,10,9,10,8
9,10,12,10,10,10,14,77,101,128,133,134,129,121,106,70,54,13,12,8,0,10,12,10,6,6
10,10,10,10,9,6,19,70,102,120,139,144,129,120,100,67,56,13,10,0,11,9,10,7,7,13
12,9,8,7,0,0,14,72,104,112,125,137,141,124,96,63,54,10,10,5,11,9,9,9,12,13
12,0,11,6,0,0,36,62,73,86,106,112,124,130,107,61,53,14,14,7,12,11,9,10,13,11
11,7,10,0,0,6,10,62,73,88,102,113,123,123,93,62,39,12,9,7,11,9,6,0,11,11
9,7,6,0,0,0,11,59,80,92,89,102,112,116,79,55,29,10,9,0,7,7,0,8,0,5
7,0,7,9,5,0,8,59,90,101,103,96,114,102,80,59,28,9,9,0,0,7,8,0,7,8
6,0,0,0,0,0,9,29,80,87,103,99,102,95,87,59,30,8,0,0,0,0,0,4,8,8
7,0,0,0,0,0,12,40,84,100,100,98,109,112,93,74,40,8,10,5,7,8,6,7,10,7
6,0,6,0,0,0,12,59,88,105,106,104,114,118,106,83,50,10,11,9,10,7,0,8,9,7
10,8,7,0,7,0,23,78,100,107,112,126,145,151,123,101,66,13,14,7,9,9,10,9,7,9
31,13,14,9,9,12,54,83,106,112,117,157,206,190,131,101,70,43,52,13,14,13,13,15,12,14
25,12,12,8,10,14,60,91,102,109,127,168,188,148,132,106,77,59,58,15,32,15,28,14,13,22
26,14,20,31,11,8,68,98,104,113,136,156,175,159,132,109,76,65,60,18,26,12,13,13,17,17
28,31,45,12,7,0,47,70,81,101,132,144,166,149,116,81,72,63,52,13,28,14,14,13,12,14
51,30,47,33,8,6,19,62,88,110,121,130,138,142,105,66,59,48,25,10,12,12,10,5,10,7
54,51,53,31,11,9,50,64,103,119,137,142,149,140,100,72,62,40,28,12,17,17,15,10,9,12
57,50,34,27,23,12,54,81,114,130,129,136,141,135,104,72,55,13,14,9,11,11,14,14,9,8
52,18,25,27,39,20,58,75,115,130,135,141,141,130,106,74,58,10,12,6,13,7,11,13,7,10
50,14,16,25,22,13,55,69,105,124,123,132,127,117,83,59,27,8,7,0,9,10,6,12,9,7
52,21,14,20,22,13,54,68,97,109,115,125,116,103,72,50,20,13,8,6,12,7,9,8,9,11
25,14,14,19,14,11,53,64,91,111,117,115,107,87,60,25,19,7,7,0,12,7,7,10,9,8
23,14,12,18,19,11,52,64,84,99,114,106,96,78,50,12,14,0,8,5,8,11,7,8,11,8
13,7,12,14,14,20,45,64,81,97,99,93,84,65,14,10,11,8,6,5,7,0,7,6,9,9
10,9,11,13,14,14,50,60,79,97,108,90,77,57,25,10,29,12,7,8,8,8,10,9,8,8
12,7,8,12,13,13,30,58,75,94,102,83,73,56,25,11,13,0,0,7,10,8,5,9,10,7
8,8,10,10,12,11,30,56,78,82,88,71,66,54,25,10,11,0,0,0,10,6,7,10,8,7
6,6,10,8,6,4,32,59,71,79,78,69,63,57,25,7,8,0,0,0,8,7,5,5,6,7
9,7,8,0,0,6,34,60,87,82,80,68,64,53,21,11,6,0,4,6,7,9,6,6,5,4
6,5,6,0,0,9,13,55,82,82,77,68,62,51,13,10,8,4,6,0,8,10,9,6,4,7
0,0,0,0,6,7,11,12,69,72,65,57,57,53,10,9,6,0,0,0,8,7,5,4,6,0
0,0,0,0,0,0,12,10,65,75,70,64,54,32,13,7,10,0,4,0,5,0,6,6,6,0
6,0,0,7,0,7,14,11,60,71,73,70,62,39,14,9,9,8,0,0,5,7,7,6,5,0
5,0,0,0,6,8,9,8,63,61,66,61,57,41,14,12,12,0,0,0,0,7,8,9,4,4
0,0,0,0,0,9,5,10,51,68,57,56,54,32,13,11,11,4,0,0,4,6,7,7,7,6
0,4,0,0,8,5,7,9,55,51,56,42,14,35,8,9,10,0,0,5,4,6,0,6,7,4
7,8,8,0,7,6,7,10,55,46,44,22,14,36,9,9,11,0,0,0,8,0,0,0,5,0
0,7,10,10,12,13,31,53,66,90,102,110,113,99,72,48,34,9,8,7,13,0,0,0,9,10
7,0,12,0,8,11,19,51,89,109,120,122,123,113,97,54,33,11,8,0,10,6,7,5,7,8
9,5,10,13,13,13,37,62,101,121,128,136,124,118,103,64,53,13,12,0,0,10,10,9,10,8
9,10,12,10,10,9,14,77,101,128,134,134,128,121,106,69,55,13,12,8,0,10,12,10,6,6
10,10,10,10,9,6,19,70,102,120,139,144,129,120,100,67,56,13,10,0,11,9,10,7,7,12
12,9,8,7,0,0,14,71,104,112,125,137,141,124,96,63,54,9,10,5,11,9,9,9,12,13
11,0,11,6,0,0,36,62,73,86,106,112,124,130,107,61,53,14,14,7,12,11,9,10,13,11
11,7,10,0,0,6,10,62,73,88,102,113,123,123,93,62,40,12,9,8,11,9,6,0,11,11
9,7,6,0,0,0,11,59,80,92,88,102,112,116,79,55,29,10,9,0,7,7,0,8,0,5
7,0,7,9,5,0,8,59,90,101,103,96,114,102,80,59,28,9,8,0,0,7,7,0,7,8
6,0,0,0,0,0,9,29,82,87,103,98,102,95,86,59,30,8,0,0,0,0,0,4,8,8
7,0,0,0,0,0,12,43,85,100,100,97,109,112,94,74,40,8,10,5,7,8,6,7,10,7
6,0,6,0,0,0,12,59,88,105,106,104,114,118,106,82,50,10,11,9,9,7,0,8,9,7
10,8,7,0,8,0,23,78,100,107,112,126,145,152,123,101,66,13,14,8,9,9,10,9,7,9
27,13,14,9,9,13,54,83,106,112,117,158,206,190,131,101,71,43,52,13,13,13,13,15,12,14
14,12,12,8,10,14,60,91,102,109,127,169,188,148,132,106,78,59,58,16,32,14,28,14,13,22
26,14,20,29,11,8,67,97,104,113,136,156,175,159,132,110,77,66,60,20,28,12,13,13,17,17
28,31,45,12,7,0,46,70,81,101,132,144,165,149,116,82,72,63,52,13,28,14,14,13,12,13
51,30,47,33,8,6,19,61,88,110,121,130,139,142,106,66,60,48,23,10,12,12,10,5,10,7
54,51,53,31,11,9,50,64,103,119,137,141,149,140,100,72,62,40,28,12,17,17,15,10,9,12
57,50,34,27,25,12,54,81,114,130,129,136,141,136,104,72,55,13,14,10,11,11,14,14,9,8
52,18,25,27,42,20,58,75,115,130,134,141,141,130,106,74,58,10,12,6,13,7,11,13,7,10
50,14,16,25,22,13,55,68,105,123,123,132,127,117,83,59,29,8,7,0,9,10,6,12,9,7
52,23,14,20,25,13,54,68,98,109,115,125,115,104,72,50,20,13,8,6,12,7,9,8,9,11
25,14,14,19,15,11,53,64,91,111,117,115,106,86,61,25,21,7,7,0,12,7,7,10,9,8
23,14,12,18,19,11,52,64,84,99,114,106,96,78,50,12,14,0,8,5,8,11,7,8,11,8
13,8,12,14,14,20,44,64,81,97,99,93,84,65,14,11,11,8,6,5,7,0,7,6,8,9
10,9,11,13,14,14,50,60,79,96,108,90,77,57,26,10,29,12,7,8,8,7,10,9,8,8
11,7,8,12,13,13,27,58,75,94,102,83,73,56,25,11,13,0,0,7,10,8,5,9,10,7
8,8,10,10,12,11,30,57,78,82,88,71,65,54,25,10,11,0,0,0,10,6,7,10,8,7
6,6,10,8,6,4,32,59,71,79,78,69,63,57,25,7,8,0,0,0,8,7,5,6,6,7
9,7,8,0,0,6,34,60,88,82,80,68,64,53,21,11,6,0,4,6,7,9,6,6,5,4
6,5,7,0,0,9,13,55,82,82,77,68,62,50,13,10,8,4,6,0,8,10,8,6,4,7
5,0,0,0,6,7,11,12,69,72,65,57,57,53,10,9,6,0,0,0,8,7,5,4,6,0
0,0,0,0,0,0,12,10,65,74,70,64,54,33,13,7,10,0,4,0,5,0,6,6,6,0
6,0,0,7,0,7,14,11,60,71,73,70,62,39,14,9,10,8,0,0,5,7,7,6,5,0
5,0,5,0,6,8,9,8,63,61,65,61,57,41,14,12,12,0,0,0,0,7,7,9,4,4
0,0,0,0,0,9,5,10,51,68,57,56,54,32,13,11,11,5,0,0,4,6,7,7,7,6
0,4,0,0,8,5,7,9,55,51,56,42,14,35,8,9,10,0,0,5,4,6,0,6,7,4
7,8,8,0,7,6,6,10,55,46,44,22,14,36,10,9,11,0,0,0,9,0,0,0,5,0
0,7,10,10,12,13,31,53,66,90,102,110,114,100,72,48,34,10,9,7,13,0,0,0,9,11
7,0,12,0,8,11,17,52,87,109,120,122,124,113,97,54,33,11,8,0,10,6,7,5,7,8
9,5,10,13,13,13,37,62,101,120,128,136,125,118,103,65,52,14,12,0,0,10,10,9,10,8
9,10,12,10,10,10,14,77,101,127,134,134,129,121,106,69,54,14,12,8,0,10,12,10,6,6
10,10,10,10,9,6,17,70,102,120,139,144,129,120,100,67,56,13,10,0,11,9,10,7,7,13
12,9,8,7,0,0,14,71,104,112,125,137,141,125,96,63,53,10,10,6,11,9,9,10,12,13
11,0,11,6,0,0,36,62,73,86,106,113,124,130,108,61,53,15,14,8,12,11,9,10,13,11
11,7,10,0,0,6,10,64,73,88,103,113,123,123,94,62,40,12,9,8,11,9,6,0,11,11
9,7,6,0,0,0,11,60,79,92,88,102,112,116,79,55,29,10,9,0,7,7,0,8,0,5
7,0,7,9,5,0,8,60,90,101,103,96,114,102,80,59,28,9,9,0,0,7,8,0,7,8
6,0,0,0,0,0,9,33,80,87,104,99,102,95,87,59,30,9,0,0,0,0,0,5,8,8
7,0,0,0,0,0,12,43,84,100,100,97,109,112,94,73,39,8,9,6,7,8,7,7,9,7
6,0,6,0,0,0,11,59,90,105,106,104,113,118,106,83,50,10,11,8,10,7,0,8,9,7
10,8,7,0,8,0,23,80,100,107,112,126,144,150,123,101,66,13,14,8,9,9,10,9,7,9
27,13,14,9,9,13,54,84,106,112,118,158,203,189,131,101,70,45,52,13,13,13,13,15,12,14
14,12,13,8,11,14,60,91,102,109,127,168,188,148,132,106,77,61,58,16,32,14,28,14,13,22
26,14,20,29,11,7,67,97,104,113,136,156,175,159,132,110,76,68,61,20,26,12,13,13,17,17
28,29,45,12,7,0,46,70,81,101,132,144,165,150,116,81,72,64,52,13,28,14,14,13,12,14
51,27,47,33,8,6,17,62,88,110,122,130,139,142,106,66,58,50,25,10,12,12,10,5,10,7
55,51,53,31,11,9,47,64,103,119,137,142,149,140,101,72,61,43,28,13,15,17,16,10,9,12
58,50,37,27,23,13,54,81,114,130,129,136,141,136,105,72,54,13,14,10,11,11,14,14,9,8
52,16,23,27,42,20,58,75,115,130,134,141,141,130,106,74,58,10,12,6,13,7,11,13,6,10
50,14,16,25,22,13,55,69,105,123,123,132,127,118,83,59,29,8,7,5,9,10,6,12,9,7
52,23,14,22,25,13,54,68,98,109,115,125,115,104,73,50,19,13,7,6,12,7,9,8,9,11
23,14,14,19,15,11,53,64,91,111,117,115,107,87,61,25,19,7,9,0,12,8,7,10,10,8
23,14,12,18,19,11,52,65,84,99,114,106,96,78,50,12,14,0,9,5,8,11,7,8,11,8
13,7,12,14,14,20,44,64,81,97,99,93,84,65,14,10,11,8,6,5,7,0,7,6,8,9
10,9,11,13,14,14,50,60,79,96,108,90,77,57,27,10,29,12,7,8,8,8,10,9,8,8
12,7,8,12,13,13,27,58,75,94,102,84,73,57,25,11,12,0,4,7,10,8,5,9,10,7
8,8,10,10,12,11,30,57,78,82,88,71,65,54,25,10,11,0,0,0,10,6,7,10,8,7
6,6,10,8,6,4,32,59,71,79,78,69,63,57,25,7,8,0,0,0,8,7,5,6,6,7
9,7,9,0,0,5,34,61,88,81,80,68,65,53,23,11,6,0,4,6,7,9,6,6,5,4
6,5,7,0,0,9,13,56,82,81,76,68,62,51,13,10,8,4,6,0,8,10,9,6,4,7
0,0,0,0,6,7,11,12,69,72,65,58,56,53,10,9,6,0,0,0,8,7,5,4,6,0
0,0,0,0,0,0,12,10,65,74,70,64,55,33,13,7,9,0,0,0,5,0,6,6,6,0
6,0,0,7,0,7,14,11,60,71,73,70,62,39,14,9,9,8,0,4,5,7,8,6,5,0
6,0,5,0,6,8,9,8,63,60,66,61,57,39,14,12,12,0,0,0,0,7,8,10,4,4
0,0,0,0,0,9,5,11,51,68,57,56,54,34,13,11,11,5,0,0,4,6,7,7,7,6
0,0,0,0,8,5,7,9,54,51,56,42,14,35,8,9,9,0,0,5,4,6,0,6,7,4
7,8,8,0,7,6,6,11,55,45,45,22,14,36,9,9,10,0,0,0,9,0,0,0,5,0
0,8,11,11,12,13,31,54,68,93,104,111,114,100,71,48,34,7,9,7,13,0,0,0,9,11
7,6,12,0,8,11,19,54,93,111,121,124,124,113,95,53,35,9,8,0,10,6,7,5,7,8
9,5,10,13,13,13,40,65,101,122,130,137,125,117,102,64,52,12,12,0,0,10,10,9,10,8
9,10,12,11,10,10,14,77,101,128,134,135,129,120,105,68,54,12,12,9,0,10,12,10,6,6
10,10,10,11,9,6,19,71,102,120,140,145,129,120,100,67,56,12,10,0,11,9,10,7,7,13
12,9,8,8,0,0,14,71,103,112,125,138,142,125,96,63,53,7,10,5,11,9,9,10,12,13
11,0,12,6,0,0,38,63,73,86,107,114,125,129,109,62,53,12,14,8,12,11,9,10,13,11
11,8,10,0,0,6,10,64,73,89,103,114,123,123,95,63,40,10,9,8,11,9,6,0,11,11
9,7,6,0,0,0,11,62,80,94,88,103,112,116,80,55,29,9,9,0,7,7,0,8,0,5
7,0,7,9,5,0,9,64,90,101,103,96,114,102,81,59,28,7,8,0,0,7,7,0,7,8
6,0,0,0,0,0,9,45,80,88,104,99,102,95,87,60,31,7,0,0,0,0,0,4,7,8
6,0,0,0,0,0,12,51,84,100,101,97,109,111,95,74,39,6,9,6,6,8,7,7,9,7
6,0,6,0,0,0,12,62,90,105,106,104,113,118,106,83,48,9,11,9,9,7,0,8,9,6
10,8,7,0,7,0,23,80,100,107,112,126,143,149,122,101,66,12,14,9,9,9,10,9,7,9
27,13,14,9,8,12,54,84,106,112,117,156,200,188,131,101,69,33,51,13,13,13,13,14,12,14
14,12,13,8,10,13,61,93,102,110,127,167,188,148,132,106,78,53,58,16,32,14,28,14,13,20
25,14,20,31,11,8,68,98,104,113,136,156,174,159,132,110,77,62,61,20,25,12,13,13,17,17
32,31,45,13,8,0,47,70,81,101,132,144,165,149,117,83,73,59,53,13,26,14,14,13,11,13
51,27,47,33,8,5,17,62,87,110,122,131,139,143,107,67,59,39,21,10,12,12,10,5,10,7
54,51,53,33,11,9,47,64,102,119,137,142,149,140,101,72,61,32,27,13,15,15,15,10,9,11
58,50,34,27,23,12,54,82,113,130,129,136,141,136,105,72,54,13,14,9,11,11,14,14,9,8
51,16,23,27,42,20,58,76,115,130,134,141,141,130,106,75,58,10,12,6,13,7,11,13,6,10
50,14,15,27,22,13,55,69,105,123,123,132,127,118,83,59,29,8,7,0,9,10,6,12,9,7
52,23,14,22,25,13,54,68,97,109,115,125,116,104,73,51,20,13,7,6,12,7,9,8,9,10
23,14,14,19,14,11,53,64,91,111,117,115,107,87,61,26,19,7,9,0,12,7,7,10,9,8
22,14,12,18,19,11,52,65,84,99,114,107,96,79,51,13,15,0,8,5,8,10,7,8,11,8
13,8,12,14,14,20,44,65,81,97,99,93,84,65,15,10,11,8,6,5,7,0,7,6,8,9
10,9,10,13,13,14,50,60,79,97,109,91,77,57,28,10,29,12,7,8,8,7,10,9,8,8
11,7,8,12,13,13,32,59,75,94,102,84,73,57,26,11,12,0,4,7,10,8,5,9,10,7
8,8,10,10,12,11,30,57,77,82,89,71,65,54,25,10,10,0,0,0,10,6,7,9,8,7
6,6,10,8,6,4,32,59,71,80,78,69,63,57,25,7,7,0,0,0,8,7,5,6,5,7
9,7,8,0,0,5,34,62,88,82,80,68,65,53,25,10,6,0,4,6,7,8,6,6,5,4
6,6,7,0,0,9,13,56,82,82,77,68,62,51,13,10,8,4,6,0,8,10,9,6,4,7
0,0,0,0,6,7,11,13,69,72,65,58,56,53,10,9,6,0,0,0,8,6,5,4,6,0
0,0,0,0,0,0,12,10,64,75,70,64,54,33,13,7,10,0,0,0,5,0,6,6,6,0
6,0,0,7,0,7,14,11,60,71,73,70,62,39,14,9,9,7,0,4,5,7,8,6,5,0
5,0,5,0,6,8,9,8,62,60,65,61,57,39,14,12,12,0,0,0,0,7,8,10,4,4
0,0,0,0,0,9,5,11,50,68,57,56,54,34,14,11,11,5,0,0,4,6,7,7,7,6
0,0,0,0,8,0,7,9,53,51,56,44,14,33,8,9,9,0,0,5,4,6,0,6,7,4
7,8,8,0,7,6,6,10,53,45,45,22,14,36,10,9,10,0,0,0,9,0,0,0,5,0
0,9,12,11,13,13,34,54,70,96,105,113,115,100,70,48,35,7,9,8,13,0,0,0,9,11
7,6,12,5,9,11,21,57,98,113,122,125,125,113,94,52,37,9,8,0,10,6,7,5,8,8
9,5,10,13,13,14,43,67,102,123,131,138,125,116,102,63,52,12,12,0,0,10,10,9,10,8
9,9,13,11,10,10,14,77,102,130,135,136,129,120,105,67,55,12,12,9,0,10,12,10,6,6
10,10,11,11,10,6,17,71,102,121,140,146,129,120,100,66,56,11,10,0,11,9,10,7,7,13
12,9,8,8,0,0,15,71,103,112,126,138,142,125,95,63,54,7,10,6,11,9,9,9,12,13
11,0,12,6,0,0,38,63,74,87,108,115,125,129,109,62,53,11,14,9,12,11,9,10,13,10
11,8,11,0,0,6,11,66,74,90,104,114,123,124,96,63,40,10,9,8,11,9,7,0,11,11
9,7,6,0,0,0,12,64,81,94,89,103,112,116,80,55,30,9,9,0,7,7,0,8,0,5
7,0,7,8,0,0,10,65,93,102,103,97,114,102,82,59,29,7,8,0,0,7,7,0,7,8
5,0,0,0,0,0,10,52,83,90,104,100,102,96,88,60,31,7,0,0,0,0,0,0,7,8
6,0,0,0,0,0,12,54,88,100,101,98,109,112,96,75,39,5,9,6,6,8,7,6,9,7
6,0,6,0,0,0,12,63,94,105,106,105,113,118,106,84,48,8,11,9,9,7,0,8,9,6
10,8,8,0,7,0,25,81,100,107,112,125,141,148,122,101,66,11,14,9,9,9,10,9,7,9
14,13,14,9,8,12,55,86,106,112,117,153,198,188,131,101,70,30,50,14,13,13,13,14,12,14
14,12,13,8,10,13,62,93,102,110,126,165,188,148,132,106,78,51,57,17,32,14,28,14,13,20
26,15,21,29,10,8,68,100,104,113,135,156,173,159,133,112,79,60,61,21,22,12,13,13,17,17
32,31,45,13,8,0,46,70,81,101,132,144,164,149,118,86,75,58,53,14,25,14,14,13,11,13
51,27,47,33,8,5,15,62,88,110,122,131,138,143,108,68,60,37,21,10,12,12,10,5,10,7
54,51,52,33,10,8,44,64,102,119,137,142,148,140,103,73,61,30,26,13,14,14,15,9,9,12
57,50,37,27,21,12,54,81,113,130,129,136,141,137,106,73,54,13,14,10,11,11,14,14,9,8
51,16,23,27,39,22,58,76,115,131,134,141,141,131,107,75,58,10,12,7,13,7,11,13,6,10
50,14,15,25,20,13,55,68,105,124,123,132,127,119,85,59,31,7,6,0,8,10,6,12,9,7
52,23,15,20,25,13,54,68,97,109,115,125,116,105,74,50,20,12,7,6,12,7,9,7,9,10
22,14,14,19,14,11,53,64,91,111,117,115,107,87,62,26,19,6,8,0,12,7,7,10,9,8
22,14,12,18,17,11,52,65,84,99,114,107,96,80,51,13,17,0,8,5,8,10,7,8,11,8
12,7,12,14,14,20,45,65,81,97,100,93,85,66,17,10,11,8,6,5,7,0,7,6,8,9
10,9,11,13,13,14,50,61,79,97,109,91,78,58,30,10,29,11,8,8,8,7,10,9,8,8
11,7,8,12,13,13,32,59,76,94,103,84,73,57,30,11,13,0,4,7,10,8,5,9,10,7
8,8,10,10,12,11,32,57,78,83,89,71,65,54,25,10,10,0,0,0,10,6,7,9,8,7
6,6,10,8,6,4,32,59,72,80,78,69,63,57,27,0,7,0,0,0,8,7,5,5,5,7
9,7,9,0,0,5,34,62,89,82,80,68,65,53,25,10,7,0,4,6,7,8,6,6,5,4
6,5,7,0,0,9,13,57,83,82,77,69,62,51,13,10,8,0,6,0,8,10,9,6,4,7
0,0,0,0,6,7,11,13,69,72,65,58,56,53,10,9,6,0,0,0,8,6,5,4,6,0
0,0,0,0,0,0,12,10,64,75,70,64,55,35,13,7,9,0,0,0,5,0,5,6,6,0
6,0,0,8,0,7,14,11,60,71,73,70,62,41,14,9,10,7,0,4,5,7,7,6,5,0
5,0,5,0,6,8,8,8,62,60,65,61,57,41,15,12,12,0,0,0,0,7,8,9,4,4
0,0,0,0,0,9,5,11,50,68,57,57,54,34,14,11,11,4,0,0,4,6,7,7,7,6
0,0,0,0,8,0,7,9,53,51,56,44,14,35,9,9,10,0,0,5,4,6,0,6,7,4
7,8,8,0,7,6,6,10,53,45,44,23,14,36,10,9,10,0,0,0,9,0,0,0,5,0
0,9,12,11,13,13,40,55,72,100,107,114,116,100,70,47,36,6,9,8,13,0,0,0,9,11
7,6,12,6,9,11,25,60,101,115,124,127,125,113,96,51,37,8,8,0,10,6,7,6,8,9
8,5,10,13,13,14,46,71,103,125,133,139,126,116,102,62,52,11,12,7,0,10,10,10,10,8
9,9,13,12,10,10,18,80,102,131,136,137,129,119,105,66,55,12,12,9,0,10,12,10,7,6
10,10,11,11,10,7,19,72,103,121,141,146,129,120,100,65,56,11,10,5,10,9,10,7,7,13
12,10,8,8,0,0,16,72,103,112,126,138,143,125,93,63,54,6,10,6,10,9,9,9,12,13
11,0,12,7,0,0,43,64,75,88,109,117,126,129,109,62,53,10,14,9,12,11,9,10,14,11
12,8,11,6,0,6,11,67,75,92,105,115,123,125,96,63,42,8,9,8,11,9,7,0,10,11
9,7,5,0,0,0,12,66,83,95,90,103,112,116,79,56,30,9,9,0,7,7,0,8,0,5
6,0,6,8,0,0,11,69,95,102,104,98,114,102,84,59,29,6,8,0,0,7,7,0,7,8
5,0,0,0,0,0,11,55,84,90,104,100,103,96,87,60,31,6,0,0,0,0,0,0,8,8
6,0,0,0,0,0,12,57,90,101,101,98,109,112,100,76,39,6,9,6,0,8,7,6,9,7
6,0,6,0,0,0,13,65,95,105,106,105,113,117,107,84,48,8,11,9,9,7,0,8,9,6
10,8,8,0,7,0,25,82,100,107,112,125,140,147,122,101,66,11,14,9,9,9,10,9,7,9
27,13,14,9,8,12,55,86,107,112,117,150,196,187,132,101,70,23,47,14,13,13,12,14,12,14
14,12,13,9,10,13,62,93,102,110,126,162,188,147,132,106,78,45,56,17,31,14,27,14,13,19
27,16,21,29,10,8,68,100,104,113,135,155,173,158,133,113,80,59,61,25,21,12,13,13,17,17
32,29,45,13,7,0,46,70,81,101,132,143,163,149,119,87,76,57,53,14,23,14,14,13,11,13
51,30,47,33,9,5,14,62,88,110,121,131,138,143,109,70,61,33,21,11,12,12,10,5,10,7
54,51,52,31,11,8,44,64,102,119,137,142,148,140,103,74,61,26,25,13,14,14,15,9,9,11
58,50,34,25,21,12,55,82,113,130,129,136,141,137,106,73,54,13,14,10,11,11,14,14,9,8
51,16,23,27,39,22,58,76,115,131,134,141,141,131,107,75,58,9,12,7,13,7,11,13,6,10
45,14,15,25,20,13,55,69,105,124,123,132,127,119,85,60,31,7,6,0,8,10,6,11,9,7
52,23,14,20,22,13,54,68,97,109,115,125,116,105,75,51,20,12,7,6,11,7,9,7,9,10
22,14,14,17,14,11,53,64,91,111,117,115,107,88,62,26,21,5,8,0,12,7,7,10,9,8
22,14,12,18,19,11,53,65,84,99,114,108,96,80,52,13,15,0,8,5,8,10,7,8,11,8
13,7,12,14,14,20,45,65,81,97,100,93,84,66,14,10,11,7,6,5,0,0,7,6,8,9
10,9,10,13,14,14,51,61,79,97,109,91,78,58,28,10,29,11,8,9,8,7,10,9,8,8
11,7,8,12,13,13,32,59,76,95,102,84,73,58,32,11,12,0,4,8,10,8,4,9,10,7
8,8,10,10,12,11,30,57,78,83,90,71,65,54,25,10,10,0,0,0,9,6,7,9,8,7
6,6,10,8,6,4,32,60,72,80,79,69,63,57,25,0,7,0,0,0,8,7,5,6,6,7
9,7,8,0,0,5,34,63,90,83,80,68,65,53,27,10,7,0,4,7,7,9,6,6,5,4
6,5,7,0,0,9,13,57,84,83,77,69,63,51,13,10,8,0,6,0,8,10,9,6,4,7
0,0,0,0,6,7,11,13,70,72,65,58,56,52,10,9,6,0,0,0,8,6,5,4,6,0
0,0,0,0,0,0,12,10,65,75,70,64,54,33,13,7,9,0,0,0,5,0,5,6,6,0
6,0,0,8,0,7,14,11,60,71,73,70,62,41,14,9,10,7,0,4,5,7,7,6,5,0
5,0,0,0,6,8,8,8,63,60,66,62,57,41,15,12,12,0,0,0,0,7,8,9,4,4
0,0,0,0,0,9,0,11,51,68,57,57,54,32,14,11,11,4,0,0,4,6,7,7,7,6
0,0,0,0,8,5,7,9,53,51,56,44,13,32,9,9,9,0,0,5,4,6,0,5,7,4
7,8,8,0,7,0,6,10,52,45,44,23,14,37,10,9,11,0,0,0,8,0,0,0,5,0
0,10,13,12,14,13,40,55,74,101,110,116,116,99,69,47,38,6,9,8,13,0,0,0,9,11
8,7,13,7,10,11,28,64,102,118,126,128,125,112,94,51,39,7,8,0,10,6,7,6,8,9
8,5,10,13,13,15,46,74,104,128,134,140,125,115,102,61,53,11,12,7,0,10,10,9,10,8
9,9,13,12,10,10,25,81,103,133,137,138,128,118,104,65,55,11,12,9,0,10,12,10,6,6
10,10,11,11,11,7,21,72,103,122,142,147,129,120,100,65,56,10,10,6,10,9,10,7,7,13
12,10,9,8,0,0,18,73,103,112,127,138,143,125,93,63,54,5,10,6,10,8,9,9,12,13
11,0,12,7,0,0,47,65,75,88,110,118,127,128,108,61,53,9,14,9,12,11,9,10,14,11
12,8,11,6,0,6,12,68,76,93,106,115,123,125,96,63,42,7,9,9,11,9,7,0,10,11
9,7,5,0,0,0,13,68,85,97,90,103,112,116,79,56,31,9,9,0,7,7,0,8,0,5
6,0,7,7,0,0,12,71,97,103,104,98,114,102,84,60,29,6,8,0,0,7,7,0,7,8
5,0,0,0,0,0,11,58,85,91,104,100,103,96,87,61,32,6,0,0,0,0,0,0,8,8
6,0,0,0,0,0,12,59,91,101,101,99,110,112,100,77,40,5,9,6,0,8,6,6,9,7
5,0,6,0,0,0,14,68,97,105,107,105,113,118,107,84,50,7,11,9,9,7,0,8,9,6
10,8,8,0,6,0,28,82,101,108,112,125,141,148,122,101,67,10,14,9,9,9,10,9,7,9
14,13,14,9,8,12,56,86,107,113,117,148,197,187,131,101,70,21,50,14,13,13,12,14,12,14
14,12,13,9,9,13,62,93,102,110,126,160,189,147,132,106,79,40,56,18,30,14,27,14,13,19
27,17,23,29,10,8,69,100,105,113,135,154,172,158,133,114,82,58,60,25,21,12,13,13,17,16
32,31,47,13,7,0,46,71,81,101,131,143,163,149,120,90,78,57,53,14,23,14,14,13,12,13
51,30,47,33,9,5,14,62,88,110,121,130,138,143,110,72,65,32,21,11,12,12,10,5,10,7
54,52,52,31,11,8,44,65,102,119,137,141,148,140,104,75,63,23,25,13,14,14,14,9,9,11
58,50,34,27,23,13,55,82,113,130,129,136,141,137,107,74,55,12,14,10,11,11,13,14,9,8
51,18,23,30,39,22,59,76,115,131,134,141,141,131,107,76,59,9,12,7,13,7,11,13,7,10
50,14,16,27,20,13,56,69,104,124,123,132,127,119,86,60,33,6,6,0,8,10,6,11,9,7
52,23,14,20,22,13,55,69,97,109,115,125,116,105,75,51,20,11,6,6,11,7,9,7,9,10
23,15,14,19,14,11,53,64,91,111,117,115,108,88,63,28,21,0,8,0,12,7,7,10,9,8
22,14,12,18,19,11,53,65,84,99,114,108,96,80,52,13,17,0,8,5,8,10,7,8,11,8
13,8,12,14,14,20,45,65,81,98,100,94,85,66,15,10,11,7,6,5,0,0,7,6,8,9
10,9,10,13,14,14,51,61,80,98,110,91,78,58,28,10,29,10,8,9,8,7,10,9,8,8
12,7,8,12,13,13,35,59,77,95,103,84,73,58,34,11,12,0,4,8,10,8,4,9,10,7
8,8,10,10,12,11,32,57,78,83,90,71,66,53,25,10,10,0,0,0,9,6,7,9,8,7
7,6,10,8,6,4,33,60,72,81,79,69,63,57,27,0,7,0,0,0,8,7,5,6,5,7
9,7,8,0,0,6,36,64,90,83,81,68,65,53,27,10,7,0,4,7,7,9,6,6,5,4
6,6,7,0,0,9,13,57,84,83,78,69,63,51,13,10,8,0,6,0,8,10,9,6,4,7
0,0,0,0,6,7,11,13,70,72,65,58,57,52,10,9,7,0,0,0,8,6,5,0,6,0
0,0,0,0,0,0,13,10,65,75,70,64,55,33,13,7,10,0,0,0,5,0,5,6,6,0
6,0,0,8,0,7,14,12,60,71,73,70,62,42,14,9,10,6,0,5,5,7,7,6,5,0
5,0,5,0,6,8,8,8,63,61,66,62,57,41,15,12,12,0,0,0,0,7,7,9,4,4
0,0,0,0,0,9,0,11,51,68,57,57,54,32,14,11,11,0,0,0,4,6,7,7,7,6
0,4,0,0,8,5,7,9,53,51,56,42,13,31,9,9,10,0,0,5,4,6,0,5,7,4
7,8,8,0,7,0,6,10,52,46,45,22,14,36,10,9,11,0,0,0,8,0,0,0,5,0
0,10,13,12,14,13,43,55,75,102,110,116,116,98,69,47,39,8,9,9,13,0,0,0,9,11
7,7,13,7,10,11,31,64,103,119,126,128,125,112,94,51,39,9,8,0,10,6,7,6,8,9
8,0,10,13,13,15,50,74,104,128,134,140,125,115,102,61,53,12,12,8,0,10,10,10,10,8
9,9,13,12,11,10,25,81,103,134,138,138,128,118,104,65,55,13,12,10,0,10,12,10,7,6
10,10,11,11,11,7,21,72,104,122,142,146,129,120,99,65,56,11,10,6,10,9,10,7,8,13
11,10,9,8,0,0,18,73,104,113,127,138,143,124,92,62,54,6,10,7,10,9,9,9,12,13
11,0,12,7,0,0,50,65,76,89,111,118,127,128,108,61,53,10,14,9,12,11,9,10,14,11
11,8,11,6,0,6,13,68,77,93,106,115,123,125,96,62,42,9,9,9,11,9,7,0,11,11
9,7,5,0,0,0,13,69,86,98,91,104,112,116,79,55,31,10,9,7,7,7,0,9,0,5
6,0,7,7,0,0,12,71,100,103,104,99,114,102,84,59,29,7,8,5,0,7,7,0,7,8
5,0,0,0,0,0,12,59,90,92,104,100,103,97,87,60,32,6,0,0,0,0,0,0,8,8
6,0,0,0,0,0,12,60,94,101,101,99,110,112,100,76,41,6,9,7,0,8,7,6,9,7
5,0,6,0,0,0,14,66,98,106,107,105,113,118,107,82,50,8,11,10,9,7,0,8,9,6
10,9,8,0,7,0,28,82,101,108,112,125,141,148,123,101,67,11,14,10,9,9,10,9,7,9
27,13,14,9,8,12,56,86,107,113,117,148,197,187,131,101,71,28,50,14,13,13,12,14,12,14
14,12,13,9,9,13,62,93,103,110,125,159,189,147,132,106,79,50,56,20,30,14,27,14,13,19
27,18,25,29,10,8,70,100,105,113,134,153,172,157,133,114,82,62,60,31,21,12,13,13,17,16
28,31,47,13,7,0,46,71,82,101,131,143,162,149,120,91,79,61,53,17,23,14,14,13,12,13
51,30,47,31,9,5,14,63,88,110,121,130,137,143,110,72,65,41,21,12,12,12,10,5,10,7
54,52,53,31,11,8,44,65,103,119,137,141,148,140,105,76,63,28,25,14,14,14,14,9,9,12
58,50,37,27,23,13,55,82,113,130,129,136,140,137,107,74,56,12,14,10,11,11,14,14,9,8
51,20,23,32,39,22,60,76,115,131,134,141,141,131,108,76,59,9,12,8,13,7,11,13,7,10
45,14,16,27,22,13,56,69,105,124,123,132,127,119,86,61,37,6,6,5,8,10,6,11,9,7
52,25,14,20,22,13,55,69,97,109,115,125,116,106,75,51,20,11,6,7,11,7,9,7,9,10
23,15,14,19,14,11,53,64,92,111,117,115,107,88,63,26,21,0,8,0,12,7,7,10,9,8
21,14,12,18,19,11,53,65,84,99,114,108,96,81,52,12,17,0,8,6,8,10,7,8,11,8
13,8,12,14,14,20,46,65,82,97,100,94,85,66,17,10,11,7,6,6,0,0,7,6,8,9
10,9,11,13,14,14,51,61,80,98,109,91,78,58,29,10,30,10,8,9,8,7,10,9,8,8
11,7,8,12,13,13,35,59,77,95,103,84,73,58,34,11,12,0,4,8,10,8,4,9,10,7
8,8,10,10,12,11,35,57,79,83,90,71,66,53,25,10,10,0,0,0,9,6,7,9,8,7
6,6,10,8,6,4,35,60,73,81,78,69,63,57,27,0,7,0,0,0,8,7,5,6,5,7
9,7,8,0,0,6,36,64,92,83,81,68,65,53,27,10,7,0,4,7,7,9,6,6,5,4
6,6,7,0,0,9,13,57,85,83,77,69,63,51,13,10,8,0,6,5,8,10,9,6,4,7
0,0,0,0,6,7,12,13,71,72,65,58,57,51,11,9,7,0,0,4,8,6,5,4,6,0
0,0,0,0,0,0,13,10,66,75,70,64,55,33,13,7,10,0,0,0,5,0,5,6,6,0
6,0,0,8,0,7,14,12,61,71,73,70,62,42,14,9,10,6,0,5,5,7,7,6,5,0
5,0,5,0,6,8,8,8,64,61,65,62,57,42,15,12,12,0,0,0,0,7,7,9,4,4
0,0,0,0,0,9,5,11,52,68,57,57,54,32,14,10,11,0,0,5,4,6,7,7,7,6
0,4,0,0,8,5,7,9,54,51,56,42,13,31,9,9,10,0,0,6,4,6,0,5,7,4
7,8,8,0,7,6,6,10,53,46,44,22,14,36,10,9,11,0,0,6,8,0,0,0,5,0
0,10,13,12,14,13,43,55,75,102,110,116,116,98,69,45,39,8,9,9,13,0,0,0,9,11
8,7,13,7,10,11,31,64,103,119,127,128,125,112,94,51,39,9,8,6,10,7,7,6,8,9
8,0,10,13,13,15,50,75,104,128,135,140,125,115,102,61,52,12,12,8,0,10,10,10,10,8
9,9,13,12,11,10,28,83,103,134,138,138,129,118,104,65,55,12,12,11,0,10,12,10,7,6
10,10,12,11,11,7,23,72,104,122,142,146,129,120,99,65,56,12,10,7,10,9,10,7,8,13
12,10,9,8,0,0,18,75,104,113,127,138,143,124,93,62,54,6,10,7,10,9,9,9,12,13
11,0,12,8,0,0,50,65,76,89,111,118,127,128,107,61,53,10,14,10,12,11,9,10,14,11
11,8,11,7,0,6,13,68,77,93,106,115,123,124,96,62,42,9,9,10,11,9,7,0,11,11
9,7,5,0,0,0,14,69,86,97,91,104,113,116,79,55,31,10,9,8,7,7,0,9,0,5
6,0,7,7,0,0,13,73,100,103,104,99,114,102,84,59,29,7,8,6,0,7,7,0,7,8
6,0,0,0,0,0,12,59,90,91,104,100,103,97,88,61,31,6,0,0,0,0,0,0,8,8
6,0,0,0,0,0,12,59,94,101,101,99,110,112,100,75,41,6,9,7,0,8,7,6,9,7
5,0,6,0,0,0,14,66,98,106,107,105,113,118,107,82,50,8,11,10,9,7,0,8,9,6
10,9,8,0,7,0,31,82,101,108,112,125,141,148,123,101,67,11,14,10,9,9,10,9,7,9
27,13,14,9,8,12,56,86,107,112,117,148,197,188,131,101,70,28,50,14,13,13,13,15,12,14
14,12,13,9,10,13,62,93,103,110,125,159,189,147,132,106,79,51,56,21,30,13,27,14,13,19
26,17,25,29,10,8,70,100,105,113,134,153,172,157,133,114,82,62,60,36,22,12,13,13,17,17
28,33,50,13,7,0,47,72,82,101,131,143,163,148,120,91,79,61,53,18,23,14,14,13,12,13
51,32,50,31,9,5,14,62,88,110,121,130,137,143,111,73,65,41,23,12,12,12,10,5,10,7
54,52,53,33,11,8,47,64,102,119,137,141,148,140,104,76,63,30,26,14,14,14,14,10,9,12
58,50,34,30,25,13,56,81,113,130,129,136,141,137,108,74,56,12,14,10,11,11,14,14,9,8
51,20,25,32,39,22,60,76,115,130,134,141,141,131,108,76,59,9,12,8,13,7,11,13,7,10
45,14,18,30,22,13,56,69,105,123,123,132,127,119,86,60,37,7,6,5,8,10,6,11,9,7
52,25,14,20,25,13,55,69,97,109,115,125,117,106,75,51,20,11,7,7,11,7,9,7,9,10
23,15,14,21,15,11,53,64,91,111,117,115,108,88,63,26,21,0,8,0,12,7,7,10,9,8
22,14,12,18,19,11,53,65,84,98,114,108,96,80,52,12,19,0,8,6,8,10,8,8,11,8
13,8,12,14,14,20,46,65,82,97,100,93,85,66,17,10,11,7,6,6,0,0,7,6,8,9
10,9,11,13,14,14,51,61,80,98,109,90,78,58,30,10,29,11,8,10,8,8,10,9,8,8
11,7,8,12,13,13,35,59,77,95,103,84,73,58,34,11,12,0,4,8,10,8,0,9,10,7
8,8,10,10,12,11,35,57,79,83,90,71,66,54,25,10,10,0,0,0,9,6,7,9,8,7
7,6,10,8,6,4,35,61,73,81,79,69,63,58,27,7,7,0,0,0,8,7,5,6,5,7
9,7,8,0,0,6,38,64,92,83,81,68,65,53,30,10,7,0,4,7,7,9,6,6,5,4
6,6,7,0,0,9,13,57,85,83,77,69,63,51,14,10,8,0,6,5,8,10,9,6,4,7
0,0,0,0,6,8,12,13,71,72,66,58,57,51,11,9,7,0,0,4,8,6,5,4,6,0
0,0,0,0,0,0,13,10,66,75,70,64,55,33,13,8,10,0,0,0,5,0,6,6,6,0
6,0,0,8,0,7,14,12,60,71,73,70,62,42,14,10,10,6,0,5,5,7,7,6,5,0
5,0,5,0,6,8,9,8,64,61,66,62,57,42,15,12,12,0,0,0,0,7,7,9,4,4
0,0,0,0,0,9,5,11,52,68,57,57,54,34,14,10,11,0,0,5,4,6,7,7,7,6
0,4,0,0,8,5,7,9,54,51,56,42,14,30,9,9,10,0,0,6,4,6,0,5,7,4
7,8,8,0,8,6,6,10,53,45,45,22,14,36,10,9,11,0,0,6,8,0,0,0,5,0
0,11,14,12,14,13,43,55,75,102,110,116,116,99,68,47,39,8,9,9,13,0,0,0,9,11
7,7,13,7,10,11,31,64,103,119,127,128,125,112,91,51,37,10,8,6,10,6,7,6,8,9
9,5,10,13,13,16,50,74,104,128,134,140,125,115,102,61,52,12,12,9,0,10,10,9,10,9
9,9,13,13,11,10,28,83,103,134,138,138,128,118,104,65,55,12,12,11,0,10,12,10,7,6
10,10,12,11,11,7,23,72,104,122,143,146,129,119,99,65,56,12,10,8,10,8,10,7,7,13
11,10,9,8,0,0,18,73,104,113,127,138,143,124,94,62,54,7,10,8,11,8,9,9,12,14
11,0,13,8,0,0,50,65,76,89,111,119,127,129,109,61,53,11,14,10,12,10,9,10,14,11
12,9,12,7,0,6,13,67,77,93,107,116,123,125,96,62,42,10,9,10,11,9,7,0,11,11
9,7,5,0,0,0,14,69,86,98,90,104,113,116,80,56,30,9,9,8,7,6,0,8,0,5
6,0,7,8,0,0,13,73,100,103,104,99,114,102,83,59,28,7,8,6,0,6,7,0,7,8
5,0,0,0,0,0,12,59,90,92,105,100,103,97,90,61,31,7,0,0,0,0,0,0,8,8
6,0,0,0,0,0,13,59,92,101,101,99,110,112,98,75,40,5,9,8,6,8,6,7,9,7
6,0,7,0,0,0,14,68,98,106,106,105,114,118,107,82,50,8,11,10,10,7,0,8,9,7
10,9,8,0,7,0,31,82,101,108,112,125,141,148,123,101,66,11,14,10,9,9,10,9,7,9
14,13,14,9,8,12,56,86,107,112,117,148,197,187,131,101,70,31,50,15,13,13,12,14,12,14
14,12,13,9,10,13,62,93,103,110,125,159,189,148,132,106,79,52,56,23,31,13,26,14,13,22
26,18,25,31,10,8,70,100,105,113,134,153,172,157,133,114,82,63,61,38,22,12,13,13,17,17
28,33,50,14,8,0,47,72,82,101,131,143,163,148,120,91,78,61,53,20,25,13,14,13,12,14
51,30,50,33,9,5,15,62,88,110,121,130,137,143,112,73,65,44,23,12,12,11,10,5,10,8
54,52,53,33,11,8,44,64,102,119,137,141,148,140,104,76,63,31,26,14,14,14,14,9,9,12
58,50,37,30,25,13,55,81,113,130,129,136,141,137,108,74,56,12,14,10,11,11,13,14,9,9
52,21,25,32,42,25,60,76,115,130,135,141,141,131,108,77,59,9,13,8,13,7,10,13,7,10
50,14,18,30,22,13,55,69,105,123,123,132,128,119,87,61,35,7,7,6,8,10,6,11,9,7
52,25,14,22,22,13,55,69,97,109,115,125,117,105,75,51,19,11,7,7,11,6,9,7,9,11
23,15,14,21,15,11,53,64,91,110,117,115,108,88,63,26,19,0,8,0,12,7,6,10,9,8
22,14,12,18,19,11,53,65,84,98,114,108,96,80,51,13,21,0,8,6,8,10,7,8,11,8
12,8,12,14,14,21,46,65,82,98,100,93,85,66,25,10,11,7,6,6,0,0,7,6,8,9
10,9,11,13,14,14,51,61,80,98,109,90,78,58,34,10,28,11,7,10,8,7,10,9,8,8
11,7,8,12,13,13,37,59,77,95,103,84,73,58,32,11,12,0,4,8,10,7,0,9,10,7
8,8,10,10,12,11,35,57,79,83,90,71,66,54,25,10,11,0,0,0,10,6,7,9,8,7
6,6,10,8,6,4,35,61,73,81,79,69,63,58,27,7,7,0,0,0,8,7,5,5,5,7
8,7,8,6,0,6,38,64,92,83,81,68,66,53,30,10,7,0,4,8,7,8,6,6,5,4
6,6,7,0,0,9,13,58,85,83,77,69,63,51,13,10,8,0,6,5,8,9,9,6,4,7
0,0,0,0,6,8,12,13,71,72,65,58,57,51,11,9,6,0,0,4,8,6,5,4,6,0
0,0,0,0,0,0,13,10,66,75,70,64,56,33,13,8,10,0,0,0,5,0,5,6,6,0
6,0,0,8,0,7,14,11,61,71,73,70,62,44,14,10,10,7,0,5,5,6,7,6,5,0
5,0,5,0,6,8,9,8,63,60,65,61,58,41,15,12,12,0,0,0,0,6,7,9,4,4
0,0,0,0,0,9,5,11,51,68,57,57,55,34,14,11,11,0,0,5,4,6,6,7,7,6
0,4,0,0,8,5,7,9,54,51,56,42,14,33,9,9,10,0,0,6,4,5,0,5,7,4
7,8,8,0,8,6,6,10,53,45,45,22,14,35,10,9,11,0,0,6,8,0,0,0,5,0
0,11,14,12,15,13,46,55,74,102,110,116,115,98,68,45,38,8,9,9,13,0,0,0,9,11
7,7,13,7,10,11,34,63,102,119,127,128,125,112,91,51,37,10,8,6,10,6,7,6,8,9
9,5,10,14,13,15,50,74,104,128,134,140,125,115,101,61,52,12,12,9,0,10,10,9,10,9
9,9,13,13,11,10,25,81,103,134,138,138,129,118,104,65,55,12,12,11,0,10,12,10,7,6
11,10,12,11,11,7,23,72,103,122,143,147,129,119,98,65,55,12,10,8,10,8,10,7,7,13
11,10,9,8,0,0,18,75,103,113,127,138,143,124,94,61,54,7,10,8,11,8,9,9,12,14
11,0,13,8,0,0,50,66,75,90,111,119,127,129,109,61,53,11,14,11,12,10,9,10,14,11
12,9,12,7,0,6,14,68,76,93,107,116,123,124,96,62,42,10,10,10,11,9,6,5,11,11
9,7,5,0,0,0,14,69,84,98,90,104,113,116,80,56,30,9,9,9,7,6,0,8,0,6
6,0,7,8,0,0,13,73,98,103,104,99,114,102,83,59,29,7,8,6,0,6,7,0,7,8
5,0,0,0,0,0,12,60,89,92,105,101,103,97,89,60,32,7,0,0,0,0,0,0,8,8
6,0,0,0,0,0,13,59,92,101,101,100,110,112,99,75,40,5,9,8,6,8,6,7,9,8
6,0,7,0,0,0,14,66,97,106,106,105,114,118,106,83,50,8,11,10,10,7,0,8,9,7
10,9,8,0,7,0,31,84,101,108,112,125,141,148,123,101,67,11,14,10,9,9,10,9,7,9
27,13,14,9,8,12,56,86,107,112,117,148,196,187,131,101,70,31,50,17,13,13,12,14,12,14
14,12,13,9,9,13,62,93,102,110,125,158,189,147,132,106,79,51,57,24,31,13,26,14,13,22
26,18,25,34,10,8,71,100,105,113,134,153,172,158,134,114,83,63,61,43,22,12,13,13,17,18
32,33,50,14,8,0,47,72,81,101,131,143,163,148,120,91,79,61,53,21,25,13,14,13,12,14
51,32,50,35,9,5,14,62,87,110,121,130,137,143,112,73,65,44,23,12,12,11,10,5,10,8
54,52,53,33,11,8,47,64,102,119,137,141,148,140,105,76,63,31,26,14,14,14,14,9,9,12
58,51,37,27,23,13,56,81,113,130,129,136,141,137,108,74,56,12,14,11,11,11,13,14,9,9
51,21,25,32,42,25,60,76,114,130,135,141,141,131,109,77,59,9,13,9,13,7,10,13,7,10
45,14,18,30,20,13,55,69,104,123,123,132,128,119,87,61,35,7,7,6,8,10,6,11,9,7
52,25,14,22,25,13,55,68,97,109,114,125,117,105,75,51,20,11,7,7,11,7,9,7,9,11
23,15,14,21,14,11,53,64,91,110,117,115,108,89,63,26,19,0,8,0,12,7,6,10,9,8
22,15,12,20,19,11,53,65,84,99,114,108,97,81,51,13,21,0,8,6,8,10,7,8,11,8
12,8,12,14,14,21,46,65,81,98,100,94,85,66,23,10,11,7,6,6,0,0,7,6,8,9
10,9,11,13,14,14,51,61,80,97,109,91,78,58,34,10,28,11,7,10,8,7,10,9,8,8
11,7,8,12,13,13,37,59,77,95,103,84,73,58,32,11,12,0,4,8,10,7,0,9,10,7
8,8,10,10,12,11,35,57,79,83,90,72,66,54,25,9,10,0,0,0,10,6,7,9,8,7
6,6,10,8,6,4,36,61,73,81,79,69,63,58,25,0,7,0,0,0,8,7,5,5,5,7
8,7,8,6,0,6,36,64,92,83,81,68,66,53,27,10,7,0,4,8,7,8,6,6,5,4
6,6,7,0,0,9,13,58,85,83,78,69,64,52,13,10,8,0,6,5,8,9,9,6,4,7
0,0,0,0,6,8,12,13,71,72,66,58,57,51,10,9,6,0,0,4,8,6,5,4,6,0
0,0,0,0,0,0,13,10,65,75,70,64,56,35,13,7,10,0,0,0,5,0,5,6,6,0
6,0,0,8,0,7,14,11,60,71,73,70,62,46,14,9,10,7,0,5,5,6,7,6,5,0
5,0,5,0,6,8,9,8,63,61,66,61,58,42,15,12,12,0,0,0,0,6,7,9,4,4
0,0,0,0,0,9,5,11,51,68,58,57,55,34,14,10,11,4,0,5,4,6,6,7,7,6
0,4,0,0,8,5,7,9,53,51,56,44,14,33,9,9,10,0,0,6,4,5,0,5,7,4
7,8,8,0,8,6,6,10,53,45,45,22,14,35,10,9,11,0,0,6,9,0,0,0,5,0
0,11,14,12,15,13,43,55,73,102,110,116,115,98,68,45,39,8,9,9,13,0,0,0,9,11
7,7,13,7,10,12,34,64,102,119,127,128,125,112,91,51,37,10,8,6,10,6,7,6,8,9
9,5,10,14,13,15,46,74,104,129,135,140,125,115,101,61,52,12,12,9,0,10,10,9,10,9
9,9,13,13,11,11,25,83,103,135,138,138,129,118,104,65,55,12,12,11,0,10,12,10,7,6
11,10,12,11,11,7,23,74,103,122,143,147,129,119,97,65,56,11,10,8,10,8,10,7,7,13
11,10,9,8,0,0,18,76,103,113,127,138,143,124,94,61,54,7,10,8,11,8,9,9,12,14
11,0,13,8,0,0,50,66,75,90,111,119,127,129,108,61,53,11,14,11,12,10,9,10,14,11
12,9,12,7,0,6,13,67,75,93,107,116,123,124,96,62,42,10,9,10,11,9,7,0,11,11
9,7,5,0,0,0,14,68,83,97,90,104,113,116,80,56,30,9,9,9,7,6,0,8,0,6
6,0,7,8,0,0,13,71,96,103,104,99,114,102,82,59,28,7,8,6,0,7,7,0,7,8
6,0,0,0,0,0,12,59,85,92,105,101,103,97,88,61,32,7,0,0,0,0,0,0,8,8
6,0,0,0,0,0,12,59,90,101,101,100,110,112,97,75,40,5,9,8,6,8,6,6,9,8
6,0,7,0,0,0,14,66,94,106,106,105,114,118,106,84,50,8,11,10,10,7,0,8,9,7
10,9,8,0,7,0,31,85,100,108,112,125,141,148,122,101,67,11,14,10,9,9,10,9,7,9
14,13,14,9,8,12,55,86,106,112,117,148,196,187,131,101,70,30,50,17,13,13,12,14,12,14
14,12,13,9,9,13,61,93,102,110,125,159,189,148,132,106,79,51,57,24,31,13,26,14,13,22
26,18,25,34,10,8,71,100,104,113,134,153,172,158,133,114,83,63,61,43,23,12,13,13,17,18
32,33,50,14,8,0,46,72,81,101,131,143,163,148,120,91,79,61,53,21,25,13,14,13,12,14
51,32,50,35,9,5,15,62,86,110,121,130,137,143,112,73,65,42,23,12,12,11,10,5,10,8
54,52,53,31,11,8,47,65,102,119,136,141,148,140,105,76,63,31,26,15,14,14,14,10,9,12
58,51,37,27,25,13,56,81,113,130,129,136,141,137,108,74,56,12,14,11,11,11,13,14,9,9
52,21,27,32,42,25,60,76,114,130,134,141,141,131,108,77,59,9,12,9,13,7,10,13,7,10
50,14,18,30,22,13,55,69,104,123,123,132,127,119,87,61,33,6,7,6,8,10,6,11,9,7
52,25,14,22,25,13,55,68,97,109,115,125,117,106,75,51,20,11,7,8,11,7,9,7,9,11
25,15,14,21,15,11,53,64,90,110,117,116,108,88,63,26,19,0,8,0,12,7,6,10,9,8
23,15,12,20,20,11,53,65,83,99,114,108,97,80,51,13,21,0,8,6,8,10,7,8,11,8
13,8,12,14,14,21,46,65,81,98,100,94,85,66,23,10,11,7,6,6,0,0,7,6,8,9
10,9,11,13,14,15,51,61,79,97,109,91,78,58,34,10,27,11,8,10,8,7,10,9,8,8
11,7,8,12,13,13,37,59,77,95,103,84,73,59,32,11,12,0,4,9,10,8,0,9,10,7
8,8,10,10,12,11,35,57,78,83,90,72,66,54,25,10,11,0,0,0,10,6,7,9,8,7
6,6,10,8,6,4,36,61,72,81,79,69,63,59,23,0,7,0,0,0,8,7,5,5,5,7
9,7,8,6,0,6,38,64,92,82,81,69,66,53,27,10,7,0,4,8,7,8,6,6,5,4
6,6,7,0,0,9,13,58,84,83,78,69,63,52,13,10,8,0,6,5,8,9,9,6,4,7
0,0,0,0,6,8,12,13,70,72,66,58,57,51,10,9,6,0,0,4,8,6,5,0,6,0
0,0,0,0,0,0,13,10,65,76,71,64,56,35,13,7,10,0,0,0,5,0,5,6,6,0
6,0,0,8,0,7,14,12,60,71,73,71,62,44,14,9,10,7,0,5,5,6,7,6,5,0
5,0,5,0,6,8,9,9,63,61,66,61,58,42,15,12,12,0,0,0,0,7,7,9,4,4
0,0,0,0,0,9,5,11,51,68,58,57,55,34,14,10,11,0,0,5,4,6,6,7,7,6
0,4,0,0,8,5,7,9,53,51,56,44,14,33,9,9,10,0,0,6,4,5,0,5,7,4
7,8,8,0,8,6,6,10,52,45,45,22,14,35,10,9,10,0,0,6,9,0,0,0,5,0
