0,7,13,34,42,63,79,105,109,107,109,112,114,104,88,57,54,9,0,52,30,11,12,0,9,11
6,0,14,13,45,97,110,118,120,111,114,111,118,115,105,69,58,13,0,46,22,12,9,0,4,6
12,8,13,43,72,103,115,124,123,118,110,101,102,106,104,83,70,47,4,77,46,24,10,0,0,0
10,6,16,54,79,106,117,122,123,120,107,94,91,87,90,74,84,74,13,75,67,28,15,0,0,0
13,5,14,51,69,105,116,126,126,119,106,87,80,75,55,54,68,71,13,78,63,29,11,0,0,6
13,0,11,55,78,92,111,124,126,113,102,75,74,70,60,55,61,61,51,93,71,55,14,0,6,10
25,0,16,51,85,108,115,121,120,92,73,62,65,61,58,54,59,50,13,74,76,60,35,0,10,10
13,0,26,61,100,114,116,120,116,88,75,62,68,65,58,55,53,34,9,58,65,55,39,0,10,11
12,5,9,58,98,104,115,122,115,92,69,54,59,67,58,56,54,34,11,62,61,55,50,0,5,9
12,0,13,65,103,109,116,117,109,103,80,50,70,66,63,65,58,52,52,88,103,94,57,0,8,10
11,0,13,63,102,109,112,112,110,98,91,69,77,66,71,76,77,101,95,123,118,110,68,0,11,10
9,0,11,73,101,109,113,110,110,103,100,85,97,94,100,107,98,111,106,122,124,108,79,0,10,11
12,0,32,72,108,113,119,118,112,110,110,93,106,111,115,111,111,113,102,123,130,111,82,0,12,37
13,9,15,100,112,120,124,118,118,119,122,109,125,122,120,115,117,112,97,135,132,116,94,0,34,27
58,13,65,97,116,137,139,147,142,138,148,137,137,131,126,113,116,104,103,135,135,125,102,0,30,50
50,11,61,94,115,129,153,166,182,173,152,148,146,136,130,112,107,101,103,124,123,117,78,0,35,47
62,48,65,100,108,127,147,174,186,166,163,147,147,131,113,108,101,101,105,126,128,111,76,0,6,14
50,11,52,75,95,119,140,173,177,160,159,143,142,124,114,86,97,96,81,105,105,93,70,0,14,31
53,12,53,66,82,105,132,159,172,153,140,123,125,116,91,70,72,72,70,98,103,77,59,0,11,12
27,13,50,60,74,88,117,137,150,142,138,122,108,95,77,71,72,64,58,108,109,71,59,0,12,10
27,10,17,54,64,69,87,113,125,122,104,92,79,69,60,59,62,59,51,108,103,58,37,0,7,0
11,8,12,12,50,51,65,77,91,73,72,73,60,59,45,51,50,36,33,91,68,38,9,0,0,6
11,5,11,14,42,51,54,65,54,63,57,48,51,59,32,27,51,22,13,70,52,19,12,0,5,0
9,0,7,13,20,44,53,60,50,59,51,41,45,50,34,29,42,19,13,65,48,14,14,0,4,6
8,0,7,13,14,19,45,52,51,55,40,33,13,25,36,28,35,12,12,52,39,15,11,0,0,4
11,0,9,13,14,23,43,44,52,50,40,32,33,26,37,14,41,14,7,52,50,26,46,0,3,0
9,0,8,13,16,21,42,34,36,42,47,15,32,28,13,14,35,12,8,54,50,31,61,0,0,3
4,0,7,12,10,34,29,41,35,21,43,17,28,26,13,14,27,13,0,50,43,33,70,0,0,0
9,6,6,9,14,14,12,52,47,12,27,13,14,22,10,11,13,9,0,15,51,42,56,0,3,0
4,4,7,8,13,11,9,50,40,29,13,13,13,12,8,0,10,5,0,12,25,26,14,0,0,0
0,0,0,7,9,8,11,35,14,27,11,14,13,10,7,0,7,6,0,10,13,9,7,0,0,0
6,0,5,6,7,7,10,13,14,14,9,10,10,9,0,11,7,0,0,12,5,6,0,0,0,0
0,0,0,5,0,6,11,11,11,20,9,9,10,11,0,10,7,0,0,8,7,4,0,0,0,0
0,0,0,0,8,7,11,14,10,14,21,11,11,12,6,13,0,0,0,8,8,9,5,0,0,0
0,0,0,0,0,7,12,13,7,14,13,12,11,10,7,12,10,0,0,0,7,9,6,0,0,0
5,0,0,8,7,12,13,35,10,20,15,11,11,10,10,12,9,4,0,9,8,9,6,0,0,0
0,0,0,5,6,11,11,15,13,12,12,11,10,9,11,11,10,5,0,9,7,11,8,0,0,0
0,0,0,0,6,12,7,13,17,13,13,9,9,10,11,11,9,5,0,10,9,10,8,0,5,0
0,0,0,5,11,8,7,13,18,10,12,10,6,10,6,7,8,0,0,12,9,9,7,0,5,0
7,5,5,6,12,0,10,13,29,11,9,8,8,13,0,9,7,0,0,13,12,0,8,0,0,0
0,7,12,34,44,64,80,106,110,107,109,112,114,105,87,58,54,12,6,53,33,12,12,0,9,11
6,0,14,13,50,97,110,118,120,111,115,112,119,115,105,69,58,20,9,50,23,13,9,0,4,6
11,9,14,46,72,103,115,124,123,118,110,101,102,107,104,83,70,56,13,78,48,24,10,0,0,0
10,6,16,54,78,107,118,122,123,120,107,94,92,88,89,74,84,79,84,75,69,29,15,0,0,0
13,5,18,52,70,105,116,127,126,119,106,87,80,76,56,54,68,76,85,80,64,29,11,0,0,6
13,0,11,56,79,92,112,124,126,113,102,76,75,71,61,55,61,66,100,94,70,55,14,0,7,11
27,0,20,52,86,108,115,121,120,92,73,62,65,61,58,54,59,53,73,75,76,60,38,0,10,10
12,0,28,61,100,115,116,120,116,89,76,62,68,65,57,55,54,50,57,59,66,56,41,0,11,11
12,5,10,58,98,104,115,122,115,92,70,54,60,67,57,56,55,45,58,63,62,55,51,0,5,9
12,0,14,65,103,109,116,117,109,103,80,50,70,66,63,65,57,57,100,88,103,95,60,0,8,10
11,0,13,65,102,109,112,112,110,98,91,70,77,67,71,75,78,103,111,123,119,111,69,0,11,10
9,0,11,75,101,109,113,110,111,103,100,86,97,95,100,107,99,113,118,122,124,108,82,0,10,12
12,0,35,73,108,113,120,118,112,111,110,93,107,112,115,112,112,115,115,123,130,110,85,0,13,39
13,9,20,100,112,120,125,118,118,119,122,109,125,122,121,116,117,113,112,136,132,116,96,0,36,28
58,13,66,97,116,137,140,148,142,138,148,138,138,132,126,113,116,106,117,135,135,125,103,0,32,50
50,11,58,94,116,129,153,166,183,173,152,148,146,137,130,112,107,103,119,124,123,117,79,0,39,47
61,48,64,100,108,128,147,173,187,166,163,147,147,131,113,108,101,103,119,126,128,111,76,0,6,14
50,11,53,75,95,119,140,173,178,161,159,143,142,124,114,86,97,101,108,106,105,94,71,0,14,33
53,13,52,66,82,105,133,159,172,154,141,123,125,116,92,70,72,75,96,98,103,78,59,0,11,12
27,13,51,60,74,87,117,137,150,142,138,122,109,95,77,71,72,67,83,108,108,71,59,0,12,10
25,10,19,54,65,69,88,113,125,123,104,92,80,70,60,58,62,64,78,108,104,58,39,0,7,0
11,8,12,12,50,51,65,77,92,73,72,73,61,59,45,51,50,50,80,91,69,41,9,0,0,7
11,5,11,14,40,52,54,65,55,63,57,48,52,59,32,27,51,36,58,70,52,19,12,0,5,0
9,0,7,14,20,44,53,60,50,60,51,42,47,51,34,29,44,29,57,66,50,14,15,0,4,6
8,0,7,13,14,20,47,52,52,55,42,35,13,25,34,28,37,14,55,53,39,15,12,0,0,4
11,0,10,13,14,25,45,44,52,50,42,30,35,26,31,13,41,21,46,52,50,28,48,0,3,0
9,0,8,13,17,22,42,34,39,40,48,15,32,28,13,13,35,13,51,54,51,31,60,0,0,3
5,0,7,11,10,31,31,39,35,21,43,17,29,27,12,14,28,13,14,51,44,33,69,0,0,0
9,6,7,10,14,14,12,52,47,11,25,13,14,22,10,11,13,10,12,17,51,42,55,0,3,0
0,4,7,8,13,11,9,50,40,31,13,13,13,12,7,0,10,6,5,12,23,26,14,0,0,0
0,0,0,7,9,8,11,32,14,25,11,13,13,10,7,0,7,7,0,10,14,9,7,0,0,0
5,0,5,7,7,7,10,13,14,14,9,10,10,9,0,11,7,0,10,12,5,6,4,0,0,0
0,0,0,5,0,6,11,11,11,20,9,8,10,11,0,10,8,0,10,8,7,4,0,0,0,0
0,0,0,0,8,7,11,14,10,15,20,11,11,12,0,12,0,0,6,8,8,9,5,0,0,0
0,0,0,0,0,7,12,13,7,14,13,12,11,10,7,12,10,5,4,0,7,9,6,0,0,0
4,0,0,8,6,12,13,35,10,20,15,11,11,10,10,12,9,5,0,8,8,9,7,0,0,0
0,0,0,5,6,11,11,15,13,12,12,10,10,9,11,11,10,6,6,9,7,11,8,0,0,0
0,0,0,0,5,12,8,13,16,13,13,9,9,10,11,10,9,6,0,10,9,10,8,0,5,0
0,0,0,5,11,8,7,13,18,10,12,10,6,10,6,7,8,0,0,12,9,9,7,0,5,0
7,6,5,6,12,0,10,13,29,11,9,8,8,13,0,9,7,0,0,13,12,0,8,0,0,0
0,7,12,34,44,64,81,106,109,108,110,112,115,105,88,58,54,14,37,53,33,13,12,0,10,11
6,0,15,13,50,98,110,118,120,112,115,112,119,116,105,70,59,37,50,52,25,14,9,0,4,6
12,9,14,46,73,103,116,124,123,119,110,101,102,107,104,83,71,64,66,80,50,25,10,0,0,0
10,6,16,54,78,107,118,122,123,120,107,94,93,89,89,74,84,84,78,76,67,29,15,0,0,0
13,5,18,52,70,105,116,127,126,119,106,89,82,76,56,55,69,81,81,80,64,31,11,0,0,6
13,0,11,55,79,92,112,124,127,114,102,76,75,71,61,55,61,70,97,94,71,56,14,0,7,11
27,0,20,52,86,108,115,121,120,92,73,62,66,62,59,54,59,56,70,75,76,61,38,0,10,10
12,0,30,61,100,115,116,120,116,89,75,63,69,66,57,55,54,52,55,59,66,57,41,0,11,11
12,5,10,58,98,104,115,121,115,93,70,55,61,68,58,57,55,51,56,63,62,56,51,0,6,10
12,0,14,66,103,109,116,117,109,103,81,50,70,66,65,65,58,61,100,89,103,96,62,0,9,10
11,0,14,66,102,109,112,112,110,99,92,69,78,67,72,76,78,104,110,123,119,111,69,0,12,11
8,0,11,76,101,109,113,110,110,103,100,85,98,96,100,107,99,114,117,122,124,108,83,0,11,12
12,0,35,74,108,113,120,118,112,111,110,93,107,112,115,112,112,116,113,123,130,111,85,0,13,40
13,9,20,100,112,120,125,118,118,119,122,109,125,122,121,116,118,115,111,136,132,116,96,0,37,30
58,13,66,97,116,136,140,148,142,138,148,138,138,132,126,113,117,107,115,136,135,125,103,0,34,51
51,11,59,94,116,129,153,166,182,173,152,148,146,137,130,112,107,105,117,125,123,117,80,0,41,48
61,48,64,101,108,127,147,173,187,166,163,147,147,131,113,108,101,105,119,127,128,111,76,0,7,16
50,11,54,75,95,119,140,173,178,161,160,144,142,125,115,86,97,102,106,106,105,94,71,0,14,30
53,13,52,66,82,105,133,159,172,154,141,124,126,117,92,70,72,78,94,99,103,78,59,0,11,12
27,13,51,60,74,87,117,137,150,143,138,123,109,95,77,71,72,70,81,108,108,72,59,0,12,10
25,10,19,54,65,69,87,113,125,123,105,94,80,70,60,59,62,68,76,108,103,59,39,0,7,0
11,8,12,12,51,51,65,77,92,74,73,74,61,59,47,51,50,54,77,91,69,41,9,0,0,7
11,5,11,14,42,51,55,65,55,64,57,50,52,59,35,27,51,50,56,70,53,19,12,0,5,0
9,0,7,14,20,47,54,60,50,60,51,43,47,50,36,31,46,39,56,66,48,15,15,0,4,6
8,0,8,13,14,19,50,52,52,55,45,36,13,25,34,30,37,20,54,53,41,15,12,0,0,5
12,0,10,13,14,23,45,44,52,48,42,30,35,22,25,13,41,32,40,52,50,28,50,0,3,0
9,0,8,13,17,23,43,34,39,42,48,17,32,28,13,13,35,17,50,54,51,29,60,0,0,3
5,0,7,11,10,34,31,41,33,20,43,19,30,27,11,14,29,14,14,51,43,33,69,0,0,0
9,6,7,10,14,14,12,52,47,11,25,13,14,22,10,11,13,11,11,18,51,42,54,0,4,0
0,4,7,8,13,11,9,50,40,34,13,13,12,12,7,0,10,7,0,13,21,26,14,0,0,0
0,0,0,7,9,8,11,32,14,25,11,13,13,10,7,0,7,8,0,9,14,9,8,0,0,0
6,0,5,7,7,7,10,13,13,14,9,10,10,9,0,11,7,6,10,13,5,7,4,0,0,0
0,0,0,5,0,0,11,11,11,20,9,9,10,10,0,10,8,0,9,8,7,4,0,0,0,0
0,0,0,0,8,7,11,14,9,15,20,11,11,12,0,12,0,0,5,8,7,8,5,0,0,0
0,0,0,0,0,7,12,13,6,14,13,12,11,10,6,12,10,6,0,0,7,9,6,0,0,0
4,0,0,8,6,12,13,35,9,20,15,11,11,10,9,12,9,6,0,8,9,9,6,0,0,0
0,0,0,5,6,11,11,14,13,12,12,10,10,8,11,11,10,7,5,9,7,11,8,0,0,0
0,0,0,0,5,12,8,13,15,13,13,9,9,10,11,10,9,7,0,10,9,10,8,0,5,0
0,0,0,5,11,8,7,13,17,10,12,10,6,10,6,7,8,4,0,12,8,9,7,0,5,0
7,6,5,6,12,0,10,13,28,11,9,8,8,13,0,9,7,0,0,13,12,0,8,0,0,0
0,7,13,36,46,63,81,106,110,108,110,112,115,105,88,58,55,25,39,53,35,13,13,0,10,11
5,0,15,13,51,98,110,118,120,112,115,112,119,116,105,70,60,50,51,53,25,14,10,0,5,6
11,9,14,43,73,102,115,124,123,118,110,101,102,107,105,83,71,69,67,80,50,26,10,0,0,0
10,6,16,53,76,107,118,122,123,120,107,93,93,91,89,74,84,88,80,78,70,32,16,0,0,0
13,5,21,53,70,104,116,127,125,119,106,89,82,76,55,55,69,84,81,80,64,34,11,0,0,7
13,0,11,56,78,92,111,124,127,113,102,75,76,71,61,55,61,73,97,95,72,57,15,0,7,11
20,0,20,53,86,108,115,121,119,92,73,62,66,62,60,54,59,59,71,75,77,62,38,0,10,10
12,0,30,62,100,115,117,120,117,89,75,63,68,66,57,55,55,54,55,59,67,58,41,0,11,11
12,5,10,58,98,104,115,122,115,93,70,56,62,68,58,57,55,53,57,64,62,56,52,0,6,10
12,0,14,66,103,109,116,117,110,103,81,51,70,66,64,65,58,64,98,89,104,97,63,0,9,10
11,0,14,66,103,109,112,112,110,99,93,69,78,68,71,77,79,106,110,123,119,111,68,0,12,11
8,0,11,77,101,109,114,111,111,103,100,85,98,96,100,107,100,115,117,122,124,108,84,0,11,12
12,0,39,75,109,113,120,118,112,111,110,93,107,113,115,112,113,117,114,123,131,111,86,0,13,42
13,9,25,100,112,120,125,118,118,119,122,109,125,122,121,116,118,116,111,136,133,116,97,0,38,31
58,13,66,97,116,136,140,148,142,138,148,138,138,132,126,114,117,108,115,135,135,125,103,0,35,52
50,11,58,95,116,129,153,166,182,174,152,148,147,137,130,112,107,106,118,125,124,117,80,0,39,50
60,47,64,101,108,127,147,173,186,167,163,148,147,131,113,108,101,106,118,127,128,111,76,0,7,16
46,11,54,75,95,118,140,173,178,162,159,144,143,125,115,87,97,103,106,106,105,95,71,0,14,31
52,13,53,66,82,105,133,159,172,155,140,124,126,118,92,70,72,79,94,99,103,79,59,0,12,12
27,13,51,61,73,87,116,137,150,143,138,123,109,96,77,71,72,71,81,108,109,72,59,0,12,10
14,10,19,54,65,69,88,114,125,123,105,94,81,70,61,59,62,69,76,108,104,60,41,0,7,0
11,8,12,12,51,51,65,78,92,74,74,75,61,60,47,51,51,56,79,91,70,44,9,0,0,7
11,5,11,14,42,52,55,65,55,64,57,50,52,59,37,30,51,50,56,70,53,21,12,0,5,0
9,0,7,14,22,47,54,61,50,60,52,44,47,50,38,31,48,43,56,66,50,15,16,0,4,6
8,0,8,13,14,19,50,52,52,55,46,37,13,25,34,30,37,25,54,53,42,16,12,0,0,5
11,0,9,13,14,23,43,44,52,48,42,30,35,22,19,12,41,36,40,52,50,28,48,0,3,0
9,0,8,13,17,23,43,35,40,42,47,15,32,26,13,12,35,19,50,55,51,31,60,0,0,3
4,0,7,12,10,31,31,41,33,18,42,19,31,27,11,14,30,15,15,51,45,33,68,0,0,0
9,6,7,10,14,14,12,52,45,11,25,13,14,22,9,11,13,11,11,21,51,42,53,3,4,0
0,4,7,9,13,11,9,50,37,31,13,13,12,12,7,0,10,7,0,13,23,26,14,0,0,0
0,0,0,7,9,8,11,35,14,25,11,13,13,10,7,0,7,9,0,9,14,9,8,0,0,0
5,0,5,7,7,7,10,13,13,14,9,10,10,9,0,11,7,6,10,13,6,7,4,0,0,0
0,0,0,6,0,0,11,11,11,19,9,8,10,10,0,10,8,0,9,9,7,4,0,0,0,0
0,0,0,0,8,7,11,14,9,15,19,11,10,12,0,12,0,0,0,8,8,9,5,0,0,0
0,0,0,0,0,7,12,13,6,14,13,12,11,10,6,12,10,6,0,0,7,9,6,0,0,0
0,0,0,8,6,11,12,37,9,18,14,11,11,10,9,12,8,6,0,8,9,10,6,0,0,0
0,0,0,5,6,11,11,15,12,12,12,10,10,8,11,11,10,7,5,9,7,11,8,0,0,0
0,0,0,0,5,12,8,13,14,12,13,9,9,10,11,10,10,7,0,10,9,10,8,0,5,0
0,0,0,5,11,8,7,13,17,10,12,10,5,10,6,6,8,4,0,12,8,9,7,0,5,0
6,6,5,6,12,0,9,13,27,10,8,8,8,13,0,9,7,0,0,13,12,0,8,0,0,0
0,7,13,36,48,63,81,107,109,108,109,112,115,105,88,58,56,33,39,54,36,14,13,0,10,11
6,0,15,13,51,97,110,118,120,112,115,112,120,116,105,70,60,51,52,54,29,16,10,0,5,6
12,9,14,43,73,102,116,124,123,119,110,101,103,107,105,83,71,70,66,80,50,26,11,0,0,0
10,6,15,54,76,107,118,122,123,120,107,94,92,89,90,74,84,89,78,79,71,34,15,0,0,0
13,5,21,52,71,104,116,127,125,119,107,89,82,76,56,55,69,84,81,80,65,36,12,0,0,7
13,0,11,56,78,92,111,124,127,114,101,76,77,71,61,56,61,73,97,96,72,57,17,0,7,11
27,0,16,54,86,108,115,121,119,92,73,63,66,62,60,54,59,59,71,75,77,64,38,0,10,11
12,0,30,62,101,114,116,120,116,90,76,63,68,66,57,56,55,55,55,59,67,58,41,0,11,11
12,5,9,57,98,104,115,122,115,93,70,56,62,68,58,58,55,53,57,64,63,56,52,0,6,10
12,0,15,66,103,108,116,117,110,103,82,51,71,66,65,65,58,64,100,89,103,100,64,0,9,10
11,0,13,67,102,109,112,112,110,100,93,70,78,68,72,77,79,106,110,123,119,111,68,0,12,11
9,0,11,77,101,109,114,111,111,103,100,86,98,97,100,107,100,115,117,122,124,108,86,0,11,12
12,0,39,75,108,113,119,118,112,111,110,94,107,113,115,113,113,118,114,124,131,111,86,0,13,45
13,9,14,100,112,120,125,118,118,120,122,110,125,123,121,116,118,116,111,137,133,116,97,0,38,32
58,13,66,97,116,136,140,148,142,139,148,138,138,132,127,114,117,108,116,136,135,125,104,0,38,52
51,11,57,94,116,129,153,166,183,174,152,148,147,137,130,112,107,106,118,125,124,117,80,0,41,50
60,47,63,101,108,127,147,173,187,167,163,148,147,131,113,108,101,106,118,127,128,111,76,0,7,16
50,11,54,75,95,117,140,173,179,162,160,144,143,125,115,87,98,104,106,106,105,95,71,0,14,33
53,13,53,66,82,105,133,159,172,155,141,125,126,118,93,71,72,81,94,99,103,80,60,0,12,12
30,13,52,61,74,87,116,137,150,143,138,123,109,97,77,71,72,71,81,108,109,72,59,0,13,10
14,10,17,54,66,69,87,114,126,123,105,94,81,70,61,59,62,70,76,108,104,61,43,0,8,0
12,7,12,12,51,51,66,78,92,75,75,75,61,60,47,51,51,57,78,91,70,47,9,0,0,7
11,5,10,14,42,51,55,65,55,65,57,50,52,59,40,32,51,51,56,70,53,23,12,0,5,0
9,0,7,14,22,47,54,61,50,60,52,46,50,51,38,31,48,45,56,66,50,17,16,0,4,6
8,0,8,13,14,19,50,52,52,55,47,37,13,27,34,30,37,27,54,54,42,18,12,0,0,5
11,0,9,13,14,23,43,46,52,48,43,30,33,22,15,11,41,38,38,52,48,28,48,0,3,0
10,0,8,13,17,23,44,35,40,42,48,15,32,25,13,12,35,21,50,55,51,31,60,0,0,3
5,0,7,12,10,31,31,41,33,18,43,20,31,27,11,14,30,15,16,51,44,33,68,0,0,0
9,6,6,10,14,14,12,52,47,12,25,13,14,22,9,11,13,11,12,22,51,42,53,3,4,0
0,4,7,9,14,11,9,50,35,34,13,13,12,12,6,0,10,8,0,14,21,27,14,0,0,0
0,0,0,7,9,8,11,32,14,27,11,13,13,10,7,0,7,9,0,9,14,9,8,0,0,0
5,0,5,7,7,7,10,13,14,14,9,10,10,9,0,11,7,6,10,13,6,7,5,0,0,0
0,0,0,6,0,6,11,11,11,20,9,8,10,10,0,10,8,0,9,9,7,4,0,0,0,0
0,0,0,0,8,7,11,14,9,15,19,11,11,12,0,12,0,0,0,8,7,9,5,0,0,0
0,0,0,0,0,7,12,13,6,14,13,12,11,10,6,12,10,7,0,0,7,9,6,0,0,0
0,0,0,8,6,11,12,37,9,20,14,11,11,10,9,12,8,7,0,8,9,10,6,0,0,0
0,0,0,5,6,10,11,15,12,12,12,11,10,8,11,11,10,7,5,9,7,11,8,0,0,0
0,0,0,0,6,12,7,13,14,12,13,9,9,10,10,10,10,8,0,10,9,10,8,0,5,0
0,0,0,5,11,7,7,13,17,10,12,10,5,10,5,6,8,4,0,12,8,9,7,0,5,0
6,5,5,6,12,0,9,13,28,10,8,8,8,13,0,9,7,0,0,13,12,0,8,0,0,0
0,7,14,38,50,63,81,107,110,108,109,113,116,105,88,58,55,38,41,54,36,15,13,0,10,11
6,0,14,13,53,98,110,118,120,112,115,112,120,116,106,70,61,51,52,55,34,20,10,0,5,6
12,9,13,43,73,102,115,124,123,119,110,101,102,107,105,83,71,70,67,80,51,27,11,0,0,0
11,6,16,54,79,107,118,123,123,120,107,94,92,89,93,74,84,90,80,79,71,34,16,0,0,5
13,5,15,51,71,104,116,127,125,119,107,89,83,76,57,55,68,84,82,80,65,40,12,0,0,7
13,0,11,56,79,92,111,124,127,114,102,76,77,71,62,57,61,73,98,96,75,59,19,0,7,11
25,0,16,54,86,108,115,121,119,93,73,63,66,62,60,54,59,60,70,74,77,64,36,0,10,11
12,0,30,62,101,115,116,120,116,89,75,64,69,66,58,56,55,56,56,60,67,58,43,0,11,11
12,5,9,57,99,104,115,122,115,92,70,57,62,68,59,57,56,54,58,64,63,57,52,0,6,10
12,0,13,66,103,109,116,117,110,103,82,53,71,66,64,65,58,64,100,90,104,100,65,0,9,10
11,0,13,66,102,109,112,112,110,100,94,70,79,67,73,77,79,106,110,123,120,112,69,0,12,11
9,0,12,77,101,109,114,111,111,103,100,86,98,97,100,107,100,116,118,122,125,108,87,0,11,12
12,0,35,74,108,113,119,118,112,111,110,95,107,113,115,112,113,118,114,124,131,111,88,0,13,45
13,9,14,100,112,120,125,118,118,119,122,110,125,123,121,116,118,116,111,137,133,116,97,0,38,34
58,13,65,98,116,136,140,148,143,139,148,138,138,132,127,114,117,109,116,136,135,125,104,0,39,52
52,11,61,94,116,128,153,166,183,173,153,148,147,137,131,112,108,106,118,124,124,117,80,0,43,50
61,47,64,101,108,127,147,174,186,166,163,148,148,131,113,108,101,106,119,127,128,111,76,0,7,17
50,11,53,75,95,117,140,173,179,162,160,144,144,125,115,87,98,104,107,106,106,95,72,0,14,35
53,13,54,66,82,105,132,159,173,156,141,125,126,118,93,71,73,81,94,99,103,80,60,0,12,12
30,13,50,61,74,87,117,138,151,143,138,123,109,97,78,71,71,71,82,108,109,72,59,0,13,10
27,10,17,54,66,69,88,114,126,123,105,95,81,70,61,59,62,71,76,108,104,61,41,0,8,0
12,7,12,12,51,52,66,78,92,75,75,75,61,60,50,52,51,57,79,91,71,47,9,0,0,7
11,0,11,14,45,51,55,66,55,64,57,51,52,59,40,35,51,51,57,70,53,23,12,0,5,0
9,0,7,14,25,47,54,61,50,60,52,47,50,50,40,31,48,45,57,66,50,17,17,0,5,6
9,0,8,13,14,20,50,53,52,55,48,37,13,27,36,30,35,27,55,54,44,20,13,0,0,6
11,0,9,13,14,23,43,46,53,48,43,32,33,22,14,11,40,38,40,52,48,28,48,0,3,0
10,0,8,13,17,23,45,35,41,40,48,17,33,25,13,12,35,23,50,55,51,31,60,0,0,3
4,0,7,12,10,31,31,42,33,16,43,20,33,25,11,14,30,16,18,51,45,33,68,0,0,0
10,6,6,10,14,14,12,52,47,11,23,13,14,20,9,11,13,11,12,22,52,42,52,3,4,0
4,4,7,9,14,11,9,50,37,31,13,13,11,12,6,0,10,8,0,14,23,26,14,0,0,0
0,0,0,7,9,8,11,35,14,27,11,13,13,10,7,0,7,9,0,9,14,10,8,0,0,0
5,0,5,7,7,7,10,13,14,14,10,10,10,9,0,10,7,7,10,13,6,7,5,0,0,0
0,0,0,6,0,0,11,11,11,20,9,8,10,10,0,10,8,0,9,9,7,4,0,0,0,0
0,0,0,0,8,7,11,14,9,15,19,11,11,11,0,12,0,0,5,8,7,9,5,0,0,0
0,0,0,0,0,7,12,14,6,14,13,12,11,10,6,12,10,7,0,0,7,9,6,0,0,0
0,0,0,8,6,11,13,39,9,20,14,11,11,10,9,12,8,7,0,7,9,10,6,0,0,0
0,0,0,5,6,10,11,16,12,12,12,11,10,8,11,11,10,8,5,9,7,11,8,0,0,0
0,0,0,0,6,12,7,13,14,12,13,9,9,10,10,10,10,8,0,10,9,10,8,0,5,0
0,0,0,5,11,7,7,14,17,9,12,10,5,10,5,6,8,5,0,12,8,9,7,0,5,0
6,5,5,6,12,0,9,13,28,10,8,8,8,13,0,9,7,0,0,14,12,0,8,0,0,0
0,7,13,38,50,63,81,106,110,108,109,113,116,105,88,58,56,41,43,53,38,17,13,0,10,11
6,0,14,13,53,98,110,118,120,112,115,112,120,116,106,71,61,53,53,56,36,23,10,0,5,6
12,9,13,43,73,102,115,124,123,119,110,101,103,107,105,83,70,71,67,80,53,28,11,0,0,0
10,6,18,54,78,106,118,123,123,120,107,96,92,89,94,74,84,91,80,79,73,35,16,0,0,5
13,5,15,51,71,104,115,127,125,119,107,90,83,76,57,55,68,86,83,81,68,40,12,0,0,7
13,0,12,56,79,92,111,124,127,114,101,77,77,72,62,57,62,73,100,96,77,60,19,0,8,12
25,0,16,54,86,108,115,121,120,93,73,64,66,62,60,54,59,60,71,74,77,64,38,0,10,11
12,0,30,61,100,114,116,120,116,90,76,64,69,66,58,56,55,56,56,60,68,58,43,0,11,11
12,5,9,57,98,104,115,122,115,93,71,57,62,68,59,57,56,55,58,64,63,57,52,0,6,10
12,0,13,66,103,109,116,118,110,103,82,53,71,67,64,65,58,65,100,90,104,101,65,0,9,10
11,0,13,66,102,110,113,112,110,100,94,70,79,68,73,77,79,106,110,124,120,112,70,0,12,11
9,0,12,76,101,109,114,111,111,103,100,87,100,97,100,108,100,116,118,122,125,109,88,0,11,12
12,0,39,74,108,113,119,118,113,111,110,95,107,113,116,113,113,118,114,124,132,111,89,0,13,46
13,9,14,100,112,120,125,118,118,119,122,110,125,123,121,116,118,116,111,137,133,116,98,0,38,34
58,13,66,97,116,136,140,148,143,139,149,139,138,132,126,114,117,109,116,136,136,126,104,0,39,52
51,12,61,94,116,129,153,166,183,173,153,149,147,137,131,112,108,106,118,124,124,117,81,0,45,50
61,47,64,101,108,127,147,173,187,166,163,148,148,132,114,108,101,106,119,127,128,111,77,0,7,17
50,11,53,75,95,118,140,173,179,162,160,144,144,126,115,87,97,104,107,106,106,96,72,0,15,36
53,13,54,67,82,105,132,158,173,156,141,125,126,118,93,71,73,81,94,99,103,79,60,0,12,12
25,13,50,61,73,87,117,138,151,143,138,123,109,97,78,71,72,72,82,108,109,72,60,0,13,10
14,10,19,54,66,69,88,114,126,124,106,95,81,70,62,59,62,71,77,108,104,61,43,0,8,0
12,7,12,12,52,53,66,77,92,75,75,76,62,60,50,52,51,57,80,90,71,50,10,0,0,7
10,0,10,14,42,51,55,65,55,64,57,51,53,59,40,35,51,51,57,71,53,25,13,0,5,0
9,0,7,14,22,47,53,61,50,60,52,48,50,51,40,31,48,47,57,66,50,19,17,0,5,6
8,0,8,13,14,22,50,53,52,55,50,38,13,27,36,30,35,29,55,54,46,20,13,0,0,6
11,0,9,13,14,25,43,44,53,46,44,32,33,22,14,11,38,40,42,52,50,28,48,0,3,0
9,0,8,13,17,23,44,35,40,40,50,17,35,25,13,13,35,25,51,55,51,33,59,0,0,3
4,0,7,12,10,29,29,42,35,15,43,20,33,23,11,15,30,16,18,51,45,33,67,0,0,0
10,6,6,10,14,14,12,51,50,11,23,13,14,17,9,11,13,11,12,25,52,42,52,3,4,0
4,4,7,9,13,11,9,50,40,31,13,13,10,12,0,0,10,8,0,14,25,27,14,0,0,0
0,0,0,7,9,8,11,32,14,27,11,13,13,10,7,0,6,9,0,9,14,9,8,0,0,0
5,0,5,7,7,7,9,13,14,14,10,10,10,9,0,10,7,6,10,13,6,6,5,0,0,0
0,0,0,5,0,6,11,11,11,21,9,8,10,10,0,10,8,0,9,9,7,4,0,0,0,0
0,0,0,0,8,7,11,14,9,17,19,11,11,12,0,12,0,0,6,8,7,9,5,0,0,0
0,0,0,0,0,7,12,13,6,14,13,12,11,10,6,12,10,7,0,0,7,9,6,0,0,0
0,0,0,8,6,11,12,39,9,20,14,11,11,10,9,12,8,7,0,7,9,10,6,0,0,0
0,0,0,5,6,10,11,16,12,12,12,11,10,8,11,11,10,8,5,9,7,11,8,0,0,0
0,0,0,0,5,12,7,13,14,12,13,9,9,10,10,10,10,8,0,10,9,10,8,0,5,0
0,0,0,5,11,8,7,13,18,8,12,10,6,10,5,6,8,5,0,12,9,9,7,0,5,0
6,5,5,6,12,0,9,13,28,9,8,8,8,13,0,9,7,0,0,14,12,0,8,0,0,0
0,7,13,38,50,63,81,106,110,108,110,113,116,105,89,59,56,47,47,54,38,17,13,0,10,11
6,0,14,13,53,98,110,118,121,112,115,112,120,116,106,70,60,53,56,57,40,25,10,0,5,6
12,9,14,43,73,103,116,124,123,119,110,101,103,107,105,84,71,73,70,80,53,30,11,0,4,0
10,6,16,54,79,107,118,123,124,120,107,98,93,88,94,74,84,91,82,78,71,35,16,0,0,0
13,5,14,50,71,105,116,127,125,119,107,90,83,78,58,56,68,86,85,81,69,40,12,0,0,7
13,0,12,56,79,92,112,124,127,114,101,80,78,72,62,57,62,75,100,97,77,59,21,0,8,12
27,0,16,53,85,108,115,121,120,93,74,64,67,61,59,54,59,60,71,74,77,64,39,0,10,11
12,0,28,61,100,115,116,120,116,89,76,64,69,66,58,56,55,57,57,60,67,58,43,0,11,11
12,5,10,56,98,104,115,122,115,93,71,57,62,69,59,57,56,55,59,64,63,57,52,0,6,10
12,0,13,66,103,109,116,117,110,103,83,54,73,67,65,65,59,66,100,90,104,101,66,0,9,10
11,0,13,66,102,110,113,112,110,100,95,71,80,68,73,77,79,106,111,124,120,112,70,0,12,11
9,0,13,76,101,109,114,111,111,103,100,87,100,97,100,107,100,116,118,122,125,109,88,0,11,12
12,0,39,73,108,113,119,118,112,111,110,95,107,113,116,113,114,118,115,124,132,111,90,0,14,46
13,9,14,100,112,120,125,118,118,119,122,110,126,123,121,116,118,116,111,137,133,116,98,0,40,32
58,13,66,97,116,136,140,148,143,139,149,139,139,133,126,114,117,109,116,136,136,126,104,0,40,52
51,12,62,93,116,129,153,166,183,173,153,149,147,137,131,112,108,106,119,124,124,117,81,0,47,50
61,47,64,101,108,128,147,173,187,166,163,149,148,132,113,108,101,106,119,127,129,111,77,0,7,17
50,11,52,75,96,118,140,174,179,163,161,145,144,126,115,87,97,104,108,106,106,96,72,0,15,36
53,13,55,67,82,105,132,159,174,156,141,125,127,118,93,71,73,81,95,99,103,79,60,0,12,13
27,13,50,60,73,87,117,138,151,143,138,124,110,97,78,71,72,72,83,108,109,72,60,0,13,10
25,10,19,54,66,70,89,114,126,124,106,95,82,70,62,59,62,71,78,108,104,61,41,0,8,0
11,7,12,12,53,53,66,77,93,76,76,76,62,60,50,52,51,56,80,91,70,47,10,0,0,7
11,0,11,14,42,52,55,65,55,64,57,52,53,59,40,35,51,52,57,71,53,25,13,0,5,0
9,0,7,14,22,50,54,61,50,60,53,50,50,51,40,31,48,47,57,66,50,19,17,0,5,6
9,0,8,12,14,22,50,53,53,54,50,38,13,27,36,30,35,31,56,54,44,20,13,0,0,6
11,0,9,13,14,25,45,46,53,46,45,32,35,22,15,12,40,40,44,52,50,28,48,0,3,0
10,0,9,13,19,23,45,35,41,40,50,17,39,25,14,13,35,27,51,55,51,33,59,0,0,3
4,0,7,12,10,31,31,41,33,15,43,22,34,23,11,14,31,15,20,51,44,31,66,0,0,0
10,6,6,9,14,14,12,51,50,11,23,13,14,17,9,11,13,11,12,25,52,40,51,3,5,0
4,4,7,9,13,11,9,50,40,31,13,13,10,12,0,0,10,8,0,14,25,26,14,0,0,0
0,0,0,7,9,8,11,32,14,27,12,13,13,10,7,0,6,9,0,9,14,9,8,0,0,0
5,0,5,7,7,7,9,13,14,14,10,11,10,9,0,10,7,6,10,13,6,6,5,0,0,0
0,0,0,5,0,6,11,11,11,20,9,8,10,10,0,10,8,0,9,9,7,4,0,0,0,0
0,0,0,0,8,7,11,14,9,15,19,11,11,11,0,12,0,0,6,8,7,9,5,0,0,0
0,0,0,0,0,8,12,13,6,14,13,12,11,10,6,12,10,7,0,0,7,9,5,0,0,0
0,0,0,8,6,11,13,37,9,20,14,11,11,10,9,12,8,7,0,7,9,10,6,0,0,0
4,0,0,5,6,11,11,16,12,12,12,11,10,9,11,11,11,8,5,9,7,11,8,0,0,0
0,0,0,0,5,12,7,13,14,12,13,9,9,10,10,10,10,8,0,10,9,10,8,0,5,0
0,0,0,5,11,8,7,13,18,8,12,10,6,10,5,6,8,5,0,12,9,9,7,0,5,0
6,5,5,6,12,0,9,13,27,8,8,8,8,13,0,9,7,0,0,14,12,0,8,0,0,0
0,7,13,38,50,63,82,106,110,108,110,113,116,106,89,59,56,50,50,53,38,17,13,0,10,11
6,0,14,13,53,98,110,118,121,112,115,112,120,116,106,71,60,54,56,57,43,25,10,0,5,6
12,9,14,46,73,103,115,124,123,119,111,101,103,107,105,84,70,74,72,80,54,28,11,0,4,0
10,6,18,54,80,107,118,123,124,120,107,98,95,88,93,75,84,92,84,78,71,35,17,0,0,5
13,5,14,51,71,105,116,127,126,119,107,90,84,79,58,56,68,87,83,81,69,38,12,0,0,7
12,0,12,56,79,92,112,124,127,113,102,79,78,71,62,57,62,76,100,97,78,60,21,0,8,12
25,0,18,53,84,108,115,121,120,93,74,64,67,61,60,54,59,60,72,74,77,64,39,0,10,11
12,0,30,61,101,115,116,120,116,89,77,64,70,66,58,57,55,57,57,60,68,58,45,0,11,11
12,5,10,56,98,104,115,121,115,94,71,57,63,68,59,57,55,55,59,64,63,57,52,0,6,10
12,0,13,66,103,109,116,117,110,103,83,54,73,67,64,65,59,66,100,90,104,101,67,0,9,10
11,0,13,65,102,110,113,112,110,99,95,71,79,68,73,77,78,107,111,124,120,112,70,0,12,11
8,0,13,76,101,109,114,111,111,103,101,87,100,97,100,107,100,116,118,123,125,109,89,0,11,12
11,0,39,73,108,113,120,118,112,111,110,95,107,113,115,113,114,119,115,124,132,111,90,0,14,46
13,9,25,100,112,120,125,117,118,119,122,110,126,123,121,116,118,117,112,137,133,116,97,0,41,32
57,13,66,97,116,136,140,148,143,139,149,139,139,133,126,114,117,109,117,136,136,126,104,0,40,52
51,12,63,93,115,129,153,166,183,173,153,149,147,137,131,112,107,106,119,125,124,117,81,0,47,50
61,47,65,101,107,128,147,173,187,167,164,148,148,132,113,108,101,106,119,127,129,111,78,0,7,17
50,11,52,75,96,118,140,174,179,163,161,145,144,126,115,88,97,104,108,106,106,95,72,0,15,38
53,13,55,67,82,105,132,159,173,156,141,125,127,118,93,71,73,81,96,99,103,78,60,0,12,12
25,13,50,60,73,87,117,138,150,143,139,124,110,97,78,71,71,73,83,107,109,73,59,0,13,10
14,10,19,54,66,70,89,114,127,124,106,95,82,70,62,59,62,71,78,107,104,61,41,0,8,6
11,8,12,12,53,54,67,77,94,76,77,76,63,61,51,52,51,56,80,90,70,47,10,0,0,7
10,5,11,14,45,52,55,65,55,64,58,52,53,58,40,35,51,52,58,71,53,25,13,0,5,0
8,0,7,14,25,50,54,61,50,60,53,50,50,51,40,31,48,50,58,66,50,17,17,0,5,6
8,0,8,12,14,22,50,53,52,54,50,38,13,29,32,30,37,31,56,54,44,18,13,0,0,6
11,0,9,13,14,27,45,46,53,45,46,32,37,22,17,12,40,40,46,52,50,28,48,0,3,0
9,0,9,13,19,25,45,35,42,40,50,19,41,26,14,14,37,27,51,55,52,33,59,0,0,3
4,0,7,11,10,34,31,41,33,15,43,22,35,25,11,15,31,15,21,51,45,31,65,0,0,0
10,6,6,9,14,14,12,51,50,11,27,13,14,17,9,11,13,11,12,25,52,39,50,3,5,0
0,4,7,9,13,11,9,50,40,31,13,13,10,12,0,0,10,8,0,14,26,25,14,0,0,0
0,0,0,7,9,8,11,30,14,27,12,13,13,10,7,0,6,10,0,9,14,9,8,0,0,0
5,0,5,6,7,7,9,13,14,14,10,11,10,9,0,10,7,7,10,13,6,6,5,0,0,0
0,0,0,5,0,6,11,11,11,20,9,8,10,10,0,10,8,0,9,9,7,4,0,0,0,0
0,0,0,0,8,7,11,14,8,15,20,11,11,12,0,12,0,0,6,8,7,8,5,0,0,0
0,0,0,0,0,8,12,13,0,14,13,12,11,10,6,12,10,7,0,0,6,9,5,0,0,0
0,0,0,8,6,12,13,39,9,20,14,11,11,10,9,12,8,7,0,7,9,10,6,0,0,0
0,0,0,5,6,11,11,15,12,12,12,11,10,8,11,11,11,8,5,9,7,11,9,0,0,0
0,0,0,0,5,12,7,13,14,11,14,9,9,10,10,10,10,8,0,10,9,10,8,0,5,0
0,0,0,5,11,8,7,13,17,8,12,10,6,10,5,6,8,5,0,12,9,9,7,0,5,0
6,5,5,6,12,0,9,13,27,8,9,8,8,13,0,9,7,0,0,13,12,0,8,0,0,0
0,8,13,38,50,63,82,106,110,108,110,114,116,106,90,59,56,50,50,54,41,18,13,0,10,11
6,0,14,13,53,97,110,118,121,112,115,113,120,116,106,71,60,55,56,57,45,28,10,0,5,6
12,9,14,46,72,102,116,124,122,119,111,101,103,107,105,84,70,74,73,81,55,30,11,0,4,0
10,6,18,53,79,107,118,123,124,120,107,98,95,88,91,75,83,92,84,78,71,37,17,0,0,5
13,5,14,51,71,105,116,126,126,119,107,91,83,79,57,56,69,87,85,82,70,38,12,0,0,7
12,0,12,57,79,92,112,124,127,113,102,79,78,71,62,57,62,76,100,97,77,60,21,0,9,12
25,0,18,53,84,108,115,121,120,92,74,64,67,61,60,54,59,60,73,74,77,64,39,0,10,11
12,0,30,61,100,115,116,120,117,90,77,65,70,66,58,57,55,57,58,61,67,59,47,0,11,11
12,5,10,57,98,104,115,122,115,94,71,58,63,68,59,57,55,55,60,64,64,57,52,0,6,10
12,0,13,66,103,109,116,118,110,103,84,56,73,67,65,66,58,67,100,90,104,100,68,0,9,10
11,0,14,66,102,110,113,112,111,100,96,72,79,68,73,77,79,107,111,124,120,112,69,0,12,11
8,0,12,76,101,109,114,111,111,103,101,88,100,96,100,107,100,116,119,123,125,109,90,0,11,12
11,0,39,74,108,113,120,118,112,111,111,96,107,113,115,113,114,119,115,124,132,111,90,0,14,48
13,9,25,100,112,120,125,117,118,120,123,110,126,123,121,117,119,117,112,137,133,116,97,0,43,34
56,13,67,97,116,136,140,148,142,139,149,140,139,133,126,114,117,109,117,136,136,126,104,0,39,52
47,12,62,94,115,129,153,166,183,173,153,149,147,138,131,113,107,106,119,125,124,117,81,0,47,50
61,47,65,101,107,128,147,173,188,167,164,148,148,132,113,108,102,106,119,127,129,111,78,0,8,17
50,11,52,75,96,118,140,174,179,163,161,145,144,126,115,88,98,105,108,107,106,95,72,0,17,38
53,13,55,68,82,105,132,159,173,156,141,125,127,118,93,71,73,81,96,99,103,79,60,0,12,12
30,13,50,60,73,87,117,138,150,143,139,124,110,97,78,72,71,72,83,108,109,73,60,0,13,10
25,10,17,54,65,70,89,114,127,124,106,96,82,70,62,59,63,71,78,108,104,61,41,0,8,6
11,7,12,12,53,54,67,77,94,76,77,76,63,61,51,52,52,57,81,91,70,47,10,0,0,7
10,5,11,14,45,52,55,65,56,64,58,53,53,58,40,35,51,52,58,71,53,25,13,0,6,0
9,0,7,14,22,50,54,61,50,61,53,50,51,50,40,31,46,50,58,67,50,19,18,0,5,7
8,0,8,12,14,22,50,53,52,54,50,40,14,29,30,30,37,33,57,54,44,18,13,0,0,6
11,0,9,13,14,27,45,46,53,45,46,32,37,20,20,13,40,40,48,53,51,30,48,0,3,0
10,0,9,13,19,25,45,36,42,40,50,19,41,26,14,15,37,29,52,56,52,33,59,0,0,3
4,0,7,11,10,31,31,39,33,15,45,23,34,25,10,14,31,15,21,52,45,30,65,0,0,0
9,6,6,9,14,14,12,51,50,11,27,14,14,20,8,11,13,11,12,28,52,40,50,3,5,0
0,4,7,8,13,11,9,50,40,31,14,13,10,12,0,0,10,8,0,14,26,26,14,0,0,0
0,0,0,7,9,8,11,30,14,27,12,13,13,10,7,0,6,10,0,9,14,9,8,0,0,0
5,0,5,6,7,7,9,13,14,14,10,11,10,9,0,10,6,7,10,13,7,6,5,0,0,0
0,0,0,5,0,6,11,11,11,20,9,9,10,10,0,10,8,0,9,9,7,4,0,0,0,0
0,0,0,0,8,7,12,14,8,15,20,11,11,12,0,12,0,0,6,8,7,8,5,0,0,0
0,0,0,0,0,8,12,13,0,14,13,12,12,10,6,12,10,7,0,0,6,9,5,0,0,0
0,0,0,8,6,11,12,37,9,20,14,11,11,10,9,12,8,7,0,7,9,10,6,0,0,0
0,0,0,5,6,11,11,15,12,12,12,11,10,8,11,11,11,8,6,9,7,11,8,0,0,0
0,0,0,0,5,12,8,13,14,11,13,9,9,10,10,10,10,8,0,10,9,10,8,0,5,0
0,0,0,5,11,8,7,13,17,8,12,10,6,10,5,6,8,5,0,12,9,9,7,0,5,0
6,5,5,6,12,0,9,13,28,8,9,8,8,13,0,9,7,0,0,13,12,0,8,0,0,0
0,8,13,36,50,63,81,106,110,108,110,113,116,106,90,59,56,50,51,54,39,19,13,0,10,11
6,0,14,13,53,98,110,118,120,112,115,112,120,116,106,71,61,54,57,57,45,28,10,0,5,6
12,9,14,50,72,103,116,124,123,119,111,101,103,107,105,84,70,73,75,81,56,30,11,0,4,0
11,6,18,54,80,107,118,123,124,120,107,98,93,88,93,75,82,92,85,78,73,37,17,0,0,5
13,5,15,52,71,105,116,127,126,119,107,91,82,79,58,56,69,86,86,82,69,38,12,0,0,8
13,0,12,58,79,93,112,124,127,113,102,79,78,71,62,58,62,76,100,97,77,60,21,0,9,12
27,0,18,54,84,107,115,121,120,93,75,64,67,61,60,54,59,60,73,75,77,64,41,0,10,11
13,0,30,62,100,115,116,121,116,90,77,65,69,66,60,57,55,57,58,61,67,59,50,0,11,11
12,5,10,58,97,104,115,122,115,94,71,58,62,69,59,57,56,54,60,65,64,57,53,0,6,10
12,0,13,66,103,109,116,118,110,103,83,56,72,68,65,66,58,66,100,90,105,100,70,0,9,10
11,0,13,66,102,110,112,112,110,100,96,72,79,68,73,78,79,107,111,124,120,112,69,0,12,11
9,0,12,76,101,109,114,111,110,103,101,88,100,97,100,107,100,116,119,123,125,108,91,0,11,12
11,0,39,74,108,113,120,118,112,111,111,96,107,113,115,113,114,119,115,125,132,111,92,0,14,48
13,9,25,100,112,119,125,118,118,119,123,110,126,123,121,117,119,117,112,137,133,116,98,0,43,35
57,13,66,97,116,136,141,148,143,139,149,140,139,134,127,114,118,109,117,137,136,126,104,0,39,52
50,12,62,94,115,129,154,166,183,173,153,149,147,138,131,113,107,106,119,125,124,117,81,0,47,50
62,48,64,101,108,127,147,173,188,167,164,149,148,132,113,108,102,106,119,127,129,111,78,0,8,17
50,11,52,77,96,118,140,174,179,163,161,146,144,126,115,88,98,105,108,107,106,95,72,0,15,38
53,13,54,68,82,105,132,159,173,156,141,125,127,118,93,71,73,81,96,99,103,79,61,0,12,12
33,13,50,60,73,87,117,138,150,144,139,124,110,97,78,72,72,72,84,108,109,73,60,0,13,10
30,10,17,54,66,70,89,114,127,124,106,97,81,71,62,60,63,71,78,107,104,61,41,0,8,6
12,7,12,12,53,53,66,79,94,76,78,76,63,61,51,52,52,56,81,91,70,47,10,0,0,7
11,5,11,14,45,52,55,65,56,64,57,53,53,59,40,35,52,52,58,71,53,26,13,0,6,0
9,0,7,14,25,47,54,62,50,61,53,50,51,50,40,31,48,47,58,67,51,19,18,0,5,7
9,0,8,13,14,22,50,53,52,55,50,40,14,29,26,30,37,31,57,54,44,18,13,0,0,6
11,0,9,13,14,27,45,48,53,45,46,30,39,20,25,13,40,40,48,53,50,30,48,0,3,0
10,0,9,13,19,25,45,38,44,39,50,17,41,28,14,19,39,27,52,55,52,33,59,0,0,3
5,0,7,11,10,34,35,41,32,14,45,23,34,25,10,14,31,15,22,52,45,30,65,0,0,0
10,6,6,9,14,14,12,52,47,11,27,14,14,20,8,11,13,11,12,28,52,40,50,0,5,0
4,4,7,9,13,11,9,50,40,29,14,13,10,12,0,0,9,8,0,15,25,26,14,0,0,0
0,0,0,7,9,8,11,32,14,27,12,13,13,10,7,0,6,10,0,9,14,9,8,0,0,0
6,0,5,7,7,7,9,13,14,14,10,11,10,9,0,10,6,6,10,13,6,6,5,0,0,0
0,0,0,5,0,0,11,11,11,20,9,9,10,10,0,10,8,0,10,9,7,4,0,0,0,0
0,0,0,0,8,7,11,14,8,15,20,11,11,12,0,12,0,0,6,8,7,8,5,0,0,0
0,0,0,0,0,8,12,13,0,14,13,12,11,10,6,12,10,7,0,0,6,9,6,0,0,0
0,0,0,8,6,11,12,37,8,20,14,11,11,10,9,12,8,7,0,7,9,10,6,0,0,0
0,0,0,5,6,10,11,15,11,12,12,11,10,8,11,11,11,8,6,9,7,11,8,0,0,0
0,0,0,0,5,12,8,13,14,11,14,9,9,10,10,10,10,8,0,10,9,10,8,0,5,0
0,0,0,6,11,7,7,13,16,8,12,10,5,10,5,6,8,5,0,12,9,9,7,0,5,0
6,5,5,6,12,0,9,13,27,8,9,8,8,13,0,9,7,0,0,13,12,0,8,0,0,0
0,8,13,36,50,63,81,106,111,108,110,113,116,106,90,59,55,50,51,55,41,20,13,0,10,11
6,0,14,13,54,97,110,118,120,112,115,113,120,116,106,71,61,54,57,58,45,31,10,0,5,6
11,9,14,51,73,102,116,124,123,119,111,102,103,107,105,83,70,73,75,82,56,30,11,0,4,0
11,7,20,54,80,106,118,123,124,120,107,97,93,88,93,75,82,91,85,79,73,37,18,0,0,5
13,5,18,53,71,105,116,127,126,119,107,91,82,80,58,56,68,86,86,84,69,40,12,0,0,8
13,0,12,58,79,93,111,124,127,113,102,79,77,71,62,57,62,76,100,97,77,60,23,0,9,12
27,0,18,54,85,108,115,121,120,92,75,64,67,63,60,54,59,60,73,74,77,64,42,0,11,11
13,0,30,62,101,115,116,121,116,90,77,65,70,67,59,57,55,56,58,62,68,60,50,0,11,11
12,5,10,57,98,104,115,122,115,94,71,58,63,69,59,57,55,54,60,65,64,58,53,0,6,10
12,0,13,66,103,109,116,117,110,103,84,57,71,68,65,66,58,66,100,90,105,101,71,0,9,10
11,0,13,66,102,110,112,112,110,100,96,72,79,68,73,77,78,107,111,124,120,112,70,0,12,11
9,0,12,75,101,109,114,111,110,103,101,88,100,97,100,108,101,116,119,123,125,108,93,0,11,13
11,0,39,74,108,113,120,118,112,111,111,95,108,113,115,113,114,119,115,125,132,111,92,0,14,48
14,9,20,100,112,119,125,118,118,120,123,110,126,123,122,117,119,117,112,137,134,117,98,0,43,35
57,13,67,97,116,137,140,148,143,138,149,140,139,134,127,114,118,109,117,137,136,126,104,0,38,52
45,12,62,94,115,129,153,166,183,173,153,149,147,138,131,113,107,106,119,125,125,117,81,0,45,50
61,50,65,101,108,127,147,173,187,167,164,148,148,132,113,108,101,106,120,128,128,111,79,0,8,17
50,11,52,77,96,118,140,173,179,163,161,146,145,126,115,88,98,105,108,107,106,95,72,0,17,38
53,13,54,68,83,105,132,159,173,156,141,125,127,118,93,71,73,81,96,99,103,80,61,0,12,12
30,13,51,60,74,87,117,138,150,144,139,123,110,98,78,72,71,72,84,108,109,73,60,0,13,10
27,10,17,54,67,70,89,114,126,124,106,97,82,71,62,60,63,71,78,107,104,62,43,0,8,6
11,7,12,12,53,54,66,79,94,76,79,76,63,62,51,52,52,57,81,91,71,50,10,0,0,7
10,5,11,15,45,52,55,65,56,64,58,53,53,59,40,35,51,52,59,71,53,26,13,0,6,0
9,0,7,14,25,50,54,62,50,61,53,50,51,50,40,31,46,47,58,67,51,21,20,0,5,6
8,0,8,13,14,22,50,53,52,54,50,40,14,29,19,30,37,33,57,54,46,20,13,0,0,6
11,0,10,13,14,27,45,48,53,43,46,28,39,20,22,13,38,40,48,53,51,32,50,0,3,0
10,0,9,13,19,26,45,38,45,38,50,19,41,28,14,21,37,27,52,56,52,35,59,0,0,3
5,0,7,11,10,31,35,41,32,14,45,23,35,25,10,14,30,14,23,52,45,30,65,0,0,0
10,6,6,10,14,14,12,52,47,11,27,14,14,20,8,11,13,11,12,29,52,40,50,0,5,0
0,4,7,9,14,11,9,50,42,29,14,13,10,12,0,0,9,8,0,15,25,26,14,0,0,0
0,0,0,7,10,8,11,32,14,27,13,13,13,10,7,0,6,10,0,9,14,9,8,0,0,0
6,0,5,7,7,7,9,13,14,14,10,10,10,9,0,10,6,6,10,13,7,6,5,0,0,0
0,0,0,5,0,0,11,11,11,20,10,9,10,10,0,10,8,0,10,9,7,4,0,0,0,0
0,0,0,0,8,7,11,14,8,17,20,11,11,12,0,12,0,0,6,8,7,9,5,0,0,0
0,0,0,0,0,8,12,13,0,14,13,12,11,10,6,12,10,7,4,0,6,9,6,0,0,0
0,0,0,8,6,11,12,35,8,18,14,11,11,10,9,12,7,7,0,7,9,10,6,0,0,0
0,0,0,5,6,10,11,15,11,12,12,11,10,8,11,11,10,8,6,9,7,11,8,0,0,0
0,0,0,0,5,12,7,13,14,11,13,9,9,10,10,10,10,8,0,10,9,10,8,0,5,0
0,0,0,5,11,8,7,13,16,8,12,10,5,10,5,6,7,5,0,12,9,9,7,0,5,0
6,5,5,6,12,0,9,13,28,8,9,8,8,13,0,9,7,0,0,13,12,0,8,0,0,0
0,8,13,38,51,63,81,106,111,108,110,113,116,106,89,59,56,50,51,55,41,20,14,0,10,11
6,0,14,13,55,97,110,118,120,112,115,113,120,116,106,72,61,54,57,57,45,31,10,0,5,6
12,9,14,50,73,102,116,124,123,119,111,101,103,107,105,84,71,73,76,82,56,31,11,0,4,0
11,7,20,54,80,106,118,123,124,120,107,97,93,89,94,75,82,92,85,78,73,39,18,0,0,5
13,5,18,53,71,105,116,127,126,119,107,91,82,79,58,56,68,86,87,82,70,40,12,0,0,8
13,0,12,58,79,93,111,124,127,114,102,81,78,71,62,58,62,76,101,96,78,60,23,0,9,12
27,0,18,54,85,108,115,121,120,93,75,64,67,63,60,55,59,60,73,74,77,64,42,0,11,11
13,0,30,62,100,115,116,121,117,90,77,65,69,67,59,57,55,56,59,61,68,60,50,0,11,11
12,5,10,58,99,104,115,122,115,95,71,59,63,69,59,57,56,54,61,65,63,58,54,0,6,10
12,0,13,66,103,109,116,118,110,103,85,57,72,69,65,66,58,66,101,90,105,101,72,0,9,11
11,0,13,66,103,110,112,113,110,100,96,72,80,68,73,78,79,107,112,124,120,112,70,0,12,11
9,0,12,75,101,109,114,111,111,103,101,88,100,98,100,108,101,116,119,123,125,108,93,0,12,13
12,0,42,74,108,113,120,118,112,111,110,96,108,113,116,114,114,119,115,125,132,112,93,0,14,48
13,9,25,100,112,120,125,118,118,120,123,110,126,124,122,117,119,117,112,137,134,117,98,0,43,36
57,14,67,98,116,136,140,148,143,139,149,140,139,134,127,115,118,109,117,137,136,126,104,0,38,52
47,11,62,94,115,129,153,167,184,173,153,150,147,138,131,113,108,106,119,125,125,117,81,0,43,51
61,50,65,101,108,127,147,173,188,167,164,149,148,132,113,109,101,107,120,128,128,111,79,0,8,18
50,11,52,76,97,119,140,173,179,163,161,146,145,126,115,88,98,105,108,107,106,96,72,0,15,38
53,13,55,68,83,105,132,159,173,156,141,126,127,118,93,72,73,81,96,99,103,80,62,0,12,12
30,13,51,61,74,87,117,138,150,144,139,124,110,98,78,72,72,72,84,108,109,73,60,0,13,10
30,10,19,54,67,70,89,114,127,124,106,97,82,71,62,60,63,71,79,107,104,62,43,0,8,6
11,7,13,12,53,55,66,78,94,77,79,76,63,62,51,52,52,57,82,91,71,50,10,0,0,7
10,5,11,15,45,52,55,66,57,65,58,53,54,59,37,37,52,52,59,71,53,26,13,0,5,0
9,0,7,14,27,47,54,62,50,61,53,50,51,50,43,31,46,47,59,67,51,21,20,0,5,7
9,0,8,13,15,22,50,53,52,55,50,40,14,29,19,30,37,33,58,54,46,20,14,0,0,6
11,0,9,13,14,27,45,50,53,45,46,28,39,20,22,13,38,40,50,53,51,32,50,0,3,0
10,0,9,13,20,25,45,39,45,38,50,19,41,28,14,23,39,27,52,56,52,35,59,0,0,4
5,0,7,12,10,31,35,42,33,14,46,25,35,25,10,15,31,14,23,52,45,30,65,0,0,0
10,6,6,10,14,14,12,52,50,12,25,14,14,22,8,11,13,11,12,29,52,42,50,0,5,0
4,4,7,8,14,11,9,50,45,29,13,13,10,12,0,0,9,8,0,15,25,27,14,0,0,0
0,0,0,7,10,8,11,32,14,27,13,13,13,11,7,0,6,10,0,9,14,9,8,0,0,0
6,0,5,7,7,7,9,13,14,14,10,11,10,9,0,10,6,6,10,13,7,6,5,0,0,0
0,0,0,5,0,0,11,11,11,20,10,9,10,10,0,10,8,0,10,9,7,4,0,0,0,0
0,0,0,0,8,7,11,14,9,17,20,11,11,12,0,13,0,0,6,8,7,9,5,0,0,0
0,0,0,0,0,7,12,13,0,14,13,12,11,10,6,12,10,7,4,0,6,9,6,0,0,0
0,0,0,8,6,11,12,35,8,20,14,11,11,10,9,12,7,7,0,7,9,10,6,0,0,0
0,0,0,5,6,10,11,15,11,12,12,11,10,8,11,11,10,8,6,9,7,11,8,0,0,0
0,0,0,0,5,12,7,13,14,11,13,9,9,10,10,10,10,8,0,10,9,10,8,0,5,0
0,0,0,5,11,8,7,13,16,8,12,10,5,10,5,6,8,5,0,12,9,9,7,0,5,0
6,5,5,6,12,0,9,13,28,8,9,8,8,13,0,9,7,0,0,13,12,0,8,0,0,0
0,8,13,36,51,64,81,107,111,108,110,113,116,106,89,59,56,50,51,55,39,21,14,0,10,11
6,0,14,13,56,97,110,118,120,112,115,113,121,116,106,72,61,55,58,57,45,31,11,0,5,6
12,9,14,50,75,102,116,124,123,119,111,101,103,107,105,84,71,73,75,82,56,32,11,0,4,0
11,7,21,55,81,106,118,123,124,120,107,97,93,89,94,75,83,92,85,79,74,39,18,0,0,5
13,5,21,52,71,105,116,127,126,120,107,91,83,79,58,56,68,87,86,82,70,40,12,0,0,8
13,0,12,58,79,93,112,124,127,114,102,81,78,72,62,58,62,76,101,96,78,61,23,0,9,12
27,0,18,54,85,108,115,121,120,93,75,64,67,63,60,55,60,60,73,74,77,65,44,0,11,11
13,0,32,62,101,114,116,120,116,90,77,65,70,67,59,57,55,56,59,62,68,60,50,0,11,11
11,5,10,57,99,104,115,122,115,95,71,59,64,69,59,57,56,55,61,65,64,58,54,0,6,10
12,0,13,66,103,109,116,117,110,103,84,57,72,69,65,66,59,66,101,90,105,101,72,0,10,11
11,0,13,66,103,109,112,113,110,100,96,71,79,69,73,78,79,107,112,124,120,112,71,0,12,11
9,0,12,75,101,109,114,111,111,103,101,88,100,100,100,108,101,116,119,123,125,108,94,0,12,13
12,0,46,73,108,113,120,118,112,111,110,95,108,113,116,114,114,119,116,125,132,111,93,0,14,48
13,9,25,100,113,119,125,118,118,120,123,110,126,124,122,117,119,117,112,137,134,117,98,0,41,35
58,14,67,97,116,136,140,149,143,139,149,139,139,133,127,115,118,109,117,137,136,126,104,0,39,52
50,11,63,94,116,129,153,167,184,173,153,150,147,138,131,113,108,106,119,125,125,117,81,0,45,51
60,48,65,101,108,127,147,173,188,167,164,149,148,133,113,108,101,107,120,128,129,111,78,0,8,18
50,11,52,76,97,119,140,174,179,163,162,146,145,127,115,88,98,105,108,107,106,96,72,0,15,38
53,13,55,67,83,105,132,159,173,156,141,126,127,118,93,72,73,81,97,99,103,80,62,0,12,12
27,13,51,61,74,87,117,138,150,144,139,124,110,98,78,72,72,72,84,108,109,73,60,0,13,10
27,10,19,54,67,70,89,115,126,124,106,97,82,72,62,60,63,71,79,107,104,63,41,0,8,6
11,8,12,12,53,54,66,79,94,78,79,77,63,62,51,52,52,57,82,91,71,50,10,0,0,7
10,5,11,14,45,52,55,66,57,65,58,54,54,59,40,37,52,52,59,71,53,26,13,0,5,0
9,0,7,14,30,50,54,62,50,61,53,51,51,50,40,31,48,47,59,66,51,23,20,0,5,6
8,0,8,13,15,22,50,53,52,55,50,41,14,29,19,28,37,33,58,54,46,20,14,0,0,6
11,0,10,13,14,27,47,50,53,46,46,30,41,22,22,13,38,40,50,53,51,30,50,0,3,0
10,0,9,13,20,25,45,39,45,39,50,19,41,28,14,25,39,27,52,56,52,37,59,0,0,4
4,0,7,12,10,31,35,42,32,14,45,25,36,25,10,15,32,14,25,52,45,30,65,0,0,0
9,6,6,10,14,14,12,52,47,11,25,14,14,22,8,11,13,11,12,29,52,42,49,0,5,0
4,4,7,9,14,11,9,50,45,29,13,14,10,12,0,0,9,8,0,14,25,26,14,0,0,0
0,0,0,7,10,8,11,32,14,27,13,14,13,11,7,0,6,9,0,9,14,10,8,0,0,0
6,0,5,7,7,7,9,13,15,14,10,11,10,9,0,10,6,6,10,13,6,7,5,0,0,0
0,0,0,5,0,0,11,11,11,21,10,9,10,10,0,10,8,0,10,9,7,4,0,0,0,0
0,0,0,0,8,7,11,14,9,19,19,11,11,12,0,13,5,0,6,8,7,9,5,0,0,0
0,0,0,0,0,7,12,14,0,14,13,12,11,10,6,12,10,7,4,0,6,9,6,0,0,0
0,0,0,8,7,11,12,35,8,20,14,11,11,10,9,12,7,7,0,7,9,10,6,0,0,0
0,0,0,5,6,10,11,15,11,12,12,11,10,9,11,11,10,8,6,9,7,11,8,0,0,0
0,0,0,0,6,12,7,13,13,11,13,9,9,10,10,10,10,8,0,10,9,10,8,0,5,0
0,0,0,5,11,8,7,13,15,8,12,10,5,10,5,6,8,5,0,12,9,9,7,0,5,0
6,5,5,6,12,0,9,13,28,9,9,8,8,13,0,9,7,0,0,13,12,0,8,0,0,0
0,7,14,38,51,63,81,107,110,109,110,114,116,106,89,60,57,51,52,55,39,21,14,0,10,11
6,0,14,13,56,97,110,118,120,113,115,113,120,116,106,71,61,55,58,58,45,31,10,0,5,6
11,9,14,46,73,103,116,124,123,119,111,102,103,107,105,84,72,74,75,81,55,32,11,0,4,0
10,7,20,55,81,106,118,123,124,120,107,98,93,91,93,75,83,92,86,79,74,40,18,0,0,5
13,5,15,52,71,105,116,127,126,120,107,91,84,79,58,56,69,87,86,82,71,43,12,0,0,8
13,0,12,57,79,92,112,124,127,114,102,81,79,72,62,58,62,76,101,96,78,61,21,0,9,12
27,0,18,54,85,108,115,122,120,93,75,64,67,63,60,55,60,60,74,74,78,65,42,0,11,11
13,0,32,61,101,114,116,121,116,90,77,65,70,67,58,57,55,57,59,62,68,60,50,0,11,11
11,5,10,57,99,104,115,122,115,94,71,60,64,69,58,57,56,55,61,65,64,58,53,0,6,10
12,0,13,66,103,109,116,118,110,104,85,57,73,70,66,66,59,66,101,90,105,101,71,0,10,10
11,0,14,66,103,109,112,113,110,100,97,72,80,69,73,78,79,107,112,124,120,112,70,0,12,12
9,0,12,75,101,109,114,111,111,103,101,88,100,100,100,108,101,116,120,123,125,108,95,0,12,13
12,0,46,73,108,113,120,118,112,111,110,95,108,114,116,114,114,119,115,125,133,112,93,0,14,48
13,9,25,100,112,120,125,118,118,120,123,110,127,124,122,117,119,117,112,137,134,117,98,0,43,36
58,14,67,98,116,136,140,149,143,139,149,140,140,133,127,115,118,109,117,137,136,126,104,0,39,52
50,11,63,94,116,128,153,167,184,173,154,150,147,138,131,113,108,107,119,125,125,117,81,0,45,51
60,48,65,101,108,127,147,173,188,167,164,149,149,133,113,109,101,107,120,128,129,111,78,0,8,18
50,11,53,76,97,118,140,174,179,163,162,146,145,127,115,88,98,105,109,107,106,96,72,0,17,38
53,13,56,66,83,105,132,159,173,156,141,126,128,118,93,72,73,82,97,99,103,80,61,0,12,12
27,13,51,61,74,87,117,138,150,144,139,124,111,98,78,72,72,72,84,108,109,74,60,0,13,10
25,10,19,54,67,70,89,115,126,124,106,97,83,71,62,60,63,71,80,107,104,63,43,0,8,6
11,8,13,12,54,55,66,79,95,78,80,77,63,62,51,52,52,58,82,91,71,50,10,0,0,7
10,5,11,14,47,52,55,66,57,65,58,54,54,59,37,37,51,52,59,71,53,26,13,0,5,0
9,0,7,14,27,50,54,62,50,61,54,51,51,50,40,31,48,50,59,66,51,23,18,0,5,6
8,0,8,13,17,22,50,53,52,55,50,41,14,31,21,28,37,33,58,54,46,20,14,0,0,6
11,0,10,13,14,27,47,50,53,46,47,30,41,22,22,13,40,42,50,53,51,30,48,0,3,0
10,0,9,13,20,26,46,39,45,39,50,21,42,28,14,25,39,27,53,56,52,35,59,0,0,3
4,0,7,12,10,29,33,41,32,15,45,25,37,25,10,15,32,14,25,52,45,30,64,0,0,0
9,6,7,10,14,14,12,52,47,11,27,14,14,22,8,11,13,11,12,29,52,42,49,0,5,0
4,4,7,9,14,11,9,50,42,31,14,14,10,12,0,0,9,9,0,14,25,26,14,0,0,0
0,0,0,7,10,8,11,32,14,29,13,14,13,11,7,0,6,10,0,9,14,10,8,0,0,0
5,0,5,7,7,7,9,13,14,14,10,11,10,9,0,10,6,7,11,13,7,7,5,0,0,0
0,0,0,5,0,0,11,11,11,21,10,9,10,10,0,10,8,0,10,9,7,4,0,0,0,0
0,0,0,0,8,7,11,14,8,19,20,11,11,12,0,13,5,0,6,8,7,9,5,0,0,0
0,0,0,0,0,7,12,14,0,14,13,12,11,11,5,12,10,7,4,0,6,9,6,0,0,0
0,0,0,8,6,12,12,37,9,20,14,11,11,10,9,12,7,8,0,7,9,10,6,0,0,0
0,0,0,5,6,10,11,15,11,11,12,11,10,9,11,11,10,8,6,9,7,11,8,0,0,0
0,0,0,0,6,12,8,13,13,11,13,9,9,10,10,10,10,8,0,10,10,10,8,0,5,0
0,0,0,5,11,8,7,13,15,9,12,10,5,10,5,6,8,5,0,12,9,9,7,0,5,0
6,5,5,6,12,0,9,13,28,8,9,8,8,13,0,9,7,0,0,13,12,0,8,0,0,0
0,7,14,38,51,63,81,107,110,109,110,114,116,107,89,60,57,52,52,55,41,22,14,0,10,11
6,0,14,13,56,97,110,118,121,113,115,113,120,116,106,72,61,56,58,58,45,31,10,0,5,6
11,9,14,46,73,103,116,124,123,119,111,102,103,107,105,84,72,75,76,81,55,32,11,0,4,0
10,7,20,55,81,106,118,123,124,120,108,98,93,91,93,75,84,93,86,79,74,40,18,0,0,5
13,5,15,51,71,105,116,127,126,120,107,91,84,79,58,57,69,87,87,82,71,43,12,0,0,8
12,0,12,57,80,92,112,124,127,114,102,81,79,72,62,58,62,77,101,96,77,62,21,0,9,13
25,0,18,53,85,108,115,122,120,93,75,64,67,63,60,55,60,61,73,75,78,65,41,0,11,11
12,0,32,62,100,114,116,121,116,90,77,65,70,67,59,57,55,57,59,62,68,60,50,0,11,11
11,5,10,57,98,104,115,122,116,95,71,60,64,69,59,58,56,55,61,65,64,58,53,0,6,10
12,0,13,66,103,109,116,118,110,104,85,57,73,70,65,67,59,67,101,90,105,101,71,0,10,10
11,0,14,66,103,109,113,113,110,100,97,72,79,68,74,78,79,107,112,125,120,112,70,0,12,12
8,0,12,75,101,109,114,111,111,103,101,88,100,100,100,108,101,117,120,123,125,109,94,0,12,13
12,0,46,74,108,113,120,118,112,111,110,96,108,113,116,114,114,119,116,125,133,112,92,0,14,50
13,9,28,100,112,120,125,118,118,120,123,110,126,124,122,117,119,117,112,137,134,116,97,0,41,36
58,14,67,98,116,136,140,149,143,139,149,140,139,133,127,115,118,110,117,137,136,126,105,0,40,53
51,11,63,94,116,128,153,167,184,173,154,150,147,138,131,113,108,107,119,126,125,117,81,0,45,51
60,47,65,101,108,127,147,173,188,167,164,149,149,132,113,109,102,107,120,128,129,111,78,0,8,18
50,11,53,76,97,118,140,174,179,163,162,146,145,126,115,88,98,105,109,107,106,96,72,0,20,38
53,13,55,67,83,105,132,159,173,156,141,126,127,118,93,72,73,82,97,99,103,80,61,0,12,12
25,13,51,61,75,87,117,138,150,144,139,124,111,98,78,72,72,73,84,108,109,74,59,0,13,10
25,10,19,54,67,70,89,115,127,125,106,97,83,71,63,61,63,71,80,108,104,63,41,0,8,7
11,8,13,12,53,54,67,79,94,78,79,77,63,61,52,53,52,59,82,91,71,50,10,0,0,7
10,0,11,14,45,52,56,66,57,65,58,54,54,58,40,40,52,53,59,71,53,26,13,0,5,0
9,0,7,14,27,47,54,61,50,61,54,51,51,50,43,33,50,50,59,66,51,23,18,0,5,6
8,0,8,13,15,22,50,53,53,55,51,42,14,29,26,28,37,33,58,54,46,20,14,0,0,6
11,0,10,13,14,27,50,50,53,48,47,30,43,20,25,13,40,42,50,53,51,30,46,0,4,0
10,0,9,13,20,25,47,39,45,39,50,21,42,26,15,26,41,29,53,56,52,35,58,0,0,4
4,0,7,12,10,29,33,41,32,15,46,26,36,25,10,15,32,15,23,51,46,30,64,0,0,0
9,6,7,10,14,15,12,52,47,11,27,14,14,20,8,11,13,11,12,29,52,42,48,0,5,0
0,4,7,9,14,11,9,50,42,31,14,14,10,12,0,0,9,9,0,15,25,26,14,0,0,0
0,0,0,7,10,8,11,32,14,27,13,14,13,11,7,0,6,10,0,9,14,10,8,0,0,0
5,0,5,7,8,7,10,14,14,14,10,11,10,9,0,10,6,7,11,13,7,7,5,0,0,0
0,0,0,5,0,0,11,11,11,21,10,9,10,10,0,10,8,0,10,9,7,4,0,0,0,0
0,0,0,0,8,6,11,14,8,19,20,11,11,11,0,13,5,0,6,8,7,9,5,0,0,0
0,0,0,0,0,7,12,14,0,14,13,12,11,10,5,12,10,7,4,0,6,9,5,0,0,0
0,0,0,8,6,11,12,37,8,20,14,11,11,10,9,12,7,8,0,7,9,10,6,0,0,0
0,0,0,5,6,10,11,15,11,11,12,11,10,9,11,11,10,8,5,9,7,11,8,0,0,0
0,0,0,0,5,12,8,13,13,11,13,9,9,10,10,10,10,8,0,10,9,10,8,0,5,0
0,0,0,5,11,8,7,13,16,9,12,10,5,10,5,6,8,5,0,12,9,9,7,0,5,0
6,5,5,6,12,0,9,13,28,9,9,8,8,13,0,9,7,0,0,13,12,0,8,0,0,0
0,8,14,38,50,63,81,107,110,109,110,114,116,106,90,60,57,52,52,55,41,22,14,0,10,11
6,0,14,13,56,97,110,118,121,113,115,113,121,116,106,71,61,56,58,58,47,34,10,0,5,6
12,9,13,46,73,103,116,124,123,119,111,102,103,107,105,84,72,75,76,81,55,31,11,0,4,0
10,7,21,55,81,107,118,123,124,120,108,98,93,89,91,75,84,93,86,80,74,40,18,0,0,5
13,5,15,52,71,105,116,127,126,120,107,92,85,79,59,57,69,87,86,84,71,45,12,0,0,8
13,0,12,57,79,92,112,124,127,114,102,80,79,72,62,58,62,77,100,97,78,62,21,0,9,13
27,0,16,54,85,108,115,122,121,93,75,65,67,63,60,55,60,61,73,75,79,65,41,0,11,11
13,0,32,61,100,114,117,121,116,90,77,65,70,67,59,57,55,57,59,62,68,60,47,0,11,11
12,5,10,57,98,104,115,122,115,94,71,60,64,68,59,58,56,55,61,65,64,58,53,0,6,10
12,0,13,66,103,109,116,117,110,103,84,57,73,70,65,66,59,67,101,90,105,101,71,0,10,10
11,0,14,66,102,109,113,112,110,100,97,72,79,68,74,77,79,107,112,125,121,112,70,0,12,12
8,0,12,75,101,109,114,111,111,103,101,88,100,100,100,108,101,117,120,123,125,109,95,0,12,13
12,0,42,74,108,113,120,118,112,111,110,96,108,113,116,114,114,119,116,125,133,112,92,0,14,50
13,9,28,100,112,119,125,118,118,120,123,110,126,124,122,117,119,117,112,137,134,116,98,0,43,36
58,13,68,98,116,136,140,149,143,139,149,140,139,133,127,115,118,110,117,137,136,126,105,0,42,53
51,12,63,94,116,128,153,167,184,174,154,150,147,138,131,113,108,107,119,126,125,117,81,0,47,51
61,47,65,101,108,127,147,173,188,167,164,149,149,132,113,109,102,107,120,128,129,111,78,0,8,18
50,11,53,77,97,118,140,174,180,163,162,146,145,126,115,88,98,105,109,107,106,96,72,0,20,38
53,13,55,67,83,105,132,159,173,156,141,126,127,118,93,72,73,82,97,99,103,80,61,0,12,12
27,13,51,61,75,87,117,138,151,144,140,124,111,98,78,72,72,72,84,108,109,74,59,0,13,10
27,11,19,54,67,70,90,115,127,125,106,97,84,71,63,61,63,73,80,108,104,63,41,0,8,7
12,8,13,12,53,54,67,79,95,78,80,78,63,61,52,53,52,59,82,91,71,50,10,0,0,7
10,0,11,14,45,52,55,67,57,65,58,54,54,58,40,40,52,53,59,71,53,26,13,0,5,0
9,0,7,14,27,50,54,61,50,61,54,51,51,50,43,31,50,50,59,66,51,23,18,0,5,6
8,0,8,13,15,23,50,53,53,55,51,42,14,29,28,26,37,35,58,54,46,21,14,0,0,6
11,0,9,13,14,27,50,50,53,48,47,32,43,22,25,13,40,44,50,53,51,30,46,0,4,0
10,0,9,13,19,26,47,39,45,39,50,21,42,26,15,26,41,29,53,56,52,35,58,0,0,4
4,0,7,11,10,29,33,39,32,15,46,26,36,23,10,15,32,15,23,52,46,30,63,0,0,0
9,6,6,10,14,15,12,52,47,11,27,14,14,17,8,11,13,11,12,31,52,42,47,0,5,0
4,4,7,9,13,11,9,50,40,29,14,14,10,12,0,0,9,9,0,15,26,26,13,0,0,0
0,0,0,7,10,8,11,32,14,27,13,14,13,10,7,0,6,10,0,9,14,10,8,0,0,0
6,0,5,7,8,7,10,14,14,14,11,11,10,9,0,10,6,7,11,13,7,7,5,0,0,0
0,0,0,5,0,0,11,11,11,21,10,9,10,10,0,10,8,0,10,9,7,4,0,0,0,0
0,0,0,0,8,6,11,14,8,19,20,11,11,11,0,13,5,0,6,8,7,9,5,0,0,0
0,0,0,0,0,7,12,14,0,14,13,12,11,10,5,12,10,7,4,0,6,9,6,0,0,0
0,0,0,8,6,11,12,37,8,20,14,11,11,10,9,12,7,8,0,7,9,10,6,0,0,0
0,0,0,5,6,10,11,15,11,11,12,11,10,9,11,10,10,8,5,9,7,11,8,0,0,0
0,0,0,0,5,12,8,13,13,11,13,9,9,10,10,10,10,9,0,10,9,10,8,0,5,0
0,0,0,5,11,8,7,13,15,9,12,10,5,10,5,6,8,5,0,12,9,9,7,0,5,0
6,5,5,6,12,0,9,13,27,9,9,8,8,13,0,9,7,0,0,14,12,0,8,0,0,0
0,8,14,38,50,63,82,107,110,109,110,114,116,107,90,60,57,52,52,55,41,22,14,0,10,11
6,0,14,13,56,97,110,118,121,113,116,113,121,116,106,72,61,56,58,58,45,34,10,0,5,6
12,9,13,46,73,103,116,124,123,119,111,102,103,107,105,84,72,75,76,81,55,32,11,0,4,0
10,7,20,55,80,106,118,123,124,120,108,98,95,91,93,75,84,93,88,80,74,40,18,0,0,5
13,5,15,52,71,105,116,127,126,120,107,91,85,79,58,57,69,87,86,84,71,45,12,0,0,8
13,0,12,57,79,92,112,124,127,114,102,80,79,72,62,58,62,77,101,96,78,62,21,0,9,13
27,0,18,54,85,108,115,122,121,93,75,64,67,63,60,55,60,61,74,75,79,65,41,0,11,11
12,0,30,62,100,114,117,121,116,90,77,65,70,67,59,57,55,57,59,62,68,60,50,0,11,11
12,5,10,58,99,104,115,122,116,95,72,60,64,68,59,58,56,55,61,65,64,58,53,0,6,10
12,0,13,67,103,109,116,117,110,104,85,57,75,70,65,67,59,66,101,90,105,101,71,0,10,10
11,0,14,66,102,109,112,113,111,100,97,72,80,69,73,77,79,107,112,125,121,112,70,0,12,12
8,0,12,76,101,109,114,111,111,103,101,88,100,100,100,108,101,117,120,123,125,108,95,0,12,13
12,0,42,74,108,113,120,118,112,111,110,97,108,113,116,114,114,119,116,125,133,112,92,0,14,50
13,9,28,100,112,120,125,118,118,120,123,111,127,124,122,117,119,117,112,137,134,117,98,0,44,36
58,14,69,98,116,136,140,149,143,139,149,140,140,134,127,115,118,110,117,137,136,126,105,0,40,53
51,12,63,94,116,128,153,167,184,174,154,150,148,138,131,113,108,107,119,126,125,117,81,0,47,51
61,48,65,101,108,127,146,173,188,167,164,149,149,132,113,109,102,107,120,128,129,111,78,0,8,18
50,12,53,77,96,118,140,173,180,163,162,146,145,127,115,88,98,105,109,107,106,96,72,0,20,40
53,13,54,67,83,105,132,159,172,156,141,126,128,118,93,72,73,82,97,99,103,80,61,0,12,12
27,13,51,61,75,88,117,138,151,144,140,125,111,99,78,72,72,72,84,108,110,74,59,0,13,10
30,11,21,54,67,71,90,115,127,125,107,97,84,72,63,61,63,73,80,108,104,63,43,0,8,7
11,8,12,12,53,54,67,79,95,78,80,78,64,61,51,53,52,59,82,91,71,50,11,0,0,7
10,0,11,14,45,52,56,67,57,66,58,54,54,58,40,42,52,52,59,71,54,27,13,0,6,0
9,0,7,14,27,50,54,62,50,61,54,51,52,50,43,31,50,50,59,67,51,23,18,0,5,6
8,0,8,13,15,23,50,53,53,55,51,41,14,31,28,26,37,35,58,54,46,21,14,0,0,6
12,0,9,13,14,27,50,50,54,46,46,30,45,20,27,13,40,44,50,53,51,32,48,0,4,0
10,0,9,13,19,26,47,39,46,40,50,21,44,26,15,26,39,29,53,56,52,35,58,0,0,4
4,0,7,11,10,29,33,39,32,15,46,26,37,23,10,15,33,15,25,51,46,30,63,0,0,0
9,6,6,10,14,15,12,52,50,11,27,14,14,17,8,11,13,11,13,32,52,42,47,0,6,0
4,5,7,8,13,11,9,50,40,29,14,14,10,12,0,0,9,9,0,16,25,26,14,0,0,0
0,0,0,7,10,8,11,32,14,27,13,14,13,10,6,0,6,10,0,9,14,10,8,0,0,0
6,0,5,7,7,7,10,14,15,14,11,11,10,9,0,10,6,7,11,13,7,7,5,0,0,0
0,0,0,5,0,0,11,11,11,21,10,9,10,10,0,10,8,4,10,9,7,4,0,0,0,0
0,0,0,0,8,6,11,14,8,19,20,11,11,11,0,13,5,0,6,8,7,9,5,0,0,0
0,0,0,0,0,7,12,14,0,14,13,12,11,10,5,11,10,7,4,0,6,9,5,0,0,0
0,0,0,8,6,11,12,37,8,20,14,11,11,10,9,12,7,8,0,7,9,10,6,0,0,0
0,0,0,5,6,10,11,15,11,11,12,11,10,9,11,10,10,8,6,9,7,11,8,0,0,0
0,0,0,0,5,12,8,13,13,11,13,9,9,10,10,10,10,9,0,10,9,10,8,0,5,0
0,0,0,5,11,8,7,13,15,9,12,10,5,10,5,6,7,5,0,12,9,9,7,0,5,0
6,5,5,6,12,0,9,13,27,9,9,8,8,13,0,9,7,0,0,13,12,0,8,0,0,0
