0,0,7,8,21,23,14,25,34,30,56,63,73,56,66,55,40,0,0,0,0,0,6,0,6,7
0,0,8,7,14,53,52,63,72,84,97,100,103,78,78,53,14,0,0,0,0,0,8,0,4,6
0,0,6,12,41,64,75,92,95,97,102,106,107,81,81,58,33,0,0,0,0,0,5,0,5,0
0,8,10,20,57,75,89,94,100,102,105,110,110,92,90,60,40,0,0,0,0,0,0,0,0,0
9,6,10,14,55,74,95,102,101,105,109,110,114,100,66,56,37,0,0,0,0,0,4,0,0,6
0,0,11,50,59,71,86,101,106,110,119,116,114,90,68,56,40,0,0,0,0,0,7,0,0,0
31,0,21,47,65,77,92,101,102,112,123,118,114,85,77,59,48,0,0,0,0,0,11,0,6,6
9,0,37,63,83,102,107,115,113,128,133,127,123,92,81,61,40,0,0,0,0,0,6,0,6,11
12,11,50,68,91,104,117,120,116,121,130,134,130,103,79,61,38,0,0,0,0,0,0,0,0,7
12,7,29,68,104,117,120,116,116,117,122,125,126,57,90,61,39,0,0,0,0,0,8,0,8,8
11,0,15,54,90,107,109,112,111,106,112,112,121,36,83,59,12,0,0,0,0,0,0,0,7,8
7,0,8,55,83,102,108,109,112,107,108,104,121,104,95,67,34,0,0,0,0,0,0,0,5,5
9,0,6,54,79,102,108,112,114,111,113,103,120,108,102,72,44,0,0,0,0,0,0,0,6,6
10,6,12,51,85,103,115,117,114,114,117,111,123,110,102,70,41,0,0,0,0,0,7,0,7,7
13,6,12,51,90,100,115,121,120,117,115,110,121,110,94,60,19,0,0,0,0,0,9,0,9,11
11,8,12,55,88,98,109,112,117,112,119,110,121,109,105,66,25,0,0,0,0,0,13,0,11,13
23,11,14,59,91,101,113,118,122,117,123,110,126,118,107,73,33,0,0,0,0,0,12,0,13,17
5,6,13,50,88,95,99,104,112,102,118,116,134,128,104,67,13,0,0,0,4,0,5,0,0,4
11,10,13,58,87,97,95,109,109,103,100,104,130,148,98,66,24,0,0,0,5,0,10,0,5,5
11,7,17,56,78,93,95,108,119,115,119,120,136,125,104,78,34,0,0,0,6,0,13,0,9,9
14,14,19,56,89,94,106,122,127,120,111,113,122,120,111,76,21,0,5,0,6,0,7,0,11,8
16,14,27,62,91,89,107,123,134,121,117,117,125,121,115,87,50,0,0,0,6,0,9,0,5,9
14,10,25,58,70,81,92,108,113,109,107,108,116,112,103,80,50,0,0,0,0,0,7,0,7,8
13,13,17,55,67,76,86,92,101,88,86,96,108,105,97,76,52,0,0,0,0,0,8,0,8,8
14,10,27,53,67,78,84,84,81,75,81,90,104,98,94,78,54,0,0,0,0,0,5,0,8,7
23,12,29,51,64,78,87,85,76,66,76,89,104,100,94,78,55,0,0,0,0,0,7,0,10,5
14,10,15,46,62,75,82,89,76,66,70,81,96,96,92,77,55,0,0,0,0,0,0,0,6,8
12,11,14,51,62,74,83,83,77,69,76,84,99,93,90,82,52,0,0,0,0,0,5,0,6,6
14,12,17,50,60,70,82,84,78,67,74,82,100,96,91,75,48,0,0,0,7,0,9,0,7,7
11,12,14,45,55,69,77,80,75,68,70,74,91,89,86,74,50,0,0,0,0,0,5,0,5,6
10,9,13,36,54,65,72,82,75,69,66,70,85,87,82,71,30,0,0,0,0,0,7,0,0,7
11,8,13,33,50,62,72,85,81,73,68,70,91,88,86,71,17,0,0,0,0,0,9,0,0,5
9,8,10,14,21,55,74,92,83,69,65,72,87,90,83,64,14,0,0,0,0,0,8,0,0,5
13,7,12,14,47,56,89,119,95,70,69,71,86,102,91,66,14,0,0,0,6,0,8,0,6,8
10,9,12,12,50,62,106,136,95,80,72,74,94,128,109,67,46,0,0,0,0,0,9,0,7,0
10,8,9,12,51,57,70,96,76,65,61,64,84,99,93,60,25,0,0,0,0,0,9,0,5,0
7,0,6,12,21,42,58,62,70,51,57,51,63,67,64,51,14,0,0,0,0,0,8,0,0,0
0,6,7,10,13,14,53,64,57,62,52,39,55,55,56,51,10,0,0,0,0,0,6,0,5,0
0,5,7,10,13,11,14,55,54,42,46,24,19,40,51,27,9,0,0,0,0,0,0,0,6,7
7,8,10,9,18,11,13,50,48,36,28,14,29,32,42,20,5,0,0,0,0,0,0,0,0,0
0,0,6,7,18,15,12,19,31,22,57,63,76,64,67,56,42,0,0,0,0,0,6,0,6,7
0,0,9,8,14,54,50,62,74,87,100,102,106,101,86,57,26,0,0,0,0,0,8,0,4,6
0,0,7,13,41,63,72,92,96,100,104,108,109,101,85,62,41,0,0,0,0,0,5,0,5,0
0,7,10,20,55,70,85,91,100,102,106,113,112,102,87,59,43,0,0,0,0,0,0,0,0,0
9,5,10,13,52,70,90,101,101,105,110,112,114,103,57,54,41,0,0,0,0,0,5,0,0,6
0,0,9,38,55,68,83,98,104,110,119,117,114,94,61,53,40,0,0,0,0,0,7,0,0,0
25,0,15,41,64,73,87,98,100,111,123,117,113,86,70,57,50,0,0,0,0,0,11,0,6,6
8,0,33,60,79,98,103,112,112,128,133,127,122,93,75,58,40,0,0,0,0,0,5,0,5,11
11,10,44,64,86,101,112,118,115,121,131,134,129,104,75,59,34,0,0,0,0,0,0,0,0,6
12,0,29,64,103,114,117,116,116,117,122,126,126,60,83,57,42,0,0,0,0,0,9,0,7,8
11,0,14,52,88,105,108,112,111,106,112,113,121,51,78,55,11,0,0,0,0,0,0,0,6,8
7,0,8,54,81,101,107,109,112,108,108,104,122,106,88,63,33,0,0,0,0,0,0,0,4,5
9,0,6,54,78,102,108,112,114,111,113,104,120,110,101,67,43,0,0,0,0,0,0,0,7,6
10,6,12,46,83,102,115,117,114,114,117,111,123,113,101,66,33,0,6,0,0,0,8,0,6,6
13,7,13,50,87,100,114,121,120,117,116,111,121,114,92,59,15,0,7,0,0,0,9,0,8,11
12,9,13,55,87,97,109,112,118,112,120,110,121,112,104,64,21,0,9,0,0,0,12,0,11,13
25,12,14,58,88,100,113,118,122,117,123,110,124,119,104,70,27,0,9,0,0,0,12,0,12,17
5,5,13,47,80,94,98,104,111,102,117,116,128,126,102,63,12,0,0,0,0,0,5,0,0,3
11,10,13,57,83,96,95,108,109,103,100,102,119,145,95,65,17,0,0,0,0,0,10,0,4,4
11,8,20,56,76,92,94,107,118,115,118,117,128,125,100,76,25,0,6,0,0,0,13,0,9,8
14,14,19,56,88,93,105,120,126,119,110,111,116,120,108,73,13,0,8,0,0,0,8,0,10,7
18,14,33,63,90,88,106,122,133,121,117,116,121,121,112,85,32,0,8,0,0,0,9,0,5,9
15,10,28,58,70,81,91,106,112,109,107,107,113,114,101,79,50,0,0,0,0,0,8,0,7,8
13,13,15,55,66,75,85,90,99,86,85,94,105,107,94,75,52,0,0,0,0,0,9,0,8,8
14,10,25,53,66,77,83,83,79,75,80,89,102,101,91,76,54,0,0,0,0,0,6,0,8,7
23,11,28,51,63,77,85,83,75,66,74,88,101,103,92,76,54,0,0,0,0,0,7,0,9,5
14,10,14,45,62,73,80,87,75,65,69,80,95,99,90,76,54,0,0,0,0,0,0,0,5,7
12,11,14,51,62,73,82,82,76,69,76,83,97,96,88,80,51,0,0,0,0,0,0,0,6,6
13,12,17,50,60,70,81,83,77,67,74,82,99,100,90,74,45,0,0,0,6,0,10,0,6,7
11,12,14,43,54,68,76,79,74,68,70,73,90,93,84,73,48,0,0,0,0,0,6,0,4,5
10,8,13,34,54,64,71,81,74,69,66,71,85,91,81,69,26,0,0,0,0,0,7,0,0,7
10,8,13,31,50,62,72,84,80,73,68,71,91,95,85,69,14,0,0,0,0,0,9,0,0,5
9,8,10,14,19,56,73,92,83,68,65,73,88,97,82,61,13,0,0,0,0,0,8,0,0,5
13,7,11,14,41,55,89,116,91,69,68,71,89,111,91,64,13,0,0,0,5,0,8,0,6,8
10,9,12,12,50,61,105,131,92,78,72,74,100,138,107,63,41,0,0,0,0,0,9,0,7,0
10,8,9,12,51,57,70,94,76,64,61,65,88,108,89,57,22,0,0,0,0,0,9,0,5,0
7,0,6,12,21,39,58,64,70,50,55,53,64,75,64,48,13,0,0,0,0,0,8,0,0,0
0,6,7,10,13,13,54,67,57,61,51,43,56,62,56,50,9,0,0,0,0,0,6,0,5,0
0,5,7,10,12,11,14,55,55,42,42,25,31,55,53,22,8,0,0,0,0,0,0,0,5,7
7,8,11,9,18,11,13,51,50,35,23,13,33,50,46,14,0,0,0,0,0,0,0,0,0,0
0,0,5,7,17,14,12,25,34,27,57,62,76,65,67,58,45,0,0,0,0,0,7,0,6,7
5,0,8,8,14,55,52,68,78,91,101,103,106,102,89,59,39,0,0,0,0,0,9,0,5,6
0,0,6,13,33,64,72,97,100,100,103,108,109,102,91,64,45,0,0,0,0,0,6,0,5,0
5,6,9,14,51,68,86,95,100,102,106,113,112,103,90,60,45,0,0,0,0,0,0,0,0,0
9,4,8,11,47,68,91,102,101,105,110,112,115,104,59,55,41,0,0,0,0,0,5,0,0,6
0,0,0,21,36,65,82,100,104,110,119,118,115,96,64,54,43,0,0,0,0,0,7,0,0,0
29,0,11,31,60,70,86,96,98,112,124,118,113,88,71,57,50,0,0,0,0,0,11,0,6,6
8,0,20,45,67,92,102,111,111,130,134,126,121,94,74,58,43,0,0,0,0,0,5,0,6,11
12,10,18,58,71,97,111,117,115,122,133,135,128,104,75,59,36,0,0,0,0,0,0,0,0,6
13,0,14,51,91,111,115,115,116,117,124,128,126,60,81,58,42,0,0,0,0,0,9,0,7,8
11,0,12,44,72,100,107,111,111,106,114,115,121,50,77,55,11,0,0,0,0,0,0,0,7,9
7,0,0,40,71,97,106,108,112,108,109,105,123,106,87,62,33,0,0,0,0,0,5,0,4,5
10,0,6,46,68,100,106,112,114,111,113,104,121,110,101,65,46,0,0,0,0,0,0,0,7,6
10,5,11,20,74,101,113,117,114,114,117,111,123,113,101,65,35,0,7,0,0,0,9,0,7,6
13,7,12,40,80,95,112,120,121,117,116,111,121,114,91,58,17,0,9,0,0,0,9,0,8,11
12,8,12,53,80,93,107,112,118,112,119,109,120,111,103,63,22,0,11,0,0,0,12,0,11,13
23,11,13,55,81,97,111,117,122,117,123,109,122,116,101,69,30,0,11,0,0,0,12,0,12,17
6,5,12,36,70,88,94,104,112,102,117,115,126,123,99,61,11,0,5,0,0,0,5,0,0,0
11,8,12,54,72,87,90,108,109,103,100,102,118,143,93,62,20,0,9,0,0,0,10,0,4,4
11,6,14,54,69,82,86,106,118,114,117,116,127,124,98,74,22,0,7,0,0,0,13,0,9,8
14,13,14,53,80,85,101,120,126,118,110,110,115,118,106,71,11,0,9,0,0,0,7,0,10,7
18,14,25,61,84,83,103,122,133,121,117,116,120,120,111,84,17,0,11,0,0,0,9,0,5,9
17,9,20,57,67,78,87,106,112,109,107,107,113,113,100,78,41,0,5,0,0,0,8,0,7,8
13,12,14,53,64,73,82,89,99,86,85,94,104,106,94,74,51,0,0,0,0,0,9,0,9,8
14,9,21,52,64,75,81,82,80,74,80,88,101,100,91,76,53,0,0,0,0,0,8,0,8,7
23,10,25,50,61,75,83,82,74,66,74,87,101,103,92,75,53,0,0,0,0,0,8,0,9,5
13,9,14,43,60,71,78,87,74,65,68,80,94,98,89,75,53,0,0,0,0,0,0,0,5,7
12,10,13,50,60,72,81,82,76,68,76,83,97,96,87,80,51,0,0,0,0,0,5,0,6,6
14,12,15,48,58,68,80,83,77,66,74,82,99,100,89,74,42,0,0,0,5,0,11,0,6,7
11,11,14,39,53,67,75,79,74,67,69,73,90,92,84,72,46,0,0,0,0,0,6,0,0,6
10,8,13,34,53,63,70,81,74,69,65,71,85,91,81,68,25,0,0,0,0,0,7,0,0,7
10,8,13,29,45,61,71,84,80,72,68,71,92,95,84,69,14,0,0,0,0,0,9,0,0,5
10,7,10,14,14,55,72,92,83,68,65,73,88,97,81,60,13,0,0,0,0,0,9,0,0,5
13,7,11,13,33,55,89,116,93,69,67,71,90,112,89,64,13,0,0,0,4,0,8,0,6,8
11,9,12,12,48,61,105,132,97,79,72,74,103,141,104,62,40,0,0,0,0,0,9,0,7,0
10,8,10,13,50,56,67,96,79,64,61,66,90,112,87,55,22,0,0,0,0,0,10,0,5,0
8,0,6,12,17,35,56,65,71,50,54,52,65,76,63,44,13,0,0,0,0,0,9,0,0,0
0,6,7,10,12,13,53,68,59,61,50,37,57,63,57,48,8,0,0,0,0,0,6,0,5,0
0,5,7,10,12,10,14,56,55,41,40,25,50,56,53,20,7,0,0,0,0,0,0,0,6,7
7,8,10,9,17,11,13,51,51,35,23,13,38,51,47,13,0,0,0,0,0,0,0,0,0,0
0,0,5,7,17,14,12,23,36,20,58,61,75,64,68,58,50,0,10,0,0,0,7,0,6,7
5,0,8,8,14,55,52,69,79,91,101,103,106,102,93,61,46,0,7,0,0,0,9,0,5,6
0,0,6,13,33,64,74,98,100,100,103,109,110,103,97,66,50,0,13,0,0,0,7,0,6,0
5,6,10,14,50,70,89,97,100,102,106,113,112,104,95,61,50,0,14,0,0,0,5,0,0,0
9,4,8,12,45,68,92,103,101,104,109,111,115,104,61,57,41,0,14,0,0,0,6,0,0,6
0,0,0,19,34,65,83,100,104,110,119,118,114,95,67,55,46,0,15,0,0,0,7,0,0,0
29,0,10,30,59,69,86,97,97,112,124,117,112,86,72,57,50,0,38,0,0,0,11,0,6,6
8,0,17,40,65,91,103,111,112,130,134,126,120,92,74,58,47,0,37,0,0,0,6,0,5,11
12,10,18,56,69,95,112,118,116,123,134,134,128,103,75,60,36,0,36,0,0,0,0,0,0,6
13,0,14,51,86,111,116,116,117,118,125,127,124,103,81,58,40,0,14,0,0,0,10,0,7,7
11,0,12,41,71,101,107,112,112,106,114,116,120,89,76,55,11,0,11,0,0,0,0,0,7,9
7,0,0,37,70,97,106,108,113,108,109,106,122,106,87,63,34,0,34,0,0,0,7,0,5,5
10,0,6,46,68,101,106,112,114,112,113,104,121,110,101,64,47,0,52,0,0,0,0,0,8,6
10,5,11,17,72,101,113,117,114,114,117,111,123,113,101,64,35,0,58,0,0,0,9,0,6,6
13,7,12,37,80,96,113,121,121,117,116,111,121,114,91,58,18,0,68,0,0,0,9,0,8,11
12,8,12,52,79,94,107,112,118,112,119,109,120,111,103,64,25,0,74,0,0,0,11,0,11,13
23,11,13,54,79,95,111,117,122,117,123,110,122,116,101,69,33,0,79,0,0,0,13,0,12,17
5,5,12,34,67,87,94,104,112,102,116,114,126,123,100,64,14,0,50,0,0,0,5,0,0,4
11,8,12,54,71,86,90,107,108,103,99,101,117,141,94,64,26,0,56,0,0,0,11,0,4,5
11,6,14,53,69,81,86,105,118,113,116,115,126,124,98,76,25,0,43,0,0,0,13,0,9,8
14,13,14,53,79,84,100,119,125,118,109,109,114,119,106,73,12,0,51,0,0,0,8,0,11,7
21,14,23,61,84,82,103,121,133,121,117,115,120,121,112,86,32,0,77,0,0,0,10,0,5,10
15,9,21,57,67,77,87,106,112,109,106,107,113,114,100,80,52,0,50,0,0,0,9,0,7,8
13,12,14,53,64,73,82,89,98,85,85,94,104,107,94,75,54,0,14,0,0,0,10,0,9,8
14,10,21,52,64,75,81,82,79,74,79,88,101,101,91,76,55,0,9,0,0,0,8,0,8,7
23,10,26,50,62,75,83,82,74,66,74,87,101,104,92,76,54,0,0,0,0,0,7,0,9,5
14,9,14,43,60,71,78,86,74,65,68,80,94,99,90,75,53,0,0,0,0,0,0,0,5,7
12,10,13,50,59,72,81,82,76,68,75,83,97,96,87,80,51,0,0,0,0,0,0,0,6,6
14,12,17,50,58,68,80,84,77,66,74,82,99,100,89,73,42,0,5,0,3,0,11,0,6,7
11,11,14,39,53,67,75,79,75,67,69,73,90,93,83,71,46,0,0,0,0,0,6,0,0,6
10,8,13,34,53,63,70,81,75,69,65,71,84,91,81,68,25,0,0,0,0,0,7,0,0,7
11,8,13,31,45,61,71,85,81,73,68,71,92,95,83,68,14,0,6,0,0,0,9,0,0,5
10,7,10,14,14,55,72,93,84,69,65,73,89,97,80,59,13,0,9,0,0,0,9,0,0,5
13,7,11,13,33,55,85,115,95,69,67,72,91,111,85,62,12,0,6,0,0,0,8,0,6,8
11,9,12,12,48,61,103,133,102,80,72,74,106,140,97,60,36,0,6,0,0,0,9,0,7,0
11,8,10,13,50,56,66,98,83,65,62,66,92,111,82,54,21,0,6,0,0,0,10,0,5,0
8,0,6,12,17,35,56,66,73,50,53,52,65,75,61,40,13,0,0,0,0,0,9,0,0,0
0,6,7,10,12,13,54,68,60,61,50,37,59,63,55,48,8,0,0,0,0,0,6,0,6,0
0,5,7,10,12,10,14,56,56,42,42,27,53,57,54,22,7,0,0,0,0,0,0,0,6,8
7,8,10,9,17,11,13,52,52,35,25,14,45,52,48,14,0,0,0,0,0,0,4,0,0,0
0,0,5,7,17,14,11,27,36,17,57,61,74,77,69,58,48,0,10,0,0,0,7,0,6,7
6,0,8,8,14,56,51,71,81,91,100,103,106,108,95,62,46,0,8,0,0,0,9,0,5,6
0,0,6,13,33,65,72,100,100,100,103,108,109,109,98,67,50,0,13,0,0,0,7,0,6,0
5,6,9,14,44,70,87,97,100,102,106,113,112,108,96,62,50,0,15,0,0,0,5,0,0,0
9,4,8,12,42,68,91,103,101,104,109,111,114,109,62,58,41,0,15,0,0,0,6,0,0,6
0,0,0,17,27,65,81,100,104,109,118,118,114,103,68,56,46,0,21,0,0,0,8,0,0,0
27,0,10,29,58,68,84,95,97,111,123,116,111,95,73,58,50,0,40,0,0,0,11,0,6,6
8,0,15,37,63,88,101,111,112,130,133,126,120,102,75,59,46,0,43,0,0,0,6,0,6,11
12,10,15,56,66,93,112,118,116,123,134,134,128,108,75,61,36,0,38,0,0,0,0,0,0,6
12,0,14,51,81,110,115,116,117,118,125,127,124,108,82,59,40,0,14,0,0,0,10,0,8,7
11,0,12,41,69,101,107,112,112,107,114,116,120,97,77,58,11,0,12,0,0,0,0,0,7,9
7,0,0,37,71,98,106,109,113,108,110,106,122,109,87,66,33,0,43,0,0,0,8,0,5,5
10,0,6,46,68,101,106,112,114,112,113,104,121,114,101,66,46,0,55,0,0,0,0,0,8,6
11,5,11,20,72,101,113,117,114,114,117,111,122,116,101,65,35,0,61,0,0,0,10,0,7,6
13,7,12,42,80,97,113,121,121,118,116,111,121,117,92,59,18,0,69,0,0,0,9,0,9,11
12,8,12,53,79,95,107,113,118,113,119,109,120,115,103,64,23,0,77,0,0,0,12,0,11,13
23,10,13,55,80,96,111,117,122,117,123,110,122,119,101,69,31,0,81,0,0,0,13,0,12,17
10,5,12,45,75,89,94,104,112,102,116,114,126,128,100,64,14,0,50,0,0,0,6,0,0,4
11,9,12,55,73,87,90,108,109,103,99,101,117,145,94,65,27,0,56,0,0,0,11,0,5,5
11,6,14,54,70,83,86,106,118,114,117,115,126,129,99,77,25,0,43,0,0,0,13,0,9,8
14,13,14,54,81,87,101,120,126,118,109,110,114,123,107,73,12,0,51,0,0,0,8,0,11,7
21,14,25,61,85,84,103,122,133,121,117,116,120,126,113,86,32,0,75,0,0,0,10,0,5,9
17,9,23,57,68,78,87,106,113,109,106,107,112,117,101,80,52,0,44,0,0,0,9,0,7,8
13,11,14,53,64,73,82,89,99,86,85,94,103,110,95,75,54,0,14,0,0,0,10,0,9,8
14,10,21,52,64,76,81,83,80,74,79,88,101,104,91,76,55,0,9,0,0,0,8,0,8,7
22,10,26,50,62,75,83,82,74,65,74,87,100,107,92,76,54,0,0,0,0,0,7,0,9,5
13,9,14,45,61,72,78,87,74,64,68,79,93,102,90,76,53,0,0,0,0,0,0,0,5,7
11,10,12,50,60,73,81,82,76,67,75,83,96,98,87,80,51,0,0,0,0,0,0,0,6,6
13,12,15,48,59,69,80,84,77,66,74,82,98,102,89,73,41,0,5,0,3,0,12,0,6,7
11,11,14,39,53,68,75,79,74,67,69,73,90,95,83,72,48,0,0,0,0,0,6,0,0,5
10,8,13,31,53,64,70,81,75,69,65,70,84,95,81,68,28,0,0,0,0,0,8,0,0,7
11,7,12,31,43,61,71,84,81,72,67,71,91,98,83,69,14,0,6,0,0,0,9,0,0,5
9,7,10,14,17,55,71,93,84,68,64,72,88,101,81,60,13,0,9,0,0,0,9,0,0,5
13,7,10,13,36,55,83,115,96,68,66,71,90,115,88,63,12,0,6,0,0,0,8,0,6,8
11,8,12,12,46,61,101,132,103,78,72,72,100,141,101,60,35,0,6,0,0,0,9,0,7,0
11,8,10,13,50,57,65,98,84,65,62,65,84,112,85,54,21,0,6,0,0,0,10,0,5,0
8,0,6,12,19,39,56,68,75,48,51,52,64,80,63,43,13,0,0,0,0,0,9,0,0,0
0,6,7,10,12,14,54,72,60,60,47,37,59,67,59,50,8,0,0,0,0,0,7,0,6,0
0,5,7,10,12,11,14,57,57,42,37,27,56,62,57,31,7,0,0,0,0,0,4,0,6,7
7,8,10,9,18,12,13,52,53,33,19,14,48,57,52,17,0,0,0,0,0,0,4,0,0,0
0,5,5,7,16,15,11,27,34,15,56,61,74,71,69,58,48,0,10,0,0,0,7,0,6,7
5,0,8,8,14,58,52,71,79,91,100,103,106,105,94,61,46,0,8,0,0,0,9,0,5,6
0,0,6,13,30,65,72,100,100,100,103,109,109,106,98,66,45,0,14,0,0,0,7,0,6,0
0,6,9,14,41,71,89,98,100,102,106,113,112,105,96,62,50,0,15,0,0,0,5,0,0,0
9,4,8,12,41,68,90,102,101,104,109,111,114,106,63,59,41,0,17,0,0,0,6,0,0,6
0,0,0,19,27,65,82,100,104,110,119,118,115,100,68,56,48,0,23,0,0,0,8,0,0,0
27,0,10,30,58,68,84,96,97,112,124,118,111,90,73,57,50,0,43,0,0,0,11,0,6,6
8,0,17,37,63,88,102,111,112,131,134,127,120,98,74,59,47,0,43,0,0,0,6,0,6,11
12,10,18,57,66,94,112,119,117,124,135,135,128,105,75,61,37,0,40,0,0,0,0,0,0,6
12,0,14,52,82,110,116,116,117,118,126,128,124,105,81,60,42,0,14,0,0,0,10,0,8,7
11,0,12,44,69,101,107,112,112,107,115,117,120,90,77,58,11,0,12,0,0,0,0,0,7,8
7,0,0,40,71,100,106,109,113,108,110,106,122,106,88,65,33,0,50,0,0,0,8,0,5,5
10,0,6,50,68,101,106,112,114,112,114,104,121,111,101,67,47,0,55,0,0,0,0,0,8,7
10,5,11,22,72,101,113,117,114,114,117,112,122,113,101,65,37,0,61,0,0,0,10,0,7,6
13,7,12,45,80,97,113,121,121,118,116,111,121,113,92,59,18,0,70,0,0,0,9,0,9,11
12,8,12,53,79,96,107,113,118,112,120,109,120,112,104,64,25,0,77,0,0,0,12,0,11,13
22,11,13,56,80,97,111,117,122,117,123,110,122,115,101,69,33,0,81,0,0,0,13,0,13,16
9,5,13,47,76,89,94,104,112,102,117,114,126,125,100,64,14,0,50,0,0,0,6,0,0,4
11,9,12,55,73,87,90,108,108,103,99,101,117,141,94,65,27,0,56,0,0,0,11,0,5,4
11,6,14,54,71,83,86,106,117,114,116,115,125,125,99,77,26,0,45,0,0,0,13,0,9,8
13,13,14,54,80,87,100,120,125,118,109,110,113,120,106,73,13,0,51,0,0,0,8,0,11,7
21,14,25,61,84,84,103,122,133,121,116,115,119,122,112,86,32,0,75,0,0,0,10,0,5,9
14,9,23,57,67,77,86,106,112,109,106,106,111,114,100,80,52,0,41,0,0,0,9,0,7,8
13,11,14,53,64,73,81,89,98,85,85,94,103,106,94,75,54,0,14,0,0,0,10,0,9,8
14,10,21,52,64,76,81,82,80,74,79,88,100,100,91,76,55,0,9,0,0,0,8,0,8,7
20,10,26,50,62,75,83,83,74,66,74,87,100,102,91,76,54,0,0,0,0,0,8,0,9,5
13,9,14,45,60,72,79,87,74,64,69,79,93,98,89,76,53,0,0,0,0,0,0,0,5,7
11,10,12,50,59,72,81,82,76,67,75,83,96,94,87,80,51,0,0,0,0,0,0,0,6,6
13,12,15,48,59,69,80,84,77,66,74,82,98,98,88,73,41,0,5,0,4,0,12,0,5,7
11,11,14,41,52,68,75,79,74,67,69,73,89,91,83,71,48,0,0,0,0,0,6,0,0,5
10,8,13,34,53,64,70,81,74,69,65,71,84,90,81,68,28,0,0,0,0,0,8,0,0,7
11,8,12,31,45,61,71,84,81,72,67,71,90,93,83,69,14,0,6,0,0,0,9,0,0,5
9,7,10,14,15,55,70,92,84,69,65,72,87,96,80,60,13,0,9,0,0,0,9,0,0,5
12,7,11,13,38,55,83,115,97,69,67,72,90,111,87,63,12,0,7,0,0,0,8,0,6,8
10,8,12,11,48,62,102,136,104,80,72,74,99,139,101,61,40,0,7,0,0,0,10,0,7,0
10,8,10,13,50,57,65,101,85,66,62,66,83,109,86,55,23,0,6,0,0,0,10,0,5,0
8,0,6,12,19,42,57,67,75,48,51,53,64,75,63,43,13,0,0,0,0,0,9,0,0,0
0,6,7,10,12,14,55,72,60,61,48,39,59,62,59,51,8,0,0,0,0,0,7,0,6,0
0,5,7,11,12,11,14,57,56,42,37,27,55,57,57,33,7,0,0,0,0,0,4,0,6,7
7,8,10,9,17,12,13,52,53,33,19,14,48,52,52,20,0,0,0,0,0,0,4,0,0,0
0,5,6,7,16,17,11,25,34,14,57,61,73,71,69,58,48,0,10,0,0,0,7,0,7,7
5,0,8,8,14,56,52,70,78,90,100,103,105,105,94,61,46,0,9,0,0,0,10,0,5,6
0,0,6,12,30,65,72,100,100,100,103,108,109,106,98,66,47,0,14,0,0,0,7,0,6,0
0,7,9,14,38,73,87,97,100,102,106,113,112,105,96,62,50,0,17,0,0,0,5,0,0,0
9,4,8,12,41,67,90,102,101,104,108,111,114,106,63,58,41,0,17,0,0,0,6,0,0,6
0,0,0,19,27,65,82,100,104,110,119,118,115,100,68,56,48,0,23,0,0,0,8,0,0,0
27,0,10,30,58,68,85,96,96,111,123,117,110,90,73,57,50,0,45,0,0,0,11,0,6,6
8,0,17,37,64,88,102,112,112,131,134,126,120,97,75,59,48,0,43,0,0,0,7,0,6,11
12,10,18,57,66,94,113,119,117,124,134,135,128,105,75,61,38,0,40,0,0,0,0,0,0,6
12,0,14,51,82,111,116,116,118,118,126,128,124,105,82,59,42,0,14,0,0,0,10,0,8,7
11,0,12,44,70,102,108,113,112,107,115,117,120,90,78,58,11,0,12,0,0,0,0,0,7,9
7,0,7,40,71,100,106,110,113,109,110,106,122,106,88,66,33,0,50,0,0,0,8,0,5,6
10,0,6,50,69,101,106,113,115,112,114,104,121,111,101,68,46,0,56,0,0,0,0,0,8,7
10,5,11,25,74,101,113,118,115,114,117,112,122,114,101,66,39,0,61,0,0,0,10,0,7,6
13,8,12,47,80,98,113,122,122,118,116,112,121,114,92,59,17,0,72,0,0,0,10,0,9,11
12,8,13,53,77,97,108,113,118,113,120,110,120,112,104,64,23,0,77,0,0,0,12,0,11,13
22,11,13,56,80,97,111,117,122,118,124,110,121,115,101,68,33,0,82,0,0,0,13,0,13,17
9,5,12,45,76,89,94,104,111,103,117,114,125,124,100,64,14,0,50,0,0,0,6,0,0,4
11,9,12,55,73,87,91,108,108,103,100,101,116,141,94,65,27,0,56,0,0,0,11,0,5,4
11,6,14,54,71,83,86,106,117,113,116,115,124,125,98,76,26,0,45,0,0,0,14,0,9,8
13,13,14,53,80,86,100,120,125,118,109,109,113,120,107,73,13,0,51,0,0,0,8,0,11,7
20,14,23,60,85,84,103,122,132,121,116,115,119,122,112,86,32,0,73,0,0,0,10,0,5,9
14,9,23,57,67,77,86,106,112,108,106,106,111,114,100,80,52,0,41,0,0,0,9,0,7,8
13,12,14,53,63,73,81,89,98,86,84,94,103,106,94,75,54,0,14,0,0,0,10,0,8,8
13,10,20,52,64,76,81,83,80,74,79,88,100,100,91,76,55,0,10,0,0,0,8,0,8,7
20,10,26,50,62,75,84,83,74,65,74,87,100,102,91,76,54,0,0,0,0,0,7,0,9,5
13,9,14,45,60,72,79,88,75,64,69,79,93,98,89,75,54,0,0,0,0,0,0,0,5,7
11,10,12,50,60,72,81,82,76,68,75,82,96,94,87,79,51,0,0,0,0,0,0,0,6,6
13,12,15,46,59,69,81,84,77,66,75,82,97,98,88,73,41,0,5,0,3,0,12,0,5,7
10,11,14,41,52,68,75,80,74,67,69,73,89,91,83,71,48,0,0,0,0,0,6,0,0,5
10,8,13,34,53,64,70,81,74,69,65,71,83,90,81,69,30,0,0,0,0,0,8,0,0,7
11,8,12,29,43,61,71,85,81,72,67,71,90,93,83,69,14,0,6,0,0,0,10,0,0,5
9,7,10,14,15,55,70,92,84,69,65,72,87,96,80,60,13,0,9,0,0,0,9,0,0,5
12,7,11,13,38,55,84,115,97,69,68,71,90,111,87,63,12,0,7,0,0,0,8,0,6,9
10,8,12,11,46,62,103,137,104,80,73,73,99,139,101,61,40,0,7,0,0,0,10,0,7,0
10,8,10,13,50,58,66,101,86,67,62,66,83,109,86,55,22,0,6,0,0,0,10,0,5,0
8,0,6,12,19,46,58,67,75,50,52,53,63,76,63,44,13,0,0,0,0,0,9,0,0,0
0,6,7,10,13,14,55,73,60,61,48,39,58,63,59,51,8,0,0,0,0,0,7,0,6,0
0,5,8,11,12,11,15,57,56,43,37,28,55,57,57,33,8,0,0,0,0,0,4,0,6,7
7,8,10,8,17,12,13,52,53,33,19,14,47,53,52,20,0,0,0,0,0,0,5,0,0,0
0,5,6,7,16,17,12,27,31,17,56,61,73,71,69,58,48,0,10,0,0,0,8,0,7,7
5,0,8,8,14,56,53,70,79,88,101,103,105,105,94,62,48,0,8,0,0,0,10,0,5,6
0,0,6,12,33,65,72,100,100,100,104,108,109,106,97,67,47,0,14,0,0,0,7,0,6,0
5,7,9,14,38,71,87,98,100,102,106,113,112,106,96,62,50,0,17,0,0,0,5,0,0,0
9,5,8,12,41,67,91,103,101,104,109,111,114,106,62,59,42,0,17,0,0,0,6,0,0,7
0,0,0,17,27,65,82,100,104,110,118,118,114,100,68,56,48,0,23,0,0,0,8,0,0,0
27,0,10,30,58,68,85,95,96,110,122,117,110,90,73,57,50,0,43,0,0,0,12,0,6,6
8,0,20,40,65,88,102,111,112,130,134,126,119,98,75,59,47,0,43,0,0,0,7,0,6,11
12,9,15,56,66,93,112,119,117,123,135,135,128,105,75,61,40,0,40,0,0,0,0,0,0,6
12,0,14,51,83,111,116,116,118,118,126,128,124,105,81,60,42,0,14,0,0,0,10,0,8,7
11,0,12,44,70,101,108,113,112,108,115,117,120,91,77,58,11,0,12,0,0,0,0,0,7,9
7,0,8,43,72,100,107,110,113,109,109,107,122,106,88,66,33,0,50,0,0,0,9,0,5,6
10,0,6,50,71,101,107,113,115,112,114,104,121,111,101,69,46,0,54,0,0,0,0,0,8,7
10,5,11,28,75,101,113,118,115,114,118,112,123,114,101,66,39,0,59,0,0,0,10,0,7,6
13,8,12,50,81,98,113,122,122,118,117,112,121,114,92,59,18,0,72,0,0,0,10,0,9,11
12,8,13,52,77,96,108,113,118,112,120,110,120,112,104,64,26,0,77,0,0,0,12,0,11,13
23,10,13,56,80,97,111,118,122,117,124,110,121,115,101,69,33,4,81,0,0,0,13,0,13,16
9,5,12,47,75,89,94,104,111,102,117,114,125,124,99,64,14,4,50,0,0,0,6,0,0,4
11,9,12,55,73,87,90,108,108,103,100,101,116,141,93,65,27,6,57,0,0,0,11,0,5,4
11,6,13,54,70,82,86,106,117,113,116,115,124,125,98,76,26,0,45,0,0,0,14,0,9,8
13,13,14,53,80,86,100,120,125,118,109,109,113,120,107,73,13,0,51,0,0,0,8,0,11,7
20,14,25,60,84,84,103,122,132,121,116,115,119,122,112,87,32,8,73,0,0,0,10,0,5,9
15,9,23,57,67,78,86,106,112,108,106,105,111,114,100,80,52,0,41,0,0,0,9,0,7,8
12,12,14,53,63,72,81,89,98,85,84,94,103,106,94,75,54,0,14,0,0,0,10,0,8,8
13,9,20,52,64,75,81,82,79,74,79,88,100,100,90,76,55,0,9,0,0,0,8,0,8,7
21,10,23,50,62,75,84,83,74,65,74,87,100,102,91,76,54,0,0,0,0,0,7,0,9,5
13,9,14,45,60,72,79,88,74,64,69,79,93,98,89,75,54,0,0,0,0,0,0,0,6,7
11,10,12,50,60,72,81,82,76,67,75,82,96,94,87,79,51,0,0,0,0,0,0,0,6,6
13,12,14,48,59,69,81,84,77,66,74,82,98,99,88,73,42,0,5,0,3,0,12,0,5,7
10,11,14,41,52,68,75,79,74,67,69,73,89,91,83,71,48,0,0,0,0,0,6,0,0,6
10,8,13,31,53,64,70,81,74,68,65,71,83,90,80,69,30,0,0,0,0,0,8,0,0,7
11,8,12,29,45,61,71,84,81,72,67,71,90,93,83,69,14,0,6,0,0,0,10,0,0,5
9,7,10,14,17,55,71,92,84,68,65,72,87,96,81,60,13,0,9,0,0,0,9,0,0,5
12,7,11,13,38,55,84,115,96,68,67,71,90,111,87,62,12,0,7,0,0,0,8,0,6,9
10,8,12,11,48,62,103,137,104,80,72,74,98,139,101,61,40,0,7,0,0,0,10,0,7,0
10,8,10,13,50,58,67,101,86,67,63,66,83,110,86,55,22,0,6,0,0,0,10,0,5,0
8,0,6,12,19,42,57,67,75,50,52,53,64,76,63,44,13,0,0,0,0,0,9,0,0,0
0,6,7,10,13,14,56,73,60,61,48,39,58,63,59,51,8,0,0,0,0,0,7,0,6,0
0,5,8,11,12,11,15,58,56,41,37,28,55,57,57,35,7,0,0,0,0,0,4,0,6,7
7,8,11,9,17,12,13,52,53,33,20,14,47,53,52,20,0,0,0,0,0,0,5,0,0,0
0,5,6,7,17,15,12,30,34,20,56,62,73,71,69,58,48,0,10,0,0,0,8,0,7,8
5,0,8,8,14,56,53,71,79,90,101,103,106,105,94,61,48,0,8,0,0,0,10,0,5,6
0,0,6,13,33,65,74,100,100,100,104,108,109,106,98,66,50,6,14,0,0,0,7,0,6,0
5,7,9,14,41,71,90,100,100,102,106,113,112,106,96,62,50,6,17,0,0,0,5,0,0,0
9,5,8,12,44,67,92,103,101,104,109,111,114,106,62,59,44,5,17,0,0,0,6,0,0,7
0,0,0,17,29,65,83,100,104,110,118,118,114,100,68,56,48,0,23,0,0,0,8,0,0,0
25,0,10,30,57,68,85,96,96,110,122,117,110,90,73,57,50,0,43,0,0,0,12,0,6,6
8,0,20,37,66,88,102,111,112,130,133,127,119,97,74,59,48,0,43,0,0,0,7,0,6,11
12,9,15,56,67,93,112,119,117,123,134,135,128,105,75,61,40,7,40,0,0,0,0,0,0,6
12,0,14,51,83,111,117,116,117,118,126,128,124,105,81,60,42,6,14,0,0,0,10,0,8,7
11,0,12,41,71,101,108,113,112,107,115,117,120,91,77,58,11,0,12,0,0,0,0,0,7,9
7,0,7,43,72,100,107,110,113,109,109,107,122,106,88,65,33,0,51,0,0,0,9,0,5,6
10,0,6,50,72,101,107,112,115,112,114,104,121,111,101,69,47,7,55,0,0,0,0,0,8,7
10,5,11,25,75,101,113,117,115,114,117,112,123,114,101,67,39,8,61,0,0,0,10,0,7,6
13,8,12,45,82,98,113,122,122,118,116,112,121,113,92,59,17,8,72,0,0,0,10,0,9,11
12,8,13,52,78,96,108,113,118,112,120,110,120,111,104,64,28,10,76,0,0,0,13,0,11,13
23,10,13,56,81,97,111,118,122,117,123,110,122,115,101,69,34,11,82,0,0,0,13,0,13,17
9,5,13,47,76,89,94,104,110,102,117,114,125,124,100,64,15,9,50,0,0,0,6,0,0,4
11,9,12,55,74,87,91,108,108,103,100,101,117,141,94,65,27,13,57,0,0,0,11,0,5,5
11,6,13,54,71,83,87,106,117,113,116,115,125,124,99,76,26,11,45,0,0,0,14,0,9,8
13,13,14,53,81,86,101,120,125,118,109,109,113,120,107,73,13,10,51,0,0,0,8,0,11,7
20,14,23,60,86,84,103,122,132,121,116,115,119,121,112,87,32,13,73,0,0,0,10,0,5,9
15,9,21,57,67,77,86,106,112,109,106,106,111,113,100,80,52,5,44,0,0,0,9,0,7,8
13,12,14,53,64,73,82,89,98,85,84,93,103,106,94,75,54,0,14,0,0,0,10,0,8,8
13,9,20,52,64,75,81,83,79,74,79,88,100,100,90,76,55,0,9,0,0,0,8,0,8,7
22,10,25,50,62,75,84,83,74,65,74,87,100,101,91,76,54,0,0,0,0,0,8,0,9,5
13,9,14,45,60,72,79,88,74,64,68,79,93,98,89,75,54,0,0,0,0,0,0,0,6,7
11,10,12,50,60,72,81,82,76,68,75,82,96,93,87,79,51,0,0,0,0,0,5,0,6,6
13,12,14,48,59,69,81,84,77,66,74,82,98,98,88,72,42,0,5,0,3,0,12,0,5,7
10,11,13,41,53,68,75,79,74,67,69,73,89,91,83,71,50,0,0,0,0,0,6,0,0,6
10,8,13,34,53,64,71,81,74,68,65,71,84,90,80,68,30,0,0,0,0,0,8,0,0,7
11,8,12,27,45,61,71,85,81,72,67,71,90,93,83,69,14,0,6,0,0,0,9,0,0,5
9,8,10,14,17,55,71,92,84,68,64,72,87,96,81,60,13,0,9,0,0,0,9,0,0,5
12,7,11,13,41,55,84,116,96,68,67,71,90,111,87,62,13,0,7,0,0,0,8,0,6,9
10,8,12,11,50,61,103,137,104,80,72,74,99,139,101,61,40,0,7,0,0,0,10,0,7,0
10,8,10,13,51,58,67,102,86,67,62,66,83,109,86,55,23,0,6,0,0,0,10,0,5,0
8,0,6,12,21,46,58,67,75,50,52,53,64,76,62,43,13,0,0,0,0,0,9,0,0,0
0,6,7,10,13,14,56,73,60,61,47,39,58,63,59,50,8,0,0,0,0,0,7,0,6,0
0,5,8,10,12,11,17,58,56,41,35,28,55,57,57,33,8,0,0,0,0,0,4,0,6,7
7,8,11,8,18,11,14,53,53,33,19,14,48,53,52,20,0,0,0,0,0,0,5,0,0,0
0,5,6,7,18,15,12,25,29,20,53,59,70,63,66,54,41,0,7,0,0,0,7,0,7,8
5,0,8,8,14,56,54,69,72,83,97,100,103,101,87,57,33,9,0,0,0,0,10,0,5,6
0,0,6,13,38,65,74,95,95,97,101,104,106,102,89,61,39,12,12,0,0,0,7,0,6,0
5,7,9,14,44,71,89,93,95,101,104,108,108,103,88,58,43,12,13,0,0,0,5,0,0,0
9,5,8,12,44,67,92,101,100,102,105,107,110,102,60,55,37,11,12,0,0,0,5,0,0,6
0,0,0,17,31,65,84,96,101,106,113,112,109,88,63,54,41,10,12,0,0,0,7,0,0,0
25,0,10,29,58,68,84,91,90,104,112,106,103,82,69,55,47,12,19,0,0,0,11,0,6,6
8,0,20,40,66,88,102,109,108,121,123,117,112,89,70,56,43,14,14,0,0,0,7,0,6,11
12,9,15,57,67,94,111,117,114,119,125,122,121,101,70,56,34,13,21,0,0,0,6,0,0,6
13,0,14,51,83,111,116,115,115,115,119,118,117,101,74,57,37,11,10,0,0,0,9,0,8,7
11,0,12,44,72,101,107,112,111,106,111,109,114,83,74,55,11,8,8,0,0,0,0,0,7,9
7,0,7,43,73,100,106,109,112,107,107,102,118,103,84,63,32,11,13,0,0,0,9,0,6,6
10,0,6,50,72,101,106,112,114,111,112,101,118,108,100,66,46,13,22,0,0,0,0,0,8,7
11,5,11,25,75,101,113,117,114,114,116,109,120,110,100,64,39,14,35,0,0,0,10,0,8,7
14,7,12,45,82,97,113,122,121,118,115,109,118,109,88,56,19,16,56,0,0,0,10,0,9,11
12,8,13,52,78,94,108,113,117,112,119,107,119,108,103,62,28,27,60,0,0,0,13,0,11,13
25,10,13,56,82,97,111,118,122,117,123,109,121,113,98,67,29,40,66,0,0,0,13,0,13,17
10,5,13,47,75,89,96,105,111,102,117,113,123,120,97,63,16,19,20,0,0,0,6,0,0,4
11,9,12,55,74,87,92,109,109,103,100,101,116,135,92,63,27,50,50,0,0,0,11,0,5,5
11,6,14,54,71,82,89,108,119,115,118,116,126,119,99,75,28,40,31,0,0,0,14,0,10,9
14,13,14,54,82,86,102,122,127,120,111,112,114,118,108,73,14,45,42,0,0,0,8,0,12,8
20,14,23,60,86,84,104,124,134,123,118,117,121,118,113,88,45,55,62,0,0,0,10,0,6,10
17,9,21,58,67,78,88,107,114,111,107,108,113,113,101,80,52,12,14,0,0,0,8,0,7,8
13,12,14,53,64,73,83,90,100,88,87,95,105,106,95,75,55,0,11,0,0,0,10,0,9,9
14,9,20,52,64,76,82,83,80,75,79,89,102,98,92,76,55,0,8,0,0,0,7,0,9,7
23,10,25,50,62,75,85,84,74,66,74,87,102,99,93,76,54,0,0,0,0,0,7,0,9,6
13,10,14,46,61,72,80,87,74,65,68,79,94,97,91,75,54,7,0,0,0,0,0,0,6,7
11,10,12,50,60,72,81,82,76,68,74,81,96,92,88,79,51,9,0,0,0,0,5,0,6,6
13,12,14,48,59,69,81,83,76,66,72,80,98,96,89,73,42,6,0,0,5,0,11,0,5,7
11,11,13,41,53,68,75,79,74,66,68,72,89,90,84,71,50,0,0,0,0,0,6,0,4,6
10,8,13,31,53,64,70,80,73,67,64,70,83,89,81,68,28,5,0,0,0,0,8,0,0,7
11,8,13,29,45,61,71,83,79,71,65,69,89,91,83,68,14,0,4,0,0,0,9,0,0,5
9,7,10,14,19,55,70,90,83,67,63,70,87,94,81,59,13,0,7,0,0,0,9,0,0,5
12,7,10,13,41,55,82,111,92,67,65,69,92,113,90,62,13,5,0,0,3,0,8,0,6,9
11,9,12,11,48,61,101,129,98,77,68,70,96,136,102,60,40,9,5,0,0,0,10,0,7,0
10,8,10,13,51,58,65,96,80,64,60,63,80,94,84,54,20,8,0,0,0,0,10,0,5,0
8,0,6,12,21,42,56,65,70,47,51,51,62,61,61,43,13,6,0,0,0,0,9,0,0,0
0,6,7,10,13,14,55,68,57,59,42,29,57,50,58,50,8,5,0,0,0,0,7,0,6,0
0,5,8,10,12,11,15,56,53,38,32,24,53,18,55,29,7,0,0,0,0,0,0,0,6,7
7,8,11,9,18,11,13,51,50,32,15,13,44,12,51,17,0,0,0,0,0,0,5,0,0,0
0,6,6,7,14,13,12,23,25,14,43,55,67,66,61,50,35,6,0,0,0,0,7,0,7,7
6,0,8,7,13,50,46,63,60,70,77,80,96,100,78,53,19,7,0,0,0,0,9,0,5,6
0,0,7,12,23,56,67,87,86,85,92,100,103,103,80,58,31,11,10,0,0,0,6,0,5,0
5,7,10,14,33,62,79,83,86,91,101,104,107,104,82,56,36,11,10,0,0,0,0,0,0,0
10,5,9,12,36,61,82,97,86,98,102,103,108,103,61,53,30,10,9,0,0,0,5,0,0,5
0,0,0,13,16,58,76,90,91,100,107,108,109,92,62,53,33,8,9,0,0,0,6,0,0,0
20,0,9,23,52,63,77,83,82,93,104,102,105,84,68,54,44,12,11,0,0,0,10,0,7,5
9,0,15,27,56,79,91,103,101,112,117,116,114,91,70,55,34,12,10,0,0,0,7,0,6,10
12,9,14,53,61,83,104,111,109,112,118,120,123,103,70,55,33,13,12,0,0,0,6,0,0,6
12,0,13,40,71,105,110,110,111,112,115,115,119,102,73,57,32,9,0,0,0,0,9,0,8,8
11,0,12,33,62,91,103,107,107,103,109,107,117,87,73,53,10,6,6,0,0,0,0,0,7,8
8,0,7,31,65,87,103,106,110,105,106,102,116,105,81,63,26,10,9,0,0,0,9,0,6,5
10,0,5,37,61,92,104,110,111,110,111,101,117,110,100,66,43,12,11,0,0,0,0,0,7,7
11,6,11,17,63,93,110,115,113,112,115,109,120,113,100,65,42,12,13,0,0,0,10,0,8,7
14,8,12,35,73,89,110,119,119,116,115,109,118,113,90,57,22,14,36,0,0,0,11,0,10,11
13,9,12,47,73,86,105,111,116,110,117,107,120,112,104,63,32,22,39,0,0,0,14,0,11,13
27,11,13,53,75,89,109,116,121,116,122,109,125,120,102,69,33,36,50,0,0,0,13,0,13,17
10,6,13,41,71,83,91,104,110,101,116,114,128,128,100,66,29,14,7,0,0,0,4,0,0,5
12,10,12,53,70,80,89,108,108,102,98,103,122,143,95,65,32,44,19,0,0,0,12,0,5,6
12,7,14,54,68,78,87,107,119,115,118,120,131,125,103,77,38,38,14,0,0,0,14,0,10,9
25,14,14,53,77,83,102,123,127,120,111,114,119,124,111,76,23,42,30,0,0,0,9,0,12,9
33,14,25,59,83,82,104,125,134,123,118,119,123,124,115,89,52,50,50,0,0,0,10,0,6,10
25,10,21,56,65,76,87,107,113,111,107,110,115,118,103,81,53,12,10,0,0,0,8,0,7,9
13,12,14,53,63,73,83,90,99,88,87,96,107,111,97,76,55,5,7,0,0,0,10,0,9,9
14,10,23,52,63,75,82,83,80,74,80,90,104,103,94,77,56,0,6,0,0,0,7,0,9,7
26,12,26,50,61,76,84,84,74,66,74,89,103,104,95,78,55,0,0,0,0,0,8,0,10,6
14,10,14,45,59,72,80,88,73,64,68,80,95,102,92,77,55,7,0,0,0,0,0,0,6,7
12,10,13,50,59,72,81,82,75,67,73,82,97,96,89,80,52,11,0,0,0,0,5,0,6,6
14,12,14,46,58,69,80,83,75,65,71,80,98,100,90,73,43,8,0,0,5,0,10,0,5,6
11,11,13,41,51,67,75,79,73,66,67,72,90,94,84,72,50,6,0,0,0,0,6,0,4,6
10,9,13,29,52,64,70,80,73,67,63,69,83,93,81,69,30,7,0,0,0,0,8,0,0,7
11,8,13,27,39,60,70,83,78,70,64,68,89,96,83,68,14,0,0,0,0,0,9,0,0,5
9,8,10,14,14,54,72,92,81,66,62,70,86,98,81,60,14,0,5,0,0,0,9,0,0,5
12,7,11,13,36,55,91,118,94,66,63,68,90,115,92,64,14,8,0,0,3,0,8,0,6,8
10,9,12,11,42,60,101,128,95,75,64,68,91,135,103,60,41,11,0,0,0,0,9,0,7,0
10,7,9,13,48,55,63,92,76,62,56,60,76,90,83,54,17,10,0,0,0,0,9,0,5,0
8,0,6,12,15,28,54,65,68,43,50,50,61,63,61,44,13,8,0,0,0,0,9,0,0,0
5,6,7,10,12,13,53,69,56,56,38,25,56,52,56,50,9,6,0,0,0,0,7,0,6,0
0,5,7,10,12,10,14,56,52,36,26,19,53,27,54,31,8,0,0,0,0,0,0,0,6,7
7,8,10,8,15,10,13,51,50,30,13,12,41,14,50,21,0,0,0,0,0,0,5,0,0,0
0,8,12,10,28,52,54,53,14,11,13,37,25,35,33,13,12,0,0,0,7,0,6,0,7,7
9,11,14,14,52,67,75,64,75,62,57,52,58,33,37,17,7,0,0,0,6,0,9,0,4,6
12,15,27,51,87,100,100,101,100,85,75,65,72,63,36,28,11,6,0,0,0,0,5,0,4,4
13,13,38,59,91,106,105,102,95,92,86,63,72,56,32,25,12,6,0,0,0,0,0,0,0,0
12,14,18,58,90,102,106,110,101,94,84,67,75,15,36,19,9,7,0,0,0,0,0,0,0,0
8,10,30,62,87,89,102,108,102,85,91,79,75,59,23,40,13,0,0,0,0,0,5,0,0,0
37,12,31,57,76,93,102,103,101,79,87,74,73,59,51,43,25,8,0,0,0,0,11,0,8,5
15,6,48,76,100,105,111,116,111,104,108,100,92,68,65,50,13,7,0,0,7,0,10,0,5,10
19,13,47,69,94,102,120,134,120,110,109,102,108,80,64,50,17,8,0,0,7,0,6,0,0,6
14,12,52,65,100,113,129,131,118,112,111,96,108,80,57,50,10,0,0,0,0,0,8,0,8,8
14,10,15,54,77,109,131,122,111,104,108,91,103,72,66,14,0,0,0,0,0,0,0,0,8,8
14,10,15,58,80,106,124,114,113,108,106,92,106,94,75,47,10,0,0,0,0,0,9,0,6,5
14,11,25,53,78,109,115,115,114,109,110,98,109,104,93,58,14,6,0,0,7,0,0,0,6,7
50,21,51,56,89,105,117,120,116,110,115,107,115,108,98,61,12,6,0,0,5,0,8,0,9,8
50,24,52,59,91,101,114,122,122,117,116,106,112,106,89,55,13,5,0,0,8,0,11,0,10,11
42,46,52,55,87,101,109,114,116,110,118,102,114,103,101,62,14,9,0,0,0,0,14,0,10,13
50,51,48,62,87,104,116,121,123,116,121,107,119,109,101,71,25,12,0,0,8,0,13,0,11,17
20,33,12,43,82,96,105,108,112,104,115,111,113,110,100,66,13,6,0,0,7,0,6,0,0,5
13,45,47,55,78,102,99,111,110,101,97,96,107,121,95,69,27,10,0,0,8,0,10,0,5,6
12,33,64,59,75,97,102,112,120,115,117,111,115,116,101,81,43,0,0,0,8,0,13,0,10,9
44,58,94,62,92,100,111,127,129,120,109,107,108,113,109,76,51,6,0,0,6,0,7,0,11,8
50,53,58,64,94,92,110,128,134,121,115,112,115,115,112,88,55,10,0,0,6,0,10,0,5,9
41,52,55,61,73,86,96,110,114,109,104,102,108,109,100,80,55,5,0,0,7,0,9,0,7,8
45,40,45,57,69,79,89,94,99,85,83,89,100,101,94,75,55,7,0,0,0,0,8,0,9,8
22,23,50,56,69,81,87,86,81,74,76,85,98,96,91,76,56,0,0,0,5,0,0,0,8,7
28,19,40,53,66,81,89,87,76,65,71,84,97,96,92,77,55,0,0,0,6,0,8,0,10,5
16,14,30,50,64,76,85,91,75,63,66,76,90,93,88,75,54,6,0,0,0,0,0,0,6,7
13,13,22,52,64,76,86,85,76,66,71,78,92,88,85,79,51,9,0,0,0,0,5,0,7,6
22,16,28,52,63,74,86,86,77,65,71,77,94,92,88,73,46,9,0,0,11,0,12,0,6,7
12,14,27,50,56,73,80,82,74,65,66,69,86,86,82,71,50,5,0,0,6,0,6,0,0,6
11,12,27,45,55,68,75,83,73,65,62,66,79,85,79,68,30,0,0,0,7,0,8,0,0,7
12,11,19,37,52,67,77,88,80,69,65,66,85,86,81,68,15,6,0,0,6,0,10,0,0,5
11,10,12,21,35,64,81,97,83,65,62,66,82,88,79,60,12,0,0,0,7,0,9,0,0,5
14,9,13,14,50,61,101,112,87,66,63,65,84,105,90,62,12,0,0,0,8,0,8,0,6,9
12,13,15,13,52,67,124,130,86,74,66,66,87,131,105,60,36,9,0,0,0,0,9,0,6,0
12,11,13,14,54,63,94,103,75,63,60,59,74,96,86,55,22,9,0,0,5,0,10,0,5,0
9,6,8,13,37,53,72,73,69,45,51,50,60,68,60,44,13,6,0,0,0,0,9,0,0,0
6,8,9,11,14,14,63,74,56,53,38,14,54,57,54,46,9,5,0,0,0,0,6,0,6,0
6,8,10,11,14,13,52,63,54,37,28,16,52,51,53,31,9,0,0,0,0,0,4,0,6,8
9,11,12,10,20,13,36,55,47,30,14,12,35,44,50,23,5,0,0,0,5,0,5,0,0,0
0,8,12,11,30,53,55,53,14,12,13,35,25,30,33,13,12,0,0,0,7,0,6,0,7,7
9,11,14,14,53,67,76,65,77,62,58,52,58,25,37,17,7,0,0,0,6,0,9,0,4,6
12,15,25,51,88,101,100,101,101,85,76,65,72,60,38,32,12,7,0,0,0,0,5,0,4,4
13,13,38,58,91,106,105,102,98,92,86,65,75,51,37,27,12,7,0,0,0,0,0,0,0,0
12,14,28,58,92,102,106,110,101,95,87,69,76,15,38,16,10,8,0,0,0,0,0,0,0,0
8,10,33,62,88,90,103,108,102,86,93,79,75,59,25,40,13,6,0,0,0,0,5,0,0,0
37,12,38,56,76,94,103,104,103,80,88,75,75,58,51,44,25,9,0,0,0,0,11,0,9,5
15,6,44,76,100,106,111,117,112,104,109,101,94,67,66,50,13,9,0,0,8,0,10,0,5,10
19,13,44,68,95,103,121,135,120,110,108,103,109,80,65,51,17,9,0,0,7,0,6,0,0,6
14,13,50,65,101,113,130,131,118,112,111,96,109,80,58,50,10,0,0,0,0,0,8,0,8,8
14,10,15,54,78,109,131,122,111,104,107,91,103,71,66,14,0,0,0,0,0,0,0,0,8,8
14,10,14,58,80,107,125,114,113,107,105,92,106,93,75,47,10,0,0,0,0,0,9,0,7,5
14,12,28,53,75,109,115,114,113,109,110,97,109,104,93,58,14,7,0,0,7,0,0,0,6,7
37,19,51,55,90,105,117,120,116,110,114,106,115,108,98,61,12,7,0,0,5,0,8,0,9,8
50,24,51,57,90,101,115,122,122,117,116,105,112,105,89,55,13,6,0,0,7,0,11,0,10,11
42,46,54,55,87,101,110,113,116,110,118,102,113,103,102,62,14,10,0,0,0,0,14,0,10,13
50,51,48,62,88,105,116,121,122,116,120,107,119,109,102,72,25,12,0,0,8,0,13,0,11,17
23,37,47,51,87,105,105,108,112,104,115,110,114,110,102,68,14,7,0,0,7,0,6,0,0,5
13,45,51,55,79,103,99,111,109,101,97,95,107,122,97,70,27,10,0,0,8,0,10,0,5,6
12,36,63,59,76,97,102,112,120,115,117,111,116,116,102,81,43,7,0,0,8,0,13,0,10,9
38,58,93,62,91,101,111,128,129,120,109,107,108,113,110,77,52,7,0,0,6,0,7,0,11,8
50,53,58,64,95,92,110,128,134,121,116,112,115,115,112,89,55,10,0,0,6,0,10,0,5,9
41,51,54,61,73,86,96,110,114,109,104,102,108,109,100,80,55,6,0,0,7,0,9,0,7,8
45,43,45,57,69,79,90,94,100,85,83,89,100,100,94,75,55,8,0,0,0,0,8,0,9,8
22,25,47,55,69,81,87,86,81,73,76,85,98,95,91,76,56,5,0,0,5,0,0,0,9,7
28,18,39,53,66,81,89,87,76,65,71,84,97,96,92,77,55,0,0,0,6,0,8,0,10,5
16,14,28,50,64,76,85,91,75,63,66,76,90,93,88,75,54,7,0,0,0,0,0,0,6,7
13,13,20,52,64,76,86,85,77,66,71,78,92,88,85,79,51,10,0,0,0,0,5,0,7,6
17,17,26,51,63,74,86,86,78,65,70,77,94,92,88,73,46,10,0,0,11,0,12,0,6,7
12,14,27,50,56,73,80,82,74,65,66,69,86,85,82,71,50,6,0,0,6,0,6,0,0,6
11,11,27,45,55,69,75,83,73,65,62,66,79,84,79,68,30,5,0,0,7,0,7,0,0,7
12,12,17,39,52,67,76,88,80,69,65,66,85,85,81,68,15,7,0,0,6,0,10,0,0,5
11,10,12,19,35,64,81,97,83,65,62,66,82,87,80,60,12,0,0,0,7,0,9,0,0,5
14,9,12,14,50,61,101,112,88,66,62,65,84,105,90,62,12,0,0,0,9,0,8,0,6,9
12,13,14,13,53,68,124,130,87,75,66,66,87,130,105,60,36,10,0,0,5,0,9,0,6,0
12,11,13,14,54,63,94,104,76,63,59,59,74,95,87,54,22,9,0,0,5,0,10,0,5,0
9,7,8,13,37,54,72,73,69,45,51,50,60,67,60,46,13,7,0,0,0,0,9,0,0,0
6,8,9,11,14,14,64,74,56,53,38,14,54,56,54,46,9,6,0,0,0,0,6,0,6,0
6,8,9,11,14,13,53,63,55,37,28,15,52,50,53,31,9,0,0,0,0,0,4,0,6,8
9,11,12,10,21,13,38,56,48,30,13,12,36,43,51,23,5,0,0,0,5,0,5,0,0,0
0,8,12,11,32,52,55,54,14,12,13,37,23,32,33,13,12,0,0,0,6,0,6,0,7,7
9,11,14,14,53,66,77,67,77,65,58,52,58,25,34,15,7,5,0,0,6,0,9,0,4,6
13,16,27,51,88,101,100,102,101,88,76,67,73,63,41,32,12,7,0,0,0,0,5,0,5,4
13,13,40,59,91,106,106,102,100,95,86,67,76,52,42,27,12,8,0,0,0,0,0,0,0,0
12,16,28,57,92,102,107,110,101,97,87,69,77,21,38,14,10,8,0,0,0,0,0,0,0,0
9,11,33,62,88,90,103,108,103,88,95,80,76,60,25,40,13,7,0,0,0,0,5,0,0,0
41,13,36,56,76,95,103,104,103,81,90,75,76,59,52,44,23,9,0,0,0,0,11,0,9,5
18,7,46,75,99,106,112,117,112,105,109,101,95,68,66,50,13,10,0,0,7,0,10,0,5,10
25,13,44,68,96,103,121,136,120,111,109,104,110,82,65,51,17,10,0,0,7,0,6,0,0,6
15,13,50,62,101,113,130,132,119,113,111,97,109,81,58,50,10,4,0,0,0,0,8,0,8,8
20,10,17,53,78,110,132,122,111,105,108,92,104,72,66,14,0,0,0,0,0,0,0,0,8,8
14,11,15,59,80,107,125,115,113,108,106,93,106,94,75,50,10,0,0,0,0,0,9,0,7,5
14,12,25,54,76,109,116,115,114,109,110,97,109,104,95,58,14,7,0,0,7,0,0,0,6,6
50,21,46,55,90,105,117,120,116,111,115,107,115,108,100,61,12,8,0,0,5,0,7,0,10,8
51,24,50,57,92,102,115,122,122,117,116,105,112,106,89,55,14,7,0,0,7,0,11,0,11,11
45,46,54,54,88,101,109,114,116,110,118,102,114,103,102,62,14,11,0,0,0,0,14,0,10,13
50,51,46,62,88,104,117,122,124,116,120,107,119,109,102,71,25,13,0,0,8,0,13,0,11,16
25,37,40,50,85,105,105,108,112,104,115,110,113,111,101,68,14,8,0,0,7,0,6,0,0,4
13,45,50,53,78,102,98,110,109,101,96,95,107,122,96,70,26,11,0,0,7,0,10,0,5,6
12,36,62,58,75,96,101,111,120,115,117,111,116,116,101,80,43,9,0,0,8,0,12,0,10,9
38,57,89,60,91,100,111,127,129,120,109,107,108,113,109,76,51,7,0,0,6,0,7,0,11,8
50,52,58,63,93,92,109,128,134,121,116,111,114,115,112,88,56,11,0,0,5,0,10,0,5,9
50,52,54,61,72,86,96,110,114,110,104,102,108,109,100,80,56,7,0,0,6,4,9,0,7,8
45,43,43,56,68,79,90,94,100,86,83,89,100,100,94,75,55,9,0,0,0,0,8,0,9,8
22,25,45,55,69,81,87,86,81,74,76,85,97,96,90,76,56,6,0,0,5,0,0,0,8,7
28,18,36,53,66,82,89,87,76,65,71,84,97,96,92,77,56,0,0,0,6,0,8,0,10,5
17,14,26,50,64,77,85,90,75,63,66,76,90,93,88,75,54,8,0,0,0,0,0,0,6,7
13,13,17,52,64,76,86,85,76,67,71,77,92,88,85,79,50,11,0,0,0,0,5,0,7,6
17,19,26,51,63,74,86,86,78,65,70,77,94,92,88,73,46,11,0,0,11,0,12,0,6,7
12,15,25,50,56,73,80,82,74,66,66,69,85,86,82,71,50,7,0,0,5,0,6,0,0,6
12,11,22,43,56,69,75,83,74,65,62,66,79,84,79,68,25,6,0,0,6,0,7,0,0,7
12,12,15,39,52,66,76,87,80,69,65,66,85,86,82,68,14,8,0,0,6,0,9,0,0,5
11,10,12,19,32,64,81,97,83,65,62,66,82,88,80,59,13,0,0,0,7,4,9,0,0,5
15,9,12,14,50,61,102,112,88,66,62,65,84,105,90,62,12,5,0,0,8,0,8,0,6,9
12,13,14,13,53,68,124,130,87,75,66,66,87,131,105,60,40,11,0,0,0,0,9,0,6,0
12,11,12,14,54,62,95,104,75,63,60,59,74,95,87,54,22,10,0,0,5,0,10,0,5,0
9,7,8,13,40,53,72,73,70,45,51,50,60,67,60,44,13,7,0,0,0,0,9,0,0,0
6,8,9,11,14,15,65,74,56,55,38,14,55,56,54,46,9,6,0,0,0,0,6,0,6,0
6,8,9,11,14,13,53,63,55,38,28,15,52,51,53,29,9,0,0,0,0,0,4,0,6,8
9,11,12,10,21,13,40,56,47,30,14,12,36,44,50,22,5,0,0,0,5,0,5,0,0,0
0,8,12,11,32,52,55,54,14,12,13,37,21,37,33,13,12,0,0,0,6,0,0,0,7,7
9,11,14,14,53,66,77,67,77,65,58,52,58,30,34,14,7,5,0,0,5,0,8,0,4,6
13,16,27,51,88,101,100,102,101,88,76,67,73,64,44,34,11,7,0,0,0,0,5,0,5,4
13,13,40,59,91,106,106,102,100,95,86,68,75,55,47,29,11,8,0,0,0,0,0,0,0,0
12,16,28,57,92,102,107,110,101,97,87,71,77,27,36,14,10,8,0,0,0,0,0,0,0,0
9,11,33,62,88,90,103,108,103,88,95,81,76,63,25,40,13,7,0,0,0,0,5,0,0,0
41,13,36,56,76,95,103,104,103,81,90,76,76,61,52,44,23,9,0,0,0,0,11,0,9,5
18,7,46,75,99,106,112,117,112,105,109,102,95,69,66,50,13,10,0,0,7,0,10,0,5,10
25,13,44,68,96,103,121,136,120,111,109,105,110,84,64,50,16,10,0,0,7,0,6,0,0,6
15,13,50,62,101,113,130,132,119,113,111,98,109,83,59,50,10,4,0,0,0,0,8,0,8,8
20,10,17,53,78,110,132,122,111,105,108,92,104,73,66,14,0,0,0,0,0,0,0,0,8,8
14,11,15,59,80,107,125,115,113,108,106,93,106,96,75,50,10,5,0,0,0,0,9,0,6,5
14,12,25,54,76,109,116,115,114,109,110,97,109,104,93,58,14,8,0,0,7,0,0,0,6,6
50,21,46,55,90,105,117,120,116,111,114,107,115,109,100,61,12,8,0,0,0,0,7,0,10,8
51,24,50,57,92,102,115,122,122,117,116,105,112,106,89,56,14,7,0,0,7,5,11,0,11,11
45,46,54,54,88,101,109,114,116,110,118,101,114,104,102,61,14,11,0,0,0,0,14,0,10,13
50,51,46,62,88,104,117,122,124,116,120,107,119,110,103,71,23,13,0,0,8,6,13,0,11,16
25,37,40,50,85,105,105,108,112,104,115,110,113,111,102,68,14,8,0,0,7,5,6,0,0,4
13,45,50,53,78,102,98,110,109,101,96,95,106,124,96,70,26,11,0,0,7,0,10,0,5,5
12,36,62,58,75,96,101,111,120,115,117,111,116,116,101,80,43,9,0,0,7,5,12,0,10,9
38,57,89,60,91,100,111,127,129,120,108,106,108,114,109,76,51,7,0,0,6,6,7,0,11,7
50,52,58,63,93,92,109,128,134,121,115,112,114,116,112,88,55,11,0,0,5,4,10,0,5,9
50,52,54,61,72,86,96,110,114,110,104,101,107,109,100,80,56,7,0,0,6,7,9,0,7,9
45,43,43,56,68,79,90,94,100,86,82,89,100,101,94,75,55,9,0,0,0,0,8,0,9,8
22,25,45,55,69,81,87,86,81,74,76,84,97,96,90,76,56,7,0,0,5,0,0,0,8,7
28,18,36,53,66,82,89,87,76,65,71,84,97,97,92,77,56,0,0,0,6,0,7,0,10,5
17,14,26,50,64,77,85,90,75,63,66,76,90,94,88,75,54,8,0,0,0,0,0,0,6,7
13,13,17,52,64,76,86,85,76,67,71,78,91,89,85,78,50,11,0,0,0,0,5,0,7,6
17,19,26,51,63,74,86,86,78,65,70,77,94,93,87,73,47,11,0,0,10,7,12,0,6,7
12,15,25,50,56,73,80,82,74,66,66,69,86,86,82,71,50,7,0,0,5,5,6,0,4,6
12,11,22,43,56,69,75,83,74,65,62,66,79,85,79,68,23,6,0,0,6,0,8,0,0,7
12,12,15,39,52,66,76,87,80,69,64,66,85,87,82,68,14,8,0,0,5,0,10,0,0,5
11,10,12,19,32,64,81,97,83,65,62,66,82,88,80,59,13,0,0,0,6,6,9,0,0,5
15,9,12,14,50,61,102,112,88,66,62,65,84,106,90,62,12,5,0,0,8,5,7,0,6,9
12,13,14,13,53,68,124,130,87,75,66,66,87,131,105,60,40,11,0,0,0,0,9,0,7,0
12,11,12,14,54,62,95,104,75,63,60,59,75,96,87,54,22,10,0,0,5,0,10,0,5,0
9,7,8,13,40,53,72,73,70,45,51,50,60,68,60,44,13,8,0,0,0,3,9,0,0,0
6,8,9,11,14,15,65,74,56,55,38,15,55,57,54,46,9,6,0,0,0,0,6,0,6,0
6,8,9,11,14,13,53,63,55,38,28,15,52,52,53,29,9,0,0,0,0,4,4,0,6,7
9,11,12,10,21,13,40,56,47,30,14,12,36,45,50,23,5,0,0,0,5,0,5,0,0,0
0,8,12,10,30,52,54,54,14,12,13,37,15,40,31,13,12,0,0,0,5,0,6,0,7,7
10,12,13,14,53,66,77,67,78,65,60,52,57,33,31,13,6,4,0,0,5,8,9,0,4,6
13,15,27,51,90,101,100,102,101,88,78,68,81,69,41,40,12,6,5,0,0,9,5,0,5,4
13,14,40,59,92,106,105,102,100,95,88,69,75,57,50,23,11,7,4,0,0,7,0,0,0,0
13,17,21,57,90,102,107,110,101,97,88,73,80,38,38,14,10,8,0,0,0,6,0,0,0,0
10,11,30,61,88,89,103,108,102,87,96,80,79,65,26,41,13,6,0,0,0,6,5,0,0,0
43,13,34,56,76,93,102,104,103,81,89,76,78,62,54,43,22,9,0,0,0,7,10,0,9,5
21,7,50,75,98,106,111,117,113,106,110,102,98,71,65,51,13,9,0,0,6,9,9,0,5,11
27,13,41,68,96,102,121,136,120,111,110,105,110,86,63,51,16,9,0,0,0,8,6,0,0,6
15,13,51,61,101,113,130,132,119,113,112,98,109,85,58,50,10,4,0,0,0,7,8,0,9,8
25,10,17,53,77,110,132,122,112,105,108,93,104,75,66,15,0,0,0,0,0,0,0,0,8,8
14,11,14,59,81,107,125,115,113,108,106,94,106,98,76,52,10,0,0,0,0,5,9,0,6,5
15,12,15,54,78,109,115,115,114,110,111,99,110,105,95,58,14,7,0,0,6,8,0,0,6,6
51,23,50,56,90,105,117,120,117,111,115,107,115,110,100,59,13,7,6,0,0,7,7,0,9,8
51,25,52,56,93,102,115,123,122,118,116,106,112,107,90,55,13,7,6,0,6,10,10,0,10,11
50,46,52,55,87,101,109,114,116,110,118,102,114,105,102,61,14,11,0,0,0,11,13,0,10,13
50,52,50,61,88,104,117,122,124,116,120,107,119,111,103,71,23,12,7,0,7,10,13,0,11,16
28,39,43,47,84,104,104,107,113,103,115,111,113,112,101,67,13,7,0,0,6,8,6,0,0,5
13,42,42,52,76,100,96,110,109,101,96,96,105,123,95,69,25,11,0,0,6,0,10,0,5,5
11,38,62,58,74,94,100,110,120,115,117,111,115,117,101,80,42,8,0,0,6,9,12,0,10,9
38,57,88,59,90,98,110,127,129,120,109,106,108,115,109,76,51,7,6,0,5,9,7,0,11,8
50,52,56,63,93,91,109,128,134,121,115,111,114,116,112,88,56,11,0,0,0,8,10,0,5,9
50,52,54,61,72,85,95,109,114,109,104,101,107,110,100,80,56,7,0,0,5,11,9,0,7,9
50,43,43,56,68,78,89,93,100,85,82,88,100,102,93,75,55,9,0,0,0,6,8,0,9,8
25,25,43,55,68,81,87,86,81,74,76,85,98,97,90,76,55,6,0,0,0,0,0,0,9,7
29,19,35,52,66,81,88,86,75,65,71,83,96,97,89,77,56,0,0,0,5,5,8,0,10,5
18,14,26,50,64,76,84,90,75,63,66,75,89,94,87,75,54,8,0,0,0,0,0,0,6,7
13,14,20,52,64,76,86,84,76,67,71,78,92,89,84,78,50,11,0,0,0,0,5,0,7,6
22,17,26,51,62,73,86,86,78,65,70,78,94,93,87,73,47,11,0,0,10,10,11,0,6,7
13,14,27,50,56,72,80,81,74,66,67,69,86,87,83,71,50,7,0,0,5,8,6,0,4,6
12,11,22,43,56,69,75,83,73,66,63,65,79,86,78,68,23,5,0,0,6,5,7,0,0,7
12,12,15,39,52,66,76,87,79,69,65,66,85,88,82,68,14,7,0,0,4,7,10,0,0,5
11,10,12,19,35,64,80,96,83,66,62,67,82,90,80,59,13,0,0,0,6,9,9,0,0,5
15,9,11,14,47,61,101,112,88,65,62,65,84,106,91,62,11,5,0,0,8,9,7,0,6,9
12,13,14,13,53,68,124,130,87,75,66,67,88,132,105,60,38,10,0,0,0,6,9,0,7,0
12,11,12,14,54,62,94,104,75,64,61,60,75,97,88,55,22,10,0,0,0,8,10,0,5,0
9,7,8,13,37,52,70,73,69,46,51,50,60,69,60,44,13,7,0,0,0,6,9,0,0,0
6,8,9,11,14,15,64,74,56,55,37,14,55,58,54,44,9,6,0,0,0,7,6,0,6,0
6,8,9,11,14,13,53,63,55,38,28,16,53,53,54,31,8,0,0,0,0,6,4,0,6,8
9,11,12,10,21,13,38,55,46,30,14,12,35,46,51,23,5,0,0,0,4,0,5,0,0,0
