0,5,23,53,57,73,86,102,125,132,121,111,125,101,86,74,58,0,0,0,0,0,11,0,10,13
33,14,53,68,84,105,113,127,138,138,131,124,131,114,110,94,73,7,0,0,0,0,13,0,9,11
12,8,32,78,102,110,125,133,140,142,131,116,119,112,113,108,100,12,9,0,0,0,17,0,7,8
14,12,52,69,100,116,130,140,141,141,128,113,110,100,110,108,98,13,11,0,0,0,13,0,9,10
51,37,57,69,90,117,132,140,142,134,123,109,102,50,77,96,83,14,8,0,0,0,11,0,8,12
26,15,14,60,85,101,125,134,137,128,121,102,76,11,44,87,82,10,7,0,0,0,5,0,11,13
50,12,34,58,95,116,130,137,139,133,108,78,69,14,30,59,68,10,6,0,0,0,12,0,11,8
18,12,48,68,102,118,126,143,140,123,108,86,77,22,16,52,50,0,0,0,0,0,12,0,7,10
14,12,21,65,101,112,124,134,129,119,91,76,75,12,11,40,29,0,0,0,0,0,7,0,6,6
13,7,21,68,104,117,125,127,123,110,101,73,73,10,8,15,34,0,0,0,0,0,11,0,7,6
11,0,13,60,101,110,122,116,114,101,104,73,67,7,6,14,28,0,0,0,0,0,0,0,4,6
10,0,14,71,101,112,122,116,114,109,101,74,74,6,6,22,11,0,0,0,0,0,0,0,5,0
11,0,14,66,103,118,124,120,117,109,105,79,77,6,6,10,30,0,0,0,0,0,7,0,4,5
12,7,14,68,106,117,125,122,119,110,106,78,80,9,9,12,35,0,0,0,0,0,12,0,7,7
13,8,13,82,111,123,132,129,119,111,105,82,85,10,0,13,15,0,0,0,0,0,13,0,10,11
14,12,51,94,117,130,135,132,124,112,105,76,86,12,8,30,16,0,0,0,0,0,34,0,10,13
32,26,51,90,115,129,143,145,134,110,106,73,77,13,13,45,23,0,0,0,0,0,31,0,12,13
0,8,6,15,66,103,116,120,109,72,48,17,14,0,0,7,0,0,0,0,0,0,4,0,0,4
51,51,71,100,114,129,142,153,148,124,98,77,56,18,11,37,11,4,0,0,4,0,18,0,10,7
52,55,68,92,116,135,150,157,150,136,122,95,76,14,15,53,16,0,0,0,0,7,45,0,11,9
59,61,78,90,121,136,172,185,162,144,121,106,81,26,13,56,23,5,0,0,0,5,14,0,10,6
55,58,72,102,119,132,155,175,158,140,129,113,91,52,12,57,20,0,0,0,0,0,13,0,7,9
54,54,65,88,102,118,140,148,142,135,128,117,90,58,30,51,47,6,0,0,0,4,13,3,9,10
52,45,58,75,83,101,119,142,138,121,118,113,91,58,45,57,54,7,0,0,0,0,13,0,9,12
38,35,54,65,73,93,107,120,127,120,113,103,91,55,51,58,54,6,5,0,0,0,12,0,8,11
36,31,46,56,63,81,97,108,110,106,108,95,90,58,51,58,55,7,0,0,0,0,12,0,10,8
18,13,35,50,59,70,80,102,103,94,90,88,84,58,51,58,57,0,0,0,0,0,9,0,10,9
13,12,30,50,57,64,74,87,96,90,96,88,82,53,39,55,50,6,0,0,0,0,11,0,9,9
12,10,14,44,53,57,62,78,90,86,94,88,83,53,32,54,50,0,4,0,0,0,9,0,6,7
7,11,13,43,50,44,59,68,80,85,83,81,73,52,27,52,53,0,0,0,0,0,10,0,0,6
8,7,9,47,37,21,59,66,73,75,78,76,70,40,15,51,40,0,0,0,0,0,9,0,0,5
9,6,9,27,12,40,56,60,66,73,85,78,73,20,44,50,36,0,0,0,0,0,4,0,0,8
8,7,9,11,9,50,54,61,64,70,89,94,88,21,31,54,17,5,0,0,0,0,0,0,0,4
9,7,10,7,19,45,57,66,67,64,82,83,81,56,52,56,19,0,0,0,0,0,0,0,3,0
6,0,7,6,21,28,54,63,62,69,83,90,87,39,25,42,14,0,0,0,0,0,0,0,7,0
9,0,6,12,25,36,47,62,61,68,90,104,86,52,13,23,15,0,0,0,0,0,9,0,4,0
8,0,6,9,10,16,43,56,63,66,95,91,79,25,11,14,12,0,0,0,0,0,7,0,5,0
0,5,8,0,10,50,37,55,56,79,89,86,78,13,10,12,9,0,0,0,0,0,9,0,7,5
0,8,6,8,21,16,14,52,54,63,82,83,77,12,5,10,9,0,0,0,0,0,5,0,6,7
9,11,9,11,28,12,34,42,41,59,77,76,67,10,6,8,8,0,0,0,0,0,8,0,0,0
0,5,23,53,56,72,86,102,125,133,123,113,124,98,100,73,57,5,0,0,0,0,11,0,10,13
33,15,52,64,82,104,112,126,138,139,133,125,129,112,113,93,74,7,0,0,0,0,13,0,9,11
12,8,30,75,100,109,124,133,140,142,132,119,116,108,114,108,102,12,0,0,0,0,17,0,6,8
14,12,51,66,96,114,129,140,141,142,129,115,111,87,111,107,101,13,0,0,0,0,12,0,9,9
51,37,57,67,85,115,131,140,142,136,125,111,102,41,82,97,85,14,0,0,0,0,11,0,8,12
28,16,14,58,80,100,124,135,138,129,124,105,80,10,55,86,85,14,0,0,0,0,5,0,12,13
50,11,29,55,88,113,128,138,140,136,112,82,72,14,48,58,69,13,0,0,0,0,12,0,11,7
18,12,46,64,95,116,125,143,143,126,111,91,80,25,39,50,47,0,0,0,0,0,12,0,7,10
15,12,18,61,95,110,124,135,130,122,96,79,77,12,13,35,23,0,0,0,0,0,7,0,6,6
13,7,21,61,102,115,124,128,125,113,102,77,77,10,9,13,30,0,0,0,0,0,10,0,7,6
11,0,13,54,93,108,122,117,115,103,105,79,71,8,7,12,25,0,0,0,0,0,0,0,4,6
10,0,13,60,98,110,122,118,116,111,104,78,84,7,8,17,10,0,0,0,0,0,0,0,5,0
11,0,13,56,101,116,124,121,119,110,106,83,90,0,8,9,25,0,0,0,0,0,6,0,0,4
12,7,13,57,104,116,125,123,120,112,108,84,96,7,12,11,26,0,0,0,0,0,12,0,6,7
14,8,12,67,108,122,132,131,122,113,108,89,92,9,5,12,14,0,0,0,0,0,13,0,10,11
25,12,44,79,114,127,134,134,128,114,108,81,92,12,10,27,16,0,0,0,0,0,34,0,10,13
33,25,50,81,112,126,141,148,140,113,108,77,81,12,22,42,18,0,0,0,0,0,30,0,12,13
9,11,25,68,100,127,143,152,135,101,79,59,46,5,6,7,6,0,0,0,0,0,8,0,7,5
51,50,70,95,112,127,141,156,151,126,100,82,61,24,38,35,10,0,0,0,4,0,16,0,10,7
51,54,67,89,114,133,149,159,151,137,123,96,76,14,51,52,12,0,0,0,0,6,43,0,10,8
59,61,79,89,120,135,172,189,164,145,121,104,78,21,52,55,13,5,0,0,0,4,14,0,9,6
54,58,72,101,119,133,159,180,161,140,128,110,80,32,38,54,14,0,0,0,0,0,13,0,6,9
54,54,65,90,103,121,145,152,145,137,129,117,81,23,51,30,37,6,0,0,0,3,13,3,9,10
52,43,59,76,85,106,124,148,142,125,121,115,87,45,47,52,51,8,0,0,0,0,13,0,9,12
38,35,54,65,75,98,115,128,134,125,117,106,89,37,51,51,51,7,0,0,0,0,12,0,8,11
35,30,45,56,64,85,105,118,119,113,113,98,89,51,35,44,43,8,0,0,0,0,13,0,10,8
18,13,35,50,60,73,86,112,115,103,96,94,86,56,51,50,50,5,0,0,0,0,9,0,10,10
13,12,32,50,59,66,80,93,106,98,105,96,86,53,40,43,27,5,0,0,0,0,12,0,9,9
12,10,13,37,55,56,64,83,98,93,103,97,89,54,44,38,14,0,0,0,0,0,10,0,5,7
7,11,12,43,48,41,60,70,85,92,91,88,79,53,40,27,25,0,0,0,0,0,10,0,0,6
8,6,8,45,40,15,59,67,75,80,85,83,75,50,20,22,12,0,0,0,0,0,9,0,0,5
9,0,9,27,11,21,56,59,66,76,93,85,77,15,36,14,8,0,0,0,0,0,5,0,0,8
7,7,7,12,8,37,54,62,63,72,98,105,95,13,17,14,7,4,0,0,0,0,0,0,0,4
8,7,11,6,15,32,60,68,68,66,90,91,85,53,47,19,8,0,0,0,0,0,0,0,3,0
0,0,7,0,20,20,56,65,63,72,91,100,92,16,13,12,11,0,0,0,0,0,0,0,7,0
9,6,6,11,26,45,50,65,63,72,101,114,90,39,13,13,12,0,0,0,0,0,8,0,4,0
8,0,6,8,10,23,50,59,66,72,105,103,82,14,12,13,11,0,0,0,0,0,7,0,6,0
0,6,8,0,12,51,41,60,60,88,103,97,86,14,13,12,9,0,0,0,0,0,9,0,7,5
6,8,6,9,24,27,14,55,62,72,94,95,88,18,8,11,9,0,0,0,0,0,6,0,6,7
10,11,9,12,31,14,40,45,50,66,88,88,77,12,9,7,8,0,0,0,0,0,8,0,0,0
0,5,25,52,57,72,85,101,125,133,123,113,122,99,95,75,58,14,0,0,0,0,11,0,9,13
30,14,52,63,82,104,111,125,138,139,134,125,127,112,112,95,78,15,0,0,0,0,13,0,9,11
12,8,30,74,100,108,123,132,140,142,132,120,114,107,112,109,107,65,0,0,0,0,15,0,6,8
14,12,51,66,95,113,128,139,141,142,130,116,112,82,108,109,105,66,0,0,0,0,12,0,9,9
51,40,59,67,85,114,131,141,143,137,127,112,103,57,75,102,91,75,0,0,0,0,10,0,8,12
30,17,18,60,81,100,124,135,139,131,126,106,86,15,55,89,90,79,0,0,0,0,5,0,12,13
50,11,31,55,88,113,128,138,141,137,114,84,76,26,45,60,72,64,0,0,0,0,12,0,11,7
21,12,46,64,96,116,125,143,144,128,113,95,84,45,40,53,50,23,0,0,0,0,12,0,7,10
17,12,21,62,96,110,124,135,131,124,99,81,81,14,12,47,26,12,0,0,0,0,7,0,5,5
13,7,21,62,102,115,124,128,126,114,103,78,80,13,8,15,32,10,0,0,0,0,10,0,6,6
11,0,13,54,93,108,122,117,116,103,106,81,75,11,6,12,27,6,0,0,0,0,0,0,3,6
10,0,14,61,100,110,122,118,117,113,105,80,89,10,7,22,11,6,0,0,0,0,0,0,4,0
11,0,13,56,101,116,124,121,119,111,107,86,96,7,7,11,26,0,0,0,0,0,6,0,0,4
12,7,13,59,105,116,125,124,121,113,109,87,100,9,11,12,30,0,0,0,0,0,12,0,6,7
14,8,12,69,109,122,132,131,123,115,109,92,95,11,0,13,14,5,0,0,0,0,13,0,9,11
25,12,47,80,115,127,134,135,129,116,109,83,96,13,9,34,20,11,0,0,0,0,34,0,10,13
32,23,50,81,112,125,141,149,141,114,109,78,84,13,14,48,26,11,0,0,0,0,31,0,12,13
11,11,40,68,96,124,140,148,133,99,75,55,42,0,0,6,0,0,0,0,0,0,7,0,6,0
50,50,70,96,112,127,141,156,152,127,101,84,63,31,30,36,10,10,0,0,4,0,16,0,10,7
51,54,67,89,114,132,148,157,152,138,125,98,78,18,44,52,12,12,0,0,0,6,42,0,10,8
59,61,79,89,120,134,169,185,163,145,123,105,79,36,50,55,13,13,0,0,0,4,13,0,9,6
54,58,72,101,119,132,156,177,159,140,130,112,81,50,21,55,14,5,0,0,0,0,13,0,6,9
54,54,65,89,103,121,144,150,144,137,130,122,85,42,42,37,45,12,0,0,0,0,13,3,9,10
52,43,59,76,85,105,123,147,142,125,121,117,89,54,36,53,51,19,0,0,0,0,13,0,9,12
40,36,54,65,75,98,114,127,134,125,117,108,92,53,50,52,52,31,0,0,0,0,12,0,8,11
36,30,46,56,63,85,105,118,119,114,114,100,92,55,31,48,50,40,0,0,0,0,12,0,10,8
18,13,36,50,60,71,85,112,115,104,98,95,89,62,48,51,50,13,0,0,0,0,9,0,10,10
13,12,34,50,59,65,78,93,106,100,107,98,89,60,37,46,30,12,0,0,0,0,12,0,9,9
12,10,14,37,55,56,62,81,98,94,105,100,92,61,40,41,15,7,0,0,3,0,10,0,5,7
7,11,12,43,48,41,59,69,85,94,93,91,81,60,38,41,32,8,0,0,0,0,11,0,0,6
8,6,8,47,45,16,59,66,74,81,86,86,78,60,27,31,13,7,0,0,0,0,9,0,0,5
9,0,9,27,12,25,58,57,65,77,94,88,81,53,36,16,9,0,0,0,0,0,5,0,0,8
7,7,8,12,9,43,56,63,62,72,98,107,100,53,23,21,8,7,0,0,0,0,0,0,0,4
9,7,11,7,23,37,63,69,68,66,90,94,90,62,51,21,10,5,0,0,0,0,0,0,3,0
5,0,8,6,21,19,59,64,64,72,89,102,97,59,14,12,11,6,0,0,0,0,0,0,7,0
9,6,6,13,26,50,52,65,63,72,98,117,95,56,13,13,12,6,0,0,0,0,8,0,4,0
8,0,7,9,11,42,54,58,67,72,105,105,88,50,12,14,12,5,0,0,0,0,7,0,6,0
0,6,10,5,13,53,50,60,60,87,103,100,91,50,13,13,11,5,0,0,0,0,9,0,7,5
6,8,7,9,25,45,15,54,63,72,95,99,92,38,7,12,11,0,0,0,0,0,6,0,6,8
10,11,9,12,32,19,40,46,48,65,89,91,82,16,9,8,9,0,0,0,0,0,8,0,0,0
0,6,29,53,57,72,85,101,125,133,123,112,122,111,92,74,59,15,0,0,0,0,11,0,9,13
30,15,53,64,82,104,111,125,138,139,134,125,126,123,111,94,77,15,0,0,0,0,13,0,9,11
12,8,32,75,100,108,122,132,140,142,133,121,114,117,112,110,107,66,0,0,0,0,14,0,6,8
15,12,52,67,96,113,128,139,142,142,131,117,112,105,109,110,107,71,0,0,0,0,12,0,9,9
52,43,60,68,86,115,132,141,143,138,128,112,104,97,76,104,97,81,0,0,0,0,10,0,8,12
34,19,23,63,82,101,125,136,139,132,128,108,90,58,56,93,95,86,0,0,0,0,5,0,12,13
50,11,36,56,87,112,128,138,142,139,116,86,77,53,43,61,73,65,0,0,0,0,12,0,11,7
25,12,48,65,95,116,125,144,145,130,115,97,84,60,37,54,50,25,0,0,0,0,12,0,7,10
19,12,27,62,95,110,124,136,132,125,101,81,81,56,12,51,31,13,0,0,0,0,7,0,5,5
13,0,23,63,101,115,124,128,126,114,103,79,80,50,8,28,37,11,0,0,0,0,10,0,6,6
12,0,13,54,93,108,121,118,116,104,106,82,76,36,6,11,30,6,0,0,0,0,0,0,3,6
10,6,14,63,100,110,122,118,117,113,106,81,90,34,7,27,11,6,0,0,0,0,0,0,4,0
11,0,14,57,101,116,124,122,120,112,108,87,96,18,7,12,26,0,0,0,0,0,5,0,0,4
12,7,14,60,105,116,125,125,122,114,109,89,98,15,11,12,30,0,0,0,0,0,12,0,6,7
14,8,13,70,109,122,132,132,123,115,110,93,95,28,0,13,14,5,0,0,0,0,13,0,9,11
25,12,51,82,115,127,135,135,129,116,110,84,97,45,8,38,21,11,0,0,0,0,33,0,10,13
32,26,51,84,113,125,141,149,140,114,109,79,84,40,14,50,30,11,0,0,0,0,30,0,12,13
8,8,19,62,90,119,135,148,133,95,77,56,43,10,0,6,0,0,0,0,0,0,6,0,5,0
51,50,71,96,112,127,141,155,151,126,101,83,63,51,26,37,10,10,0,0,4,0,16,0,10,7
51,54,68,90,114,132,147,156,151,138,125,97,78,52,40,52,12,12,0,0,0,6,40,0,10,8
59,61,79,90,120,135,168,183,162,145,122,105,79,57,43,55,12,14,0,0,0,4,13,0,9,6
54,58,73,101,119,132,155,176,158,140,130,112,79,60,16,54,14,4,0,0,0,0,13,0,6,9
54,54,67,91,103,121,144,150,144,137,130,121,85,57,45,40,47,12,0,0,0,0,13,3,9,10
52,45,59,77,86,106,123,147,142,125,121,117,89,64,34,53,51,19,0,0,0,0,13,0,9,12
40,36,55,65,76,99,114,127,134,124,117,109,92,61,48,52,52,31,0,0,0,0,12,0,8,11
36,30,47,56,64,86,106,118,119,114,114,100,92,64,33,50,50,42,0,0,0,0,12,0,10,9
20,14,38,51,60,72,85,112,116,104,98,95,89,70,48,52,51,13,0,0,0,0,10,0,10,10
13,12,36,50,59,65,78,93,106,100,107,98,89,69,34,47,32,12,0,0,0,0,12,0,9,9
12,10,14,39,55,56,62,82,98,95,105,100,92,70,40,43,19,7,0,0,3,0,10,0,5,7
7,12,12,43,48,42,59,69,85,94,93,91,82,68,38,47,34,8,0,0,0,0,11,0,0,6
8,7,8,50,45,18,59,67,75,81,86,85,78,68,27,37,13,7,0,0,0,0,9,0,0,5
9,5,10,29,12,25,58,58,65,77,94,88,81,62,36,20,10,0,0,0,0,0,5,0,0,8
8,7,8,12,9,46,56,63,62,72,97,106,100,62,23,23,9,7,0,0,0,0,0,0,0,4
9,7,11,7,27,42,64,69,68,66,89,92,90,70,51,23,9,6,0,0,0,0,0,0,3,0
5,0,7,6,20,22,61,65,64,72,88,101,96,70,14,11,11,6,0,0,0,0,0,0,7,0
9,6,7,13,32,51,54,66,63,72,97,117,94,66,14,13,10,6,0,0,0,0,8,0,4,0
9,0,7,10,12,52,59,58,68,72,104,106,89,59,12,14,12,6,0,0,0,0,8,0,6,4
5,6,11,7,23,54,51,62,62,88,104,101,91,59,13,14,12,5,0,0,0,0,10,0,7,5
7,8,8,9,25,51,17,55,64,73,95,100,92,55,7,12,11,4,0,0,0,0,6,0,6,8
10,12,9,12,35,23,44,50,51,66,89,92,83,37,9,9,9,0,0,0,0,0,8,0,0,0
0,7,34,53,58,72,85,102,126,134,123,112,121,111,91,75,59,12,0,0,0,0,11,0,9,13
30,16,53,64,83,104,111,125,139,140,134,125,126,123,111,95,78,11,0,0,0,0,13,0,9,11
12,8,32,75,100,108,122,133,141,143,133,121,114,118,112,110,107,17,0,0,0,0,13,0,6,8
20,12,52,68,96,113,128,140,142,143,131,118,113,106,109,111,108,54,0,0,0,0,12,0,9,10
53,50,61,69,87,115,132,142,145,138,129,113,105,100,77,105,99,62,0,0,0,0,11,0,8,12
34,21,25,63,83,101,125,137,140,133,129,109,92,60,56,95,97,70,0,0,0,0,5,0,12,14
50,11,36,56,88,112,128,139,143,141,120,88,78,54,45,61,73,52,0,0,0,0,12,0,11,7
31,13,50,66,94,116,125,145,145,133,118,100,85,63,39,55,51,11,0,0,0,0,12,0,7,10
19,12,27,62,94,109,124,136,134,126,103,83,83,60,12,52,34,12,0,0,0,0,7,0,5,6
13,7,25,62,101,114,124,128,127,115,104,80,82,56,8,43,38,10,0,0,0,0,10,0,6,6
11,0,13,54,92,108,121,117,117,104,106,82,77,50,5,11,30,5,0,0,0,0,0,0,3,6
10,6,15,63,100,110,122,118,117,113,107,82,92,50,7,27,11,0,0,0,0,0,0,0,3,0
11,0,14,58,101,116,123,122,120,113,108,89,100,34,7,14,27,0,0,0,0,0,5,0,0,0
12,7,14,60,105,116,125,125,122,114,110,90,100,22,10,12,32,0,0,0,0,0,12,0,6,7
14,8,14,71,109,122,132,131,123,115,110,95,95,32,0,14,14,0,0,0,0,0,13,0,9,11
25,12,52,82,115,127,134,135,129,116,111,85,98,50,7,39,20,9,0,0,0,0,33,0,10,13
32,26,51,84,113,125,141,150,141,114,109,79,85,44,13,50,30,10,0,0,0,0,31,0,12,13
7,8,15,60,86,117,132,145,131,93,73,53,41,9,0,0,0,0,0,0,0,0,4,0,4,0
50,51,71,97,112,127,141,156,151,127,101,84,64,52,23,36,10,8,0,0,4,0,15,0,10,7
51,55,68,90,114,132,147,156,151,138,125,96,80,53,40,52,12,10,0,0,0,6,40,0,10,8
59,62,80,90,120,135,168,183,162,145,123,105,79,58,42,55,12,12,0,0,0,4,13,0,9,6
54,59,74,102,119,132,155,176,159,140,130,113,80,61,14,54,13,0,0,0,0,0,12,0,6,9
54,54,67,91,104,121,144,150,144,137,130,122,85,57,40,42,47,10,0,0,0,0,13,3,9,10
52,47,60,77,86,106,124,147,142,125,121,118,89,65,31,53,50,13,0,0,0,0,13,0,9,12
40,38,55,65,77,99,115,128,134,125,118,109,92,62,48,52,52,15,0,0,0,0,12,0,9,11
36,31,48,56,64,86,106,119,119,114,115,100,93,65,33,50,50,28,0,0,0,0,13,0,10,9
20,14,39,51,61,73,86,113,116,105,99,96,90,71,46,53,51,12,0,0,0,0,10,0,10,10
13,12,36,50,60,66,78,93,106,100,108,98,89,70,34,48,32,11,0,0,0,0,11,0,9,10
12,10,14,41,55,56,62,83,99,95,106,101,92,70,40,45,21,6,0,0,3,0,10,0,5,7
7,12,13,45,50,42,60,69,85,94,94,91,82,69,36,50,34,6,0,0,0,0,11,0,0,6
8,7,8,50,47,20,59,67,75,81,86,85,78,68,27,41,12,6,0,0,0,0,8,0,0,5
9,5,10,31,12,28,59,59,65,77,94,88,81,63,36,23,11,0,0,0,0,0,5,0,0,8
8,7,8,12,10,46,56,64,63,72,97,106,100,63,23,27,9,5,0,0,0,0,0,0,0,4
9,7,11,7,33,45,64,69,69,67,89,92,90,71,52,25,9,0,0,0,0,0,0,0,3,0
5,0,8,6,21,25,62,65,65,73,89,101,96,71,14,12,11,5,0,0,0,0,0,0,7,0
9,6,7,13,33,51,54,66,63,72,97,117,94,67,14,14,10,5,0,0,0,0,8,0,4,0
9,0,8,11,13,54,60,59,69,73,104,106,89,59,12,15,13,0,0,0,0,0,8,0,6,4
5,7,11,8,36,55,51,63,63,89,104,101,92,59,13,14,12,4,0,0,0,0,10,0,7,5
7,8,8,10,26,52,19,56,65,73,95,100,92,55,7,12,11,0,0,0,0,0,6,0,6,8
10,12,9,12,36,26,48,51,52,67,90,93,83,39,9,9,9,0,0,0,0,0,8,0,0,0
0,7,36,53,60,72,85,103,128,135,124,113,122,112,91,75,59,11,0,0,0,0,11,0,9,13
30,17,55,65,86,104,111,127,141,142,135,125,127,124,111,95,78,11,0,0,0,0,13,0,9,11
12,9,37,75,101,108,123,134,142,145,134,122,114,118,112,111,107,14,0,0,0,0,12,0,6,8
20,12,54,68,97,113,129,141,143,144,132,118,113,106,109,111,108,52,0,0,0,0,12,0,9,10
54,50,63,70,88,115,133,143,145,139,130,113,105,101,77,107,100,60,0,0,0,0,11,0,8,12
36,21,27,64,83,101,125,137,141,134,130,110,95,63,57,96,100,67,0,0,0,0,5,0,12,14
50,12,38,56,88,113,129,139,144,142,122,89,79,56,46,62,73,51,0,0,0,0,12,0,11,7
31,13,50,66,94,116,126,147,145,134,121,101,87,65,40,56,51,11,0,0,0,0,12,0,7,10
21,12,30,62,94,109,124,136,135,127,104,83,84,62,13,52,36,11,0,0,0,0,7,0,5,6
13,7,25,62,101,113,123,128,127,116,104,80,83,58,9,51,37,9,0,0,0,0,10,0,6,6
11,0,13,53,91,107,120,117,117,104,106,82,77,52,6,12,29,5,0,0,0,0,0,0,3,6
11,6,15,61,98,109,121,118,117,113,107,82,93,54,7,27,12,0,0,0,0,0,0,0,3,0
11,0,14,57,100,116,123,121,120,113,109,89,100,50,7,14,27,0,0,0,0,0,5,0,0,0
12,7,14,59,105,116,125,124,122,115,110,91,100,30,11,13,32,0,0,0,0,0,12,0,6,7
14,8,14,69,109,122,131,131,123,116,111,95,95,35,0,14,14,0,0,0,0,0,13,0,9,11
14,12,51,81,115,127,134,135,129,117,111,86,99,51,7,40,19,9,0,0,0,0,33,0,10,13
32,26,51,83,112,125,141,150,142,115,110,79,86,44,13,51,30,9,0,0,0,0,31,0,12,13
0,5,12,53,80,113,128,141,128,89,67,47,38,7,0,0,0,0,0,0,0,0,0,0,0,0
50,50,71,96,112,127,140,155,152,127,101,84,64,53,21,37,10,7,0,0,4,0,15,0,10,7
51,55,68,89,114,132,147,156,152,138,125,96,80,55,42,52,12,9,0,0,0,7,40,0,10,9
58,62,79,89,120,134,167,182,162,145,123,105,80,58,42,55,12,11,0,0,0,5,13,0,10,7
54,58,74,101,119,132,154,175,159,140,130,113,80,62,14,54,13,0,0,0,0,0,12,0,6,9
54,54,67,91,103,121,143,150,144,138,130,122,86,58,40,47,47,9,0,0,0,4,13,3,9,10
52,47,59,77,86,106,124,147,142,125,121,117,90,66,34,53,50,12,0,0,0,0,12,0,9,12
40,36,55,65,77,99,114,127,134,125,118,109,92,63,50,52,51,14,0,0,0,0,12,0,9,11
36,31,48,56,64,86,106,119,120,115,116,100,93,66,35,50,50,21,0,0,0,0,13,0,10,9
20,14,39,51,61,73,86,113,116,106,99,96,90,71,48,53,51,11,0,0,0,0,10,0,10,10
13,12,36,50,59,65,78,93,106,101,108,98,90,71,35,50,32,10,0,0,0,0,11,0,9,10
12,10,14,41,55,56,62,83,99,96,106,101,92,71,42,48,23,6,0,0,3,0,10,0,5,7
7,12,13,45,50,44,60,70,85,95,94,91,83,69,38,50,36,5,0,0,0,0,11,0,4,6
8,7,9,50,50,21,59,67,75,82,87,85,78,69,30,43,13,5,0,0,0,0,8,0,0,5
9,5,10,29,12,31,59,59,66,78,94,88,82,64,38,23,11,0,0,0,0,0,5,0,0,8
8,7,9,12,10,50,56,64,64,73,97,106,100,64,27,31,9,5,0,0,0,0,0,0,0,4
9,7,11,7,36,45,64,69,69,67,90,92,90,72,53,30,9,0,0,0,0,0,0,0,3,0
5,0,8,7,21,28,62,66,65,74,90,101,97,72,15,12,12,5,0,0,0,0,0,0,7,0
9,6,7,14,35,52,54,66,64,73,97,117,94,68,14,14,11,4,0,0,0,0,8,0,5,0
9,0,8,11,14,55,60,59,70,74,105,106,90,61,13,17,13,0,0,0,0,0,8,0,6,4
5,7,12,8,41,55,51,64,63,90,104,101,93,60,14,14,12,0,0,0,0,0,10,0,7,5
7,8,9,10,26,52,19,56,65,74,95,100,93,56,8,13,11,0,0,0,0,0,5,0,6,8
10,12,9,12,36,28,48,52,52,67,90,93,83,41,9,9,10,0,0,0,0,0,8,0,0,0
0,7,40,54,60,73,86,104,129,136,125,113,122,111,93,76,60,0,0,0,0,0,11,0,9,13
33,20,56,65,87,104,112,127,141,143,136,125,127,124,111,95,78,8,0,0,0,0,13,0,9,11
13,9,40,76,101,108,123,135,143,145,135,122,115,118,112,111,107,12,0,0,0,0,12,0,6,8
25,13,55,69,98,113,129,142,144,145,133,119,114,107,110,112,108,23,0,0,0,0,12,0,9,10
54,51,64,70,88,116,133,143,146,140,130,114,106,101,80,107,101,50,0,0,0,0,11,0,8,12
38,23,30,64,83,101,126,138,142,135,131,111,96,64,59,97,100,61,0,0,0,0,5,0,12,14
51,12,40,57,88,113,130,140,145,143,123,90,80,57,50,62,73,39,0,0,0,0,12,0,11,7
43,13,51,66,94,116,126,147,145,135,121,101,87,65,45,57,51,8,0,0,0,0,12,0,7,10
21,12,33,62,93,109,124,136,135,127,105,83,84,62,13,53,37,9,0,0,0,0,7,0,5,6
13,7,25,62,101,113,123,128,127,116,105,80,83,59,9,52,38,8,0,0,0,0,10,0,6,6
11,0,13,53,90,107,120,117,117,104,106,82,77,52,6,12,30,0,0,0,0,0,0,0,3,6
11,6,15,61,97,109,121,118,117,113,107,82,93,56,7,30,12,0,0,0,0,0,0,0,3,0
11,0,14,57,100,116,123,121,120,113,109,89,100,51,7,15,28,0,0,0,0,0,5,0,0,0
13,7,14,57,104,115,124,124,122,115,110,91,100,35,11,13,32,0,0,0,0,0,12,0,5,7
14,8,14,69,108,121,131,131,123,116,111,95,95,39,5,15,14,0,0,0,0,0,13,0,9,11
14,12,51,81,115,126,134,136,130,117,111,86,100,51,8,40,19,7,0,0,0,0,33,0,10,13
32,26,51,83,112,125,141,150,143,115,110,79,86,46,14,51,30,8,0,0,0,0,30,0,12,13
0,0,11,48,75,111,127,140,127,87,62,41,33,6,0,0,0,0,0,0,0,0,0,0,0,0
50,50,71,96,112,127,140,155,152,128,101,84,64,53,25,36,10,5,0,0,4,0,15,0,10,7
52,55,68,89,114,132,147,156,152,138,126,96,81,56,47,52,12,0,0,0,0,7,42,0,10,9
58,62,79,89,120,134,167,183,162,145,123,106,81,59,46,56,12,10,0,0,0,5,13,0,10,9
54,59,74,101,119,132,154,176,159,141,130,113,81,63,18,55,13,0,0,0,0,0,12,0,6,9
54,54,67,91,103,121,143,150,145,138,131,122,86,58,45,50,50,8,0,0,0,4,13,3,9,10
52,47,59,77,86,106,124,147,142,125,121,118,90,66,43,54,50,10,0,0,0,0,12,0,9,12
40,38,55,65,77,99,114,128,134,125,118,109,93,63,51,52,52,12,0,0,0,0,12,0,8,11
36,31,48,56,64,86,106,119,120,115,116,100,94,66,43,51,51,13,0,0,0,0,13,0,10,9
20,14,39,51,61,73,86,113,116,106,99,96,90,72,51,53,51,10,0,0,0,0,11,0,10,10
13,12,36,50,59,66,78,93,106,101,108,98,90,71,37,50,32,9,0,0,0,0,12,0,9,10
12,11,14,41,55,56,62,83,99,96,106,101,92,72,48,50,23,4,0,0,0,0,10,0,6,8
7,12,13,45,50,44,60,70,85,95,94,91,83,70,45,50,36,0,0,0,0,0,11,0,4,6
8,7,9,47,50,23,59,67,75,82,86,85,79,70,38,45,13,0,0,0,0,0,8,0,0,5
9,5,11,31,13,34,59,59,66,78,94,88,82,64,50,23,12,0,0,0,0,0,5,0,0,8
8,7,9,12,10,50,57,65,64,73,97,106,101,65,34,31,9,0,0,0,0,0,0,0,0,5
9,7,11,7,36,47,64,69,69,68,90,93,90,72,55,32,9,0,0,0,0,0,0,0,3,0
5,0,8,7,23,34,63,66,66,74,90,101,97,73,21,13,13,0,0,0,0,0,0,0,7,0
9,6,7,14,37,52,55,67,64,73,97,117,94,69,14,16,12,3,0,0,0,0,8,0,5,0
9,0,8,12,15,56,60,59,70,74,105,106,90,61,13,18,13,0,0,0,0,0,8,0,6,4
5,7,12,9,44,55,51,65,64,90,104,101,93,60,14,14,12,0,0,0,0,0,9,0,7,5
7,9,9,10,26,52,19,56,65,74,95,100,93,56,8,13,11,0,0,0,0,0,5,0,6,8
10,12,9,12,35,30,50,52,52,68,90,93,83,41,10,10,10,0,0,0,0,0,8,0,0,0
0,7,43,54,61,73,86,104,129,137,125,114,122,112,95,76,23,0,0,0,0,0,11,0,9,13
33,21,57,67,87,104,112,128,142,144,136,126,127,124,112,96,50,0,0,0,0,0,13,0,9,11
13,9,42,78,101,108,123,135,143,146,136,123,115,118,113,111,76,0,0,0,0,0,12,0,6,8
25,13,56,70,98,113,129,142,145,146,133,119,114,107,110,112,76,0,0,0,0,0,12,0,9,10
54,50,65,71,88,116,133,144,146,141,131,114,106,101,82,107,67,4,0,0,0,0,11,0,8,12
38,23,30,65,83,101,126,138,142,135,131,111,96,64,61,97,71,5,0,0,0,0,5,0,12,14
51,12,43,58,88,113,130,140,146,143,124,90,80,57,51,62,60,0,0,0,0,0,12,0,11,7
43,13,51,66,94,116,127,148,146,136,122,101,87,65,50,57,22,0,0,0,0,0,12,0,7,10
23,12,33,62,93,109,123,136,136,127,105,83,84,63,14,53,12,0,0,0,0,0,7,0,5,6
13,7,25,62,101,113,123,128,127,116,105,80,83,60,10,52,13,0,0,0,0,0,10,0,6,6
12,0,13,53,90,107,120,117,117,104,106,82,78,53,7,13,10,0,0,0,0,0,0,0,3,6
11,6,15,61,97,109,121,118,117,113,107,82,94,57,8,27,0,0,0,0,0,0,0,0,3,0
11,0,14,57,100,115,123,121,121,113,109,89,100,53,8,14,11,0,0,0,0,0,5,0,0,0
13,7,14,57,104,115,124,124,122,115,110,91,100,40,11,13,12,0,0,0,0,0,12,0,5,7
14,8,14,69,108,121,131,131,123,116,111,96,96,41,5,16,7,0,0,0,0,0,13,0,9,11
25,12,52,81,115,126,134,136,130,117,111,86,100,52,8,40,9,0,0,0,0,0,32,0,10,13
32,26,51,83,112,125,141,151,143,115,110,80,86,48,14,52,11,0,0,0,0,0,31,0,12,13
0,4,12,45,75,111,126,140,128,89,62,43,30,5,0,0,0,0,0,0,0,0,0,0,0,0
50,50,71,95,112,126,140,155,152,128,101,84,64,53,26,35,0,0,0,0,4,0,15,0,10,7
52,54,68,89,114,132,147,156,152,139,126,97,81,57,50,52,0,0,0,0,0,7,42,0,11,9
59,62,79,89,120,134,167,183,163,145,123,106,81,59,50,56,0,0,0,0,0,5,13,0,11,10
54,59,74,101,119,132,154,176,160,141,130,113,82,64,23,55,8,0,0,0,0,0,12,0,6,9
54,54,67,90,103,121,143,150,145,138,131,123,87,58,47,50,10,0,0,0,0,4,13,3,9,10
52,47,59,77,86,106,124,147,142,125,122,118,90,67,50,54,12,0,0,0,0,0,12,0,9,12
40,38,55,65,77,99,114,128,135,125,118,110,93,64,51,52,13,0,0,0,0,0,12,0,8,11
36,31,48,56,64,86,105,119,120,115,116,101,94,67,45,51,12,0,0,0,0,0,13,0,10,9
20,14,39,51,61,72,86,113,116,106,99,96,90,72,51,53,11,0,0,0,0,0,11,0,10,10
13,12,36,50,59,66,78,93,107,101,108,98,90,71,40,50,10,0,0,0,0,0,12,0,9,10
13,11,14,42,55,56,63,83,99,96,106,101,93,72,50,50,8,0,0,0,0,0,10,0,6,8
7,12,13,45,50,44,60,70,86,95,94,91,83,70,50,51,9,0,0,0,0,0,11,0,4,6
8,7,9,47,50,23,59,67,75,82,87,85,79,70,44,45,0,0,0,0,0,0,8,0,0,6
9,5,11,31,13,37,59,59,66,78,95,88,82,65,50,25,0,0,0,0,0,0,5,0,0,8
8,7,9,12,11,50,57,65,65,73,97,106,101,65,40,34,0,0,0,0,0,0,0,0,0,5
9,7,11,7,38,47,63,70,70,68,90,93,90,73,56,35,0,0,0,0,0,0,0,0,3,0
6,0,8,7,25,34,64,66,66,75,90,102,97,73,23,13,7,0,0,0,0,0,0,0,7,0
10,6,7,14,37,52,55,67,65,74,98,117,94,69,16,17,0,0,0,0,0,0,8,0,5,0
9,0,8,12,17,57,60,60,71,74,105,107,91,61,13,18,8,0,0,0,0,0,8,0,6,4
5,7,12,10,44,55,51,65,64,90,104,101,93,61,15,15,6,0,0,0,0,0,9,0,7,6
7,9,9,10,26,52,19,56,66,74,95,100,93,57,9,13,5,0,0,0,0,0,6,0,6,8
10,12,9,12,36,30,50,52,53,68,90,93,83,42,11,10,0,0,0,0,0,0,8,0,0,0
0,8,43,54,61,73,86,104,129,137,126,114,122,112,98,76,25,0,0,0,0,0,11,0,9,13
30,22,57,67,87,104,112,128,142,144,137,126,127,124,113,96,48,0,0,0,0,0,13,0,8,11
13,10,42,78,101,108,123,135,144,147,136,123,115,119,114,111,76,0,0,0,0,0,12,0,7,8
20,13,56,69,98,113,130,142,145,146,133,119,114,107,111,112,77,0,0,0,0,0,13,0,9,10
54,50,64,71,87,116,133,144,146,141,131,114,106,101,85,108,68,0,0,0,0,0,11,0,8,12
38,23,33,65,83,101,126,138,142,136,131,111,97,66,65,99,73,0,0,0,0,0,6,0,11,16
50,12,43,58,88,114,130,140,146,143,124,90,80,58,54,63,64,0,0,0,0,0,12,0,11,8
37,13,51,66,93,116,127,148,146,136,122,101,87,66,53,58,20,0,0,0,0,0,11,0,6,10
21,12,36,62,93,109,123,136,136,127,105,83,84,63,21,53,11,0,0,0,0,0,6,0,5,6
13,7,25,62,101,113,123,128,127,117,105,80,83,60,11,53,13,0,0,0,0,0,10,0,6,6
12,0,13,53,89,107,120,117,117,104,106,82,78,52,9,14,10,0,0,0,0,0,0,0,3,6
11,6,15,60,96,109,121,118,117,113,106,81,93,55,9,27,6,0,0,0,0,0,0,0,0,0
11,0,14,56,100,115,123,121,121,113,109,88,100,51,9,15,10,0,0,0,0,0,0,0,0,0
13,7,14,56,104,115,124,124,122,115,110,90,100,37,12,14,11,0,0,0,0,0,11,0,5,6
14,8,14,68,108,121,131,131,124,116,110,95,95,39,8,15,8,0,0,0,0,0,13,0,9,11
25,12,51,80,114,126,134,136,130,117,111,85,100,54,10,36,9,0,0,0,0,0,32,0,10,13
32,26,51,82,112,125,141,151,143,115,110,79,86,51,17,52,11,0,0,0,0,0,30,0,12,14
0,5,12,50,77,113,129,143,131,93,65,55,25,8,0,0,0,0,0,0,0,0,0,0,0,0
50,50,71,95,111,126,140,156,153,128,101,84,65,55,36,36,0,0,0,0,4,0,16,0,10,8
52,55,68,89,113,132,147,157,153,139,126,97,81,58,52,52,0,0,0,0,0,7,43,0,11,10
59,62,79,90,120,134,167,183,163,146,124,106,82,60,53,58,6,0,0,0,0,4,13,0,12,12
54,59,74,101,119,132,155,176,160,141,130,113,83,66,47,57,10,0,0,0,0,0,12,0,7,10
54,55,67,90,103,121,144,150,145,138,131,123,87,60,52,52,12,0,0,0,0,4,13,3,9,11
52,47,59,77,86,106,124,147,142,125,122,118,90,67,52,55,13,0,0,0,0,0,13,0,9,12
40,38,55,65,76,99,114,128,135,125,118,109,93,65,53,52,17,0,0,0,0,0,11,0,8,11
36,31,50,56,64,86,105,119,120,115,116,101,94,68,51,52,14,0,0,0,0,0,12,0,10,9
20,14,39,51,61,73,86,113,117,106,100,96,90,73,53,54,13,0,0,0,0,0,9,0,10,10
13,12,36,50,59,66,79,93,107,101,108,99,90,73,46,50,12,0,0,0,0,0,11,0,9,10
13,11,15,41,55,56,63,83,100,96,106,101,94,74,53,51,10,0,0,0,0,0,9,0,6,7
7,12,13,45,50,44,61,70,86,95,94,92,84,71,52,52,12,0,0,0,0,0,10,0,4,6
8,7,10,47,50,25,59,67,75,82,87,86,79,71,51,50,11,0,0,0,0,0,6,0,0,6
10,5,12,29,13,37,59,60,66,78,95,89,83,67,54,35,12,0,0,0,0,0,5,0,0,7
8,7,9,12,11,50,57,66,65,74,97,106,102,69,54,52,7,0,0,0,0,0,0,0,0,5
9,7,11,7,38,47,64,70,70,68,90,92,90,75,62,50,0,0,0,0,0,0,0,0,4,0
6,0,8,7,25,34,64,66,67,75,90,101,97,76,43,16,9,0,0,0,0,0,0,0,6,0
10,6,7,14,37,53,55,67,65,74,97,117,95,72,30,20,6,0,0,0,0,0,6,0,4,0
9,0,8,13,19,57,61,60,71,74,105,106,91,63,14,20,9,0,0,0,0,0,5,0,4,0
5,7,12,10,44,55,52,65,64,90,104,101,93,62,17,16,6,0,0,0,0,0,8,0,6,5
7,9,9,10,25,52,19,56,66,75,95,99,92,57,9,13,6,0,0,0,0,0,5,0,5,7
10,12,9,12,35,30,50,52,53,68,90,92,83,42,11,10,0,0,0,0,0,0,7,0,0,0
0,8,40,55,61,73,85,102,128,136,125,113,122,113,103,78,31,0,0,0,0,0,11,0,9,13
30,22,57,70,87,104,111,126,141,143,136,125,127,125,117,99,53,0,0,0,0,0,13,0,8,11
12,9,42,82,101,108,122,134,143,146,135,122,115,120,118,113,81,0,0,0,0,0,13,0,7,8
25,13,56,71,100,113,129,141,144,145,132,118,113,108,116,114,82,0,0,0,0,0,13,0,10,10
53,50,65,74,88,116,133,143,146,140,130,113,106,102,99,111,73,0,0,0,0,0,10,0,7,12
40,24,36,68,84,102,126,138,142,135,131,110,95,69,75,104,77,0,0,0,0,0,6,0,10,16
51,13,47,61,90,114,131,140,146,143,123,89,79,59,62,69,73,0,0,0,0,0,12,0,12,9
50,14,52,69,97,117,127,148,145,135,121,100,85,66,60,60,34,0,0,0,0,0,11,0,6,10
21,13,36,65,96,110,124,136,135,126,104,81,82,62,48,54,13,0,0,0,0,0,0,0,4,6
13,7,23,65,101,113,123,128,127,116,104,78,81,59,13,52,14,0,0,0,0,0,9,0,5,6
12,0,13,56,92,107,121,117,117,104,105,79,75,50,12,18,12,0,0,0,0,0,0,0,3,6
10,6,18,66,100,109,122,118,117,113,105,79,90,52,12,30,7,0,0,0,0,0,0,0,0,0
11,0,14,61,101,116,123,121,121,112,108,85,100,52,13,18,11,0,0,0,0,0,0,0,0,0
13,7,15,67,106,116,125,124,122,114,109,86,96,27,13,14,11,0,0,0,0,0,11,0,5,6
14,9,20,82,111,123,132,131,123,115,109,91,92,41,12,18,10,0,0,0,0,0,12,0,10,11
25,13,54,95,117,129,136,135,127,116,110,82,93,41,12,40,10,0,0,0,0,0,27,0,10,14
34,30,55,93,115,128,144,150,138,112,107,75,81,44,33,51,11,0,0,0,0,0,25,0,12,15
0,7,13,11,92,122,137,149,132,95,69,56,29,11,8,7,0,0,0,0,0,0,4,0,0,0
51,52,76,102,116,130,143,157,153,126,100,81,62,56,51,37,0,0,0,0,4,0,14,0,10,9
53,57,73,96,117,135,149,158,155,139,126,98,80,62,56,50,0,0,0,0,0,7,45,0,11,11
60,64,83,95,123,137,168,183,164,145,123,106,82,64,58,58,9,0,0,0,0,4,13,0,13,14
56,61,77,103,121,134,155,175,159,142,131,116,92,72,54,57,12,0,0,0,0,0,10,0,8,11
55,57,68,93,104,121,143,149,145,138,130,123,93,71,62,53,13,0,0,0,0,4,13,3,10,11
53,50,60,78,85,105,122,145,140,124,121,117,94,75,64,61,14,0,0,0,0,0,14,0,9,12
43,41,56,67,75,96,110,124,132,124,117,109,96,72,65,60,48,0,0,0,0,0,12,0,8,10
38,32,50,57,64,84,99,112,115,111,114,99,96,75,64,60,51,0,0,0,0,0,9,0,10,9
21,16,40,52,61,71,81,106,107,100,96,94,90,77,65,64,51,0,0,0,0,0,6,0,10,9
14,13,38,51,59,66,76,89,98,95,101,93,87,74,60,62,48,0,0,0,0,0,8,0,8,8
13,11,19,48,55,57,63,79,91,90,99,94,88,73,62,60,50,0,0,0,0,0,8,0,6,6
8,13,14,50,52,51,62,70,81,90,89,87,83,74,63,62,54,0,0,0,0,0,9,0,5,6
9,8,10,51,52,47,61,68,74,80,83,83,80,75,62,58,50,0,0,0,0,0,0,0,0,6
10,6,11,37,14,51,61,62,68,77,92,87,83,71,64,54,32,0,0,0,0,0,5,0,0,6
9,8,9,14,12,52,59,68,69,75,91,98,95,69,59,55,9,0,0,0,0,0,0,0,0,4
9,8,11,9,50,52,66,73,76,70,85,84,82,70,63,51,5,0,0,0,0,0,0,0,4,0
7,0,9,10,36,53,68,71,68,73,81,90,86,69,51,23,9,0,0,0,0,0,0,0,4,0
9,6,9,22,50,57,58,66,64,70,86,105,84,66,44,20,7,0,0,0,0,0,4,0,0,0
9,0,9,14,32,58,60,58,68,67,93,92,81,58,20,20,9,0,0,0,0,0,4,0,0,0
0,6,12,14,50,56,53,63,60,81,88,88,81,58,19,14,6,0,0,0,0,0,7,0,5,5
6,8,9,14,31,51,29,55,58,60,81,84,80,51,10,12,6,0,0,0,0,0,4,0,5,6
10,11,10,38,36,33,46,51,46,59,77,79,72,31,12,10,0,0,0,0,0,0,7,0,0,0
0,8,40,56,61,73,84,101,126,135,124,113,122,114,106,80,38,0,0,0,0,0,11,0,9,13
30,22,59,73,88,104,111,125,140,143,135,125,128,126,120,101,56,0,0,0,0,0,13,0,7,11
12,10,45,85,101,108,122,133,142,145,134,121,115,122,121,116,85,0,0,0,0,0,13,0,6,8
28,13,58,74,100,113,128,141,143,145,132,117,113,110,120,117,87,0,0,0,0,0,14,0,10,11
52,51,67,76,89,116,133,142,145,140,128,112,105,103,104,114,78,0,0,0,0,0,11,0,8,12
42,27,44,71,87,103,126,138,142,135,130,109,95,74,84,111,83,0,0,0,0,0,7,0,9,17
52,15,53,65,95,116,131,140,145,143,122,87,79,61,69,77,85,0,0,0,0,0,12,0,12,10
50,14,52,73,101,119,128,147,144,134,120,97,84,68,65,62,50,0,0,0,0,0,12,0,7,10
23,13,41,70,101,111,124,136,134,125,103,79,80,63,55,55,20,0,0,0,0,0,0,0,4,5
13,8,25,71,103,114,123,127,125,114,103,75,79,59,23,51,19,0,0,0,0,0,9,0,5,6
12,0,13,60,100,108,120,117,115,102,105,76,74,45,14,23,13,0,0,0,0,0,0,0,3,6
10,6,21,75,101,110,121,117,116,112,103,76,85,51,14,30,8,0,0,0,0,0,0,0,0,0
11,0,21,69,103,117,123,121,119,111,107,82,96,53,18,23,12,0,0,0,0,0,0,0,0,0
12,8,37,81,108,118,125,124,120,113,108,81,89,32,15,16,12,0,0,0,0,0,11,0,5,6
14,10,46,101,115,125,133,131,121,114,108,88,86,35,15,25,12,0,0,0,0,0,12,0,10,11
25,14,64,103,122,132,136,133,123,114,108,78,85,31,15,44,12,0,0,0,0,0,27,0,11,14
36,38,62,102,119,131,145,147,132,110,104,67,75,42,50,51,12,0,0,0,0,0,25,0,12,15
0,0,8,0,68,100,113,120,107,68,43,30,11,8,9,6,0,0,0,0,0,0,4,0,0,0
53,57,84,107,121,134,145,158,153,126,100,77,58,56,56,45,7,0,0,0,4,0,14,0,11,9
55,62,81,104,123,140,151,160,156,139,127,101,82,64,58,51,9,0,0,0,0,7,46,0,11,11
62,68,90,100,127,140,171,182,165,146,124,110,89,72,64,59,12,0,0,0,0,0,12,0,14,17
59,66,83,107,124,137,157,173,159,143,133,121,104,88,69,64,14,0,0,0,0,0,10,0,9,12
57,60,72,97,105,121,141,148,144,139,131,124,101,88,75,63,41,0,0,0,0,4,13,0,10,11
54,52,62,79,85,101,119,141,138,124,121,118,100,85,76,71,52,0,0,0,0,0,14,0,9,11
46,48,58,67,74,91,104,117,127,122,117,108,98,80,75,70,60,0,0,0,0,0,12,0,9,10
39,36,51,59,64,81,91,103,106,104,110,97,96,81,73,68,62,0,0,0,0,0,8,0,10,9
21,17,43,53,61,70,75,97,96,92,89,88,87,78,71,71,59,0,0,0,0,0,0,0,9,9
13,13,42,53,58,66,72,82,89,86,92,85,81,72,64,68,59,6,0,0,0,0,5,0,8,7
13,11,23,50,55,57,61,73,83,82,89,84,82,71,66,64,57,0,0,5,0,0,8,0,7,6
9,13,19,45,52,52,62,69,76,83,82,79,78,73,68,69,63,0,0,0,0,0,9,0,5,6
9,10,11,51,52,50,61,68,72,76,78,77,76,76,70,67,61,0,0,0,0,0,0,0,0,7
10,7,11,37,17,52,61,64,68,74,85,80,80,75,74,67,59,0,0,0,0,0,5,0,0,5
9,8,9,14,13,52,60,68,69,73,82,86,87,72,69,66,27,0,0,0,0,0,0,0,0,4
9,8,11,9,50,52,65,72,75,69,77,76,76,71,69,58,9,0,0,0,0,0,4,0,4,0
7,0,8,10,36,53,66,68,66,71,74,81,78,71,57,34,10,0,0,0,0,0,0,0,0,0
9,6,9,25,50,57,56,64,63,67,76,92,78,63,50,20,8,0,0,0,0,0,0,0,0,0
8,0,9,14,32,57,56,56,64,62,80,80,71,54,22,18,9,0,0,0,0,0,0,0,0,0
0,6,10,14,33,52,52,59,56,74,75,75,69,53,17,12,5,0,0,0,0,0,6,0,3,4
0,8,8,14,25,40,34,53,56,58,71,69,68,38,10,11,7,0,0,0,0,0,4,0,5,5
9,10,9,35,30,25,40,50,45,54,67,63,61,25,12,10,0,0,0,0,0,0,6,0,0,0
0,10,51,60,65,74,85,102,126,133,121,110,120,114,108,83,68,0,0,0,0,0,11,0,9,13
38,32,62,82,100,106,113,127,140,143,134,123,126,126,122,103,89,0,0,0,0,0,11,0,5,11
27,11,55,96,104,111,127,137,143,146,132,117,114,123,124,118,111,0,12,0,0,0,13,0,4,8
50,17,65,81,103,118,135,144,146,145,130,113,110,112,124,120,115,0,73,0,0,0,16,0,10,11
58,59,79,85,100,121,139,146,146,139,125,109,103,104,110,118,110,0,20,0,0,0,13,0,9,12
50,38,57,80,96,109,133,142,142,133,126,105,90,85,96,122,112,0,56,0,0,0,8,0,7,17
55,33,61,74,104,125,139,145,145,140,117,81,76,67,79,95,109,0,36,0,0,0,11,0,11,11
50,22,57,79,107,125,131,149,144,130,115,87,79,69,70,65,74,0,0,0,0,0,13,0,7,10
29,14,53,77,107,116,127,135,132,121,97,72,76,62,64,57,58,0,6,0,0,0,7,0,5,6
14,10,45,83,109,117,124,126,122,111,99,68,72,59,47,51,55,0,0,0,0,0,10,0,5,6
12,0,28,69,105,110,122,115,112,98,101,66,65,45,33,31,50,0,0,0,0,0,0,0,4,6
11,7,50,97,105,112,122,116,113,108,98,68,74,57,44,45,21,0,0,0,0,0,0,0,0,0
12,8,53,87,108,119,125,120,117,108,103,72,82,64,21,50,39,0,0,0,0,0,0,0,0,0
13,10,61,103,114,121,126,123,118,111,105,71,80,40,12,44,52,0,0,0,0,0,11,0,5,6
29,13,70,110,124,130,135,130,118,112,105,77,77,35,37,40,48,0,0,0,0,0,13,0,10,11
40,28,87,115,131,139,141,132,118,110,104,68,70,35,66,55,55,0,5,0,0,0,35,0,11,14
38,47,75,114,127,137,150,142,120,103,85,44,64,36,60,53,51,0,0,0,0,0,28,0,13,15
0,6,56,79,97,119,128,130,110,64,25,11,10,7,0,0,0,0,0,0,0,0,0,0,0,0
54,61,93,117,131,140,147,156,153,126,102,73,51,53,61,57,46,0,0,0,5,4,23,0,11,9
57,66,91,113,132,146,155,161,158,139,131,106,86,67,60,57,62,0,0,0,0,8,50,0,12,12
63,72,100,107,133,144,175,183,167,147,127,121,106,93,75,58,61,0,8,0,0,0,12,0,15,20
60,72,91,113,128,139,155,167,159,147,137,133,130,118,106,80,64,0,0,0,0,0,10,0,9,12
59,64,77,103,109,120,136,145,141,140,132,128,120,116,106,93,82,0,0,0,0,5,12,0,10,12
55,55,67,83,87,95,114,132,132,122,119,119,113,108,102,96,89,0,7,0,0,0,13,0,8,11
51,51,61,70,73,83,93,103,115,115,114,105,102,97,95,92,94,0,31,6,0,0,21,0,10,10
43,38,54,61,65,76,77,84,88,90,99,91,96,92,89,86,95,9,60,12,5,0,11,0,11,8
23,17,50,55,60,64,64,78,73,73,73,77,77,77,80,84,84,14,67,13,0,0,0,0,9,8
13,14,46,55,57,65,63,70,70,69,69,64,66,64,65,75,83,16,69,47,5,0,0,0,10,6
14,11,30,52,53,58,58,63,68,67,69,63,66,63,67,70,73,0,57,35,7,5,11,0,9,5
10,14,35,37,54,53,61,67,68,69,67,61,63,67,72,81,82,6,56,10,0,0,13,0,5,7
11,12,20,45,57,51,62,69,68,69,65,61,64,75,82,89,87,0,41,0,0,0,12,0,0,10
12,9,12,50,43,55,61,65,66,67,67,62,70,84,90,97,86,0,10,0,0,0,8,0,4,6
11,7,8,35,21,52,59,67,67,65,64,61,71,81,89,90,74,0,5,0,0,0,7,0,0,4
10,8,12,11,52,42,58,67,68,62,62,64,66,80,82,73,55,0,0,0,0,0,8,0,6,0
9,0,10,10,34,34,57,61,61,64,61,64,69,80,68,52,31,0,0,0,0,0,0,0,0,0
9,7,8,14,30,21,41,57,59,60,60,68,71,59,53,25,37,0,0,0,0,0,6,0,0,0
7,0,8,11,12,10,33,51,59,53,60,59,55,42,24,19,14,0,0,0,0,0,6,0,0,0
0,6,8,6,7,14,39,51,52,64,57,53,34,23,14,11,12,0,0,0,0,0,8,0,4,3
6,7,5,10,22,18,40,52,57,62,57,33,15,13,10,10,15,0,0,0,0,0,5,0,6,5
8,10,6,12,18,8,32,48,52,47,48,14,17,16,10,11,7,0,0,0,0,0,7,0,0,0
