0,9,12,18,17,43,54,74,95,117,135,137,138,134,132,107,88,8,0,0,0,0,19,0,7,14
0,0,10,11,13,12,43,104,114,133,139,143,137,136,124,108,95,10,0,0,0,0,15,0,7,11
0,0,12,11,13,12,74,108,123,135,150,150,134,123,123,113,111,70,0,0,0,0,28,0,9,12
10,4,12,13,9,13,70,111,123,141,141,139,128,112,110,100,104,76,6,0,0,0,39,8,10,11
7,0,0,9,0,13,96,112,128,137,135,132,118,109,80,68,71,14,0,0,0,0,40,5,10,18
8,0,0,0,11,28,77,115,132,137,142,138,123,107,74,60,59,0,0,0,0,0,34,0,12,17
9,0,0,0,25,57,77,112,137,146,149,143,119,91,75,53,54,0,0,0,0,0,27,4,17,13
4,0,0,8,8,55,86,120,138,156,151,142,123,93,68,55,43,0,0,0,0,0,12,0,11,12
5,0,0,0,10,58,91,124,138,144,147,136,118,98,64,57,40,0,0,0,0,0,12,0,7,9
8,0,0,0,0,51,105,123,135,135,137,126,112,100,76,56,43,0,0,0,0,0,12,0,10,12
0,0,0,0,5,61,103,117,125,123,127,114,109,74,70,59,38,0,0,0,0,0,0,0,6,9
6,0,0,0,0,65,108,116,125,121,120,110,107,93,67,59,35,0,0,0,0,0,11,0,7,7
0,0,0,0,10,77,110,121,130,128,123,108,115,98,90,55,34,0,0,0,0,0,12,0,7,8
4,0,0,0,6,81,113,130,136,132,133,121,113,101,80,54,37,0,0,0,0,0,13,3,12,7
5,0,5,12,53,103,121,140,157,150,134,113,106,65,65,42,27,0,0,0,0,0,12,0,12,13
0,0,9,25,77,113,132,149,168,166,143,124,110,54,71,57,48,0,0,0,0,0,32,7,13,22
22,9,14,57,86,112,134,150,162,148,136,108,107,79,60,54,55,0,0,0,0,0,38,6,14,19
0,0,0,0,26,95,120,144,139,111,110,72,77,42,14,0,0,0,0,0,0,0,0,0,6,5
5,0,11,51,82,112,136,156,155,137,127,112,83,55,52,43,24,0,0,0,0,0,11,0,5,5
6,0,12,52,86,115,143,163,162,145,138,129,97,73,55,59,35,0,0,0,0,0,31,0,10,10
12,9,12,50,99,110,136,162,166,152,127,124,97,58,39,55,51,0,0,0,0,0,14,6,10,23
12,8,11,40,92,107,125,140,151,144,134,132,104,68,51,56,53,0,0,0,0,0,13,7,8,10
11,0,8,11,60,88,113,134,139,136,128,125,95,54,52,54,50,0,0,0,0,0,12,9,12,11
10,0,9,9,51,71,97,123,132,126,118,112,85,66,40,43,13,0,0,0,0,0,14,7,11,12
8,0,10,13,45,62,85,101,124,127,118,104,82,61,38,30,13,0,0,0,0,0,12,0,10,12
12,6,11,14,29,56,76,97,110,110,114,98,84,61,35,48,13,0,0,0,0,0,11,5,10,8
10,0,10,13,22,48,75,100,102,102,98,91,78,60,38,38,8,0,0,0,0,0,10,0,10,11
0,0,6,11,11,34,66,80,93,98,105,91,73,54,33,19,18,0,0,0,0,0,12,0,8,10
9,4,6,10,11,27,60,71,85,93,109,85,69,54,13,14,11,0,0,0,0,0,9,0,10,8
0,0,8,7,8,17,58,67,81,87,103,74,63,53,10,12,11,0,0,0,0,0,9,0,7,8
0,0,6,0,8,14,53,66,72,90,85,72,60,53,10,9,9,0,0,0,0,0,10,0,5,7
6,0,0,0,7,12,53,65,78,90,91,72,59,39,8,0,6,0,0,0,0,0,7,0,5,6
0,0,0,0,0,9,54,70,83,94,85,77,61,10,0,7,5,0,0,0,0,0,5,0,0,7
0,0,0,0,0,10,60,74,101,86,90,68,54,11,8,11,0,0,0,0,0,0,6,0,0,0
0,0,6,0,7,15,68,93,116,97,86,62,43,11,10,9,8,0,0,0,0,0,6,0,0,0
5,0,0,9,12,51,70,102,107,92,74,57,33,12,13,10,9,0,0,0,0,0,9,0,0,0
5,0,6,8,13,59,92,104,107,83,64,52,52,12,12,13,10,0,0,0,0,0,8,0,0,7
5,0,0,8,12,59,93,110,104,88,59,51,34,11,10,12,9,0,0,0,0,0,8,0,4,4
0,0,0,6,12,37,79,95,93,53,55,14,14,6,0,5,8,0,0,0,0,0,0,0,6,4
5,0,4,6,12,26,73,74,64,37,44,17,13,17,6,11,6,0,0,0,0,0,6,0,0,0
0,9,12,18,17,43,54,74,95,117,135,137,138,134,132,107,88,8,0,0,0,0,19,0,7,14
0,0,10,11,13,12,43,104,114,133,139,143,137,136,124,108,95,10,0,0,0,0,15,0,7,11
0,0,12,11,13,12,74,108,123,135,150,150,134,123,123,113,111,70,0,0,0,0,28,0,9,12
10,4,12,13,9,13,70,111,123,141,141,139,128,112,110,100,104,76,6,0,0,0,39,8,10,11
7,0,0,9,0,13,96,112,128,137,135,132,118,109,80,68,71,14,0,0,0,0,40,5,10,18
8,0,0,0,11,28,77,115,132,137,142,138,123,107,74,60,59,0,0,0,0,0,34,0,12,17
9,0,0,0,25,57,77,112,137,146,149,143,119,91,75,53,54,0,0,0,0,0,27,4,17,13
4,0,0,8,8,55,86,120,138,156,151,142,123,93,68,55,43,0,0,0,0,0,12,0,11,12
5,0,0,0,10,58,91,124,138,144,147,136,118,98,64,57,40,0,0,0,0,0,12,0,7,9
8,0,0,0,0,51,105,123,135,135,137,126,112,100,76,56,43,0,0,0,0,0,12,0,10,12
0,0,0,0,5,61,103,117,125,123,127,114,109,74,70,59,38,0,0,0,0,0,0,0,6,9
6,0,0,0,0,65,108,116,125,121,120,110,107,93,67,59,35,0,0,0,0,0,11,0,7,7
0,0,0,0,10,77,110,121,130,128,123,108,115,98,90,55,34,0,0,0,0,0,12,0,7,8
4,0,0,0,6,81,113,130,136,132,133,121,113,101,80,54,37,0,0,0,0,0,13,3,12,7
5,0,5,12,53,103,121,140,157,150,134,113,106,65,65,42,27,0,0,0,0,0,12,0,12,13
0,0,9,25,77,113,132,149,168,166,143,124,110,54,71,57,48,0,0,0,0,0,32,7,13,22
22,9,14,57,86,112,134,150,162,148,136,108,107,79,60,54,55,0,0,0,0,0,38,6,14,19
0,0,0,0,26,95,120,144,139,111,110,72,77,42,14,0,0,0,0,0,0,0,0,0,6,5
5,0,11,51,82,112,136,156,155,137,127,112,83,55,52,43,24,0,0,0,0,0,11,0,5,5
6,0,12,52,86,115,143,163,162,145,138,129,97,73,55,59,35,0,0,0,0,0,31,0,10,10
12,9,12,50,99,110,136,162,166,152,127,124,97,58,39,55,51,0,0,0,0,0,14,6,10,23
12,8,11,40,92,107,125,140,151,144,134,132,104,68,51,56,53,0,0,0,0,0,13,7,8,10
11,0,8,11,60,88,113,134,139,136,128,125,95,54,52,54,50,0,0,0,0,0,12,9,12,11
10,0,9,9,51,71,97,123,132,126,118,112,85,66,40,43,13,0,0,0,0,0,14,7,11,12
8,0,10,13,45,62,85,101,124,127,118,104,82,61,38,30,13,0,0,0,0,0,12,0,10,12
12,6,11,14,29,56,76,97,110,110,114,98,84,61,35,48,13,0,0,0,0,0,11,5,10,8
10,0,10,13,22,48,75,100,102,102,98,91,78,60,38,38,8,0,0,0,0,0,10,0,10,11
0,0,6,11,11,34,66,80,93,98,105,91,73,54,33,19,18,0,0,0,0,0,12,0,8,10
9,4,6,10,11,27,60,71,85,93,109,85,69,54,13,14,11,0,0,0,0,0,9,0,10,8
0,0,8,7,8,17,58,67,81,87,103,74,63,53,10,12,11,0,0,0,0,0,9,0,7,8
0,0,6,0,8,14,53,66,72,90,85,72,60,53,10,9,9,0,0,0,0,0,10,0,5,7
6,0,0,0,7,12,53,65,78,90,91,72,59,39,8,0,6,0,0,0,0,0,7,0,5,6
0,0,0,0,0,9,54,70,83,94,85,77,61,10,0,7,5,0,0,0,0,0,5,0,0,7
0,0,0,0,0,10,60,74,101,86,90,68,54,11,8,11,0,0,0,0,0,0,6,0,0,0
0,0,6,0,7,15,68,93,116,97,86,62,43,11,10,9,8,0,0,0,0,0,6,0,0,0
5,0,0,9,12,51,70,102,107,92,74,57,33,12,13,10,9,0,0,0,0,0,9,0,0,0
5,0,6,8,13,59,92,104,107,83,64,52,52,12,12,13,10,0,0,0,0,0,8,0,0,7
5,0,0,8,12,59,93,110,104,88,59,51,34,11,10,12,9,0,0,0,0,0,8,0,4,4
0,0,0,6,12,37,79,95,93,53,55,14,14,6,0,5,8,0,0,0,0,0,0,0,6,4
5,0,4,6,12,26,73,74,64,37,44,17,13,17,6,11,6,0,0,0,0,0,6,0,0,0
0,8,12,18,19,50,54,75,98,117,135,137,138,134,129,107,89,56,7,0,0,0,18,0,7,14
0,0,10,12,14,12,51,105,115,133,139,143,137,136,122,109,96,71,7,0,0,0,17,4,7,11
0,0,12,10,13,12,75,109,123,134,150,151,134,124,122,115,112,107,50,0,0,0,30,0,9,12
10,0,11,12,9,13,70,112,123,140,141,139,128,113,108,101,106,107,56,0,0,0,40,11,10,12
7,0,0,8,0,13,95,112,128,136,135,132,118,109,74,69,73,82,37,0,0,0,40,10,10,17
8,0,0,0,11,32,75,115,131,136,141,138,123,106,71,61,59,50,10,0,0,0,34,9,12,16
9,0,0,0,27,57,77,110,135,144,148,142,119,92,70,53,54,19,6,0,0,0,27,8,16,13
0,0,0,7,7,57,85,118,136,156,150,142,124,93,64,55,43,11,0,0,0,0,12,6,11,12
6,0,0,0,9,57,90,122,137,143,146,137,118,99,61,57,38,12,0,0,0,0,12,8,7,8
8,0,0,0,0,55,105,122,134,134,136,126,112,100,72,56,42,11,0,0,0,0,12,5,10,12
0,0,0,0,6,64,102,118,125,123,126,114,109,75,66,58,37,9,0,0,0,0,0,0,6,9
6,0,0,0,0,70,108,116,125,121,120,110,108,97,63,62,34,6,0,0,0,0,11,4,7,7
0,0,0,0,13,80,111,122,130,128,123,108,117,102,86,59,35,9,0,0,0,0,11,0,8,9
4,0,0,0,8,88,113,131,137,133,133,123,115,104,77,58,39,9,0,0,0,0,13,7,12,7
4,0,0,13,57,104,122,141,158,151,135,115,106,91,59,45,28,10,0,0,0,0,12,11,12,13
0,0,9,36,82,114,132,149,169,166,143,126,112,92,66,59,50,11,0,0,0,0,30,11,13,23
23,10,14,59,91,114,135,150,163,148,136,110,110,82,55,57,56,11,0,0,0,0,36,12,14,19
6,0,7,45,78,110,134,155,154,135,133,105,91,68,52,43,39,7,0,0,0,0,10,9,10,10
7,0,11,54,87,115,139,159,156,137,126,114,85,58,51,45,26,14,0,0,0,0,11,0,5,6
6,0,13,53,91,117,145,165,163,146,139,130,100,80,54,59,36,12,8,0,0,0,29,8,11,10
12,10,13,52,102,112,138,164,168,153,129,126,100,76,29,56,51,9,7,0,0,0,14,10,11,25
13,8,11,47,96,108,126,141,153,145,135,134,106,77,40,56,53,10,6,0,0,0,13,10,9,10
11,0,8,11,62,90,114,135,141,138,128,126,97,72,45,55,51,11,0,0,0,0,11,12,12,12
10,0,10,9,52,72,98,124,133,127,119,114,87,67,31,50,13,12,8,0,0,0,14,9,12,12
8,0,10,13,50,63,86,102,126,128,119,106,84,62,28,38,17,13,9,0,0,0,12,6,10,12
13,6,12,15,35,57,77,99,112,111,114,99,86,62,27,50,14,0,6,0,0,0,11,8,10,8
10,0,10,14,25,50,75,101,104,103,98,92,80,61,28,40,9,5,0,0,0,0,10,0,10,11
0,0,6,11,12,38,67,81,94,99,105,92,75,55,29,26,25,8,0,0,0,0,12,7,8,10
9,4,7,11,11,30,60,72,87,94,110,86,71,56,12,15,13,7,5,0,0,0,9,9,10,8
0,0,8,7,8,18,57,68,82,88,103,75,65,54,8,13,11,5,0,0,0,0,10,7,8,8
0,0,6,0,10,14,53,67,73,92,84,71,60,54,9,10,9,7,0,0,0,0,10,6,5,7
6,0,0,0,8,12,53,66,80,92,90,71,61,45,7,0,6,0,0,0,0,0,7,0,5,6
0,0,0,0,0,9,54,70,84,95,84,76,61,11,0,7,5,0,6,0,0,0,5,4,0,7
0,0,0,0,0,10,59,72,98,87,89,67,53,11,7,11,0,0,0,0,0,0,6,0,3,0
0,0,6,0,8,14,66,88,116,97,88,63,52,10,10,11,9,0,0,0,0,0,6,0,0,0
5,0,0,9,13,47,65,96,108,96,77,62,50,11,12,11,10,4,0,0,0,0,10,5,0,0
5,0,6,8,13,52,80,98,109,91,70,54,52,11,11,13,12,0,0,0,0,0,8,7,0,8
5,0,0,7,12,50,78,105,104,99,62,50,18,11,9,12,10,0,0,0,0,0,8,0,4,4
0,0,0,6,12,18,64,93,100,66,55,14,12,6,0,5,8,0,0,0,0,0,0,4,5,0
5,0,4,6,12,11,60,75,76,51,43,14,13,16,5,12,7,0,0,0,0,0,6,0,0,0
0,8,12,18,19,50,54,75,98,117,135,137,138,134,129,107,89,56,7,0,0,0,18,0,7,14
0,0,10,12,14,12,51,105,115,133,139,143,137,136,122,109,96,71,7,0,0,0,17,4,7,11
0,0,12,10,13,12,75,109,123,134,150,151,134,124,122,115,112,107,50,0,0,0,30,0,9,12
10,4,12,12,9,13,70,112,123,140,141,139,128,113,108,101,106,107,56,0,0,0,40,11,10,12
7,0,0,7,0,13,95,112,128,136,135,132,118,109,74,69,73,82,37,0,0,0,40,10,10,17
8,0,0,0,11,32,75,115,131,136,141,138,123,106,71,61,59,50,10,0,0,0,34,9,12,16
9,0,0,0,27,57,77,110,135,144,148,142,119,92,70,53,54,19,6,0,0,0,27,8,16,13
4,0,0,7,7,57,85,118,136,156,150,142,124,93,64,55,43,11,0,0,0,0,12,6,11,12
5,0,0,0,9,57,90,122,137,143,146,137,118,99,61,57,38,12,0,0,0,0,12,8,7,8
8,0,0,0,0,55,105,122,134,134,136,126,112,100,72,56,42,11,0,0,0,0,12,5,10,12
0,0,0,0,6,64,102,118,125,123,126,114,109,75,66,58,37,9,0,0,0,0,0,0,6,9
6,0,0,0,0,70,108,116,125,121,120,110,108,97,63,62,34,6,0,0,0,0,11,4,7,7
0,0,0,0,13,80,111,122,130,128,123,108,117,102,86,59,35,9,0,0,0,0,11,0,8,9
4,0,0,0,8,88,113,131,137,133,133,123,115,104,77,58,39,9,0,0,0,0,13,7,12,7
4,0,0,13,57,104,122,141,158,151,135,115,106,91,59,45,28,10,0,0,0,0,12,11,12,13
0,0,8,38,82,114,132,149,169,166,143,126,112,92,66,59,50,11,0,0,0,0,30,11,13,23
23,9,14,59,91,114,135,150,163,148,136,110,110,82,55,57,56,11,0,0,0,0,36,12,14,19
6,0,7,47,78,110,134,155,154,135,133,105,91,68,52,43,39,7,0,0,0,0,10,9,10,10
7,0,11,54,87,115,139,159,156,137,126,114,85,58,51,45,26,14,0,0,0,0,11,0,5,6
6,0,13,54,91,117,145,165,163,146,139,130,100,80,54,59,36,12,8,0,0,0,29,8,11,10
12,10,13,53,102,112,138,164,168,153,129,126,100,76,29,56,51,9,7,0,0,0,14,10,11,25
13,8,11,47,96,108,126,141,153,145,135,134,106,77,40,56,53,10,6,0,0,0,13,10,9,10
11,0,8,12,62,90,114,135,141,138,128,126,97,72,45,55,51,11,0,0,0,0,11,12,12,12
10,0,10,10,52,72,98,124,133,127,119,114,87,67,31,50,13,12,8,0,0,0,14,9,12,12
8,0,10,13,50,63,86,102,126,128,119,106,84,62,28,38,17,13,9,0,0,0,12,6,10,12
13,6,12,14,35,57,77,99,112,111,114,99,86,62,27,50,14,0,6,0,0,0,11,8,10,8
10,0,11,13,25,50,75,101,104,103,98,92,80,61,28,40,9,5,0,0,0,0,10,0,10,11
0,0,6,11,12,38,67,81,94,99,105,92,75,55,29,26,25,8,0,0,0,0,12,7,8,10
9,4,7,11,11,30,60,72,87,94,110,86,71,56,12,15,13,7,5,0,0,0,9,9,10,8
0,0,8,7,8,18,57,68,82,88,103,75,65,54,8,13,11,5,0,0,0,0,10,7,8,8
0,0,6,0,10,14,53,67,73,92,84,71,60,54,9,10,9,7,0,0,0,0,10,6,5,7
6,0,0,0,8,12,53,66,80,92,90,71,61,45,7,0,6,0,0,0,0,0,7,0,5,6
4,0,0,0,0,9,54,70,84,95,84,76,61,11,0,7,5,0,6,0,0,0,5,4,0,7
0,0,0,0,0,10,59,72,98,87,89,67,53,11,7,11,0,0,0,0,0,0,6,0,3,0
0,0,6,0,8,14,66,88,116,97,88,63,52,10,10,11,9,0,0,0,0,0,6,0,0,0
5,0,0,9,13,47,65,96,108,96,77,62,50,11,12,11,10,4,0,0,0,0,10,5,0,0
5,0,5,8,13,52,80,98,109,91,70,54,52,11,11,13,12,0,0,0,0,0,8,7,0,8
5,0,0,7,12,50,78,105,104,99,62,50,18,11,9,12,10,0,0,0,0,0,8,0,4,4
0,0,0,6,12,18,64,93,100,66,55,14,12,6,0,5,8,0,0,0,0,0,0,4,5,0
5,0,4,6,12,11,60,75,76,51,43,14,13,16,5,12,7,0,0,0,0,0,6,0,0,0
0,7,12,16,20,50,54,75,100,117,135,137,138,134,129,107,89,59,53,0,0,0,20,7,7,14
0,0,10,12,14,12,51,106,115,133,139,143,138,136,122,109,97,78,71,0,0,0,16,4,7,11
0,0,12,10,12,11,77,109,124,135,150,152,134,125,121,115,112,109,106,0,0,0,29,0,9,12
10,4,11,12,9,13,71,112,123,140,141,139,129,113,108,101,106,108,108,0,0,0,39,11,10,12
7,0,0,7,0,12,95,111,127,136,135,132,118,109,72,69,73,86,102,0,0,0,38,9,10,16
9,0,0,0,11,30,74,114,131,136,140,138,123,107,68,60,59,53,76,0,0,0,29,9,12,17
9,0,0,0,23,57,76,109,135,144,148,142,119,92,69,53,54,23,54,0,0,0,26,8,16,13
4,0,0,6,7,56,85,117,135,155,150,141,125,93,63,55,44,12,31,0,0,0,12,6,11,12
5,0,0,0,9,55,88,122,137,142,146,137,119,98,60,57,38,13,17,0,0,0,12,8,8,8
8,0,0,0,0,56,105,122,134,133,136,126,112,99,70,56,43,12,7,0,0,0,12,5,10,12
0,0,0,0,6,64,102,117,124,122,126,114,109,74,65,58,37,10,8,0,0,0,0,0,6,9
6,0,0,0,0,71,107,116,125,121,121,110,108,97,61,60,35,6,10,0,0,0,11,4,7,7
0,0,0,0,14,80,110,122,131,128,123,108,117,102,82,59,34,9,13,0,0,0,11,0,7,8
4,0,0,0,8,88,113,131,137,133,133,124,116,104,73,58,39,9,15,0,0,0,13,7,12,7
4,0,0,13,58,105,122,140,159,151,135,115,106,91,57,44,28,10,19,0,0,0,12,10,12,13
0,0,8,38,85,114,132,149,170,168,143,126,111,92,65,59,51,11,14,0,0,0,28,11,13,22
23,9,14,59,92,114,135,150,165,149,136,109,110,82,54,57,56,11,27,0,0,0,35,12,13,19
6,0,7,45,80,111,135,156,154,134,133,105,91,69,52,46,41,8,9,0,0,0,10,9,10,10
7,0,11,54,88,116,140,159,155,136,125,114,85,58,50,46,26,14,12,0,0,0,11,0,5,5
6,0,12,54,92,119,147,165,161,144,137,130,100,80,53,59,36,12,17,0,0,0,29,8,10,10
12,10,12,53,103,113,139,165,168,152,128,126,101,78,26,56,51,9,15,0,0,0,14,9,11,25
13,8,11,47,100,109,126,142,154,144,135,134,107,78,38,56,53,10,13,0,0,0,13,10,8,10
11,0,8,11,64,91,114,135,141,138,128,126,98,73,42,55,51,11,10,0,0,0,11,12,12,12
10,0,10,9,53,73,99,125,134,127,119,114,88,68,31,50,14,12,20,0,0,0,14,9,12,12
8,0,10,13,51,63,87,103,127,128,119,106,86,63,25,40,19,13,23,0,0,0,12,6,10,12
12,0,12,14,37,57,77,99,113,111,115,100,87,63,25,50,14,0,13,0,0,0,11,8,9,8
10,0,11,13,26,50,76,101,105,103,99,93,81,62,26,40,10,6,7,0,0,0,11,0,10,11
0,0,6,11,12,40,67,81,95,100,105,93,77,56,28,26,25,8,8,0,0,0,13,6,8,10
9,4,7,11,11,32,61,73,88,95,111,88,73,57,12,17,13,9,10,0,0,0,9,9,10,8
0,0,8,7,8,18,58,68,83,88,103,76,66,54,7,13,11,5,8,0,0,0,10,7,8,8
0,0,6,0,10,14,53,67,75,92,84,72,61,54,9,10,10,7,5,0,0,0,10,6,6,7
6,0,0,0,8,12,53,65,81,92,91,72,62,50,7,0,6,0,8,0,0,0,7,0,5,6
4,0,0,0,0,9,54,70,86,96,85,78,63,12,0,7,5,0,11,0,0,0,5,4,0,7
0,0,0,0,0,10,59,71,98,87,90,69,54,11,7,11,0,0,0,0,0,0,7,0,3,0
0,0,6,0,8,14,65,85,118,98,91,65,53,10,10,11,10,0,8,0,0,0,7,0,0,0
5,0,0,9,13,43,63,93,110,97,80,64,53,10,12,12,10,4,6,0,0,0,10,5,0,0
5,0,6,8,13,42,74,94,110,96,73,56,52,11,11,13,13,5,5,0,0,0,8,8,0,7
5,0,0,7,12,37,71,103,105,102,64,50,15,11,8,12,11,0,0,0,0,0,8,0,4,4
0,0,0,6,12,14,57,93,102,72,55,15,11,6,0,4,8,0,0,0,0,0,0,5,5,0
5,0,4,6,12,8,53,77,81,57,42,13,13,15,5,12,7,0,0,0,0,0,6,0,0,0
0,7,12,16,20,50,54,76,100,117,135,137,138,134,128,107,89,56,53,0,0,0,20,8,7,14
0,0,10,12,14,12,51,106,116,133,140,144,138,136,121,109,96,77,71,0,0,0,15,8,7,11
0,0,12,10,12,12,77,110,124,135,151,152,134,125,120,115,112,108,106,0,0,0,29,10,9,13
10,0,11,12,9,13,71,112,123,140,141,140,129,113,107,101,106,108,108,0,0,0,38,12,10,12
7,0,0,7,0,12,95,111,127,136,135,132,118,109,71,69,73,87,102,0,0,0,38,10,10,17
9,0,0,0,11,33,73,114,131,136,140,138,123,107,68,60,59,53,76,0,0,0,29,9,12,17
9,0,0,0,23,57,76,109,134,144,147,142,118,92,68,53,54,23,54,0,0,0,23,8,16,13
0,0,0,6,7,56,84,117,135,154,150,141,125,93,62,55,43,12,33,0,0,0,12,7,11,12
5,0,0,0,9,55,88,122,137,142,146,137,118,98,59,56,38,13,17,0,0,0,12,9,8,8
8,0,0,0,0,58,104,122,134,133,136,126,112,99,68,56,43,11,7,0,0,0,12,6,10,12
0,0,0,0,6,64,102,117,125,122,126,114,109,73,63,57,37,10,8,0,0,0,0,0,6,9
6,0,0,0,0,70,107,116,125,121,120,110,107,95,59,59,35,6,10,0,0,0,10,5,7,7
0,0,0,0,14,80,110,122,131,128,123,108,116,102,80,58,35,9,13,0,0,0,11,0,7,8
4,0,0,0,8,88,113,131,137,133,133,123,115,103,71,57,39,9,14,0,0,0,12,7,12,7
4,0,0,13,57,105,122,140,161,152,135,115,106,90,56,43,28,11,19,0,0,0,12,11,12,13
0,0,8,38,84,114,132,149,171,168,144,126,111,92,63,59,51,11,14,0,0,0,28,11,13,22
23,9,14,59,90,114,134,150,165,149,137,109,109,82,53,57,56,11,27,0,0,0,35,12,13,19
6,0,7,44,80,111,135,156,155,135,133,105,91,69,51,46,42,8,9,0,0,0,10,9,10,10
7,0,11,53,87,116,140,160,156,136,125,114,85,59,47,46,26,15,11,0,0,0,11,0,5,6
6,0,12,54,92,119,147,165,161,144,137,131,100,81,53,59,36,13,17,0,0,0,29,8,10,10
12,10,12,53,103,112,139,165,168,152,128,126,101,78,25,56,52,9,15,0,0,0,13,10,11,25
12,8,11,47,99,109,126,142,154,144,135,134,107,78,36,56,53,10,13,0,0,0,13,10,9,10
11,0,8,11,63,91,114,135,141,138,128,126,99,73,40,55,51,12,10,0,0,0,11,12,12,12
10,0,10,9,53,73,99,125,134,127,119,115,88,67,27,50,14,12,17,0,0,0,14,9,12,12
8,0,10,13,51,64,87,103,127,128,120,106,86,63,21,40,19,13,23,0,0,0,12,6,10,12
12,0,12,14,37,57,78,99,113,111,115,101,87,62,22,50,15,0,13,0,0,0,11,9,10,8
10,0,11,13,26,50,76,101,105,103,99,94,81,62,25,40,10,6,7,0,0,0,10,0,10,12
4,0,6,11,12,43,67,82,95,100,106,93,77,56,27,25,25,8,8,0,0,0,12,7,8,10
9,4,7,10,11,32,61,73,88,95,111,88,74,57,12,17,13,10,10,0,0,0,9,10,10,9
0,0,8,7,8,19,58,68,83,88,103,76,66,55,7,13,11,5,8,0,0,0,10,8,8,8
0,0,6,0,10,15,53,67,74,92,84,72,61,54,9,10,10,7,5,0,0,0,10,6,6,7
6,0,0,0,8,12,53,66,81,92,91,73,62,50,7,0,6,0,8,0,0,0,7,5,5,7
4,0,0,0,0,9,54,70,86,95,85,78,63,12,0,7,5,0,11,0,0,0,5,4,0,7
0,0,0,0,0,10,58,71,99,87,90,69,54,11,7,11,0,0,0,0,0,0,7,0,3,0
0,0,6,0,8,14,64,85,118,98,92,66,53,10,10,11,10,0,9,0,0,0,6,4,0,0
5,0,0,9,13,43,62,93,110,97,80,65,54,10,12,12,10,4,6,0,0,0,10,6,0,0
5,0,6,8,13,46,74,94,110,96,73,56,52,11,11,13,13,5,5,0,0,0,8,9,0,8
5,0,0,7,12,40,72,104,105,102,64,50,18,11,8,12,11,0,0,0,0,0,8,4,4,5
0,0,0,6,12,14,57,93,101,72,56,15,11,6,0,4,8,0,0,0,0,0,0,5,5,0
5,0,4,6,12,9,53,77,81,57,41,13,13,15,5,12,7,0,0,0,0,0,6,0,0,0
0,7,12,16,20,50,54,76,100,118,135,137,139,134,130,107,89,56,52,0,0,0,20,8,7,14
0,0,10,12,14,12,52,106,116,134,140,144,138,136,122,109,97,76,71,0,0,0,15,8,7,11
0,0,12,11,12,12,77,110,125,136,151,152,134,125,121,115,112,108,105,0,0,0,29,10,9,13
10,0,11,12,9,13,72,111,123,141,141,140,129,113,108,101,106,108,107,0,0,0,38,11,10,12
7,0,0,7,0,12,93,111,127,136,135,132,118,109,73,68,73,85,102,0,0,0,38,10,10,17
9,0,0,0,10,32,74,114,131,136,140,138,123,107,69,60,59,53,76,0,0,0,31,9,12,17
9,0,0,0,22,57,76,109,134,144,147,142,119,92,70,53,55,21,54,0,0,0,23,8,15,13
4,0,0,6,7,55,84,117,135,154,150,141,125,94,64,55,44,12,31,0,0,0,12,6,11,12
5,0,0,0,9,55,88,122,137,142,146,137,119,99,61,57,38,13,17,0,0,0,12,9,8,8
8,0,0,0,0,58,104,122,134,134,136,127,112,99,70,55,44,11,7,0,0,0,12,5,10,12
0,0,0,0,6,63,102,117,125,122,126,114,109,73,65,58,38,10,8,0,0,0,0,0,6,9
6,0,0,0,0,69,107,115,125,121,120,110,107,95,62,58,35,6,10,0,0,0,10,4,7,7
0,0,0,0,14,78,110,121,131,127,123,108,116,102,82,58,36,9,13,0,0,0,11,0,7,9
4,0,0,0,8,86,113,131,138,133,133,122,115,103,75,57,41,9,17,0,0,0,12,7,12,7
4,0,0,12,56,104,121,140,161,154,135,115,106,90,59,42,28,10,20,0,0,0,12,10,12,13
0,0,8,36,82,114,131,149,171,170,144,125,111,91,66,59,51,11,14,0,0,0,28,11,13,22
23,9,14,59,89,113,134,150,165,150,137,109,109,82,56,57,57,11,27,0,0,0,35,11,13,19
6,0,7,43,80,110,135,156,155,136,134,105,92,69,53,46,42,8,10,0,0,0,10,9,10,10
7,0,10,53,87,115,140,159,156,136,125,114,85,59,51,46,26,14,11,0,0,0,11,0,5,6
5,0,12,54,90,118,147,165,162,145,138,131,100,81,55,60,38,12,25,0,0,0,31,8,10,10
12,10,12,52,102,112,139,164,169,152,128,126,102,79,29,56,52,9,14,0,0,0,13,9,11,25
12,8,11,47,98,109,126,142,154,144,135,134,107,79,43,56,54,10,13,0,0,0,13,10,9,10
11,0,8,11,63,90,114,135,141,138,128,126,99,73,47,55,51,11,10,0,0,0,11,12,12,12
10,0,10,9,53,73,99,125,135,128,120,115,88,68,36,50,14,12,17,0,0,0,14,9,12,12
8,0,10,13,50,63,86,103,127,129,120,106,86,63,26,40,19,13,21,0,0,0,12,6,10,12
12,0,12,14,35,57,78,99,113,111,115,101,88,63,27,50,17,0,12,0,0,0,11,8,10,8
10,0,11,13,26,50,76,101,105,103,99,94,81,62,32,42,11,6,7,0,0,0,10,0,10,12
4,0,6,11,12,40,67,82,95,100,106,93,77,56,30,26,26,8,8,0,0,0,12,6,8,10
9,5,6,10,11,32,61,73,88,95,111,88,74,57,13,19,13,10,10,0,0,0,9,9,10,9
0,0,8,7,8,18,58,68,83,88,103,76,66,55,8,14,11,5,8,0,0,0,10,7,8,8
0,0,6,0,9,14,53,67,75,92,84,72,61,54,9,11,10,7,5,0,0,0,10,5,6,7
6,0,0,0,8,12,53,66,81,93,91,73,62,50,8,0,7,0,8,0,0,0,7,0,5,7
4,0,0,0,0,9,54,70,87,96,86,78,64,12,0,7,6,0,11,0,0,0,5,0,0,7
0,0,0,0,0,10,58,71,99,87,90,69,55,12,8,11,0,0,0,0,0,0,7,0,0,0
0,0,6,0,8,14,64,85,118,98,92,66,54,10,11,11,10,0,9,0,0,0,6,0,0,0
5,0,0,9,13,40,62,93,110,98,80,65,54,10,12,12,11,4,6,0,0,0,10,0,0,0
5,0,6,8,13,46,74,94,110,97,73,56,53,11,11,13,13,5,5,0,0,0,8,9,0,8
5,0,0,7,12,40,72,104,105,102,65,51,23,11,9,12,11,0,0,0,0,0,8,4,4,5
0,0,0,6,12,14,57,93,102,72,56,15,11,6,0,4,8,0,0,0,0,0,0,5,5,0
5,0,4,6,12,9,53,77,81,58,42,13,13,16,5,12,7,0,0,0,0,0,6,0,0,0
0,7,12,18,20,50,54,76,100,118,135,138,138,134,129,107,89,56,52,0,0,0,20,8,7,14
0,0,10,12,14,12,52,106,116,134,139,144,138,136,122,109,97,75,71,0,0,0,16,8,7,11
0,0,12,11,12,12,77,110,125,136,151,153,134,125,121,114,112,108,105,0,0,0,29,10,9,13
10,0,11,12,9,13,71,112,123,141,141,141,129,113,108,101,106,108,107,0,0,0,38,12,10,12
7,0,0,7,0,13,93,111,127,136,135,132,118,109,72,68,73,84,102,0,0,0,38,10,10,17
8,0,0,0,11,33,75,114,131,136,140,138,123,107,69,59,59,52,76,0,0,0,31,10,12,17
9,0,0,0,22,57,76,109,134,143,146,143,118,93,69,53,54,19,54,0,0,0,25,8,16,13
0,0,0,6,7,56,84,117,135,153,149,142,125,94,64,54,43,11,33,0,0,0,12,7,11,12
5,0,0,0,9,56,88,122,137,142,145,137,119,99,61,56,37,12,17,0,0,0,12,9,8,8
8,0,0,0,0,58,104,122,134,134,136,128,112,99,70,55,44,11,7,0,0,0,12,6,10,12
0,0,0,0,6,64,102,117,125,122,125,114,109,73,64,57,38,9,8,0,0,0,0,0,6,9
6,0,0,0,0,69,107,116,125,121,120,111,107,95,61,58,35,6,10,0,0,0,10,5,7,7
0,0,0,0,14,80,110,121,131,127,122,108,115,102,81,57,35,9,13,0,0,0,11,0,7,9
4,0,0,0,8,88,113,131,138,133,133,123,115,103,73,55,39,9,19,0,0,0,12,7,12,7
4,0,0,12,56,104,121,140,162,154,135,115,106,89,58,41,27,10,20,0,0,0,12,11,12,13
0,0,8,36,82,114,131,149,171,170,144,127,111,91,66,59,51,11,14,0,0,0,28,11,13,22
23,9,14,59,89,114,134,150,165,150,137,110,109,81,55,57,57,11,30,0,0,0,35,12,14,19
6,0,7,43,80,111,135,156,155,136,133,106,91,69,53,45,42,7,10,0,0,0,10,9,10,10
7,0,11,53,87,116,140,160,156,136,125,115,84,59,50,45,26,14,11,0,0,0,11,0,5,6
6,0,12,53,90,119,146,165,162,144,137,132,100,81,55,59,38,12,25,0,0,0,29,8,10,10
12,10,12,52,102,112,139,165,169,152,128,127,102,79,29,56,52,9,15,0,0,0,13,10,11,25
12,8,11,47,98,109,126,142,154,144,135,135,107,78,43,56,54,10,13,0,0,0,13,10,9,10
11,0,8,11,62,90,114,135,141,138,128,127,99,73,45,55,52,11,10,0,0,0,11,12,12,12
10,0,10,9,53,73,99,125,135,127,119,115,88,67,34,50,14,12,17,0,0,0,14,9,12,12
8,0,10,13,50,64,86,103,127,129,119,107,86,63,26,40,19,13,21,0,0,0,12,6,10,12
12,6,12,15,35,57,78,99,113,111,115,102,87,62,27,50,15,0,12,0,0,0,11,8,10,8
10,0,11,13,26,50,76,101,105,103,98,94,81,62,28,40,10,6,7,0,0,0,10,0,10,11
4,0,6,12,12,43,67,82,95,100,106,94,77,56,29,25,25,8,9,0,0,0,12,7,8,10
9,5,7,11,11,40,61,73,88,95,110,89,74,57,13,19,13,10,10,0,0,0,9,9,10,8
0,0,8,7,8,19,58,68,83,88,103,77,66,55,8,13,11,5,8,0,0,0,10,7,8,8
0,0,6,0,9,15,53,67,75,92,83,73,61,54,9,10,10,7,6,0,0,0,10,5,6,7
6,0,0,0,8,12,53,66,81,92,90,73,62,50,8,0,6,0,8,0,0,0,7,0,5,7
4,0,0,0,0,9,54,70,87,96,85,78,64,12,0,7,6,0,11,0,0,0,5,0,0,7
0,0,0,0,0,10,58,71,99,87,89,70,55,12,8,11,0,0,0,0,0,0,7,0,3,0
0,0,6,0,8,15,64,85,118,98,90,66,54,10,11,11,10,0,9,0,0,0,6,0,0,0
5,0,0,9,13,43,62,93,110,98,80,66,54,10,12,12,11,4,6,0,0,0,10,0,0,0
5,0,6,8,13,50,74,94,110,97,72,57,53,11,11,13,13,5,5,0,0,0,8,9,0,8
5,0,0,7,12,43,71,104,105,102,64,52,29,11,8,12,11,0,0,0,0,0,8,4,4,4
0,0,0,6,12,14,57,94,101,72,55,17,10,6,0,4,8,0,0,0,0,0,0,6,5,0
5,0,4,6,12,9,53,77,82,58,40,13,12,16,5,11,7,0,0,0,0,0,6,0,0,0
0,8,12,18,20,50,54,76,100,118,135,138,138,134,130,106,90,55,52,0,0,0,20,0,7,14
0,0,9,12,14,12,52,106,116,134,139,144,138,136,122,109,96,73,71,0,0,0,15,0,7,11
0,0,12,11,12,12,77,110,125,136,150,153,134,125,121,114,112,108,105,0,0,0,30,0,9,13
10,4,11,12,9,13,71,111,123,141,141,140,129,113,108,100,106,107,107,0,0,0,38,5,10,12
6,0,0,7,0,13,93,112,127,136,134,132,118,109,73,68,73,83,102,0,0,0,38,0,10,17
8,0,0,0,10,33,75,114,131,136,140,138,123,107,70,60,59,52,76,0,0,0,31,0,12,17
9,0,0,0,20,57,77,109,134,143,146,143,119,94,70,53,54,19,53,0,0,0,25,0,17,13
0,0,0,6,7,56,83,117,135,153,148,142,125,95,64,55,43,11,33,0,0,0,12,0,11,12
5,0,0,0,9,56,88,122,137,142,145,138,119,100,61,56,37,12,19,0,0,0,12,0,8,8
8,0,0,0,0,59,105,122,134,134,136,128,112,100,71,55,44,11,7,0,0,0,12,0,10,12
0,0,0,0,6,64,102,117,125,122,125,115,109,73,64,57,38,9,8,0,0,0,0,0,6,9
6,0,0,0,0,69,107,116,125,121,120,111,108,96,62,58,35,6,10,0,0,0,10,0,7,7
0,0,0,0,14,78,110,121,131,128,122,109,116,102,83,58,35,9,13,0,0,0,11,0,7,9
4,0,0,0,8,86,113,131,138,133,133,123,115,103,75,56,41,9,19,0,0,0,12,0,12,7
4,0,0,12,56,104,121,140,161,153,135,115,106,90,59,40,28,10,20,0,0,0,12,0,12,13
0,0,8,38,81,114,131,149,171,170,144,127,111,91,67,59,51,11,14,0,0,0,28,6,13,22
23,9,14,59,89,114,134,151,165,150,137,110,109,81,56,57,57,11,30,0,0,0,35,5,14,19
6,0,7,44,80,111,135,156,155,136,133,106,91,69,54,45,42,8,10,0,0,0,10,4,10,11
7,0,11,53,87,115,140,160,156,136,125,115,85,60,51,45,27,14,11,0,0,0,10,0,5,5
6,0,12,53,91,119,147,165,162,144,137,132,101,81,55,59,38,12,25,0,0,0,29,4,10,10
12,10,12,52,102,112,139,165,169,152,128,127,102,79,31,56,52,9,15,0,0,0,13,4,11,25
12,8,11,47,98,109,126,142,154,145,135,135,107,79,45,56,54,10,13,0,0,0,13,7,9,10
11,0,8,11,62,91,114,135,141,138,128,127,99,73,47,55,52,11,10,0,0,0,11,10,12,12
10,0,10,9,53,73,98,125,135,128,119,116,89,68,36,50,14,12,17,0,0,0,14,6,12,13
9,0,10,14,51,64,86,103,127,129,119,107,87,63,26,38,19,13,21,0,0,0,12,0,10,12
12,6,12,15,35,57,78,99,114,111,115,102,87,63,29,50,15,0,12,0,0,0,11,5,10,8
10,0,11,14,27,50,76,101,105,103,99,94,81,62,32,40,10,5,7,0,0,0,11,0,10,11
4,0,6,12,12,40,67,82,95,100,106,94,77,56,30,25,26,8,9,0,0,0,12,0,8,10
10,5,7,11,11,40,61,73,89,95,110,89,74,57,13,19,13,10,10,0,0,0,9,7,10,9
0,0,8,8,8,19,58,68,83,89,103,77,66,55,8,14,11,5,8,0,0,0,10,5,8,8
0,0,6,0,9,14,53,68,75,92,84,73,61,54,10,11,10,7,6,0,0,0,10,0,6,8
6,0,0,0,8,12,53,66,81,92,89,73,62,50,8,0,6,0,8,0,0,0,7,0,5,6
4,0,0,0,0,9,54,70,86,96,85,79,64,12,0,7,6,0,11,0,0,0,5,0,0,7
0,0,0,0,0,10,58,71,99,87,89,70,55,12,8,11,0,0,0,0,0,0,7,0,3,0
0,0,6,0,8,15,64,85,119,98,90,66,54,10,11,11,10,0,9,0,0,0,6,0,0,0
5,0,0,9,13,43,62,93,110,98,80,66,54,10,12,12,10,4,6,0,0,0,10,0,0,0
5,0,6,8,13,46,74,94,111,97,72,57,54,11,11,13,13,5,5,0,0,0,8,7,0,8
5,0,0,8,12,43,72,104,106,102,64,52,34,11,9,12,11,0,0,0,0,0,8,0,4,4
0,0,0,6,12,14,57,94,102,72,55,17,11,6,0,4,8,0,0,0,0,0,0,3,6,3
5,0,4,7,12,9,53,77,82,58,40,14,12,16,5,11,7,0,0,0,0,0,6,0,0,0
0,8,12,20,20,50,54,76,100,118,135,138,138,134,130,106,89,57,52,0,0,0,20,0,7,14
0,0,9,12,14,12,52,106,116,134,139,144,138,136,122,109,97,75,71,0,0,0,16,0,7,11
0,0,12,11,12,12,77,110,125,136,151,153,134,125,121,114,112,108,105,0,0,0,30,0,9,13
10,4,11,12,9,13,71,111,123,141,140,140,129,113,109,101,106,107,107,0,0,0,40,0,10,12
6,0,0,7,0,13,93,112,127,136,135,132,118,109,74,68,73,83,102,0,0,0,38,0,10,17
8,0,0,0,10,32,75,114,131,136,140,138,123,107,70,60,60,52,76,0,0,0,34,0,12,17
9,0,0,0,20,57,76,109,134,143,146,143,119,94,70,53,54,19,53,0,0,0,26,0,18,13
0,0,0,6,7,55,83,117,135,153,148,142,125,96,65,55,43,11,33,0,0,0,12,0,11,12
5,0,0,0,9,56,88,122,137,142,145,138,119,100,62,56,37,12,19,0,0,0,12,0,8,8
8,0,0,0,0,58,105,122,134,134,136,128,112,100,72,55,44,11,7,0,0,0,12,0,10,12
0,0,0,0,6,64,102,117,125,122,125,115,109,74,65,57,38,9,8,0,0,0,0,0,6,9
6,0,0,0,0,69,107,116,125,121,120,111,108,96,63,57,36,6,10,0,0,0,10,0,7,7
0,0,0,0,15,78,110,121,131,128,122,108,116,102,83,58,34,9,13,0,0,0,11,0,8,8
4,0,0,0,8,86,113,131,138,133,133,123,115,104,75,56,41,9,19,0,0,0,13,0,12,7
4,0,0,12,57,104,121,140,161,154,135,115,106,90,60,40,28,10,20,0,0,0,12,0,12,13
0,0,8,38,82,114,131,149,171,171,144,127,111,92,68,59,51,11,14,0,0,0,29,0,13,22
23,9,14,59,89,113,134,151,165,150,137,110,109,82,57,57,57,11,30,0,0,0,36,0,14,19
6,0,7,45,80,111,134,156,156,136,134,106,91,69,55,45,42,7,10,0,0,0,10,0,10,11
7,0,10,53,87,115,140,160,156,136,125,115,85,60,51,45,27,14,11,0,0,0,11,0,5,5
5,0,12,54,92,119,147,166,162,145,137,132,101,82,56,59,38,12,25,0,0,0,29,0,10,10
12,10,12,52,102,113,139,165,169,153,128,128,102,80,32,56,52,9,15,0,0,0,14,0,11,23
12,8,11,50,98,109,126,142,155,145,135,135,107,79,45,56,54,10,13,0,0,0,13,5,9,10
11,0,8,11,63,91,114,135,142,138,128,128,99,73,47,56,52,11,10,0,0,0,11,7,12,12
10,0,10,10,53,73,98,126,135,128,119,116,89,68,38,50,14,12,17,0,0,0,14,4,12,13
8,0,10,14,51,63,86,103,127,129,120,107,87,63,28,40,21,13,19,0,0,0,12,0,10,12
12,6,12,15,37,57,78,100,114,112,115,102,87,63,31,50,15,0,12,0,0,0,11,0,10,8
10,0,11,14,27,50,76,102,105,104,99,94,81,62,32,40,10,5,7,0,0,0,11,0,10,11
4,0,6,12,12,40,67,82,95,100,106,94,77,57,31,26,27,8,9,0,0,0,13,0,8,10
10,5,7,11,11,40,61,73,89,96,110,89,74,57,13,19,13,10,10,0,0,0,9,4,10,8
0,0,8,8,8,18,58,68,83,89,103,77,66,55,9,14,11,5,8,0,0,0,10,3,8,8
0,0,6,0,9,14,53,68,75,92,84,73,61,54,10,10,10,7,6,0,0,0,10,0,6,7
6,0,0,0,8,12,54,66,81,93,90,73,62,50,8,0,6,0,8,0,0,0,7,0,5,7
4,0,0,0,0,9,54,70,87,96,85,79,64,13,0,7,6,0,11,0,0,0,5,0,0,7
0,0,0,0,0,10,59,71,99,87,89,70,55,12,8,11,0,0,0,0,0,0,7,0,3,0
0,0,6,0,9,14,64,85,119,98,90,67,54,10,11,11,10,0,9,0,0,0,7,0,0,0
5,0,0,9,14,40,63,93,111,98,80,66,54,11,12,11,10,4,6,0,0,0,10,0,0,0
5,0,6,8,13,46,74,94,111,97,72,57,54,11,11,13,13,5,5,0,0,0,8,4,0,8
5,0,0,8,12,43,72,104,106,102,64,53,36,11,9,12,11,0,0,0,0,0,8,0,4,4
0,0,0,6,12,14,57,94,102,72,55,18,11,6,0,4,8,0,0,0,0,0,0,0,6,3
5,0,4,7,12,9,53,78,82,58,42,14,12,16,5,11,7,0,0,0,0,0,6,0,0,0
0,8,12,20,19,50,54,76,100,118,135,138,138,134,131,106,89,57,52,0,0,0,20,0,7,14
0,0,9,12,14,12,52,106,116,134,139,145,138,136,123,109,96,77,70,0,0,0,17,0,7,11
0,0,12,11,12,12,77,110,124,135,151,153,134,123,122,114,112,108,105,0,0,0,30,0,9,13
10,4,11,12,9,14,71,112,123,141,141,140,129,114,109,101,106,108,107,0,0,0,40,0,11,12
7,0,0,7,0,13,93,112,127,136,135,132,118,109,76,68,73,85,102,0,0,0,40,0,10,16
8,0,0,0,11,32,75,114,130,136,140,138,124,107,71,60,59,53,75,0,0,0,34,0,12,17
9,0,0,0,19,57,76,109,134,143,146,143,120,94,72,53,54,23,53,0,0,0,27,0,18,13
0,0,0,6,7,56,83,117,135,153,148,142,125,96,66,55,43,12,33,0,0,0,12,0,11,12
5,0,0,0,9,56,87,122,137,142,145,138,119,99,63,56,37,13,19,0,0,0,12,0,8,8
8,0,0,0,0,58,105,122,134,134,136,128,112,100,74,55,43,11,7,0,0,0,12,0,10,12
0,0,0,0,6,64,102,117,125,122,126,115,109,74,66,57,38,9,8,0,0,0,0,0,6,9
6,0,0,0,0,69,107,116,125,121,120,111,108,95,65,58,35,6,10,0,0,0,10,0,7,7
0,0,0,0,15,78,110,121,131,128,122,108,116,102,86,58,34,9,13,0,0,0,11,0,8,8
4,0,0,0,8,86,113,131,138,133,133,123,115,104,78,56,41,9,19,0,0,0,13,0,12,7
4,0,0,12,57,104,121,140,161,154,135,116,106,90,61,40,28,10,20,0,0,0,12,0,12,13
0,0,8,38,81,114,132,149,171,170,144,127,111,93,72,59,51,11,14,0,0,0,29,0,13,22
23,9,14,59,89,113,134,151,165,150,137,110,110,82,58,58,57,11,27,0,0,0,38,0,15,19
6,0,7,45,79,111,135,156,155,136,133,107,92,69,56,45,42,8,10,0,0,0,10,0,11,11
7,0,10,53,87,116,140,160,156,136,125,115,85,60,52,45,27,14,11,0,0,0,11,0,5,5
6,0,12,54,92,119,147,166,162,145,137,132,101,81,57,59,38,13,25,0,0,0,31,0,10,10
12,10,12,52,102,112,139,165,169,153,128,128,103,80,37,56,52,9,15,0,0,0,14,0,11,25
12,8,11,50,98,109,126,142,154,145,135,135,107,79,50,56,54,11,13,0,0,0,13,4,9,10
11,0,8,11,63,91,114,135,142,138,128,128,100,73,50,56,52,12,10,0,0,0,11,6,12,12
10,0,10,10,53,73,98,126,135,128,119,116,89,68,43,50,14,12,17,0,0,0,14,0,12,12
8,0,10,14,51,63,86,103,127,129,120,107,87,63,32,40,21,13,19,0,0,0,12,0,10,12
12,0,12,16,35,57,77,100,114,111,115,102,87,63,35,50,15,6,12,0,0,0,11,0,10,8
10,0,11,14,27,50,76,102,105,103,99,94,81,62,36,40,10,6,7,0,0,0,11,0,10,11
4,0,6,12,13,40,68,82,95,100,106,95,77,57,34,26,26,8,9,0,0,0,13,0,8,10
9,5,7,11,11,40,61,73,89,95,110,90,74,57,14,19,13,10,10,0,0,0,10,3,10,8
0,0,8,8,8,19,58,68,83,88,103,77,67,55,10,14,11,5,8,0,0,0,10,0,8,8
0,0,6,0,9,14,53,68,75,92,84,73,61,54,10,11,10,7,5,0,0,0,10,0,6,7
6,0,0,0,8,12,54,66,81,92,90,73,63,50,9,0,6,0,7,0,0,0,7,0,5,7
4,0,0,0,0,9,54,70,86,96,85,79,64,13,0,7,5,0,11,0,0,0,5,0,0,7
5,0,0,0,0,10,59,71,99,87,90,70,55,12,9,11,0,0,0,0,0,0,7,0,3,0
0,0,6,0,9,15,65,85,119,98,90,67,54,10,12,11,10,0,9,0,0,0,7,0,0,0
5,0,0,9,13,43,63,93,111,98,80,66,54,11,13,12,10,4,6,0,0,0,10,0,0,0
5,0,6,8,13,46,74,94,111,97,72,57,54,11,11,13,13,5,5,0,0,0,8,0,0,8
6,0,0,8,12,43,72,104,105,103,64,53,34,11,9,12,11,4,0,0,0,0,8,0,4,4
0,0,0,6,12,14,57,94,102,72,55,18,11,6,0,4,8,0,0,0,0,0,0,0,6,3
5,0,4,7,12,9,53,78,81,58,42,14,12,16,6,11,7,0,0,0,0,0,6,0,0,0
0,8,12,20,19,50,54,76,100,118,135,137,138,135,131,107,89,58,52,0,0,0,20,0,7,14
0,0,9,12,14,12,51,105,115,134,139,144,138,136,123,109,97,78,70,0,0,0,17,0,8,11
0,0,12,11,12,12,77,109,124,136,151,152,135,123,122,115,112,109,105,0,0,0,30,0,9,13
10,4,11,12,9,13,71,112,123,141,141,140,130,114,109,101,106,108,107,0,0,0,40,0,11,12
7,0,0,7,0,12,93,111,127,136,135,132,118,110,77,69,73,87,101,0,0,0,40,0,10,16
8,0,0,0,11,30,75,114,130,136,140,138,124,107,72,60,60,54,75,0,0,0,34,0,12,17
9,0,0,0,19,57,76,109,134,143,147,143,120,95,73,54,55,25,52,0,0,0,27,0,18,13
0,0,0,6,7,55,83,116,135,153,149,142,126,97,67,55,44,12,31,0,0,0,12,0,11,12
5,0,0,0,9,56,87,121,137,142,146,137,119,100,63,57,38,13,17,0,0,0,12,0,8,8
8,0,0,0,0,58,105,122,134,134,136,128,113,100,74,56,44,11,7,0,0,0,12,0,10,12
0,0,0,0,6,63,102,117,124,122,126,114,109,74,67,58,38,10,8,0,0,0,0,0,6,9
6,0,0,0,0,68,107,115,125,121,120,110,108,96,66,59,36,6,10,0,0,0,11,0,7,7
0,0,0,0,15,77,110,121,130,128,123,108,116,102,87,59,35,9,13,0,0,0,11,0,8,8
4,0,0,0,8,86,113,131,138,133,133,123,115,104,79,57,42,10,17,0,0,0,13,0,12,7
4,0,0,12,57,104,121,140,161,154,136,115,107,90,62,41,30,10,20,0,0,0,12,0,12,13
0,0,8,38,81,113,131,149,171,171,145,126,112,93,73,60,52,12,14,0,0,0,29,0,13,23
25,9,14,59,89,113,134,151,165,150,138,110,110,82,59,59,57,11,27,0,0,0,38,0,15,19
6,0,7,45,79,111,134,156,155,136,134,106,92,69,56,46,42,8,10,0,0,0,10,0,11,11
7,0,10,53,87,115,140,160,156,137,126,115,85,60,53,46,27,15,11,0,0,0,11,0,5,5
6,0,12,53,92,119,147,165,162,145,138,132,101,82,58,60,39,13,22,0,0,0,31,0,11,10
12,10,12,52,102,112,139,165,169,153,128,127,103,80,39,56,52,10,14,0,0,0,14,0,11,25
12,8,11,50,99,108,126,142,154,145,136,134,108,79,51,57,55,11,13,0,0,0,13,4,8,10
11,0,8,11,62,91,114,135,142,138,129,127,100,74,51,56,52,12,10,0,0,0,11,6,12,12
10,0,10,10,53,73,98,125,135,128,120,115,89,69,47,51,14,13,15,0,0,0,14,0,12,12
8,0,10,14,51,63,86,103,127,129,120,106,87,63,34,41,21,13,19,0,0,0,12,0,10,12
12,0,12,15,35,57,77,99,114,112,116,102,88,64,39,50,17,6,12,0,0,0,11,0,10,8
10,0,11,14,28,50,76,101,105,104,100,94,82,62,38,42,11,6,7,0,0,0,11,0,10,11
4,0,6,12,13,38,67,82,95,100,106,94,78,57,35,27,27,8,8,0,0,0,13,0,8,10
9,5,7,11,11,35,60,73,89,96,111,89,75,58,14,21,13,10,10,0,0,0,10,3,10,9
0,0,8,8,8,19,58,68,83,89,104,77,67,56,10,15,11,5,8,0,0,0,10,0,8,8
0,0,6,0,9,14,53,67,75,93,85,73,62,55,10,11,10,8,0,0,0,0,10,0,6,7
6,0,0,0,8,12,53,66,81,93,90,73,63,51,9,0,7,0,7,0,0,0,7,0,5,7
4,0,0,0,0,9,54,70,86,96,85,79,65,13,0,7,5,0,11,0,0,0,5,0,0,7
5,0,0,0,0,10,59,71,98,88,90,70,56,12,9,11,0,0,0,0,0,0,7,0,0,0
0,0,6,0,8,14,65,85,119,99,92,66,55,10,12,11,10,0,8,0,0,0,7,0,0,0
5,0,0,9,13,40,62,93,111,99,81,66,55,11,13,12,11,5,6,0,0,0,10,0,0,0
5,0,6,8,13,42,74,94,111,98,73,57,54,11,11,13,13,5,5,0,0,0,8,0,0,8
6,0,0,8,13,40,72,104,106,103,65,52,38,11,9,12,11,4,0,0,0,0,8,0,4,4
0,0,0,6,12,14,57,94,102,72,56,17,12,6,0,4,8,0,0,0,0,0,0,0,6,3
5,0,4,7,12,9,53,77,81,58,43,14,12,17,6,12,7,0,0,0,0,0,6,0,0,0
0,8,12,20,20,50,54,76,100,118,135,137,138,134,131,107,90,59,51,0,0,0,20,0,7,15
0,0,9,12,14,12,50,105,116,134,139,145,138,136,123,109,97,80,68,0,0,0,17,0,7,11
0,0,12,11,12,12,77,109,125,136,151,153,135,123,122,115,112,109,105,0,0,0,30,0,9,13
10,4,11,12,9,13,72,112,123,141,141,140,130,114,109,101,106,109,107,0,0,0,40,0,10,12
7,0,0,7,0,13,93,111,127,136,135,132,118,110,77,69,73,87,101,0,0,0,43,0,10,16
8,0,0,0,11,32,75,114,130,136,140,138,124,108,72,60,59,56,75,0,0,0,34,0,12,16
9,0,0,0,17,57,76,109,134,143,147,142,120,94,73,54,55,29,52,0,0,0,27,0,17,13
0,0,0,6,7,55,83,116,135,153,149,142,126,96,67,55,44,13,31,0,0,0,12,0,11,12
5,0,0,0,9,56,86,121,137,142,146,137,119,100,64,57,38,13,17,0,0,0,12,0,8,8
8,0,0,0,0,58,105,121,134,134,136,128,113,100,74,56,44,12,7,0,0,0,13,0,10,12
0,0,0,0,6,64,102,117,125,122,126,114,109,74,67,58,38,10,8,0,0,0,0,0,6,9
5,0,0,0,0,69,107,115,125,121,120,110,108,95,66,59,36,7,10,0,0,0,10,0,7,7
0,0,0,0,17,78,110,121,130,128,123,108,116,102,87,59,35,10,13,0,0,0,11,0,8,8
4,0,0,0,9,86,113,131,138,133,133,123,115,104,79,57,42,10,15,0,0,0,13,0,12,7
4,0,0,12,57,104,121,140,161,154,136,115,107,90,62,42,31,11,19,0,0,0,12,0,12,13
0,0,8,38,82,113,131,149,171,171,145,126,112,92,73,60,52,12,14,0,0,0,29,0,13,23
25,9,14,59,89,113,134,151,165,151,138,110,110,82,59,59,58,12,27,0,0,0,38,0,14,19
6,0,7,44,79,111,134,156,156,137,134,106,92,70,57,46,42,8,10,0,0,0,10,0,10,11
7,0,10,53,87,116,140,160,156,137,126,115,85,61,53,46,28,16,11,0,0,0,11,0,5,5
5,0,12,53,92,119,147,165,162,145,138,132,101,82,58,60,39,14,22,0,0,0,31,0,10,10
12,10,12,52,102,112,139,165,170,153,129,127,103,80,40,56,52,10,14,0,0,0,14,0,11,25
12,8,11,47,98,109,126,142,154,145,136,134,108,80,51,57,54,11,13,0,0,0,13,6,8,10
11,0,8,11,62,91,114,135,142,139,129,127,100,74,51,56,52,12,9,0,0,0,11,8,12,12
10,0,10,9,53,73,98,125,135,128,120,115,89,69,47,51,14,13,14,0,0,0,14,5,12,12
8,0,10,14,51,64,86,103,127,129,120,107,87,63,34,41,23,13,17,0,0,0,12,0,10,12
12,0,12,15,35,57,77,100,114,112,116,102,88,63,39,50,17,6,12,0,0,0,11,0,10,8
10,0,11,14,28,50,76,101,106,104,100,94,82,62,38,42,11,6,7,0,0,0,11,0,10,11
4,0,6,12,13,40,67,82,95,100,106,94,78,57,35,28,26,9,8,0,0,0,13,0,8,10
9,5,7,11,11,35,60,73,89,96,111,89,75,58,14,23,13,11,9,0,0,0,10,6,10,9
0,0,8,8,8,20,58,68,83,89,104,77,67,56,10,15,12,6,8,0,0,0,10,4,8,8
0,0,6,0,9,15,53,67,75,93,85,73,62,55,10,11,10,8,0,0,0,0,10,0,6,7
7,0,0,0,8,12,53,66,81,93,90,73,64,51,10,0,7,0,7,0,0,0,7,0,5,7
4,0,0,0,0,9,54,70,86,96,85,79,65,13,6,7,6,0,11,0,0,0,5,0,0,7
0,0,0,0,0,10,59,71,98,88,90,70,56,12,9,11,0,0,0,0,0,0,7,0,3,0
0,0,6,0,8,15,65,85,119,99,92,66,55,11,12,11,10,0,8,0,0,0,7,0,0,0
5,0,0,9,13,43,63,93,111,99,81,66,55,11,13,12,11,5,6,0,0,0,10,0,0,0
5,0,6,8,13,46,74,94,111,98,73,57,55,11,12,13,13,6,5,0,0,0,8,4,0,8
6,0,0,8,12,43,72,104,106,103,65,52,40,11,9,12,11,4,0,0,0,0,8,0,4,4
0,0,0,6,12,14,57,94,102,72,56,17,12,6,0,4,8,0,0,0,0,0,0,0,6,3
5,0,4,6,12,9,53,77,81,58,44,14,12,17,6,12,7,0,0,0,0,0,6,0,0,0
0,8,12,20,19,50,54,76,100,118,135,137,139,135,131,107,90,59,51,0,0,0,25,0,7,14
0,0,10,12,14,13,50,105,116,134,139,145,138,136,123,109,96,80,68,0,0,0,15,0,7,11
0,0,12,11,12,12,77,109,124,136,151,152,135,123,122,115,112,110,105,0,0,0,29,0,9,13
10,4,11,12,9,13,71,112,123,141,141,140,130,114,110,101,106,110,107,0,0,0,38,6,10,12
7,0,0,7,0,12,92,111,127,136,135,132,118,110,78,69,74,89,101,0,0,0,31,0,10,16
8,0,0,0,11,32,75,114,130,136,140,138,124,107,72,60,60,56,74,0,0,0,23,0,12,17
9,0,0,0,17,57,76,108,133,143,147,143,120,95,73,54,55,31,51,0,0,0,27,0,17,13
0,0,0,6,7,56,83,116,134,153,149,142,127,96,67,56,44,13,29,0,0,0,11,0,11,12
5,0,0,0,9,57,87,121,137,142,146,137,120,100,64,57,38,14,15,0,0,0,13,0,8,8
8,0,0,0,0,59,104,122,134,134,136,128,113,100,74,57,44,12,7,0,0,0,13,0,10,12
0,0,0,0,6,64,102,117,124,123,126,115,109,74,68,58,38,10,8,0,0,0,0,0,6,9
6,0,0,0,0,70,107,115,125,121,120,111,108,96,66,60,36,7,10,0,0,0,10,0,7,7
0,0,0,0,17,80,110,121,130,128,123,108,117,102,88,59,35,10,12,0,0,0,11,0,7,8
4,0,0,0,9,88,113,131,137,133,133,123,116,104,80,58,42,10,15,0,0,0,13,0,12,7
4,0,0,12,57,104,121,140,161,154,136,115,107,90,63,42,31,12,18,0,0,0,12,4,12,13
0,0,8,38,82,114,131,149,171,171,145,127,112,92,74,61,52,13,14,0,0,0,28,7,13,22
27,9,14,59,89,114,134,151,165,150,138,110,111,82,59,59,58,12,27,0,0,0,36,7,14,19
6,0,7,44,79,111,134,156,155,136,134,106,93,70,57,47,42,8,9,0,0,0,10,5,10,11
6,0,10,53,87,116,140,159,156,137,126,115,85,61,54,47,28,18,11,0,0,0,11,0,5,5
5,0,12,53,91,119,146,165,163,145,138,132,102,82,58,60,39,14,22,0,0,0,31,5,10,10
12,10,12,52,102,112,139,165,170,153,129,128,104,80,40,56,52,10,14,0,0,0,14,5,11,25
12,8,11,50,98,109,126,142,154,145,136,135,108,80,51,58,54,11,13,0,0,0,13,9,9,10
11,0,8,11,62,91,114,135,142,139,128,127,100,74,51,56,52,13,9,0,0,0,11,10,12,12
10,0,10,9,53,73,98,125,135,128,120,116,90,69,50,51,14,13,14,0,0,0,14,8,12,12
8,0,10,14,51,64,86,103,127,129,120,107,87,64,34,41,23,14,17,0,0,0,12,4,10,12
12,0,12,14,35,57,77,100,113,112,116,102,88,63,41,50,17,7,11,0,0,0,11,7,10,8
10,0,11,14,27,50,76,102,105,104,100,94,82,62,40,44,11,7,7,0,0,0,11,0,10,11
4,0,6,12,13,40,67,82,95,100,106,94,78,57,35,28,26,9,8,0,0,0,13,5,8,10
9,5,7,11,11,37,60,73,89,96,111,89,75,58,14,23,13,11,9,0,0,0,10,8,10,9
0,0,8,8,8,20,58,68,83,89,104,77,68,56,10,15,12,6,8,0,0,0,10,6,8,8
0,0,6,0,9,14,53,68,74,93,85,73,62,55,10,11,10,8,0,0,0,0,10,4,6,7
7,0,0,0,8,12,53,66,81,93,90,73,64,51,10,6,7,0,7,0,0,0,7,0,5,7
4,0,0,0,0,10,54,70,86,96,85,79,66,13,6,7,5,0,11,0,0,0,5,0,0,7
0,0,0,0,0,10,58,71,98,87,91,70,56,12,10,11,0,0,0,0,0,0,7,0,3,0
0,0,6,0,8,15,65,85,119,99,91,66,55,11,12,11,10,0,8,0,0,0,7,0,0,0
5,0,0,9,14,43,63,93,111,99,81,66,55,11,13,12,11,5,6,0,0,0,10,4,0,0
5,0,6,9,13,46,74,94,111,98,73,57,55,11,12,13,13,6,5,0,0,0,8,7,0,8
6,0,0,8,12,43,72,104,105,103,65,52,43,11,9,12,11,4,0,0,0,0,8,0,4,4
0,0,0,6,12,14,57,94,101,73,56,17,12,6,0,4,8,0,0,0,0,0,0,4,6,3
5,0,4,6,12,9,53,77,81,58,44,14,12,17,6,12,7,0,0,0,0,0,6,0,0,0
0,7,12,18,20,50,53,76,100,118,135,137,139,134,131,107,90,59,51,0,0,0,24,9,7,15
0,0,10,12,14,13,50,105,116,134,139,144,138,136,123,109,97,80,66,0,0,0,15,10,7,11
0,0,12,11,12,12,77,110,125,136,150,152,135,124,123,115,113,110,105,0,0,0,28,11,9,13
10,4,11,12,9,13,71,112,124,141,141,140,130,113,110,101,106,109,107,0,0,0,38,13,10,12
7,0,0,7,0,12,93,112,127,136,135,132,118,110,78,69,74,90,101,0,0,0,29,11,10,16
8,0,0,0,12,32,75,114,130,136,140,138,124,108,73,60,60,56,74,0,0,0,23,11,12,17
9,0,0,0,17,57,76,110,134,143,147,143,120,94,73,54,55,31,50,0,0,0,26,10,17,13
4,0,0,7,7,56,83,117,135,154,149,142,127,96,67,56,44,13,27,0,0,0,11,9,11,12
5,0,0,0,9,57,88,120,137,143,146,138,120,100,65,57,38,14,14,0,0,0,13,10,8,8
8,0,0,0,0,59,104,121,134,134,136,128,113,100,75,56,43,12,7,0,0,0,13,7,10,12
0,0,0,0,6,64,102,117,125,123,126,115,109,74,68,58,39,10,8,0,0,0,0,0,6,9
6,0,0,0,0,70,107,116,125,121,121,111,108,96,67,59,36,7,10,0,0,0,10,6,7,7
0,0,0,0,19,80,110,121,131,128,123,108,117,102,90,59,35,10,12,0,0,0,11,0,7,8
4,0,0,0,9,88,113,131,138,134,133,124,116,104,82,58,42,10,14,0,0,0,13,8,12,7
4,0,0,13,57,104,121,140,161,153,136,116,107,90,63,41,31,12,17,0,0,0,12,12,12,13
0,0,8,40,82,114,131,149,171,170,145,127,112,92,74,60,52,13,13,0,0,0,28,12,13,23
27,10,13,59,90,114,134,153,166,150,138,110,111,82,60,59,57,12,25,0,0,0,35,13,14,19
6,0,7,45,79,111,134,155,155,136,134,106,93,70,58,47,41,8,9,0,0,0,10,10,10,11
7,0,10,53,87,115,140,159,156,137,125,115,85,61,54,46,28,18,10,0,0,0,11,0,5,5
6,0,12,53,91,119,146,165,163,145,138,132,102,82,59,60,39,14,20,0,0,0,29,9,10,10
12,10,12,52,102,112,139,165,170,153,129,128,104,80,40,56,52,10,14,0,0,0,14,11,11,25
12,8,11,50,98,109,126,141,155,145,135,135,108,80,51,57,54,11,13,0,0,0,13,11,9,10
11,0,8,11,63,91,114,136,142,139,128,128,100,75,51,56,52,13,9,0,0,0,11,13,12,12
10,0,10,10,53,73,99,125,135,128,120,116,90,69,50,51,14,13,14,0,0,0,14,10,12,13
8,0,10,14,51,64,86,103,128,130,120,107,87,64,34,43,23,14,14,0,0,0,12,7,10,12
12,6,12,14,37,57,77,100,114,112,116,102,88,63,43,50,17,7,11,0,0,0,11,10,10,8
10,0,11,14,28,51,76,102,106,104,100,94,82,62,40,44,11,7,7,0,0,0,11,6,10,11
4,0,6,12,13,43,67,82,95,100,106,95,78,57,36,28,27,9,8,0,0,0,13,8,8,10
9,5,7,11,11,37,60,73,89,96,111,89,75,58,14,21,13,11,9,0,0,0,10,10,10,9
0,0,8,8,8,21,58,68,83,89,104,77,68,56,10,15,12,6,8,0,0,0,10,8,8,8
0,0,6,0,9,14,53,68,75,93,85,73,62,55,11,11,10,8,0,0,0,0,10,7,6,7
6,0,0,0,8,12,54,66,81,93,90,73,64,51,10,6,7,0,7,0,0,0,8,6,5,7
4,0,0,0,0,10,54,70,86,97,86,79,65,13,6,7,6,0,11,0,0,0,5,5,4,7
0,0,0,0,0,10,58,71,99,88,91,70,56,12,10,11,0,0,0,0,0,0,7,0,3,0
0,0,6,0,8,15,65,85,119,99,91,66,55,11,12,11,10,0,8,0,0,0,7,5,0,0
6,0,0,9,14,43,63,93,112,100,81,66,55,11,13,12,11,5,6,0,0,0,10,7,0,0
5,0,6,9,13,46,74,94,111,99,74,57,55,11,12,13,13,6,4,0,0,0,8,9,0,8
6,0,0,8,12,43,71,105,106,103,65,52,47,11,9,12,11,4,0,0,0,0,8,5,4,5
0,0,0,6,12,14,57,94,102,73,56,17,11,6,0,4,8,0,0,0,0,0,0,6,6,3
5,0,5,6,12,10,54,78,82,58,44,14,12,17,6,12,7,0,0,0,0,0,6,0,0,0
0,7,12,18,20,50,54,76,100,118,135,137,138,134,131,107,90,59,50,0,0,0,24,9,7,14
0,0,10,12,14,13,50,105,116,134,138,144,138,136,123,109,97,81,65,0,0,0,15,10,7,11
0,0,12,11,12,12,77,110,125,136,151,153,135,124,123,115,113,110,104,0,0,0,28,11,9,13
10,4,11,12,9,13,71,112,124,141,141,140,130,113,110,102,106,110,107,0,0,0,39,13,10,12
7,0,0,7,0,13,93,112,127,136,135,132,118,110,78,69,74,91,101,0,0,0,29,11,10,17
8,0,0,0,11,32,75,114,130,136,140,138,124,108,74,61,60,57,73,0,0,0,23,11,12,17
9,0,0,0,19,57,76,110,134,143,147,143,120,95,73,54,55,33,50,0,0,0,23,9,17,13
0,0,0,7,7,56,84,117,135,154,149,142,126,96,67,56,44,13,25,0,0,0,11,9,11,12
5,0,0,0,9,57,88,121,137,143,146,138,120,100,65,57,38,14,14,0,0,0,13,10,8,8
8,0,0,0,0,59,104,121,134,135,136,128,113,100,75,56,44,12,7,0,0,0,13,7,10,12
0,0,0,0,6,64,102,118,125,123,126,115,109,74,69,58,39,10,7,0,0,0,0,0,6,9
6,0,0,0,0,70,106,116,125,121,121,111,108,96,67,59,36,7,10,0,0,0,10,5,7,7
0,0,0,0,19,80,110,121,131,128,123,108,117,102,91,60,36,10,11,0,0,0,11,0,7,8
4,0,0,0,9,88,113,131,138,134,133,124,116,104,83,57,42,10,14,0,0,0,12,8,12,7
4,0,0,13,57,104,121,140,160,153,136,116,107,91,64,41,32,12,16,0,0,0,12,12,12,13
0,0,8,40,82,114,131,148,171,170,145,127,112,92,75,60,52,13,13,0,0,0,27,12,13,22
27,10,13,59,90,114,134,152,166,151,138,110,111,82,60,59,58,12,22,0,0,0,33,13,14,19
6,0,7,45,79,111,134,155,155,136,134,106,93,70,58,47,42,9,9,0,0,0,10,10,10,11
7,0,10,54,87,115,140,159,157,137,126,115,85,61,54,46,29,20,10,0,0,0,11,0,5,5
5,0,12,53,91,119,146,165,163,145,138,132,101,82,59,60,39,15,17,0,0,0,29,9,10,10
12,10,12,53,102,112,139,166,170,153,129,128,103,81,42,56,53,11,13,0,0,0,13,11,11,23
12,8,11,50,98,109,126,141,155,145,135,135,108,80,51,57,54,12,12,0,0,0,13,11,9,10
10,0,8,11,63,91,114,136,142,139,128,128,100,75,52,56,52,13,9,0,0,0,11,13,12,12
10,0,10,10,53,73,99,125,135,128,120,116,90,69,50,51,14,14,14,0,0,0,14,10,12,13
8,0,10,14,51,64,86,103,128,130,120,107,87,63,36,43,23,14,14,0,0,0,12,7,10,12
12,6,12,15,37,57,77,100,114,112,116,102,88,63,43,50,15,7,11,0,0,0,11,10,10,8
10,0,11,14,28,51,76,102,106,104,100,94,82,62,42,44,11,7,7,0,0,0,11,5,10,11
4,0,6,12,13,45,68,82,95,101,106,95,78,57,36,27,27,9,8,0,0,0,13,8,8,10
9,5,7,11,11,37,60,74,89,96,111,89,75,58,14,21,13,11,9,0,0,0,10,10,10,8
0,0,8,8,8,21,58,68,84,89,104,77,68,55,11,15,12,6,8,0,0,0,10,8,8,8
0,0,6,0,10,14,53,68,75,93,85,73,62,55,11,11,10,8,0,0,0,0,10,7,6,7
6,0,0,0,8,12,54,66,81,93,90,73,64,51,10,6,7,0,7,0,0,0,8,6,5,7
4,0,0,0,0,10,54,70,86,97,86,79,66,13,6,7,6,0,11,0,0,0,5,5,4,7
5,0,0,0,0,10,58,71,99,88,91,70,56,12,10,11,0,0,0,0,0,0,7,0,3,0
0,0,6,0,9,16,64,85,119,99,92,66,55,11,13,11,10,0,8,0,0,0,7,5,0,0
5,0,0,9,14,43,63,93,112,100,81,66,55,11,13,12,11,5,5,0,0,0,10,7,0,0
5,0,6,9,13,46,74,95,112,99,74,57,55,11,12,13,13,6,4,0,0,0,8,9,0,8
6,0,0,8,12,46,71,105,106,103,66,53,47,11,9,12,11,5,0,0,0,0,8,5,4,4
0,0,0,6,12,14,57,94,102,72,56,17,11,6,0,4,8,0,0,0,0,0,0,6,6,3
5,0,5,7,12,10,54,78,82,59,45,14,12,17,6,12,7,0,0,0,0,0,6,0,0,0
0,8,12,20,19,50,54,76,100,118,135,137,138,134,131,107,89,60,50,0,0,0,25,10,7,14
0,0,10,12,14,12,51,105,116,134,138,144,138,136,123,109,97,82,62,0,0,0,15,10,7,11
0,0,12,11,12,11,77,110,125,136,151,152,134,124,123,115,113,110,104,0,0,0,29,11,9,13
10,4,11,12,9,13,71,112,124,142,141,139,130,113,110,102,106,110,106,0,0,0,40,13,10,12
7,0,0,7,0,13,93,112,127,137,135,132,118,110,79,69,73,92,100,0,0,0,29,11,10,18
8,0,0,0,11,30,76,114,130,136,140,138,124,108,74,61,60,58,71,0,0,0,23,11,12,17
9,0,0,0,17,57,76,110,134,144,148,143,120,95,74,54,55,35,47,0,0,0,25,9,17,13
0,0,0,7,7,56,84,117,135,155,150,142,126,96,69,56,44,13,20,0,0,0,12,9,11,12
5,0,0,0,9,57,88,121,137,143,146,138,120,100,65,57,37,14,14,0,0,0,13,10,8,8
8,0,0,0,0,58,104,121,134,135,137,129,113,100,76,57,43,12,6,0,0,0,13,7,10,12
0,0,0,0,6,64,102,118,125,123,126,115,109,74,69,58,38,11,7,0,0,0,0,0,6,9
6,0,0,0,0,69,106,116,125,121,121,112,108,96,67,60,36,7,9,0,0,0,10,5,7,7
0,0,0,0,19,78,110,121,131,128,123,108,117,102,91,60,36,10,11,0,0,0,11,0,7,8
4,0,0,0,9,89,113,131,138,134,134,124,116,104,84,58,42,11,14,0,0,0,13,8,12,7
4,0,0,13,57,104,121,140,160,154,136,116,107,91,65,41,31,12,14,0,0,0,12,12,12,13
0,0,8,40,84,114,131,148,171,170,145,127,112,93,75,60,51,13,13,0,0,0,28,12,13,23
28,10,13,59,90,114,134,152,166,151,139,110,111,82,60,60,58,13,15,0,0,0,35,13,14,19
6,0,7,45,79,111,133,156,155,136,134,106,93,69,58,47,42,9,9,0,0,0,10,10,10,11
7,0,10,54,87,115,140,159,157,137,126,115,85,61,55,47,28,21,10,0,0,0,11,0,5,6
6,0,12,53,91,119,146,165,163,146,138,132,101,82,59,61,39,16,14,0,0,0,29,9,10,10
12,10,12,52,102,112,139,166,170,154,129,127,103,81,42,56,53,11,13,0,0,0,14,11,11,25
12,8,11,50,98,109,126,142,155,145,135,135,108,80,51,58,54,12,12,0,0,0,13,11,9,10
11,0,8,11,63,91,114,136,142,139,128,128,100,75,52,57,52,13,8,0,0,0,11,13,12,12
10,0,10,10,53,73,98,125,135,129,120,116,90,68,50,51,14,14,14,0,0,0,14,10,12,13
8,0,10,14,51,63,86,104,128,130,121,107,87,63,36,45,23,15,14,0,0,0,12,7,10,12
12,6,11,15,37,57,77,100,114,112,116,102,88,63,45,50,15,7,10,0,0,0,11,10,10,8
10,0,11,14,28,50,76,102,106,104,100,94,82,62,42,44,11,7,6,0,0,0,11,5,10,11
4,0,6,12,13,43,68,82,96,101,106,95,78,57,37,27,26,9,7,0,0,0,13,8,8,10
9,5,6,11,11,40,60,74,89,96,111,89,75,58,15,23,13,11,9,0,0,0,10,10,10,8
0,0,8,8,8,20,58,68,84,89,104,77,68,55,11,15,12,6,7,0,0,0,10,8,8,8
0,0,6,0,10,14,53,68,75,94,85,73,62,55,11,11,10,8,0,0,0,0,10,7,6,8
6,0,0,0,8,12,54,66,81,94,90,73,63,51,10,6,7,0,7,0,0,0,8,6,5,7
4,0,0,0,0,10,54,70,86,97,86,79,66,13,7,8,6,0,10,0,0,0,5,5,4,7
5,0,0,0,0,10,58,71,99,88,91,70,56,12,10,11,0,0,0,0,0,0,7,0,3,0
0,0,6,0,9,16,64,85,119,99,92,66,55,11,13,11,10,0,8,0,0,0,7,5,0,0
5,0,0,9,14,43,63,93,112,100,81,66,55,11,13,12,11,5,5,0,0,0,10,7,0,0
5,0,6,9,13,46,74,95,112,100,74,58,55,11,12,13,13,6,0,0,0,0,9,9,0,8
6,0,0,8,12,46,71,105,106,103,66,53,47,11,10,12,11,4,0,0,0,0,8,5,4,4
0,0,0,6,12,14,57,95,102,73,56,17,11,6,0,4,8,0,0,0,0,0,0,6,6,3
5,0,4,7,12,10,54,78,82,59,45,14,12,17,7,12,7,0,0,0,0,0,6,0,0,0
0,8,12,20,19,50,54,76,100,118,135,137,138,134,132,107,90,60,41,0,0,0,20,10,7,14
0,0,9,12,14,12,52,105,116,134,139,144,138,136,124,109,97,83,60,0,0,0,16,10,7,11
0,0,12,11,12,12,78,110,125,136,151,152,134,124,123,115,113,111,103,0,0,0,30,11,9,13
10,4,11,12,9,13,71,112,124,142,141,140,129,113,110,102,107,110,105,0,0,0,41,13,11,12
7,0,0,7,0,13,95,111,127,137,135,132,118,109,79,69,73,92,100,0,0,0,38,11,10,18
8,0,0,0,11,30,76,114,130,136,140,138,124,108,74,61,60,58,67,0,0,0,34,11,12,17
9,0,0,0,17,57,76,110,134,144,147,142,120,94,74,54,55,35,38,0,0,0,23,10,17,13
0,0,0,7,7,55,84,117,135,155,149,142,126,96,69,55,44,14,14,0,0,0,12,9,11,12
5,0,0,0,9,57,88,121,137,143,146,138,120,100,65,57,38,14,13,0,0,0,12,10,8,8
8,0,0,0,0,58,104,121,134,135,136,128,113,99,76,56,43,13,0,0,0,0,12,7,10,12
0,0,0,0,6,64,102,117,125,123,126,115,109,74,69,58,38,11,6,0,0,0,0,0,6,9
6,0,0,0,0,69,106,115,125,121,121,111,108,95,67,59,36,8,8,0,0,0,10,5,7,7
0,0,0,0,17,77,110,121,130,128,123,108,116,102,90,60,36,10,10,0,0,0,11,0,7,8
4,0,0,0,9,88,113,131,138,134,133,123,115,104,83,57,42,11,13,0,0,0,13,8,12,7
4,0,0,12,57,104,122,140,161,154,136,116,106,90,65,41,31,12,14,0,0,0,12,12,12,13
0,0,8,40,84,113,132,148,172,171,145,127,112,91,76,61,52,13,12,0,0,0,28,12,13,23
25,10,13,59,90,113,134,153,166,151,139,110,111,82,60,60,57,12,14,0,0,0,35,13,14,19
6,0,7,45,79,111,134,156,156,137,134,106,92,69,58,47,44,9,8,0,0,0,10,10,10,11
7,0,10,54,87,115,140,159,157,137,125,115,85,61,55,46,28,21,9,0,0,0,11,0,5,6
6,0,12,53,92,118,147,165,163,146,138,133,101,82,59,61,40,17,13,0,0,0,29,9,10,10
12,9,12,52,102,112,139,166,170,154,129,127,103,80,43,57,53,11,12,0,0,0,14,11,11,23
12,8,11,50,97,108,126,142,155,145,135,135,108,79,52,58,54,12,11,0,0,0,13,11,9,10
11,0,8,11,62,90,114,136,142,139,129,128,100,75,52,57,52,13,7,0,0,0,11,13,12,12
10,0,10,10,53,73,98,125,135,128,120,116,90,68,50,51,14,14,13,0,0,0,14,10,12,13
8,0,10,14,51,63,86,103,128,130,120,107,87,63,40,45,23,14,13,0,0,0,12,7,10,12
12,6,11,15,37,57,77,100,114,112,116,103,88,63,45,50,15,8,9,0,0,0,11,10,10,8
10,0,11,14,28,50,77,102,106,104,100,94,82,62,44,44,11,7,0,0,0,0,11,5,10,11
4,0,6,12,13,43,68,82,96,101,106,95,78,57,37,27,27,10,6,0,0,0,13,8,8,10
9,5,6,11,11,37,60,74,89,96,111,89,75,58,15,23,13,11,8,0,0,0,10,10,10,8
4,0,8,8,8,20,58,68,84,90,104,77,68,55,11,15,12,6,6,0,0,0,10,8,8,8
0,0,6,0,10,14,53,68,75,94,85,73,62,54,11,11,10,9,0,0,0,0,10,7,6,8
6,0,0,0,8,12,54,66,81,94,90,73,63,50,10,6,7,0,6,0,0,0,8,6,5,7
4,0,0,0,0,10,54,70,86,97,86,79,66,13,7,8,6,0,10,0,0,0,5,5,0,7
5,0,0,0,0,10,58,71,99,88,91,70,56,12,10,11,0,0,0,0,0,0,7,0,3,0
0,0,6,0,9,16,64,85,119,100,92,66,55,11,13,11,10,0,7,0,0,0,7,5,0,0
6,0,0,9,14,43,63,93,112,100,81,66,55,11,14,12,11,5,0,0,0,0,10,7,0,0
6,0,6,9,13,46,74,95,112,100,74,58,55,11,12,13,13,6,0,0,0,0,9,9,0,8
6,0,0,8,12,46,71,105,106,103,66,53,47,11,10,12,11,5,0,0,0,0,8,5,4,4
0,0,0,7,12,14,57,95,102,72,57,17,11,6,0,4,8,0,0,0,0,0,0,6,6,3
5,0,4,7,12,10,55,78,82,59,45,14,12,17,7,12,8,0,0,0,0,0,6,0,0,0
0,8,12,20,19,46,54,76,100,118,135,137,138,134,132,107,90,61,29,0,0,0,20,10,7,14
0,0,9,12,14,12,52,106,116,134,139,144,138,136,124,109,97,82,52,0,0,0,16,10,7,11
0,0,12,11,12,12,78,109,125,136,151,152,134,125,123,115,113,111,101,0,0,0,30,11,9,13
10,0,11,12,9,13,74,112,123,142,141,140,130,114,110,102,107,110,103,0,0,0,41,13,10,12
7,0,0,7,0,13,95,111,127,137,135,132,118,110,81,69,73,91,92,0,0,0,38,11,10,17
8,0,0,0,11,30,77,114,130,136,140,138,124,108,75,60,61,58,60,0,0,0,31,11,12,17
9,0,0,0,17,57,76,108,133,143,147,143,120,95,75,54,55,37,25,0,0,0,23,10,16,13
0,0,0,6,6,56,84,117,135,154,149,142,126,96,69,55,44,13,12,0,0,0,12,9,11,12
5,0,0,0,9,57,88,122,137,143,146,138,120,100,65,57,38,14,11,0,0,0,12,10,8,8
8,0,0,0,0,58,104,122,134,135,136,128,113,100,76,57,44,13,0,0,0,0,12,7,10,12
0,0,0,0,6,63,102,117,125,123,126,115,109,74,70,58,38,11,0,0,0,0,0,0,6,9
6,0,0,0,0,68,107,115,125,121,121,111,108,96,68,59,36,8,6,0,0,0,10,5,7,7
0,0,0,0,17,77,110,121,130,128,123,109,116,102,90,60,36,10,8,0,0,0,11,0,7,8
4,0,0,0,9,89,113,130,138,134,134,123,115,104,84,57,42,11,11,0,0,0,13,8,12,7
4,0,0,12,57,104,121,140,161,154,136,116,106,91,65,41,31,12,12,0,0,0,12,12,12,13
0,0,8,38,84,113,132,149,172,171,145,128,112,92,76,61,52,13,10,0,0,0,28,12,13,22
26,9,13,59,89,113,134,151,166,151,139,110,111,83,60,60,58,12,12,0,0,0,35,13,14,19
6,0,7,44,79,111,134,156,155,137,134,106,93,70,59,48,44,9,7,0,0,0,10,10,10,11
7,0,10,54,87,115,140,160,157,137,126,115,85,62,55,46,29,21,7,0,0,0,11,0,5,5
0,0,12,53,91,118,147,166,163,146,139,133,101,82,60,61,40,17,11,0,0,0,31,9,10,10
12,10,12,52,102,112,139,166,170,154,129,128,103,81,45,57,53,11,11,0,0,0,14,11,11,23
12,9,11,47,98,108,127,142,155,145,136,135,108,80,52,58,55,12,10,0,0,0,13,11,9,10
11,0,8,11,62,90,114,136,142,139,129,128,100,75,52,57,52,13,6,0,0,0,12,13,12,12
10,0,10,10,53,73,98,125,135,128,120,116,90,69,51,51,14,14,11,0,0,0,15,10,12,13
8,0,10,14,51,63,86,104,128,129,121,108,87,63,42,45,23,14,11,0,0,0,12,7,10,12
12,0,11,15,37,57,78,100,114,112,116,103,88,64,47,50,15,8,7,0,0,0,11,10,10,8
10,0,10,14,28,50,77,102,105,104,100,95,82,62,48,42,11,7,0,0,0,0,11,5,10,11
4,0,6,12,13,43,68,82,95,101,106,95,78,57,37,28,27,9,5,0,0,0,13,8,8,10
9,5,6,11,11,37,61,74,89,96,111,90,75,58,17,23,13,11,7,0,0,0,10,10,10,8
4,0,8,8,8,19,58,68,84,89,103,77,68,56,11,16,12,6,0,0,0,0,10,8,8,8
0,0,6,0,9,16,53,68,75,93,85,73,62,55,11,12,10,8,0,0,0,0,10,7,6,7
6,0,0,0,8,12,54,66,81,94,90,73,64,51,10,6,7,0,5,0,0,0,8,6,5,7
4,0,0,0,0,10,54,70,86,97,86,79,66,13,7,8,6,0,8,0,0,0,5,5,0,7
0,0,0,0,0,10,59,71,99,88,91,70,56,12,10,11,0,0,0,0,0,0,7,0,3,0
0,0,6,0,9,16,65,85,119,99,92,66,55,11,13,11,10,0,6,0,0,0,7,5,0,0
6,0,0,9,14,43,63,93,111,100,81,67,55,11,14,12,11,5,0,0,0,0,10,7,0,0
6,0,6,9,13,50,74,95,112,100,74,58,55,11,12,13,13,6,0,0,0,0,9,9,0,8
6,0,0,8,12,43,73,105,106,103,66,53,47,11,10,12,11,4,0,0,0,0,8,5,4,4
0,0,0,6,12,14,57,95,102,73,57,17,11,6,0,4,8,0,0,0,0,0,0,6,6,3
5,0,4,7,12,10,54,78,81,60,45,14,12,18,7,12,8,0,0,0,0,0,6,0,0,0
0,8,12,18,20,46,54,76,100,118,135,137,138,134,133,107,90,61,13,0,0,0,20,10,7,14
0,0,9,12,14,12,52,106,116,134,139,144,138,136,124,109,97,82,25,0,0,0,16,9,7,12
0,0,12,11,12,12,78,110,125,136,151,152,134,125,123,115,113,111,91,0,0,0,30,11,9,13
10,0,11,12,9,13,74,112,124,142,141,140,130,113,111,102,107,110,100,0,0,0,39,13,10,12
7,0,0,7,0,13,95,111,127,137,135,132,118,110,81,70,73,91,78,0,0,0,38,11,10,17
8,0,0,0,11,30,77,114,130,136,140,138,124,108,75,60,61,57,43,0,0,0,31,11,12,17
9,0,0,0,19,57,77,108,133,143,147,143,120,95,76,54,55,35,13,0,0,0,25,10,16,13
0,0,0,6,6,55,83,117,134,154,149,142,126,96,69,55,46,13,10,0,0,0,12,8,11,12
6,0,0,0,9,56,88,121,137,143,146,138,120,100,66,57,40,14,9,0,0,0,12,10,8,8
8,0,0,0,0,57,104,122,134,134,136,128,113,100,78,57,44,13,0,0,0,0,12,7,10,12
0,0,0,0,6,63,102,117,125,123,127,115,110,74,70,58,38,11,0,0,0,0,0,0,6,9
6,0,0,0,0,68,107,115,125,121,121,111,108,96,69,59,36,8,0,0,0,0,10,5,7,7
0,0,0,0,17,76,110,121,131,128,123,109,117,102,92,60,35,10,5,0,0,0,11,0,7,8
4,0,0,0,9,88,113,130,138,134,134,124,116,104,85,58,44,11,9,0,0,0,13,8,12,7
4,0,0,12,57,104,121,140,160,155,136,116,106,90,66,41,31,12,9,0,0,0,12,12,11,13
0,0,8,40,84,113,132,149,171,171,146,128,112,92,77,61,52,13,8,0,0,0,29,12,13,23
25,9,13,60,90,113,134,151,166,151,139,110,111,83,61,59,58,12,9,0,0,0,36,13,14,19
6,0,7,44,79,111,135,156,155,137,134,106,93,70,59,47,44,9,5,0,0,0,10,10,10,11
7,0,10,54,87,115,140,160,157,137,126,115,85,61,56,46,29,20,0,0,0,0,11,0,5,5
0,0,12,53,91,118,147,166,163,146,139,133,102,82,61,60,40,16,9,0,0,0,31,9,10,10
12,10,12,52,102,112,139,166,170,154,129,128,104,81,46,57,53,11,8,0,0,0,14,11,11,25
12,8,11,47,97,108,127,142,155,146,136,135,108,80,53,58,55,12,7,0,0,0,13,11,9,10
11,0,8,11,62,91,114,135,142,139,129,128,100,75,52,58,52,13,0,0,0,0,12,13,12,12
10,0,10,10,53,72,98,126,135,128,120,116,90,69,51,51,14,14,9,0,0,0,14,10,12,13
8,0,10,14,51,63,86,104,128,130,121,107,87,63,42,45,25,14,9,0,0,0,12,7,10,12
12,0,12,15,39,57,77,100,114,112,116,102,88,63,50,50,15,8,0,0,0,0,11,10,10,8
10,0,11,14,28,50,77,102,106,104,100,95,82,62,48,42,12,7,0,0,0,0,11,5,10,11
4,0,6,12,13,40,68,82,95,101,106,95,78,57,38,28,27,9,0,0,0,0,13,8,8,10
9,5,6,11,11,37,61,74,89,96,111,89,75,58,17,23,13,11,5,0,0,0,10,10,10,8
4,0,8,8,8,19,58,68,84,89,104,77,68,56,11,16,12,6,0,0,0,0,10,8,8,8
0,0,6,0,9,16,53,68,75,94,85,73,62,55,12,12,10,8,0,0,0,0,10,7,6,7
7,0,0,0,8,12,54,66,81,94,90,73,64,51,11,6,7,0,0,0,0,0,8,6,5,7
4,0,0,0,0,9,54,70,86,97,86,79,66,13,7,7,6,0,6,0,0,0,5,5,0,7
0,0,0,0,0,10,59,71,99,88,91,70,56,12,10,11,0,0,0,0,0,0,7,0,3,0
0,0,6,0,9,16,65,86,119,100,92,67,55,11,13,11,10,0,0,0,0,0,7,5,0,0
5,0,0,9,14,43,63,93,111,100,81,67,55,11,14,12,11,5,0,0,0,0,10,7,0,0
5,0,6,9,13,50,74,95,112,100,74,57,55,11,12,13,13,6,0,0,0,0,9,9,0,8
6,0,0,8,12,46,73,105,106,103,65,53,47,11,10,12,11,4,0,0,0,0,8,5,4,4
0,0,0,6,12,14,57,95,102,73,57,17,11,6,0,4,8,0,0,0,0,0,0,6,6,3
6,0,4,7,12,9,54,78,81,60,46,14,12,18,7,12,8,0,0,0,0,0,6,0,0,0
