0,7,10,11,18,56,64,64,62,66,65,60,70,63,70,54,41,13,11,3,13,0,6,0,5,9
13,10,13,13,30,83,96,101,105,104,104,100,103,95,95,65,54,50,12,0,12,8,11,6,4,7
45,14,15,37,44,94,106,109,112,117,111,106,107,104,107,76,64,57,13,0,10,12,11,8,7,6
50,14,31,51,33,91,106,115,119,126,115,108,111,107,109,81,67,58,15,4,9,10,16,9,7,8
54,18,21,43,25,79,111,122,130,132,122,113,116,116,111,81,66,57,27,0,14,12,10,8,8,12
34,16,18,47,47,66,102,120,127,130,124,111,113,116,107,80,63,57,14,0,8,11,12,8,13,12
52,11,10,19,27,71,91,111,125,130,120,111,117,111,118,79,64,52,19,0,0,0,6,11,12,12
31,0,12,23,53,86,101,122,133,143,135,131,133,127,118,99,63,50,41,5,14,12,10,6,8,11
13,14,33,37,53,82,109,131,135,141,141,134,134,132,126,90,65,56,42,0,14,10,7,9,9,8
31,8,11,27,57,101,118,128,135,141,134,119,128,130,128,105,66,56,14,0,13,10,10,0,9,13
5,0,7,14,66,93,112,126,132,129,125,112,117,117,131,113,68,62,10,0,9,6,7,8,5,9
11,12,0,15,71,101,116,126,130,127,123,116,124,125,127,115,72,75,13,0,10,12,7,7,9,8
7,0,12,17,54,101,113,123,126,128,125,117,125,122,124,108,75,61,28,7,12,11,10,6,4,7
11,7,13,10,63,102,111,119,123,127,125,118,127,122,121,106,82,68,23,6,15,12,11,7,8,7
14,11,6,14,63,97,113,120,123,128,128,118,127,120,118,89,74,57,36,8,13,12,12,13,11,12
13,8,6,40,60,92,110,113,120,124,127,116,125,118,117,88,70,57,30,7,20,10,13,11,11,14
14,0,6,27,58,86,106,112,124,120,128,115,123,113,107,87,70,60,47,8,20,11,13,12,6,13
0,0,0,0,9,25,35,45,50,43,57,65,56,23,42,26,6,7,0,0,0,0,0,0,0,0
11,4,8,14,58,89,103,104,111,110,111,111,106,102,98,89,75,63,21,6,10,7,5,0,6,6
7,5,8,14,57,75,86,93,106,113,123,126,118,103,96,77,70,56,13,0,11,8,10,6,7,6
12,10,10,17,68,85,100,109,110,111,110,108,105,97,91,75,71,63,12,0,9,10,11,10,5,9
10,9,12,13,72,89,102,105,104,103,118,111,106,97,96,85,79,65,13,0,13,10,9,12,8,6
14,11,9,50,62,84,100,103,100,100,122,105,100,91,94,80,71,59,12,0,8,10,11,11,10,9
12,10,13,51,62,81,97,104,96,83,97,92,86,90,93,82,71,58,11,0,9,11,10,10,10,10
13,6,14,50,63,83,95,98,97,83,83,76,85,87,95,86,74,60,13,0,10,7,10,9,11,9
14,15,23,47,61,85,97,100,91,77,72,71,87,95,100,86,75,58,11,0,13,5,12,5,10,12
14,10,14,43,59,81,93,102,91,74,66,69,82,92,98,87,73,56,10,0,11,0,11,6,7,11
11,10,13,44,60,81,94,94,86,75,73,72,83,88,93,93,69,52,10,0,10,4,11,8,7,9
14,11,13,39,57,78,94,94,84,74,74,73,86,90,97,85,63,51,9,7,11,6,7,11,8,9
11,12,13,29,52,76,87,85,79,73,70,69,83,83,90,84,67,51,0,0,6,5,9,12,5,4
11,9,12,25,53,72,81,85,75,72,67,67,79,82,89,82,62,38,0,0,9,7,6,7,0,0
11,8,11,18,50,71,78,83,75,72,69,68,82,86,92,80,60,12,9,0,10,6,8,0,6,8
9,6,7,12,21,65,73,83,74,68,64,66,78,82,84,70,55,13,9,0,7,5,0,0,0,4
13,10,8,11,51,81,122,110,83,71,72,72,76,90,102,80,56,33,9,5,9,5,9,7,6,0
14,10,12,18,53,85,140,115,82,84,83,76,81,120,145,99,60,31,8,0,6,0,9,9,5,8
10,7,8,14,44,65,84,78,66,67,66,68,71,86,106,71,51,14,0,0,8,0,5,6,0,0
7,0,7,13,14,66,70,57,53,45,57,55,58,61,68,61,47,8,7,0,8,8,7,5,0,0
7,5,7,7,19,65,67,60,37,53,50,52,56,56,58,57,13,10,0,0,8,8,10,6,8,3
0,6,7,5,14,47,56,54,25,32,20,32,50,47,57,51,12,12,0,0,10,8,4,4,7,8
7,7,7,5,12,33,42,31,10,13,16,15,29,36,52,50,7,8,0,0,8,5,0,0,0,0
0,7,10,11,18,56,64,61,61,66,65,60,69,61,70,54,41,14,11,4,13,0,6,0,5,9
13,10,13,13,32,84,96,86,104,104,104,98,103,93,96,65,54,46,12,0,12,8,11,6,4,7
45,14,15,40,44,94,106,108,112,117,110,106,107,103,107,76,64,57,13,0,9,12,11,8,7,6
50,14,29,51,30,92,106,114,118,126,115,108,110,106,109,80,67,58,15,5,9,9,16,9,6,8
54,18,25,43,25,79,111,120,129,132,122,113,115,115,111,80,67,57,27,0,13,12,9,8,8,11
34,16,18,47,47,66,102,118,127,130,124,111,113,115,107,80,63,58,14,0,7,11,12,8,12,12
52,11,9,21,29,71,91,109,125,130,120,111,117,110,118,79,64,52,21,0,0,0,6,10,11,12
31,0,12,23,53,86,101,121,132,143,135,131,133,126,118,99,63,50,41,6,14,11,10,6,8,11
13,14,33,37,53,82,109,130,134,141,141,134,134,131,126,89,65,56,42,7,14,10,7,9,8,8
31,8,11,27,58,101,118,127,135,141,134,119,128,129,128,104,66,56,14,6,13,10,10,0,9,13
5,0,7,14,67,93,112,124,132,129,125,112,117,116,131,113,68,63,10,0,9,6,7,8,5,9
11,12,0,15,71,101,115,125,129,127,123,115,124,124,127,115,71,75,13,0,10,12,7,7,9,8
7,0,12,17,54,101,113,122,125,128,125,117,125,121,124,107,75,62,31,8,12,11,10,6,4,7
11,7,13,10,63,102,111,118,122,127,125,117,127,120,121,106,82,68,23,8,14,12,11,7,8,7
14,11,6,14,65,98,113,119,123,127,127,118,127,119,118,89,74,57,36,9,13,12,12,13,11,12
13,8,6,40,60,92,109,112,120,124,127,115,125,117,116,88,70,57,30,8,20,10,13,11,11,14
14,0,6,27,58,86,106,111,123,120,128,115,123,112,107,87,70,60,47,9,20,11,13,12,6,13
0,0,0,0,14,52,53,50,55,51,64,69,61,35,55,36,9,9,5,0,0,0,0,0,0,0
11,4,8,14,57,89,103,103,110,110,111,111,106,101,99,89,76,63,25,7,10,7,5,0,6,6
7,5,8,14,58,75,86,90,106,113,123,126,118,102,96,77,71,56,14,5,11,8,10,6,6,6
12,10,10,17,68,85,100,108,110,111,110,108,105,96,91,75,71,63,13,0,9,10,11,10,5,8
10,9,12,13,73,89,102,104,104,103,118,111,106,96,97,85,80,65,13,0,13,10,9,12,8,6
14,11,9,50,62,85,100,102,100,100,122,105,100,90,94,80,71,59,12,0,8,10,11,11,10,9
12,10,13,51,62,82,97,102,96,83,97,92,86,89,93,82,71,58,11,0,9,11,10,10,10,10
13,6,14,50,63,83,95,96,97,83,83,76,85,86,95,86,74,60,13,5,10,7,10,9,11,9
15,16,23,47,61,85,97,98,91,76,72,71,87,95,100,86,75,58,11,5,13,5,12,5,10,12
14,10,14,42,59,82,93,101,90,74,66,69,83,91,98,87,73,56,10,0,11,0,11,6,6,11
11,10,13,44,60,81,94,93,86,75,73,72,83,87,93,93,69,52,10,5,10,4,11,8,7,9
14,11,13,39,57,78,94,92,83,73,74,73,87,90,97,85,63,51,9,8,11,6,7,11,8,9
11,12,13,29,52,76,87,84,78,73,70,69,83,82,90,84,67,51,0,0,6,5,8,12,5,4
11,9,12,25,53,72,81,84,75,72,68,67,79,82,89,82,62,38,0,0,9,7,6,6,0,0
11,8,11,18,50,71,78,82,74,72,69,68,82,85,92,80,60,13,9,0,10,6,8,0,6,8
9,6,7,12,21,65,73,81,73,67,64,66,78,81,84,70,55,12,9,0,7,5,0,0,0,4
13,10,8,12,52,81,122,109,82,71,72,72,76,89,102,80,56,33,9,6,9,5,9,7,6,0
14,10,12,18,53,85,139,114,81,84,82,76,81,119,145,99,60,31,8,0,6,0,9,8,5,7
10,7,8,14,44,65,83,77,65,67,66,68,72,86,106,71,51,14,0,0,8,0,5,6,0,0
7,0,7,13,14,66,70,56,53,43,57,55,58,59,68,60,45,8,7,0,7,8,7,5,0,0
8,5,7,8,20,65,67,58,35,53,50,52,55,56,58,57,13,10,0,0,8,8,10,6,8,3
0,6,7,5,14,47,55,53,24,32,20,30,50,43,57,51,12,12,0,0,9,8,4,4,7,8
7,7,7,5,12,35,42,28,9,13,15,15,29,34,52,48,7,8,0,0,8,5,0,0,0,0
0,7,10,12,19,56,64,60,62,66,65,61,70,58,71,55,41,14,11,3,13,0,6,0,5,10
13,10,13,13,32,84,97,82,105,104,105,100,103,85,97,65,55,50,12,0,12,8,11,6,4,7
45,14,15,40,47,94,106,107,112,118,111,106,108,101,107,76,64,57,13,0,9,12,11,8,7,6
46,14,29,51,36,92,106,113,119,127,116,108,111,104,109,81,67,59,14,4,9,9,16,8,6,8
54,18,25,43,26,81,111,120,130,132,123,113,116,113,112,81,67,58,27,0,14,12,9,8,7,11
34,16,18,47,50,67,102,117,127,131,125,112,113,113,107,80,63,57,14,0,7,11,12,8,12,12
52,11,9,19,31,72,92,108,125,130,121,112,117,106,119,79,64,52,19,0,0,0,6,10,11,12
31,0,12,23,54,87,101,119,132,143,136,131,133,123,119,99,63,50,39,5,14,11,10,6,8,11
13,14,33,37,54,83,109,128,134,141,141,133,134,128,126,90,65,56,42,0,14,10,7,9,8,8
31,8,11,30,59,101,118,126,135,140,133,119,127,127,128,105,66,56,15,0,13,10,10,0,9,13
5,0,7,14,67,94,113,124,132,128,124,112,117,113,131,114,68,63,10,0,9,6,7,8,5,9
11,12,0,18,72,101,116,125,129,126,123,115,124,121,127,115,72,75,13,0,10,12,7,7,9,8
6,0,12,17,55,101,113,121,125,127,125,117,125,119,124,108,76,62,28,7,12,11,10,6,4,7
11,7,13,10,64,103,112,116,122,127,125,118,127,118,121,106,82,68,23,6,15,12,11,7,8,7
14,11,6,14,66,100,113,118,123,127,127,118,127,117,118,90,74,58,36,8,13,12,12,13,11,12
13,8,6,43,61,92,110,110,119,124,127,116,125,115,117,89,71,57,28,7,20,10,13,11,11,14
14,0,6,29,58,86,106,110,123,120,127,115,123,109,107,87,70,60,47,8,20,11,13,12,6,13
0,0,0,0,41,69,80,76,86,82,101,100,92,73,82,54,23,10,4,0,0,0,0,0,0,0
11,4,8,14,57,89,103,100,109,109,111,110,106,97,98,89,75,63,21,6,10,7,5,0,6,6
7,5,8,15,57,75,85,86,105,112,123,126,118,99,96,77,70,56,13,0,11,8,10,6,6,6
12,10,10,17,69,85,100,106,109,111,110,108,105,91,91,75,71,62,13,0,9,10,11,10,4,8
10,9,12,13,73,89,102,102,104,103,118,111,106,92,97,85,79,65,13,0,13,10,9,12,8,6
14,11,9,50,62,85,100,100,99,101,122,105,100,87,94,80,71,59,12,0,8,10,11,11,10,9
12,10,13,51,62,82,97,100,95,82,97,92,86,87,93,82,71,58,11,0,9,11,10,10,10,10
13,6,14,50,63,83,95,95,97,83,83,76,85,83,95,86,74,59,13,0,10,7,10,9,11,9
16,16,23,47,61,85,97,96,91,76,72,71,87,92,100,86,75,58,12,0,13,5,12,5,10,12
14,10,15,43,60,82,93,98,90,74,66,69,83,88,98,87,73,56,10,0,12,0,11,6,6,11
11,10,14,44,60,81,94,90,85,75,73,72,83,84,93,93,69,52,10,4,9,4,11,8,7,9
14,11,13,39,58,78,94,90,83,73,74,73,87,87,97,85,63,51,9,7,11,6,7,11,8,9
11,12,12,31,52,76,87,82,78,73,70,69,83,80,90,84,67,51,0,0,6,5,8,12,5,4
11,9,12,27,54,72,81,81,74,72,68,67,79,79,89,82,62,38,0,0,9,7,6,6,0,0
11,8,11,18,50,71,78,79,74,72,69,68,82,82,92,80,60,12,9,0,10,6,8,0,6,8
9,6,7,12,23,66,74,79,73,67,64,66,78,78,84,70,56,12,9,0,7,5,0,0,0,4
13,10,7,12,52,80,122,107,82,71,73,72,76,87,102,80,56,33,9,5,9,5,9,7,6,0
14,10,12,18,53,85,139,112,81,84,83,76,81,116,145,99,60,29,9,0,6,0,9,8,5,7
10,7,8,14,46,65,84,75,65,66,66,68,72,83,107,71,51,14,0,0,8,0,5,6,0,0
7,0,7,13,14,66,70,54,53,43,57,55,58,57,68,61,47,8,7,0,7,8,7,5,0,0
8,5,7,8,20,65,67,56,35,53,50,52,56,54,59,57,13,10,0,0,8,8,10,5,8,3
0,6,7,5,14,50,56,51,23,32,20,32,50,37,57,51,12,12,0,0,9,8,4,4,7,8
7,7,7,6,12,35,44,22,9,13,15,15,29,28,52,50,7,8,0,0,8,5,0,0,0,0
0,7,10,11,19,54,64,60,61,67,65,61,70,47,70,55,42,14,11,0,13,0,6,0,5,10
13,10,13,13,32,83,97,82,105,105,105,100,103,56,97,65,55,46,12,0,12,8,11,6,4,7
43,14,14,40,47,94,106,107,112,118,111,107,108,78,107,76,63,57,13,0,9,12,11,8,7,6
46,14,27,50,36,92,106,113,119,127,116,108,111,94,109,80,67,58,14,0,9,8,16,9,6,8
54,18,18,43,25,80,111,120,130,132,123,113,116,108,111,81,67,58,25,0,14,12,10,8,7,11
34,16,14,47,50,69,102,117,127,131,125,112,113,104,107,80,63,58,14,0,7,11,12,8,12,12
52,11,9,19,31,71,91,108,125,130,121,112,117,96,118,79,64,52,17,0,0,0,6,10,12,12
31,0,11,21,54,85,101,119,132,143,135,131,133,109,118,99,63,50,39,4,14,11,10,6,8,11
13,14,33,37,54,83,109,128,134,140,140,132,133,122,125,90,65,56,42,0,14,10,7,9,8,8
28,8,11,30,59,101,118,126,135,140,133,119,127,120,128,105,66,57,14,0,13,10,10,0,9,13
5,0,7,14,68,94,113,124,132,128,124,112,117,106,131,114,69,63,10,0,9,6,7,8,5,9
11,12,0,18,72,101,117,126,129,126,123,116,124,116,127,115,72,75,13,0,10,12,7,7,9,8
6,0,12,17,55,101,113,121,125,128,125,118,125,114,124,108,76,63,28,6,13,11,10,6,4,7
11,7,14,10,66,103,112,117,122,127,125,119,128,113,121,107,82,70,23,5,15,12,11,7,8,7
14,12,6,14,68,100,114,118,123,128,128,119,128,111,118,90,75,58,34,7,13,12,12,13,11,12
13,8,7,43,62,93,110,111,120,124,128,117,125,109,117,89,71,58,28,6,20,10,13,11,11,14
13,0,0,27,58,86,106,110,123,120,128,116,124,100,107,87,70,61,47,7,21,11,13,12,6,13
0,0,0,0,14,63,75,73,92,92,105,106,101,67,90,60,44,13,7,0,0,0,0,0,4,0
11,0,8,14,57,88,101,100,110,109,111,111,107,81,98,88,74,63,19,5,10,7,5,0,6,6
7,5,8,14,57,74,84,86,105,113,123,126,118,81,95,77,70,56,14,0,11,8,10,6,6,6
12,10,9,15,70,84,99,106,109,111,110,108,105,81,91,75,71,62,13,0,9,10,11,10,4,8
10,9,12,13,73,88,102,102,104,103,118,111,106,84,96,85,79,65,13,0,13,10,9,12,8,6
14,11,9,50,62,84,100,100,98,101,122,105,100,79,94,80,71,59,12,0,8,10,11,11,10,9
12,10,12,51,63,81,96,100,95,82,97,92,86,80,93,81,71,58,11,0,9,11,10,10,10,10
13,6,14,50,63,83,94,95,97,83,82,76,85,77,94,86,74,60,13,0,10,7,10,9,11,9
16,15,23,46,61,84,97,96,91,77,72,71,87,85,100,86,75,58,11,0,13,5,12,5,10,12
14,10,15,42,59,81,93,98,90,74,66,69,82,82,98,87,74,56,10,0,12,0,11,6,7,11
11,10,13,42,60,81,94,90,85,75,73,72,84,78,93,93,69,52,10,0,10,4,11,7,7,9
14,11,13,37,58,78,94,90,83,74,74,73,87,80,96,85,63,51,9,6,11,6,7,11,8,9
11,12,12,29,52,76,87,82,78,73,70,69,83,74,90,84,67,51,0,0,6,5,8,12,5,4
11,9,12,25,54,71,81,81,74,72,68,68,79,73,88,82,62,38,0,0,9,7,6,6,0,0
11,8,11,18,50,71,78,79,74,72,69,68,82,75,92,80,60,12,9,0,10,6,7,0,6,8
9,6,7,11,23,66,74,79,73,67,64,66,78,72,84,70,56,12,9,0,7,5,0,0,0,4
13,10,8,12,52,80,123,108,82,71,73,72,76,81,102,80,56,33,9,4,9,5,9,7,6,0
14,9,12,15,54,85,139,113,81,84,83,76,81,111,145,100,61,31,9,0,6,0,9,8,5,7
10,6,8,14,48,65,83,75,65,67,66,69,72,77,107,71,51,14,0,0,8,0,5,6,0,0
7,0,7,13,14,66,70,54,53,45,57,55,58,51,68,61,47,8,7,0,7,8,7,5,0,0
8,5,7,8,20,65,67,56,35,53,50,52,56,44,58,57,14,10,0,0,8,8,10,5,8,3
0,5,7,5,14,47,56,51,24,32,20,32,50,22,57,51,12,12,0,0,9,8,4,4,7,8
7,7,7,6,13,35,44,22,9,13,15,15,29,15,52,50,7,8,0,0,8,5,0,0,0,0
0,7,10,12,20,55,64,60,62,67,65,61,70,37,71,55,42,15,11,4,13,0,6,0,5,10
13,10,13,13,32,84,97,82,105,105,105,100,103,51,98,66,55,46,12,0,12,8,11,6,4,7
45,14,14,40,47,96,106,107,112,118,111,107,108,73,107,77,64,57,13,0,9,12,11,8,7,6
43,14,27,50,38,92,106,113,119,127,116,108,111,89,109,80,67,59,15,5,9,8,16,8,6,8
54,18,15,43,26,80,111,120,130,133,123,114,116,106,111,81,67,58,27,0,14,12,9,8,7,11
36,15,14,47,50,69,102,117,127,131,125,112,113,103,107,80,63,58,14,0,8,11,12,7,12,12
52,11,9,19,33,71,91,108,125,131,121,112,117,94,118,79,64,52,17,0,0,0,6,10,11,12
31,0,11,21,54,85,101,119,132,143,136,131,133,107,118,99,63,50,41,5,14,12,10,6,8,11
13,14,33,35,54,82,109,128,134,140,140,133,133,121,126,90,65,56,42,0,14,10,7,9,8,8
28,8,11,30,59,101,118,126,135,140,133,118,127,119,128,105,66,56,15,0,13,10,10,0,9,13
5,0,7,14,68,95,112,124,132,128,124,112,116,105,131,114,69,63,10,0,9,7,7,8,5,9
10,12,0,18,72,101,117,126,129,126,123,116,123,115,127,115,72,75,14,0,10,12,7,7,9,8
7,0,12,17,55,101,113,121,125,128,125,117,125,113,125,108,76,63,31,7,13,11,10,6,4,7
11,7,14,10,66,103,112,117,122,127,125,118,127,112,121,107,82,70,23,7,15,12,11,7,8,7
14,11,6,14,68,100,113,118,123,128,127,118,127,110,118,91,75,60,36,8,13,12,11,13,11,12
13,8,7,43,62,93,110,111,120,124,127,116,125,107,117,89,71,58,30,7,20,10,13,11,11,14
13,0,0,27,58,86,106,110,123,120,127,115,123,98,107,88,71,61,50,8,21,11,13,12,6,13
0,0,0,0,33,71,83,82,99,98,109,110,106,75,98,66,35,11,6,0,0,0,0,0,0,0
11,0,8,14,57,89,102,100,110,109,110,111,106,80,99,89,75,63,23,6,10,7,5,0,6,6
7,5,8,14,57,74,84,86,105,113,123,126,117,79,95,77,71,56,14,0,11,8,10,6,6,6
12,10,9,17,70,84,100,106,110,111,110,108,105,80,91,75,71,63,13,0,9,10,11,10,5,8
11,9,12,13,73,88,102,102,104,103,118,111,106,83,97,85,79,65,13,0,13,10,9,12,8,6
13,11,9,50,62,85,100,100,100,101,122,105,100,78,94,81,71,60,12,0,8,10,11,11,10,9
12,10,12,51,63,82,96,100,96,83,97,92,86,80,94,82,71,58,11,0,9,11,10,10,10,10
13,6,14,50,63,83,95,95,97,84,82,76,85,77,95,86,74,60,13,0,11,7,10,9,11,9
16,15,23,46,61,84,97,96,91,77,72,71,87,84,100,86,75,58,11,0,13,5,12,5,10,12
14,10,15,42,60,81,93,98,90,75,66,69,82,82,98,88,74,56,10,0,12,0,11,6,7,11
11,10,13,42,60,81,94,90,86,75,73,72,84,78,93,93,69,52,10,4,10,4,11,7,7,9
14,11,13,37,58,78,94,90,83,74,74,73,87,80,97,85,63,51,9,7,11,6,7,11,8,9
11,12,12,29,52,76,87,82,78,73,70,69,83,74,90,84,67,51,5,0,6,5,8,12,5,4
10,9,12,27,54,71,81,81,74,72,68,68,79,73,89,82,62,38,0,0,9,7,6,6,0,0
11,8,11,18,50,71,78,79,74,72,69,68,82,75,92,80,60,13,9,0,10,6,7,0,6,8
9,6,7,11,25,65,74,79,73,67,65,66,77,73,84,70,56,12,9,0,7,5,0,0,0,4
14,10,7,12,52,80,123,108,82,71,73,73,76,81,102,80,56,35,9,5,9,5,9,7,6,0
14,9,12,15,54,85,139,113,81,84,82,76,81,111,145,100,61,31,9,0,6,0,9,8,5,7
10,6,8,14,48,65,83,75,66,67,66,68,71,77,107,71,51,14,0,0,8,0,5,6,0,0
7,0,7,13,14,66,70,54,53,45,57,55,58,51,69,61,45,8,7,0,7,8,7,5,0,0
8,5,7,8,20,65,67,56,36,53,50,52,55,44,58,57,14,10,0,0,8,8,10,5,8,3
0,5,7,5,14,47,56,51,24,32,18,32,50,22,57,51,12,12,0,0,10,8,4,4,7,8
7,7,7,6,13,35,44,23,9,13,15,15,29,15,52,50,7,8,0,0,9,5,0,0,0,0
0,7,10,12,20,54,64,63,62,66,65,61,70,40,71,55,43,15,11,4,13,0,6,0,5,9
13,10,13,13,32,83,97,100,105,105,105,100,103,52,98,66,55,50,12,0,12,8,11,6,4,7
43,14,14,37,47,94,106,108,113,118,111,106,108,75,107,77,64,57,13,0,9,12,11,8,7,6
40,14,27,50,38,91,106,115,119,127,116,108,111,92,109,81,67,58,14,5,9,8,16,9,6,8
54,18,15,43,26,80,111,121,130,133,123,114,116,107,111,81,66,58,27,0,14,12,10,8,7,11
34,15,14,47,50,69,102,118,128,131,124,112,114,104,107,80,63,58,14,0,8,11,12,7,12,12
51,10,9,17,31,71,91,110,126,131,121,112,117,95,118,79,64,52,17,0,0,0,6,10,11,12
25,0,11,21,53,85,101,121,133,143,135,131,133,108,118,99,63,50,41,6,14,12,10,6,8,11
13,14,33,35,54,82,109,129,135,140,140,133,134,122,126,91,65,56,42,0,14,10,7,8,8,8
28,9,11,27,58,100,118,127,136,140,133,119,127,120,128,105,66,56,15,5,13,10,10,0,9,13
0,0,7,14,68,95,112,125,133,128,124,112,116,106,131,114,69,63,10,0,9,7,7,8,6,9
10,11,0,15,72,101,117,127,130,126,123,116,124,116,127,116,72,76,14,0,10,12,7,7,9,8
6,0,12,17,55,101,113,123,125,127,125,117,125,114,125,108,76,63,31,8,13,11,10,6,4,7
11,7,14,10,67,102,112,118,123,127,125,118,127,112,121,107,83,70,23,7,16,12,11,7,8,7
14,11,6,14,68,100,113,119,123,127,127,118,127,110,119,91,76,60,38,9,13,12,12,13,11,12
13,8,7,43,62,93,110,112,120,124,127,116,125,108,117,89,71,59,30,7,20,11,13,11,11,14
13,0,0,27,59,86,106,111,123,120,127,115,123,100,107,88,71,61,50,9,21,11,13,12,6,13
0,0,0,0,13,59,70,69,86,84,105,105,101,70,93,62,25,10,5,0,0,0,0,0,0,0
11,0,8,14,58,89,102,102,110,109,110,111,106,81,99,89,75,63,23,7,10,7,5,0,6,6
7,5,8,15,58,74,85,89,106,113,123,126,117,81,96,77,71,56,14,5,11,8,10,6,7,6
12,10,9,17,70,85,99,107,110,111,110,108,105,80,91,76,71,63,13,0,9,10,11,10,5,8
10,9,12,13,73,88,102,103,105,103,118,111,106,84,96,85,79,65,13,0,13,10,9,12,8,6
13,11,9,50,62,85,100,102,100,101,122,105,100,79,94,81,71,60,12,0,8,10,11,11,10,9
12,10,12,51,63,82,96,102,97,83,97,92,86,80,94,82,71,58,11,0,9,11,10,10,10,10
13,6,14,50,63,83,95,96,98,84,82,76,85,78,95,86,74,60,13,0,11,7,10,9,11,9
15,15,25,47,61,84,97,97,91,77,72,71,87,85,100,86,75,58,11,4,13,5,12,5,10,12
14,10,15,43,60,81,93,100,91,75,66,69,82,82,98,88,74,56,10,0,12,0,11,6,7,11
11,10,13,42,60,81,94,92,86,75,73,72,84,78,93,93,69,52,10,5,10,4,11,7,7,9
14,11,13,39,58,78,94,91,84,74,74,73,87,80,97,85,63,51,9,7,11,6,7,11,8,9
11,12,13,29,52,76,87,84,79,73,71,69,83,74,90,84,67,51,5,0,6,5,8,12,5,4
11,9,12,25,54,71,81,82,75,72,68,68,79,74,89,82,62,36,0,0,9,7,6,6,0,0
11,8,11,18,50,70,78,81,75,72,70,68,82,76,92,80,60,12,9,0,10,6,7,0,6,8
9,6,7,11,23,65,74,80,74,67,65,66,77,73,84,70,56,13,9,0,7,5,0,0,0,4
13,10,7,12,52,80,123,109,83,71,73,73,76,81,102,80,56,35,9,5,9,5,9,7,6,0
14,10,12,15,54,85,139,114,81,84,82,76,81,111,145,100,61,31,8,0,6,0,9,8,5,7
10,6,8,14,50,65,83,76,66,67,65,69,71,77,107,71,51,14,0,0,8,0,5,6,0,0
7,0,7,13,14,66,70,55,53,45,57,55,58,52,69,61,45,8,7,0,8,8,7,5,0,0
7,5,7,8,20,65,66,57,37,54,50,52,55,46,58,57,14,10,0,0,8,8,10,5,8,4
0,5,7,5,14,47,56,52,25,31,18,32,50,25,57,51,12,12,0,0,10,8,4,4,7,8
7,7,7,6,13,35,44,25,10,13,15,15,29,17,52,50,7,8,0,0,9,5,0,0,0,0
0,7,10,12,20,54,64,65,63,66,65,61,70,45,71,55,43,15,11,4,13,0,6,0,5,9
13,10,13,13,30,82,96,101,105,105,105,100,103,54,97,66,56,50,12,0,12,8,11,6,4,7
43,14,14,37,47,94,106,109,113,118,111,106,108,76,107,77,64,57,13,0,9,12,11,8,7,6
43,14,27,50,36,91,106,115,119,127,116,108,111,93,109,81,67,58,15,4,9,8,16,9,6,8
54,18,15,41,25,79,111,122,130,132,122,113,116,107,111,81,66,57,27,0,14,12,10,8,7,11
34,15,14,47,47,69,102,120,128,131,124,111,114,104,107,80,63,58,14,0,8,11,12,7,13,12
51,10,9,17,29,71,91,112,126,130,120,111,117,96,118,79,64,52,19,0,0,0,6,10,11,12
25,0,11,23,53,84,101,122,133,143,135,131,133,109,118,100,63,50,43,5,14,12,10,6,8,11
13,14,36,35,54,82,109,131,135,140,140,132,134,123,126,91,65,56,44,0,14,10,7,9,8,8
28,9,11,27,58,100,118,128,136,140,133,119,127,121,128,105,67,56,20,0,13,10,10,0,9,13
0,0,7,14,68,95,112,126,133,128,124,112,116,107,131,114,69,64,11,0,9,7,7,8,6,9
10,12,0,15,73,101,117,128,130,126,122,115,123,116,127,116,72,76,14,0,10,12,7,7,9,8
7,0,12,17,55,101,113,124,126,128,125,117,125,114,125,108,76,65,31,7,13,11,10,6,4,7
11,7,14,10,67,103,112,119,123,127,125,118,127,113,122,107,83,70,25,6,16,12,11,7,8,7
14,11,6,14,68,98,114,121,124,128,127,118,127,111,119,91,76,60,36,8,13,12,12,13,11,12
13,8,7,43,62,93,110,113,120,124,127,116,125,109,117,89,72,59,32,7,20,11,13,11,11,14
13,0,0,27,59,86,106,112,124,120,128,115,123,100,107,88,72,61,50,8,21,11,13,12,6,13
0,0,0,0,12,12,27,30,54,53,72,77,71,18,68,52,47,12,7,0,0,0,0,0,0,0
11,0,8,14,58,88,102,104,110,109,110,111,106,82,99,89,76,63,27,6,10,7,5,0,6,6
7,5,8,14,58,74,85,92,106,113,123,126,117,82,96,77,71,57,15,0,11,8,10,6,7,6
12,10,9,15,70,85,99,109,110,111,110,108,105,82,91,76,72,63,14,0,9,10,11,10,4,8
10,9,12,13,73,88,102,105,105,103,118,111,106,85,97,85,80,65,13,0,13,10,9,12,8,6
13,11,9,50,62,84,100,103,100,101,122,105,100,80,94,81,71,60,12,0,8,10,10,11,10,9
12,10,12,51,63,81,96,104,97,83,97,92,86,81,94,82,71,59,11,0,9,11,10,10,10,10
13,6,14,50,63,83,94,98,98,83,82,75,85,79,95,86,74,60,13,0,10,7,10,9,11,9
14,14,23,47,61,84,97,99,92,77,72,71,87,86,100,86,75,58,11,0,13,5,12,5,10,12
14,10,15,42,59,81,93,102,91,75,66,69,82,83,98,88,74,56,10,0,12,0,11,6,7,11
11,10,13,42,60,81,94,94,86,75,73,72,84,79,93,93,69,52,11,0,10,4,11,7,7,9
14,11,13,37,58,78,93,93,84,74,74,73,86,81,97,85,64,51,9,6,11,6,7,11,8,9
11,12,13,29,52,75,86,85,79,73,70,69,83,75,90,84,67,51,5,0,6,5,8,12,5,4
11,9,12,25,54,71,81,84,75,72,68,68,78,75,89,82,62,36,0,0,9,7,6,6,0,0
11,8,11,18,50,71,78,83,75,72,69,68,82,76,92,80,61,12,9,0,10,6,7,0,6,8
9,6,7,11,23,65,74,82,73,68,64,66,77,74,84,70,56,13,9,0,7,5,0,0,0,4
13,10,8,12,52,79,123,111,83,71,73,72,76,83,102,80,56,33,9,4,9,5,9,7,6,0
14,10,12,15,54,84,139,115,82,84,82,76,81,112,145,100,61,31,8,0,6,0,9,8,5,7
10,6,8,14,50,65,83,78,66,67,65,68,71,78,106,71,51,14,0,0,8,0,5,6,0,0
7,0,7,13,14,66,70,57,53,45,57,55,58,53,69,61,47,8,7,0,7,8,7,5,0,0
7,5,7,8,20,65,67,59,37,54,50,52,55,50,59,57,14,10,0,0,8,8,10,6,8,3
0,5,7,5,14,47,56,54,25,32,18,32,47,27,57,51,12,12,0,0,10,8,4,4,7,8
7,7,7,6,13,35,44,31,10,13,14,15,29,19,52,50,7,8,0,0,9,5,0,0,0,0
0,7,10,12,20,56,64,64,63,66,65,61,70,56,71,55,43,15,12,0,13,0,6,0,5,10
13,10,13,13,32,84,96,101,105,104,104,100,103,79,97,66,56,50,12,0,12,8,11,6,4,7
43,14,14,37,44,93,106,109,113,117,111,106,107,100,107,76,65,57,13,0,9,12,12,8,7,5
43,14,29,51,36,91,106,115,119,126,115,108,110,104,109,81,67,58,15,0,9,8,16,9,6,8
53,18,21,41,25,80,111,122,130,132,122,113,115,113,111,81,66,57,30,0,14,12,10,8,7,11
34,16,16,45,47,66,102,120,128,130,124,111,113,111,107,80,63,58,14,0,8,11,12,8,13,12
51,10,9,17,29,71,91,111,125,129,120,111,117,105,118,79,64,52,19,0,0,0,6,10,11,12
31,0,12,25,53,85,101,122,132,142,135,131,133,122,118,100,63,50,43,0,14,12,10,6,8,10
13,14,33,37,54,82,109,131,135,140,140,132,133,128,127,91,65,56,44,0,14,10,7,9,8,8
31,9,11,27,59,101,118,129,136,140,133,119,127,127,129,105,67,56,20,0,13,10,10,0,9,13
0,0,7,14,69,95,113,127,133,128,124,112,116,113,131,114,69,64,11,0,9,7,7,8,6,9
11,12,0,18,73,101,117,128,130,126,123,116,123,122,128,116,72,76,14,0,10,12,7,7,9,8
7,0,12,17,55,101,113,124,126,128,125,117,125,119,125,108,76,65,34,6,13,11,10,6,4,7
11,7,13,11,67,103,112,120,123,127,125,118,128,119,122,107,84,70,25,5,16,12,11,7,8,7
14,12,6,15,68,100,114,121,124,128,128,118,127,117,119,92,76,60,38,7,13,12,12,13,11,12
13,8,6,43,62,93,110,113,120,124,128,116,125,115,118,89,72,59,32,5,21,11,13,11,11,14
14,0,6,27,58,86,106,112,124,120,128,116,123,110,108,88,72,61,50,6,21,11,12,12,6,13
0,0,0,0,6,0,0,0,0,8,22,67,57,26,67,52,44,12,7,0,0,0,0,0,0,0
11,0,8,14,57,88,102,103,110,109,110,111,106,99,100,89,76,63,25,0,10,7,5,0,6,6
7,5,8,14,57,74,85,92,106,113,123,126,117,100,96,77,71,56,15,0,11,8,10,6,7,6
12,10,9,15,68,85,99,108,110,111,110,108,104,92,91,76,72,63,13,0,9,10,11,10,4,8
10,9,12,13,73,88,102,105,104,103,118,111,106,93,97,85,80,65,13,0,13,10,9,12,8,6
13,11,9,50,62,84,100,103,100,100,122,105,100,88,94,81,71,60,12,0,8,10,11,11,10,9
12,10,13,51,62,81,96,103,96,82,97,92,86,87,94,82,71,58,11,0,9,11,10,10,10,10
13,6,14,50,63,83,94,97,97,83,82,75,84,84,95,86,74,60,13,0,10,7,10,9,11,9
14,15,23,47,61,84,97,99,91,76,72,71,86,93,100,86,75,58,12,0,13,5,12,5,10,12
14,10,15,43,59,81,93,102,91,74,66,69,82,88,98,88,74,56,10,0,12,0,11,6,7,11
11,10,13,42,60,80,94,94,86,75,73,72,83,85,93,93,69,52,10,0,10,4,11,7,7,9
14,11,13,39,58,78,93,93,84,73,74,73,86,88,97,85,63,51,9,6,11,6,7,11,8,9
11,12,13,29,52,75,86,85,79,73,70,69,83,81,90,84,67,51,5,0,6,5,8,12,5,4
11,9,12,25,54,71,80,84,75,72,68,67,78,80,89,82,62,36,0,0,9,7,6,6,0,0
11,8,11,18,50,70,77,83,75,71,69,68,82,83,92,80,61,12,9,0,10,6,7,0,6,8
9,6,7,11,23,65,74,82,73,67,64,66,77,80,84,70,56,12,9,0,7,5,0,0,0,4
13,10,8,12,52,79,123,111,83,71,73,72,76,89,102,80,56,33,9,3,9,6,9,7,6,0
14,10,12,15,53,84,138,115,81,83,82,76,81,117,145,100,61,31,8,0,6,0,9,8,5,7
10,7,8,14,46,65,83,78,66,66,65,68,71,85,106,71,51,14,0,0,8,0,5,6,0,0
7,0,7,13,14,66,70,57,53,43,57,55,58,58,69,61,47,8,7,0,7,8,7,5,0,0
7,5,7,8,22,65,67,59,36,53,50,51,55,55,59,57,14,10,0,0,8,8,10,6,8,3
0,6,7,5,14,47,56,53,25,31,20,30,47,43,57,51,12,12,0,0,9,8,4,4,7,8
7,7,7,5,12,35,44,31,10,13,14,15,29,33,52,50,7,8,0,0,9,5,0,0,0,0
0,7,10,11,19,56,64,64,62,66,65,61,70,59,71,55,43,15,11,0,13,0,6,0,5,10
13,10,13,13,32,84,97,101,105,105,105,100,103,87,98,66,56,51,12,0,12,8,11,6,4,7
43,14,14,37,44,93,106,109,113,118,111,106,107,101,107,76,65,57,13,0,9,12,12,8,7,5
43,14,29,51,36,91,106,115,119,127,116,108,110,104,109,81,67,58,15,0,9,7,16,9,6,8
54,18,25,41,25,80,111,122,130,132,122,113,116,114,111,81,67,57,27,0,14,12,10,8,7,11
34,16,16,47,50,66,102,120,127,130,124,111,113,113,107,80,63,59,14,0,7,11,12,8,13,12
51,11,9,17,29,71,91,111,125,129,120,111,117,107,118,79,64,52,19,0,0,0,6,10,11,12
31,0,12,25,53,85,101,122,132,142,135,131,132,123,118,100,63,50,43,0,14,11,10,6,8,11
13,14,33,40,53,82,109,131,135,140,140,132,133,129,126,91,65,56,42,0,14,10,7,9,8,8
31,9,11,27,59,101,118,129,136,140,133,118,127,128,129,105,67,57,15,0,13,10,10,0,9,13
0,0,7,14,68,95,113,126,132,128,124,112,117,114,131,114,70,64,11,0,9,7,7,8,5,9
11,12,0,18,73,101,117,128,130,126,123,116,123,122,127,115,72,75,14,0,10,12,7,7,9,8
7,0,12,17,55,101,113,124,126,128,126,118,125,120,125,108,76,65,31,5,13,11,10,6,4,7
11,7,13,10,67,103,112,120,123,127,126,118,128,120,122,107,84,70,23,5,16,12,11,7,8,7
14,12,6,15,67,100,114,121,124,128,128,119,127,119,119,92,77,60,36,7,13,12,12,13,11,12
13,9,6,43,61,93,110,113,120,124,128,117,126,117,118,90,72,59,32,5,21,11,13,11,11,14
14,0,6,27,58,86,106,113,124,120,128,116,124,111,108,88,72,61,50,6,21,11,13,12,6,13
0,0,0,0,0,0,0,0,0,8,23,68,57,32,67,52,57,21,11,0,4,0,0,3,5,4
11,0,8,14,57,87,101,103,110,109,111,111,106,100,99,88,75,63,23,0,10,7,5,0,6,6
7,5,8,14,57,74,85,91,106,113,123,126,118,101,96,77,71,56,14,0,11,8,10,6,7,6
12,10,9,15,68,84,99,108,110,111,110,109,105,94,91,75,71,63,13,0,9,10,11,10,4,8
10,9,12,13,73,88,102,104,104,103,118,111,106,95,97,85,80,65,13,0,13,10,9,12,8,6
14,11,9,50,62,84,100,103,99,100,122,105,100,89,94,81,71,60,12,0,8,10,11,11,10,9
12,10,13,50,62,81,96,103,96,82,97,92,86,88,93,82,71,58,11,0,9,11,10,10,10,10
13,6,14,50,63,82,94,97,97,83,82,75,84,86,95,85,74,60,13,0,10,7,10,9,11,9
14,15,23,47,61,84,97,99,91,76,72,71,86,94,100,86,75,58,11,0,13,5,12,5,10,12
14,10,15,43,59,81,93,101,91,74,66,69,82,90,98,87,74,56,10,0,11,0,11,6,7,11
11,10,13,44,60,80,93,94,86,75,73,72,83,86,93,92,69,52,10,0,9,4,11,8,7,9
14,11,13,37,57,78,93,93,84,73,74,73,86,89,97,85,63,51,9,5,11,6,7,11,8,9
11,12,13,29,52,75,86,85,79,73,70,69,83,82,90,84,67,51,5,0,6,5,8,12,5,4
11,9,12,21,54,71,80,84,75,72,68,67,78,82,89,82,62,38,0,0,9,7,6,6,0,0
11,8,11,18,50,71,77,83,75,71,69,68,82,85,92,80,61,12,9,0,10,6,7,0,6,8
9,6,7,11,23,65,73,82,73,67,64,66,77,82,84,70,56,13,9,0,7,5,0,0,0,4
13,10,8,12,51,79,123,111,83,71,73,72,76,90,102,80,56,33,9,0,9,6,9,7,6,0
14,10,12,18,53,84,138,115,81,83,83,76,81,119,146,100,61,31,8,0,6,0,9,8,5,7
10,7,8,14,46,65,82,78,66,66,65,68,71,86,106,71,51,14,0,0,8,0,5,6,0,0
7,0,7,13,14,66,70,57,53,43,57,55,58,59,68,61,48,8,7,0,7,8,7,5,0,0
7,5,7,8,22,65,67,59,36,53,50,52,55,56,59,57,14,10,0,0,8,8,10,6,8,3
0,6,7,5,14,50,56,53,25,31,21,32,47,47,57,51,12,12,0,0,9,8,4,4,7,8
7,7,7,5,12,35,44,31,10,13,15,15,29,37,52,50,7,8,0,0,9,5,0,0,0,0
0,8,10,11,19,56,64,65,62,66,65,61,70,52,71,55,43,15,11,0,13,0,6,0,5,10
13,10,13,13,35,84,97,101,105,105,105,100,104,77,98,67,56,50,12,0,12,8,11,6,4,7
43,14,15,37,44,93,106,109,113,118,111,107,108,97,107,76,65,57,13,0,9,12,12,8,7,6
46,14,27,51,36,91,107,115,119,126,116,108,110,102,109,81,67,59,15,0,8,8,16,9,6,8
54,17,25,39,25,80,111,122,130,132,123,113,116,112,112,81,67,57,27,0,14,12,10,8,7,11
34,16,16,47,50,66,102,120,127,131,124,111,114,110,107,80,63,59,14,0,8,11,12,8,13,12
51,11,9,19,29,71,91,111,125,130,120,112,117,103,119,79,65,52,19,0,0,0,6,10,11,12
31,0,12,25,54,85,101,122,132,143,136,131,132,120,118,100,63,50,43,0,14,12,10,6,8,11
13,14,33,40,54,82,110,131,134,140,140,132,133,126,126,91,65,56,42,0,15,10,7,9,8,8
31,9,11,27,59,101,118,129,136,140,133,119,127,125,128,105,67,57,15,0,13,10,10,0,8,13
0,0,7,14,68,95,113,127,132,128,124,112,117,111,131,114,69,64,10,0,9,6,7,8,6,9
11,12,0,18,73,101,117,128,129,126,123,116,123,120,127,115,72,76,14,0,10,12,8,7,9,8
7,0,12,17,55,101,113,124,125,128,126,118,125,119,125,108,76,63,31,5,13,11,10,6,4,7
11,7,13,10,67,103,112,120,123,128,126,118,128,118,122,107,83,70,23,0,16,12,11,7,8,7
14,12,6,15,68,100,114,121,124,128,128,119,127,117,119,92,76,60,36,6,13,12,12,13,11,12
13,8,6,43,61,94,110,114,120,125,128,117,126,115,118,90,72,59,30,0,21,11,13,11,11,14
14,0,6,27,58,86,106,113,124,121,128,116,124,109,108,88,72,61,50,5,21,11,13,12,7,13
0,0,0,0,13,9,12,13,29,30,51,79,68,50,76,59,64,50,13,0,7,5,5,7,8,6
11,0,8,14,57,87,101,103,110,109,111,111,107,97,99,89,75,63,23,0,11,7,5,0,6,6
7,5,8,14,57,74,86,92,106,113,123,126,118,98,96,77,71,56,14,0,11,8,10,6,7,6
12,10,9,15,68,84,99,108,110,111,110,109,105,90,90,75,71,64,13,0,9,10,11,10,5,8
10,9,12,13,73,88,102,105,104,103,118,111,106,92,97,85,80,65,13,0,13,10,9,12,7,6
14,11,9,50,62,84,100,103,98,100,122,105,100,86,94,81,71,60,12,0,8,10,11,11,10,9
12,10,13,51,62,81,96,103,95,82,97,92,86,85,93,82,71,58,11,0,9,11,10,10,10,10
13,6,14,50,63,82,94,98,97,83,82,75,84,83,95,85,74,60,13,0,11,7,10,9,11,9
14,15,21,46,61,84,97,99,91,76,72,71,86,92,100,86,75,58,12,0,13,5,12,5,10,12
14,10,15,43,59,81,93,101,90,74,66,69,82,88,98,87,74,56,10,0,12,0,11,6,6,11
11,10,13,42,60,80,93,94,86,75,73,72,83,84,93,92,69,52,10,0,10,4,11,8,7,9
14,11,13,37,57,78,94,93,83,73,74,73,86,87,97,85,63,51,9,5,11,6,7,11,8,9
11,12,13,29,52,75,86,85,79,73,70,69,83,80,90,84,67,51,5,0,6,5,9,12,5,4
11,9,12,25,53,71,80,84,74,72,68,68,78,79,89,82,62,38,0,0,10,7,6,6,0,0
11,8,12,18,50,71,77,83,74,71,69,68,82,82,92,80,61,13,9,0,10,6,7,0,6,8
9,6,7,12,23,65,73,82,73,67,64,66,77,80,84,70,56,13,9,0,7,5,0,0,0,4
13,10,8,12,52,80,123,111,83,71,73,72,76,88,102,80,57,33,9,0,9,6,9,7,6,0
14,10,12,15,53,84,138,116,81,83,83,76,81,117,145,100,61,31,8,0,6,0,9,8,6,7
10,7,8,14,46,65,83,79,66,66,65,68,71,83,106,71,51,14,0,0,8,0,5,6,0,0
7,0,7,13,14,66,71,57,53,43,57,55,58,57,68,61,48,8,7,0,8,8,7,5,0,0
7,5,7,8,22,65,67,59,36,53,50,52,55,54,59,57,14,10,0,0,8,8,10,6,8,3
0,6,7,5,14,50,56,53,24,32,21,32,47,42,57,51,12,12,0,0,9,9,4,4,7,8
7,7,7,6,12,35,44,31,10,13,15,15,30,33,52,50,7,8,0,0,9,5,0,0,0,0
0,8,10,12,19,56,64,65,62,66,65,61,70,52,71,55,43,15,11,0,13,0,6,0,5,10
13,10,13,13,37,84,97,101,105,104,105,100,104,83,98,67,56,50,12,0,12,8,11,6,0,7
50,14,15,37,44,94,106,109,113,117,111,107,108,100,107,77,64,57,13,0,9,12,12,8,7,5
46,14,27,51,36,90,107,116,119,127,116,108,111,104,109,80,67,59,15,0,8,7,16,9,6,8
54,17,25,41,25,80,111,122,130,132,123,114,116,114,112,81,67,57,30,0,14,12,10,8,7,11
34,16,16,50,50,67,102,120,127,131,125,112,114,113,107,80,64,59,15,0,8,10,12,7,12,12
51,11,9,19,31,71,91,111,125,131,121,112,118,105,119,79,65,52,19,0,0,0,6,10,11,12
18,0,12,25,54,85,101,122,132,143,136,131,133,122,119,100,63,50,43,4,14,11,10,6,7,11
13,14,33,40,54,82,110,131,134,140,141,134,134,128,126,91,65,56,44,0,15,10,7,9,8,8
25,9,11,27,59,101,118,129,135,140,134,119,127,127,128,105,66,56,15,0,13,10,10,0,8,13
6,0,7,14,68,94,113,126,132,128,125,112,117,114,131,113,69,63,10,0,9,6,7,8,6,9
11,12,0,18,72,101,117,127,129,127,123,116,124,122,127,115,72,76,14,0,10,11,8,7,8,8
7,0,12,17,55,101,113,124,125,128,125,118,125,120,124,108,76,63,31,6,12,10,10,6,4,7
10,7,13,10,66,103,112,120,122,127,126,118,128,119,122,107,82,70,23,5,16,11,11,7,7,7
31,12,6,15,67,100,114,121,124,128,128,119,127,118,119,91,76,58,38,7,14,12,12,13,11,12
13,9,6,43,61,93,110,114,120,124,128,117,126,116,118,89,72,59,30,6,21,10,13,11,11,14
14,0,6,27,58,86,106,113,123,120,128,116,123,110,108,88,72,61,50,7,21,10,13,12,7,13
0,0,0,0,14,53,60,62,72,71,90,107,98,88,101,77,67,53,13,4,7,5,5,7,8,7
11,0,8,14,57,88,101,104,110,109,111,111,106,100,100,89,75,63,25,0,11,7,5,0,6,6
8,5,8,14,57,74,86,92,106,113,123,127,118,101,96,77,71,56,14,0,11,8,10,6,6,6
10,10,9,15,68,84,100,109,110,111,110,109,105,93,91,75,71,64,13,0,10,9,11,10,5,8
11,9,12,13,73,88,102,105,104,103,118,111,107,95,97,85,80,65,13,0,13,9,9,12,7,6
14,11,9,50,62,84,100,103,98,100,122,105,100,89,94,81,71,59,12,0,8,10,11,11,9,9
11,10,13,51,62,81,96,104,96,82,97,92,86,88,93,82,71,58,12,0,10,11,10,10,10,10
13,6,14,50,63,83,94,98,97,83,83,76,84,85,95,85,74,60,13,0,11,7,10,9,11,9
14,15,23,47,61,84,97,100,91,76,72,71,87,94,100,86,75,58,12,0,13,5,12,5,10,12
14,10,15,43,59,81,93,102,90,74,66,69,83,90,98,87,74,56,10,0,12,0,11,6,6,11
11,10,13,42,60,80,93,94,86,75,73,72,84,86,93,92,70,52,11,0,10,4,11,7,7,9
14,11,13,37,57,78,94,93,83,73,74,73,86,89,97,85,63,51,9,6,11,6,7,11,8,9
11,12,13,31,53,75,86,85,79,73,70,69,83,82,90,84,67,51,5,0,6,5,8,12,5,4
11,9,12,25,53,71,80,84,74,72,68,68,78,82,89,82,62,38,0,0,10,6,6,6,0,0
11,8,12,21,50,71,77,83,74,72,69,69,82,85,92,80,61,12,9,0,10,6,7,0,6,8
9,6,7,12,23,65,73,83,73,67,65,66,77,83,84,70,56,13,9,0,7,5,0,0,0,4
13,10,8,12,52,79,124,111,82,71,73,73,77,90,102,80,57,33,9,4,9,5,9,7,6,0
14,10,12,18,53,84,138,116,81,83,83,76,81,119,145,100,60,31,8,0,6,0,9,8,5,7
10,7,8,14,46,65,82,79,65,66,65,68,71,86,106,71,51,14,0,0,9,0,5,6,0,0
7,0,7,13,14,66,71,57,53,45,57,55,58,59,68,60,48,8,7,0,8,8,7,5,0,0
8,5,7,8,22,65,67,60,35,53,50,52,55,56,59,57,14,10,0,0,8,8,10,6,8,3
0,6,7,5,14,50,56,54,24,32,21,32,50,48,57,51,12,12,0,0,10,8,4,4,7,8
7,7,7,6,12,35,44,32,10,13,15,16,30,37,52,50,7,8,0,0,9,0,0,0,0,0
0,8,10,12,19,56,64,65,62,67,65,61,70,54,70,55,43,17,11,0,13,0,6,0,5,10
12,10,13,13,37,84,97,101,105,104,105,100,104,85,98,67,56,50,12,0,12,8,11,6,0,7
50,14,15,37,47,94,106,109,113,117,111,107,108,101,107,77,64,57,13,0,9,12,11,8,7,5
46,14,29,51,38,90,106,116,119,126,116,108,111,104,109,81,67,59,15,4,8,7,16,8,6,8
54,17,21,41,26,80,111,122,130,132,123,114,116,114,112,81,67,57,30,0,14,12,10,8,7,11
34,16,18,50,50,67,102,120,128,131,125,112,114,113,107,81,63,59,15,0,8,10,12,7,12,12
51,11,9,21,31,71,91,112,125,131,121,113,118,106,119,79,65,52,21,0,0,0,6,10,11,11
21,0,12,25,55,85,101,122,133,144,136,132,133,123,119,100,64,50,43,5,14,11,10,6,8,11
13,14,33,40,54,82,110,131,135,141,141,134,134,129,126,91,65,56,44,0,15,10,7,9,8,8
28,9,11,30,59,101,118,129,136,141,134,119,127,127,128,105,66,57,15,0,13,10,10,0,8,13
6,0,7,14,68,93,112,126,132,129,125,112,117,114,131,113,69,64,11,0,9,6,7,8,6,9
11,12,0,18,71,101,116,127,130,127,123,116,124,122,127,115,72,76,14,0,10,12,8,7,8,8
7,0,12,17,55,101,113,124,125,128,125,117,125,120,124,108,76,62,31,7,12,10,10,6,4,7
10,7,13,10,66,103,112,120,122,127,125,118,128,120,122,107,82,70,23,6,18,12,11,7,7,7
31,12,6,15,67,100,113,121,124,128,128,119,127,119,119,91,76,60,38,8,14,12,12,13,11,12
13,8,6,43,62,93,110,113,120,124,128,117,125,117,117,90,72,58,30,7,21,10,13,11,11,14
14,0,6,27,59,86,106,113,123,120,128,116,123,111,108,88,71,62,50,8,21,10,13,12,7,13
8,0,9,11,60,83,93,97,104,102,113,112,99,69,79,60,45,12,7,0,0,0,0,0,4,7
11,4,8,14,58,89,102,104,110,109,111,111,107,100,100,90,75,64,25,6,11,7,5,0,6,6
8,5,8,14,58,75,86,93,106,113,123,126,118,101,97,77,71,56,15,0,11,8,10,6,6,6
10,10,10,17,69,85,100,109,110,111,110,109,105,93,91,76,72,64,14,0,10,9,11,10,5,8
11,9,12,13,73,88,102,105,104,103,118,112,107,95,97,85,80,66,13,0,13,9,9,12,7,6
14,11,9,50,62,84,100,104,99,100,122,105,100,89,94,81,71,59,12,0,8,10,11,11,9,9
11,10,13,51,62,82,96,104,96,82,97,92,86,88,93,82,71,59,12,0,9,11,10,10,10,10
13,6,14,50,63,83,95,98,97,83,83,76,84,85,95,86,74,60,13,0,11,7,10,9,11,9
14,16,23,48,61,84,97,100,91,77,73,71,87,94,100,86,75,59,12,0,13,5,12,5,10,12
14,10,15,43,59,81,93,102,90,74,66,69,83,90,98,87,74,56,10,0,12,0,11,6,6,11
11,10,13,44,60,80,94,95,86,75,73,72,84,87,94,93,70,52,11,0,10,4,11,8,7,9
14,11,13,39,57,78,94,93,84,74,74,73,86,89,97,85,63,51,9,6,11,6,7,11,8,9
11,12,13,31,53,75,86,85,79,73,70,69,83,82,90,84,67,51,5,0,6,5,9,12,5,4
11,9,12,27,53,71,80,84,75,72,68,68,78,82,89,82,62,40,0,0,10,6,6,6,0,0
11,8,11,21,50,71,78,83,74,72,69,68,82,86,92,80,61,13,9,0,10,6,8,0,6,8
9,6,7,12,23,65,73,83,73,67,65,66,77,83,84,70,56,13,9,0,7,5,0,0,0,4
13,9,8,12,52,80,124,111,83,71,73,73,77,90,102,80,57,35,9,5,9,5,9,7,6,0
14,10,12,18,53,84,138,116,81,83,83,76,81,119,145,100,60,34,8,0,6,0,9,9,5,7
10,7,8,14,46,65,82,79,66,66,65,68,71,86,106,71,51,14,0,0,8,0,5,6,0,0
7,0,7,13,14,66,70,57,53,45,57,55,58,60,68,61,48,8,7,0,8,8,7,5,0,0
8,5,7,8,22,65,67,60,36,53,50,52,55,56,58,57,14,10,0,0,8,8,10,6,8,3
0,6,7,5,14,50,56,54,25,32,21,32,50,48,57,51,12,12,0,0,10,8,4,4,7,8
7,7,7,6,13,35,44,32,10,13,15,16,30,37,52,50,7,8,0,0,9,0,0,0,0,0
0,7,10,11,17,55,63,65,61,66,65,60,70,59,70,55,42,14,11,0,13,0,0,0,5,10
12,9,13,12,30,82,95,101,104,104,105,100,103,97,97,66,55,46,12,0,12,8,11,6,0,7
47,13,14,34,41,93,106,109,112,117,111,106,107,104,107,77,64,57,13,0,9,12,11,8,7,5
43,14,27,50,33,90,106,116,119,126,116,108,111,107,109,81,67,58,15,0,8,7,16,8,6,8
53,15,18,37,23,79,111,122,130,132,123,113,116,117,111,81,66,57,30,0,14,12,10,8,7,11
30,15,16,47,47,67,102,120,127,131,125,112,113,117,107,80,63,58,14,0,8,10,12,7,12,12
50,11,9,21,29,71,91,112,125,131,121,112,118,110,119,79,65,52,21,0,0,0,6,10,11,12
18,0,12,25,55,86,101,123,133,144,136,131,134,128,119,100,64,50,45,0,14,11,10,6,8,11
13,14,33,40,54,82,110,131,135,141,141,134,134,132,127,91,65,56,46,0,15,10,7,9,8,8
28,9,11,30,59,101,119,129,136,141,134,120,128,131,128,105,67,56,20,5,13,10,10,0,8,13
5,0,7,14,69,94,113,127,132,129,125,113,118,119,131,113,69,63,10,0,9,6,7,8,6,9
11,12,0,18,72,101,117,127,130,127,124,117,124,126,127,115,72,76,14,0,10,11,8,7,9,8
7,0,12,20,55,101,113,124,126,128,126,118,126,123,125,108,76,62,31,7,13,10,10,6,4,7
10,7,13,10,66,103,112,120,123,127,126,119,128,123,122,107,83,70,25,7,16,12,11,7,7,7
29,12,6,15,67,100,114,122,124,128,128,119,128,123,119,92,77,60,40,9,13,12,12,13,11,12
13,9,6,40,62,94,110,114,120,124,129,117,126,120,118,90,72,59,32,7,21,10,13,11,11,14
13,0,6,29,58,86,106,113,124,120,128,116,124,115,108,88,72,62,50,8,22,10,13,12,7,13
0,0,0,0,48,60,73,79,88,85,103,110,97,73,77,59,41,10,7,0,0,0,0,0,4,7
11,4,9,14,58,88,102,104,110,110,111,111,108,105,100,89,75,63,25,6,11,7,5,0,6,6
8,5,9,15,58,75,86,92,106,113,124,127,119,105,96,77,70,56,15,0,11,8,10,6,6,6
10,10,10,17,69,85,100,109,110,111,111,109,106,100,91,76,71,63,14,0,10,9,11,10,5,9
11,9,12,13,73,89,103,105,104,103,118,112,107,101,97,85,80,65,13,0,13,9,9,12,7,6
14,11,9,50,62,85,100,104,99,100,122,105,100,94,94,81,71,59,12,0,8,10,11,11,9,9
11,10,13,51,62,82,97,104,96,82,97,92,86,92,93,82,71,58,12,0,9,11,10,10,10,10
13,6,14,50,63,83,95,98,97,83,83,76,85,88,95,86,74,60,13,0,11,7,10,9,11,9
15,15,23,48,61,84,98,100,91,77,73,71,87,98,100,86,75,58,12,0,13,5,12,5,10,12
14,10,15,43,59,81,93,102,90,74,66,69,83,94,98,87,74,56,10,0,12,0,11,6,6,11
11,10,13,42,60,80,94,95,86,75,73,72,84,90,94,93,69,52,10,4,10,4,11,8,7,9
14,11,13,39,57,78,94,93,84,74,74,73,86,93,97,85,63,51,9,7,11,6,7,11,8,9
11,12,13,29,53,75,86,85,79,73,70,69,83,85,90,84,67,51,5,0,6,5,8,12,5,4
10,9,12,25,53,71,80,84,74,72,68,68,79,86,89,82,62,38,0,0,10,6,6,6,0,0
11,8,11,21,50,71,78,83,74,72,69,68,82,89,92,80,61,12,9,0,10,6,7,0,6,8
9,6,7,12,23,65,73,82,73,67,65,66,77,86,84,70,56,13,9,0,7,5,0,0,0,4
13,10,7,12,52,79,123,111,83,71,73,72,77,93,102,80,56,33,9,5,9,5,9,7,6,0
14,10,11,15,53,84,138,116,81,83,83,76,81,122,145,100,60,34,8,0,6,0,9,9,5,7
10,7,8,14,44,64,82,79,65,66,66,68,71,90,106,72,51,14,0,0,8,0,5,6,0,0
7,0,7,13,14,66,70,57,53,45,58,55,58,64,69,61,47,8,7,0,8,7,7,5,0,0
8,5,7,8,20,64,67,60,36,54,51,52,55,60,58,57,14,10,0,0,8,8,9,5,8,3
0,6,7,5,14,47,56,54,24,31,25,32,50,53,57,51,12,12,0,0,10,8,4,4,7,8
7,7,7,6,13,35,44,32,10,13,15,16,30,46,52,50,7,8,0,0,9,0,0,0,0,0
0,7,10,11,17,55,63,62,61,66,65,60,69,64,69,55,41,14,11,0,13,0,0,0,5,10
12,9,13,12,27,82,95,100,105,104,105,98,103,101,96,66,55,46,12,0,12,8,11,6,0,7
43,13,14,31,41,93,106,108,112,117,111,106,107,105,107,77,64,57,13,0,9,11,11,8,7,5
40,14,27,50,30,90,106,114,119,126,116,108,111,109,109,80,67,57,15,0,8,7,16,8,6,8
52,15,15,35,20,80,111,121,130,132,123,113,116,118,111,81,66,56,30,0,14,12,9,8,7,11
28,14,15,45,50,67,102,118,128,131,125,112,113,119,107,80,63,58,15,0,8,10,12,7,12,12
50,10,9,17,29,71,92,110,126,131,121,112,117,114,119,79,65,52,21,0,0,0,6,10,11,12
15,0,12,23,55,86,101,121,133,144,136,131,133,130,118,100,64,50,45,0,14,11,10,6,8,11
13,14,36,40,54,83,110,131,136,141,142,134,134,134,127,91,65,56,46,0,15,10,7,9,8,8
28,9,11,27,59,101,119,128,136,141,135,120,128,133,128,105,67,56,20,0,13,10,10,0,8,13
5,0,7,14,69,95,113,126,133,129,125,113,118,120,131,113,69,63,10,0,9,6,7,8,5,9
11,12,0,18,72,101,117,127,129,127,124,117,124,127,127,115,72,75,14,0,10,11,8,7,8,8
6,0,12,20,55,101,113,123,126,128,126,118,126,125,125,108,76,62,34,0,13,10,10,6,4,7
10,7,13,10,66,103,112,119,123,128,126,119,128,125,122,107,83,68,25,0,16,12,11,7,8,7
29,12,6,14,67,100,114,121,125,128,128,120,128,125,119,92,77,60,40,0,13,12,12,13,11,12
13,9,6,40,62,93,110,113,121,125,129,118,126,122,118,90,72,59,32,0,21,10,13,11,11,14
13,0,6,27,59,86,106,112,124,121,128,117,124,117,108,88,72,62,51,0,22,11,13,12,6,13
0,0,0,0,48,60,72,76,88,85,103,110,97,77,53,33,10,0,0,0,0,0,0,0,4,6
11,4,8,14,57,88,102,103,110,110,111,111,107,107,100,89,75,63,25,0,11,6,5,0,6,6
8,5,9,14,58,75,85,90,106,113,124,127,119,107,97,77,70,56,15,0,11,8,10,6,7,6
10,10,10,17,68,85,100,108,110,111,111,109,106,101,91,76,71,63,14,0,10,9,11,10,4,9
10,9,12,13,73,89,102,104,104,103,119,112,107,102,97,85,80,65,13,0,13,9,9,12,8,6
14,11,9,50,62,85,100,103,100,100,122,105,100,97,94,81,71,59,12,0,8,10,11,11,9,9
11,10,13,51,62,82,97,103,96,82,97,92,87,95,94,82,71,58,12,0,9,11,10,10,10,10
13,6,14,50,63,83,95,97,97,83,83,76,85,90,95,86,74,60,13,0,11,7,10,9,11,9
14,15,25,47,61,84,97,98,91,77,73,71,87,100,100,86,75,58,12,0,13,5,12,5,10,12
14,10,15,42,59,81,93,101,90,74,66,69,83,96,99,87,74,56,10,0,11,0,11,6,7,11
11,10,13,42,60,80,94,93,86,75,73,72,84,92,94,93,70,52,10,0,10,4,11,8,7,9
14,11,13,37,57,78,94,92,84,74,74,73,87,94,97,85,64,51,9,5,11,6,7,11,8,8
11,12,13,29,53,75,86,84,79,73,71,69,83,87,90,84,67,51,5,0,6,5,8,12,5,5
10,9,12,25,54,71,80,83,75,72,68,68,79,87,89,82,62,38,0,0,9,6,6,6,0,0
11,8,11,18,50,71,77,81,74,72,69,68,82,91,92,80,61,12,9,0,10,6,7,0,6,8
8,6,7,11,23,65,74,80,73,67,65,66,77,87,84,70,56,13,9,0,7,5,0,0,0,4
13,10,7,11,52,80,123,109,82,71,73,72,77,95,102,80,57,33,8,0,9,5,9,7,6,0
14,10,11,15,53,84,138,114,81,83,83,76,81,124,145,100,61,31,8,0,6,0,9,9,5,7
10,7,8,14,44,64,82,76,66,66,66,68,71,92,106,72,51,14,0,0,8,0,5,6,0,0
7,0,7,13,14,66,70,56,53,45,57,55,58,66,68,61,48,7,7,0,8,7,7,5,0,0
7,5,7,7,20,64,66,57,36,54,50,52,55,61,58,57,14,10,0,0,8,8,9,5,8,3
0,6,7,5,14,47,56,52,24,30,31,30,50,55,57,51,12,12,0,0,10,8,4,4,7,8
7,7,7,6,12,33,44,26,10,13,15,16,29,49,52,50,7,8,0,0,9,0,0,0,0,0
0,7,10,11,17,55,63,62,61,66,65,60,68,67,69,54,41,14,11,0,13,0,0,0,5,10
12,9,13,12,25,82,95,100,105,104,105,97,102,101,95,66,54,46,12,0,12,8,11,6,0,7
36,13,14,28,38,93,106,108,113,117,111,106,107,105,106,76,64,57,13,0,9,12,11,7,7,6
37,14,25,50,27,90,106,115,119,126,116,108,110,109,109,80,67,57,17,0,8,8,15,8,6,8
52,15,15,31,19,80,111,121,130,132,123,113,115,118,111,81,66,56,30,0,14,12,9,7,8,11
28,14,14,43,50,67,103,119,128,131,125,111,113,119,107,80,63,58,15,0,8,11,12,7,12,12
50,10,9,15,29,71,92,111,126,131,121,112,117,114,118,79,65,52,21,0,0,0,6,10,12,12
25,0,12,23,55,87,102,122,133,144,136,131,133,130,118,100,64,51,47,0,14,11,10,6,8,11
13,14,36,40,54,83,110,131,136,141,141,134,134,134,126,91,66,56,46,0,15,10,7,8,8,8
31,9,11,27,59,101,119,129,137,141,134,119,127,133,128,105,67,56,20,0,13,10,10,0,9,13
0,0,7,14,69,96,114,127,133,128,124,112,117,120,131,113,69,63,10,0,9,7,7,8,6,9
10,12,0,15,72,101,118,127,129,126,123,116,124,127,128,116,73,75,14,0,10,11,8,7,9,8
6,0,12,20,55,101,113,123,125,128,126,118,125,125,125,109,76,62,34,0,13,11,10,6,4,7
10,7,13,10,66,103,112,119,123,127,126,118,128,125,122,107,85,70,25,0,16,12,11,7,8,7
14,12,6,14,67,100,114,121,124,128,128,119,128,125,119,92,77,61,43,0,13,12,12,13,11,12
13,9,7,40,62,93,110,113,120,124,128,117,126,122,118,90,72,59,33,0,21,11,13,11,11,14
13,0,6,27,59,86,106,112,124,120,128,116,124,117,108,88,72,62,51,0,22,11,13,12,6,13
0,0,0,0,9,11,19,32,82,76,95,98,84,63,13,17,6,0,0,0,0,0,0,0,0,0
11,4,8,14,58,89,102,103,110,110,111,111,107,107,100,90,76,63,27,0,11,7,5,0,6,6
6,5,9,14,58,75,86,91,106,113,124,127,118,106,97,77,71,56,15,0,11,8,10,6,7,6
12,10,10,17,68,85,100,108,110,111,111,108,105,102,91,76,72,64,14,0,10,10,11,10,5,9
10,9,12,13,73,89,102,104,104,103,119,112,107,102,97,85,80,65,13,0,13,10,9,11,8,6
13,11,9,50,62,85,100,103,100,101,122,105,100,97,95,81,72,59,12,0,8,10,10,11,10,9
12,10,13,50,62,82,97,103,97,82,98,92,86,95,94,82,72,59,12,0,9,11,10,10,10,10
13,6,14,50,63,83,95,97,97,83,83,76,85,90,95,86,75,60,13,0,10,7,10,9,11,9
15,15,25,47,61,84,97,98,91,77,73,71,87,100,100,86,75,58,12,0,13,5,12,5,10,12
14,10,15,42,59,81,93,101,91,74,66,69,83,95,99,88,74,56,11,0,11,0,11,6,7,11
11,10,13,42,60,81,94,93,86,75,73,72,84,92,94,93,70,52,10,0,9,4,10,8,8,9
14,11,13,37,57,78,94,92,84,74,74,73,86,94,97,85,64,51,9,0,11,6,6,11,8,9
11,12,13,29,53,75,86,84,79,73,71,68,83,87,90,84,67,51,5,0,6,5,8,12,5,5
10,9,12,25,54,71,81,83,75,71,68,67,78,86,89,82,62,38,5,0,9,7,6,6,0,0
11,8,11,18,50,71,77,81,75,71,69,68,81,90,92,80,61,12,9,0,10,6,7,0,6,8
8,6,7,11,23,66,74,80,74,67,65,66,77,87,84,70,56,13,9,0,7,5,0,0,0,4
13,10,7,11,52,80,123,109,83,71,73,72,76,95,102,80,57,33,8,0,9,5,9,7,6,5
13,10,11,14,53,84,138,113,81,83,83,76,81,123,145,100,61,31,8,0,6,0,9,9,5,8
10,7,8,14,44,64,82,76,66,66,66,68,71,91,106,72,51,14,0,0,8,0,5,6,0,0
7,0,7,13,14,66,70,55,53,45,58,55,58,65,68,61,48,8,7,0,7,8,7,5,0,0
7,5,7,7,19,64,66,57,36,54,50,52,55,61,58,57,14,10,0,0,8,8,9,6,8,3
0,6,7,5,14,47,56,52,25,29,37,30,47,54,57,51,12,12,0,0,10,8,4,4,7,8
7,7,7,5,12,33,42,26,10,13,16,16,29,47,52,50,8,8,0,0,9,5,0,0,0,0
0,7,10,11,17,55,63,61,62,66,65,60,68,67,69,54,40,13,11,0,13,0,0,0,5,9
12,9,13,12,23,82,95,98,105,104,105,97,102,101,95,65,54,46,12,0,12,8,10,6,0,7
31,13,14,28,38,93,106,107,113,118,112,106,107,106,106,76,64,57,13,0,8,12,11,7,7,6
31,14,23,50,23,91,106,114,119,127,116,108,110,110,109,80,67,58,19,0,8,9,15,8,6,8
51,15,14,29,17,81,111,121,130,133,124,113,115,119,111,81,66,56,30,0,14,12,9,7,7,11
25,14,14,40,50,67,102,118,128,132,125,112,113,120,107,80,63,59,15,0,7,11,12,7,12,12
50,9,8,14,29,72,92,110,127,131,122,112,117,115,118,79,64,52,21,0,0,0,6,10,12,12
21,0,11,21,55,87,102,121,134,145,137,131,133,131,118,100,64,51,47,0,14,11,10,6,8,11
13,14,33,37,54,83,110,130,136,141,141,134,134,136,126,91,66,56,46,0,15,10,7,8,8,8
28,9,11,27,59,101,119,128,137,141,134,119,127,134,128,105,67,56,20,0,13,10,10,0,8,13
0,0,7,14,69,96,114,126,133,128,124,112,117,122,131,113,69,63,10,0,9,6,7,8,6,9
10,12,0,15,73,101,118,127,129,126,123,115,123,128,128,116,73,75,14,0,10,11,8,7,9,8
6,0,11,17,55,101,113,122,125,127,125,117,125,125,125,109,76,63,37,0,13,11,9,5,4,7
10,7,13,10,66,103,112,118,123,127,126,118,127,126,122,107,84,70,28,0,16,12,10,7,8,7
14,12,6,14,66,100,114,120,124,128,128,118,127,125,119,91,76,61,43,0,13,12,12,13,11,12
13,9,6,40,61,93,110,113,120,124,128,116,125,122,117,90,72,59,33,0,21,11,13,11,11,14
13,0,6,27,58,86,106,111,124,120,128,115,123,117,108,88,72,62,52,0,22,11,12,12,6,13
0,0,0,0,6,7,10,14,73,69,91,95,92,88,10,17,5,0,0,0,0,0,0,0,0,0
11,4,8,14,57,89,102,102,111,109,111,111,107,108,100,90,76,63,29,0,11,7,5,0,6,6
6,5,9,14,58,75,86,90,106,113,124,127,118,107,97,77,71,56,17,0,11,8,10,6,7,6
12,10,10,17,68,85,100,108,111,112,111,108,105,103,92,76,72,64,14,0,10,9,11,10,4,9
10,9,12,13,73,89,102,104,105,103,119,112,107,103,98,85,80,66,13,0,13,9,8,11,8,6
13,11,9,50,62,85,100,102,100,101,123,105,101,99,95,81,72,60,12,0,8,10,10,11,10,9
12,10,13,50,62,82,97,102,97,83,98,92,87,96,94,82,72,59,12,0,9,11,10,10,10,10
13,6,14,50,63,83,95,96,98,84,84,76,85,92,95,86,75,60,13,0,10,7,10,9,11,9
14,15,23,47,61,85,97,98,92,77,73,71,87,101,100,86,75,59,12,0,13,5,12,5,10,12
14,10,15,42,60,81,93,100,91,74,66,69,83,96,99,88,74,56,11,0,11,0,11,6,7,11
11,10,13,42,60,81,94,92,86,75,74,72,84,93,94,93,70,52,10,0,9,4,10,8,8,9
14,11,13,37,57,78,94,91,84,74,75,73,87,95,97,85,64,51,9,4,10,6,6,11,8,8
11,12,13,29,53,75,87,83,79,73,71,69,83,87,91,84,67,51,5,0,6,5,8,12,6,5
10,9,12,25,53,71,81,82,75,71,68,68,78,87,89,82,62,40,5,0,9,6,5,6,0,0
11,8,11,18,50,71,77,80,75,71,69,68,81,91,92,80,61,12,9,0,10,6,7,0,6,8
8,5,7,11,23,66,74,80,74,67,65,66,77,88,84,70,56,13,9,0,7,5,0,0,0,4
13,10,7,11,52,81,122,108,83,71,73,72,77,95,102,80,57,33,8,0,9,5,9,7,6,0
13,10,11,14,53,85,138,112,82,83,83,76,81,124,145,100,61,34,8,0,6,0,9,8,5,7
10,7,8,14,44,65,82,75,66,67,66,68,71,92,106,72,51,14,0,0,8,0,5,6,0,0
7,0,7,13,14,66,70,55,54,45,58,55,58,66,68,61,47,8,7,0,7,8,7,5,0,0
7,4,7,7,19,64,66,56,37,54,50,52,55,61,58,57,14,10,0,0,8,8,9,5,8,3
0,5,7,5,14,50,56,51,25,28,42,29,47,54,57,51,12,12,0,0,10,8,4,4,7,8
7,7,7,5,12,33,42,24,10,14,16,17,28,48,52,50,8,8,0,0,8,5,0,0,0,0
0,7,10,11,19,56,63,60,62,66,65,60,67,64,69,54,41,14,11,0,13,0,0,0,5,9
12,9,13,12,30,83,96,97,106,104,105,97,102,100,95,65,54,46,12,0,12,8,10,6,0,7
31,13,14,31,44,94,106,107,113,118,112,106,107,105,106,76,64,57,13,0,8,12,10,7,7,5
34,14,23,50,25,91,106,113,120,127,116,108,110,108,109,80,67,59,19,0,9,10,15,8,6,8
51,15,14,29,19,81,111,120,131,134,124,113,115,117,111,81,67,56,32,0,14,12,9,7,7,11
28,14,14,43,51,67,103,118,129,132,126,112,113,118,107,80,64,59,17,0,7,11,11,7,12,12
50,9,8,14,29,72,92,109,128,132,122,112,117,113,118,80,65,53,21,0,0,0,6,10,11,12
21,0,11,21,55,87,101,121,135,145,137,131,133,129,118,100,64,51,47,0,14,11,10,6,8,11
12,14,33,37,54,83,110,130,137,142,142,134,134,134,126,91,66,56,48,0,14,10,7,8,8,8
25,8,11,27,59,101,119,127,137,141,134,118,127,133,128,105,67,56,20,0,13,10,9,0,8,13
0,0,7,14,68,96,114,126,133,128,124,111,116,120,132,113,69,64,11,0,9,6,6,7,5,9
10,11,0,15,73,101,118,126,130,126,122,115,122,126,128,116,73,76,14,0,10,11,7,7,8,8
6,0,11,17,55,101,113,121,125,127,125,116,124,123,125,109,76,63,37,0,13,10,9,6,4,7
10,7,13,10,66,103,112,117,123,126,125,117,126,123,121,107,84,71,28,0,15,12,10,6,8,7
14,11,6,14,66,100,113,119,124,127,127,117,126,122,118,91,76,60,40,0,13,12,12,12,11,12
13,8,6,40,61,92,109,111,120,123,127,115,124,119,117,89,72,59,33,0,20,10,13,11,11,14
13,0,6,27,59,86,106,110,124,120,127,115,122,115,107,88,72,62,52,0,22,11,13,12,6,13
0,0,0,0,6,15,18,22,68,60,76,70,65,55,0,0,0,0,0,0,0,0,0,0,0,0
11,4,8,14,58,90,102,102,111,109,110,110,106,105,100,91,77,64,31,0,11,7,4,0,6,6
6,6,8,14,58,75,86,89,107,113,123,126,118,105,97,77,72,57,20,0,11,8,9,6,7,6
12,10,10,17,69,85,100,107,111,111,110,108,105,101,92,76,72,64,14,0,10,9,10,10,4,9
10,9,12,13,73,89,102,103,105,103,119,112,107,101,98,86,81,67,14,0,13,9,8,11,8,6
13,11,9,50,62,84,100,102,101,101,123,105,101,96,96,81,72,60,13,0,8,10,11,11,9,9
12,9,13,51,62,82,97,102,98,83,98,93,87,93,95,83,72,59,12,0,9,11,10,10,10,10
13,6,14,50,63,83,95,96,98,84,84,76,85,90,95,86,75,60,13,0,10,8,10,9,11,9
14,15,23,46,61,84,97,97,92,77,73,71,87,99,100,87,76,59,12,0,13,5,12,5,10,12
14,10,15,42,60,81,93,100,91,75,66,69,83,94,99,88,75,57,11,0,11,0,11,6,7,11
11,10,13,44,60,81,94,92,87,75,73,72,84,90,94,93,70,52,11,0,9,4,10,8,8,9
14,11,13,37,57,78,94,91,84,74,74,73,86,93,97,86,64,52,9,4,10,6,6,11,8,8
11,12,13,31,53,76,87,83,80,73,71,69,83,85,91,85,67,51,6,0,6,5,9,12,6,5
10,9,12,25,54,72,81,82,76,71,68,68,78,85,89,82,62,40,6,0,9,6,0,6,0,0
11,8,11,18,50,71,77,80,76,71,69,68,81,88,92,80,61,13,9,0,10,6,7,0,6,8
8,5,7,12,23,66,73,79,74,67,65,66,77,84,84,70,56,13,9,0,7,5,0,0,0,4
13,10,7,12,52,81,122,107,84,71,73,72,76,93,102,80,57,35,9,0,9,5,8,7,6,0
13,10,11,15,54,85,139,111,83,83,83,75,80,122,144,100,61,31,9,0,6,0,9,8,5,7
10,7,8,14,46,65,83,75,67,67,65,68,71,89,106,71,52,14,0,0,8,0,5,6,0,0
7,0,7,13,15,66,70,54,55,45,57,55,58,63,68,61,48,8,7,0,7,8,7,5,0,0
7,4,7,7,20,65,66,56,38,54,50,52,55,59,58,57,14,10,0,0,8,8,9,5,8,3
0,5,7,5,14,50,56,51,26,28,42,28,45,51,57,51,12,12,0,0,9,8,0,4,7,8
7,7,7,5,12,33,44,23,10,14,17,17,28,42,52,50,8,8,0,0,8,5,0,0,0,0
0,7,10,11,19,56,63,60,62,66,66,60,67,65,69,54,40,14,11,0,13,0,0,0,5,9
12,9,13,12,27,82,95,97,106,104,105,97,102,100,95,65,54,50,12,0,12,8,10,6,0,7
31,13,14,31,44,94,106,107,113,118,112,106,107,105,106,76,64,58,13,0,8,12,11,7,7,6
34,14,23,50,25,91,106,113,120,127,116,108,110,109,109,80,67,60,19,0,9,10,15,8,6,8
52,15,14,29,19,81,111,120,131,133,124,113,115,118,111,81,66,56,32,0,14,12,9,7,7,11
28,14,14,43,51,67,102,118,129,132,126,112,113,119,107,80,64,60,15,0,7,11,11,7,12,12
50,9,8,14,29,71,91,109,127,132,122,112,117,114,118,80,65,53,23,0,0,0,6,10,11,12
25,0,11,21,55,87,101,121,135,145,137,131,133,130,118,100,64,51,47,0,14,11,10,6,8,11
12,14,30,37,54,82,110,130,137,141,141,134,134,135,127,91,66,57,48,0,14,10,7,8,8,8
25,8,11,30,59,101,119,127,137,140,133,119,127,134,128,105,67,57,20,0,13,10,9,0,9,13
0,0,7,14,68,96,114,126,133,128,124,111,116,121,132,114,69,64,11,0,9,6,6,7,5,9
10,11,0,15,73,101,118,126,129,126,123,115,123,127,128,116,73,76,14,0,10,11,7,7,9,8
6,0,11,17,54,101,113,121,125,127,125,117,124,124,125,109,77,66,37,4,13,10,9,5,4,7
10,7,13,10,67,103,112,117,123,127,125,117,127,124,122,107,84,72,28,0,15,12,10,6,8,7
14,11,6,15,66,98,113,119,124,127,127,118,126,123,119,91,77,61,40,6,13,12,12,13,11,12
13,8,6,43,61,92,110,111,120,123,127,116,125,121,117,90,72,59,35,0,21,10,13,11,11,14
13,0,6,27,58,86,106,111,124,120,128,115,122,116,108,88,72,62,52,5,22,11,13,12,7,13
0,0,0,0,0,12,11,15,28,16,23,37,25,11,0,0,0,0,0,0,0,0,0,0,0,0
11,4,8,14,58,89,102,102,111,109,111,111,106,106,100,91,76,64,31,0,11,7,4,0,6,6
6,6,8,14,58,75,86,90,107,113,123,126,118,106,97,77,71,56,20,0,11,8,9,6,7,6
11,10,9,17,68,85,100,107,111,111,110,108,105,102,92,76,71,64,14,0,9,10,10,10,4,9
10,9,12,13,73,89,102,103,105,103,119,112,107,102,98,86,80,66,13,0,13,9,8,11,8,6
13,11,9,50,62,84,100,102,100,101,123,105,100,97,96,81,72,60,12,0,8,10,11,11,9,9
12,10,13,51,62,82,97,102,98,83,98,93,87,94,95,83,72,59,12,0,9,11,10,10,10,10
13,6,14,50,63,83,95,96,98,84,84,76,85,91,95,86,75,60,13,5,10,7,10,9,11,9
14,15,21,47,61,84,97,98,92,76,73,71,87,100,100,87,75,59,12,4,13,5,12,5,10,12
14,10,15,43,59,81,93,100,91,74,66,69,82,95,99,88,75,57,11,0,11,0,11,6,7,11
11,10,13,44,60,81,94,92,87,75,74,72,84,91,94,93,70,52,11,5,9,4,10,8,8,9
14,11,12,39,57,78,94,92,84,73,75,73,86,94,97,85,64,52,9,7,10,6,6,11,8,8
11,12,13,31,53,75,87,84,80,73,71,69,83,86,90,84,67,51,6,0,6,5,9,12,6,5
10,9,12,27,54,71,81,82,75,71,68,67,78,86,89,82,62,40,5,0,10,6,0,6,0,0
11,8,11,18,50,71,77,81,76,71,70,68,81,89,92,80,61,13,9,0,10,6,7,0,6,8
8,5,7,12,23,65,73,80,74,67,65,66,77,86,84,70,56,13,9,0,7,5,0,0,0,4
13,10,7,12,52,81,122,108,84,71,73,72,76,94,102,80,57,35,9,5,9,5,9,7,6,0
13,10,11,15,54,85,139,112,82,83,83,76,80,123,144,100,61,34,8,0,6,0,8,8,5,7
10,7,8,14,46,65,83,76,66,67,66,68,71,90,106,71,51,14,0,0,8,0,5,6,0,0
7,0,7,13,14,66,70,55,54,45,57,55,57,64,69,61,47,8,7,0,7,8,7,5,0,0
7,4,7,7,19,65,66,58,37,54,50,52,55,60,58,57,14,10,0,0,8,8,9,5,8,3
0,6,6,5,14,50,56,52,26,27,42,28,45,52,57,51,12,12,0,0,10,8,4,4,7,8
7,7,7,5,12,33,44,26,10,13,17,17,28,44,52,50,8,8,0,0,8,5,0,0,0,0
0,7,10,11,19,56,63,60,62,66,66,60,67,65,69,55,40,14,11,7,13,0,0,0,5,9
12,9,13,12,30,82,95,96,106,104,105,98,102,100,95,65,54,50,12,6,12,8,10,6,0,7
31,13,14,34,44,93,106,107,113,118,112,106,107,105,107,76,64,58,13,8,8,12,11,7,7,6
34,15,23,50,25,91,106,113,120,127,116,108,110,109,109,81,67,59,17,9,8,10,15,8,6,8
52,15,14,29,19,81,111,120,131,133,124,113,115,118,111,81,66,56,32,9,14,12,9,7,7,11
28,14,14,45,50,67,102,118,128,132,126,112,113,119,107,81,63,59,15,6,7,11,11,7,12,12
50,9,7,14,31,71,91,109,127,132,122,112,117,114,118,80,64,53,23,6,0,0,6,10,11,12
21,0,11,21,55,86,102,120,135,145,137,131,133,130,118,100,64,51,47,10,14,11,10,6,8,11
12,14,30,40,54,82,110,129,136,142,142,134,134,135,127,92,66,57,48,12,14,10,7,8,8,8
25,8,11,30,59,101,119,127,137,141,134,119,127,134,128,106,67,57,20,11,13,10,9,0,9,13
0,0,7,14,69,96,114,126,133,128,124,112,117,121,132,114,69,64,11,0,9,6,6,7,5,9
10,11,0,18,72,101,118,126,129,126,123,115,123,128,128,116,73,77,14,8,10,11,7,8,9,8
7,0,11,17,54,101,114,121,125,128,125,118,125,125,125,109,76,66,37,12,13,10,10,6,4,7
10,7,13,10,67,103,112,117,123,127,125,118,127,124,122,107,83,72,28,12,15,12,10,6,8,7
14,11,6,15,66,98,113,119,125,128,128,118,127,124,119,91,76,62,40,13,13,12,12,13,11,12
13,8,6,40,61,93,110,111,121,124,128,116,125,121,118,90,72,59,35,13,20,10,13,11,11,14
13,0,6,27,58,86,106,110,124,120,128,116,123,116,108,89,72,62,51,13,21,11,13,12,7,13
0,0,0,0,12,56,57,59,26,22,36,56,41,16,0,0,0,0,0,0,0,0,0,0,0,0
11,0,8,14,57,88,101,102,111,110,111,111,107,107,100,90,75,64,29,11,10,7,4,0,6,6
6,6,8,14,58,74,85,89,107,113,123,127,118,106,97,77,71,56,17,10,11,8,9,6,7,6
11,10,10,15,68,85,100,107,111,111,110,109,105,102,92,76,71,64,14,6,9,10,10,10,5,9
10,9,12,13,72,89,102,103,105,103,119,112,107,102,98,86,80,65,13,0,13,9,8,11,8,6
13,11,9,50,62,84,100,102,100,101,122,105,100,97,96,81,72,60,12,0,8,10,11,11,9,9
12,10,13,51,62,81,97,102,97,83,98,93,87,94,95,83,72,59,12,5,9,11,10,10,10,10
13,6,14,50,63,83,95,96,98,84,84,76,85,90,95,86,74,60,14,9,10,7,10,9,11,9
14,15,21,46,61,84,97,97,92,77,73,71,87,100,100,87,75,59,12,9,13,5,12,5,10,12
14,10,14,43,59,81,93,100,91,75,66,69,83,95,98,88,74,57,11,8,11,0,11,6,7,11
11,10,13,42,60,80,94,92,87,75,73,72,84,92,93,93,70,52,11,9,9,4,10,8,8,9
14,11,12,37,57,78,94,91,84,73,75,73,86,94,97,85,64,51,9,10,10,6,6,11,8,8
11,12,13,31,53,75,87,83,80,73,71,69,83,86,90,84,67,51,6,8,6,5,9,12,6,5
10,9,12,25,54,71,81,82,75,72,68,68,78,86,89,82,62,40,6,0,9,6,5,6,0,0
11,8,11,18,50,71,77,81,76,71,70,68,81,89,92,80,61,13,10,0,10,6,7,0,6,8
8,5,7,12,23,66,73,80,74,67,65,66,77,86,84,70,56,13,9,0,7,5,0,0,0,4
13,10,7,12,52,81,122,108,84,71,73,73,76,94,102,80,57,35,9,9,8,5,9,7,6,0
13,10,11,18,54,85,139,112,82,83,83,76,80,123,144,100,61,34,9,7,6,0,9,8,5,7
10,7,8,14,46,65,84,76,66,67,66,68,71,90,106,71,51,14,0,7,8,0,5,6,0,0
7,0,7,13,15,66,70,55,54,46,58,55,58,64,68,61,47,8,7,0,8,8,7,5,0,0
7,4,7,7,19,65,66,57,37,54,51,52,55,60,58,57,14,10,0,0,8,8,9,5,8,3
0,6,6,5,14,50,56,52,26,28,43,29,47,52,57,52,12,12,0,0,10,8,0,4,7,8
7,7,7,5,12,35,46,26,10,14,17,17,28,45,52,50,8,8,0,0,8,5,0,0,0,0
0,7,10,11,19,55,63,60,62,66,66,60,68,65,69,55,40,14,11,8,13,0,0,0,5,9
12,9,13,12,30,82,95,98,106,104,105,97,102,100,96,65,54,46,12,8,12,8,11,6,0,7
31,13,14,34,44,93,106,107,113,118,112,106,107,105,106,76,64,58,13,10,8,11,10,7,7,6
34,15,23,50,25,90,106,114,120,127,116,108,110,109,109,81,67,59,17,10,8,10,15,8,6,8
52,15,14,27,19,80,111,120,131,133,124,113,115,118,111,81,66,57,32,10,14,12,9,7,7,11
28,14,14,45,50,67,102,118,128,132,126,112,113,120,107,81,63,59,15,7,7,10,12,7,12,12
50,8,7,14,29,71,91,110,127,132,122,112,117,114,118,80,64,53,23,7,0,0,6,10,11,12
21,0,11,23,55,85,102,121,134,145,137,131,133,130,118,100,63,51,47,11,14,11,10,6,8,11
12,14,30,40,54,82,110,130,136,142,142,134,134,135,126,92,66,57,48,14,14,10,7,8,8,8
25,8,11,30,59,101,119,128,137,141,134,119,127,134,128,106,67,57,25,12,13,10,9,0,9,13
0,0,7,14,69,95,114,126,133,128,124,112,116,121,132,114,69,64,11,0,9,6,6,7,5,9
10,11,0,15,72,101,118,127,129,126,123,115,123,128,128,116,73,77,14,9,10,11,7,8,9,8
7,0,11,17,55,101,114,122,125,128,126,117,125,125,125,109,76,65,34,13,13,10,9,5,4,7
10,7,13,10,67,103,112,118,123,127,126,118,127,125,122,107,83,71,25,13,15,12,10,6,8,7
14,11,6,15,66,98,114,120,125,128,128,118,127,124,119,91,76,61,40,14,14,12,12,13,11,12
13,8,6,43,61,92,110,112,121,124,128,116,125,121,118,90,72,59,33,14,20,11,13,11,11,14
13,0,6,27,58,86,106,111,124,120,128,116,123,116,108,89,72,62,51,14,21,11,13,12,7,13
0,0,0,0,13,56,60,62,30,23,14,53,40,16,23,14,0,0,0,0,0,0,0,0,0,0
11,0,8,14,58,88,102,102,111,110,111,111,106,107,100,91,76,64,29,13,11,7,4,0,6,6
6,6,8,14,58,75,85,90,107,113,123,127,118,107,97,77,71,56,17,11,11,8,9,6,7,6
11,10,10,15,68,85,100,108,111,111,110,109,105,102,91,76,72,64,14,7,9,10,10,10,5,9
10,9,12,13,72,89,102,103,105,103,119,111,107,102,98,86,80,66,13,0,13,9,8,11,8,6
13,11,9,50,62,84,100,102,100,101,122,105,100,97,96,81,72,60,12,0,8,10,11,11,9,9
12,10,12,51,62,81,97,103,97,83,98,93,87,95,94,83,72,59,12,6,9,11,10,10,10,10
13,6,14,50,63,83,94,97,98,84,84,76,85,90,95,86,75,60,14,10,10,7,10,9,11,9
14,15,21,46,61,84,97,98,92,77,73,71,87,100,100,87,75,59,12,10,13,5,12,5,10,12
14,10,14,43,59,81,93,101,91,75,66,69,83,95,98,88,74,57,11,9,11,0,11,6,7,11
11,10,13,42,60,80,93,93,86,75,73,72,83,92,93,93,70,52,11,10,9,4,10,8,8,9
14,11,12,37,57,78,94,92,84,73,75,73,86,94,97,85,64,52,9,12,10,6,6,11,8,8
11,12,12,31,52,75,87,84,80,73,70,69,83,87,90,84,67,52,6,10,6,4,9,12,6,5
10,9,12,25,54,71,81,83,75,72,68,67,78,86,89,82,62,40,6,7,10,6,0,6,0,0
11,8,11,15,50,70,77,82,75,72,70,68,81,89,92,80,61,13,10,0,10,6,7,0,6,8
8,6,7,12,23,65,73,81,74,67,65,66,77,86,84,70,56,13,9,0,7,5,0,0,0,4
13,10,7,12,52,81,122,109,83,71,73,72,76,94,102,80,57,35,9,10,8,5,8,7,6,0
13,10,12,18,54,85,139,113,82,83,83,76,80,123,144,99,61,34,9,9,6,0,8,8,5,7
10,7,8,14,44,65,83,77,66,67,66,68,71,91,106,71,51,14,0,8,8,0,5,6,0,0
7,0,7,13,15,65,70,56,54,46,57,55,58,64,68,61,47,8,7,0,8,8,7,4,0,0
7,4,7,7,19,64,66,58,37,54,50,52,55,60,58,57,14,10,0,5,8,8,9,5,8,3
0,6,6,5,14,47,56,53,25,28,42,28,45,53,57,52,12,12,0,0,10,8,0,4,7,8
7,7,7,5,12,33,44,28,10,14,17,17,28,45,52,50,8,8,0,0,8,5,0,0,0,0
