0,9,13,36,36,59,68,81,101,119,138,141,143,140,112,111,97,78,31,0,0,0,25,9,7,17
5,0,10,25,45,52,75,107,115,135,142,150,140,144,106,110,102,104,62,0,0,0,30,11,8,12
0,0,13,15,13,18,84,111,124,136,155,159,138,125,103,113,114,117,98,0,0,0,50,12,10,13
11,8,11,17,11,11,86,112,123,141,142,143,132,115,35,94,104,112,101,0,0,0,48,14,12,15
7,0,0,9,7,13,92,113,127,136,137,135,122,111,9,61,67,94,53,0,0,0,40,11,11,18
7,0,0,0,9,30,78,114,129,134,140,139,126,109,0,57,58,61,14,0,0,0,31,9,11,17
12,0,0,0,22,56,78,108,131,142,147,144,125,100,10,52,55,55,12,0,0,0,26,9,18,13
4,0,0,7,8,58,86,116,131,151,150,143,130,99,9,54,47,47,9,0,0,0,11,7,10,12
6,0,0,0,9,58,90,120,134,141,148,140,123,103,8,54,45,21,8,0,0,0,12,9,6,8
7,0,0,0,7,69,105,121,133,133,138,131,117,102,8,54,43,11,0,0,0,0,13,6,10,12
0,0,0,0,8,67,102,117,124,122,128,117,112,77,0,54,40,13,0,0,0,0,0,0,6,9
4,0,0,0,7,73,107,115,124,121,122,112,110,100,0,51,39,12,0,0,0,0,11,4,7,7
0,0,0,0,14,85,111,120,130,128,125,109,117,103,0,50,44,14,0,0,0,0,12,0,7,9
4,0,0,0,15,98,112,129,135,134,134,125,117,104,7,52,50,32,7,0,0,0,13,7,12,8
3,0,0,12,67,103,120,135,151,147,136,116,106,89,0,27,32,14,8,0,0,0,12,11,11,13
0,0,0,50,86,113,130,146,169,168,147,126,110,92,0,54,53,27,6,0,0,0,27,13,13,22
14,7,10,61,96,114,132,146,160,146,137,111,108,82,8,57,55,60,10,0,0,0,35,12,14,20
0,0,0,27,67,101,124,141,140,122,120,88,77,57,0,28,13,13,0,0,0,0,4,0,0,7
7,0,11,60,90,117,140,156,150,133,123,107,83,66,0,14,28,37,8,0,0,0,10,7,8,7
11,7,14,64,97,122,147,170,161,142,135,124,99,83,8,55,48,36,10,0,0,0,29,11,12,12
27,10,14,58,103,113,139,169,166,149,127,123,98,81,7,56,54,32,9,0,0,4,14,13,14,26
13,10,12,58,103,112,125,143,150,144,136,133,103,80,7,56,54,41,6,0,0,0,14,13,11,12
11,0,11,40,67,92,112,133,138,138,129,131,99,75,5,32,52,27,8,0,0,0,13,13,12,12
6,5,8,27,56,74,99,120,131,127,117,118,91,69,0,21,32,10,9,0,0,0,13,8,11,12
9,5,11,21,52,66,86,104,125,125,121,110,91,65,0,22,37,12,9,0,0,0,14,7,12,11
13,0,11,21,32,59,79,97,112,110,118,104,92,65,0,28,31,11,6,0,0,0,8,10,10,9
9,0,11,14,28,51,71,100,100,102,103,97,87,65,0,36,30,10,0,0,0,0,12,6,10,11
0,0,6,13,27,50,68,79,92,100,110,100,85,60,0,17,18,13,5,0,0,0,12,8,10,11
7,5,8,12,14,40,61,71,85,93,115,96,82,62,0,13,13,19,0,0,0,0,9,10,10,10
0,5,9,10,13,23,54,67,79,85,108,83,74,59,0,13,11,10,0,0,0,0,10,10,7,6
0,5,9,11,17,50,53,66,73,86,90,82,69,57,0,14,11,12,0,0,0,0,9,6,6,8
7,0,7,10,13,37,58,67,78,84,94,83,68,52,0,11,10,8,7,0,0,0,6,0,5,7
5,0,6,10,11,31,60,78,85,93,91,84,74,45,0,11,10,9,7,0,0,3,7,0,0,8
7,0,6,8,19,60,76,88,105,87,92,76,65,51,0,9,12,10,0,0,0,0,6,0,5,6
0,0,7,8,42,71,101,105,105,94,85,68,59,14,0,0,12,10,0,0,0,0,7,4,0,0
8,0,0,12,54,78,104,106,94,80,72,69,55,16,0,9,16,10,0,0,0,0,9,7,0,0
6,0,6,13,61,100,104,95,89,66,66,52,55,13,3,11,13,10,0,0,0,0,4,6,0,8
0,0,0,13,67,88,95,79,65,74,58,50,53,13,0,12,11,11,0,0,0,0,10,4,3,7
0,0,0,14,57,68,57,63,63,38,55,17,15,12,0,7,10,11,0,0,0,0,5,5,6,7
5,0,7,26,53,48,50,52,50,27,31,22,14,15,0,11,0,0,0,0,0,0,8,6,0,0
0,9,13,34,40,58,65,80,102,121,138,140,140,136,98,109,95,75,23,0,0,0,24,9,6,15
5,0,10,20,42,42,66,106,116,136,141,148,137,141,87,109,102,104,58,0,0,0,29,10,8,12
0,0,12,14,12,13,75,109,123,135,153,156,136,123,60,113,115,119,101,0,0,0,49,11,9,13
11,8,11,14,11,10,71,111,122,140,141,141,131,115,6,97,106,116,104,0,0,0,50,15,12,17
8,0,0,9,7,11,76,111,125,135,135,134,121,111,0,61,69,100,71,0,0,0,51,12,11,19
7,0,0,0,9,21,72,112,127,133,139,138,125,111,0,58,59,64,28,0,0,0,38,9,11,17
12,0,0,0,29,51,76,105,128,140,146,142,124,101,0,53,54,55,13,0,0,0,32,9,17,13
5,0,0,8,8,53,83,113,129,149,149,142,130,100,0,55,46,47,10,0,0,0,11,7,10,12
6,0,0,0,8,56,88,118,134,140,147,140,123,104,0,55,43,25,8,0,0,0,11,9,6,8
8,0,0,0,7,66,105,120,132,133,138,131,117,103,0,55,42,13,0,0,0,0,13,6,10,13
0,0,0,0,7,65,101,117,123,122,128,117,112,78,0,56,39,14,0,0,0,0,0,0,5,9
5,0,0,0,0,73,107,114,124,121,122,113,110,101,0,57,38,12,0,0,0,0,11,4,7,7
4,0,0,0,14,84,112,120,129,128,124,109,118,103,0,57,44,14,0,0,0,0,12,0,7,8
5,0,5,0,15,98,112,129,135,134,133,126,118,106,0,58,50,32,9,0,0,0,13,7,12,7
3,0,0,12,68,103,120,135,152,147,136,116,107,91,0,31,32,14,8,0,0,0,12,11,11,13
0,0,4,51,87,113,130,146,170,168,146,125,111,93,0,56,53,30,6,0,0,0,27,12,12,22
16,8,11,62,97,115,133,147,161,146,137,112,110,84,0,59,56,60,11,0,0,0,35,12,14,20
0,0,7,47,79,108,128,144,144,126,121,91,80,60,0,33,14,14,5,0,0,0,6,8,9,10
8,0,11,60,91,118,142,157,150,133,123,106,82,65,0,16,28,39,9,0,0,0,10,7,8,7
12,8,14,64,99,123,150,173,161,142,135,124,98,82,0,56,50,38,11,0,0,0,31,11,12,12
30,10,14,59,104,114,142,171,166,149,127,123,98,80,3,56,55,32,10,0,0,3,14,13,14,25
14,10,13,59,104,113,126,144,150,143,136,132,103,80,0,57,55,41,6,0,0,0,14,13,11,12
11,0,12,45,68,93,113,134,138,138,129,130,98,74,0,35,52,33,8,0,0,0,12,13,12,12
6,6,9,30,56,75,100,120,131,127,116,118,90,69,0,25,32,10,9,0,0,0,13,8,11,12
10,6,11,23,52,67,87,105,125,125,121,110,90,65,0,25,37,12,10,0,0,0,13,7,12,11
13,0,12,20,32,59,79,98,113,110,118,104,92,65,0,28,31,11,6,0,0,0,8,10,10,9
9,0,12,14,27,52,72,100,101,102,102,96,86,65,0,38,30,10,0,0,0,0,12,6,10,11
0,6,7,14,29,50,69,79,93,100,110,100,84,60,0,17,16,13,6,0,0,0,12,8,9,11
7,6,8,12,15,42,62,71,86,94,115,96,82,61,0,13,12,21,0,0,0,0,9,10,10,10
0,6,9,10,14,23,54,67,79,85,108,83,73,58,0,13,11,10,0,0,0,0,10,10,6,6
0,5,9,11,20,47,54,66,72,86,89,82,68,57,0,15,11,12,0,0,0,0,8,6,6,8
7,0,7,10,13,37,57,66,77,83,93,83,67,51,0,11,9,8,7,0,0,0,6,0,5,7
6,0,6,9,11,28,59,75,83,93,91,82,72,37,0,12,10,9,7,0,0,0,7,0,0,8
7,0,6,8,20,60,76,86,105,87,92,76,65,50,0,9,11,10,0,0,0,0,5,0,5,6
0,0,7,8,42,71,101,105,106,95,85,68,59,13,0,0,12,10,0,0,0,0,7,4,0,0
8,0,0,12,54,77,104,106,95,80,72,68,55,14,0,9,16,10,0,0,0,0,9,7,0,0
7,0,6,13,61,100,105,96,90,65,65,52,55,13,0,11,13,10,0,0,0,0,4,6,0,8
0,4,6,13,68,90,97,81,67,74,58,50,53,13,0,12,11,11,0,0,0,0,10,4,3,7
0,0,4,14,58,70,58,63,63,37,55,15,15,12,0,7,10,12,0,0,0,0,5,5,6,7
5,0,9,27,54,50,51,52,51,26,31,22,14,16,0,11,0,0,0,0,0,0,8,6,0,0
0,9,13,34,40,58,65,80,102,120,138,139,140,136,97,109,95,76,23,0,0,0,25,9,6,15
5,0,10,20,42,42,65,105,115,135,140,148,137,141,74,110,102,104,57,0,0,0,29,10,8,12
0,0,12,14,12,13,74,108,123,135,152,156,136,123,50,113,115,119,101,0,0,0,49,11,9,13
11,8,11,14,11,10,70,111,122,140,141,141,131,115,0,97,106,116,104,0,0,0,50,15,12,17
8,0,0,8,7,11,75,110,125,134,135,134,121,111,0,61,69,101,71,0,0,0,51,12,11,19
7,0,0,0,10,23,72,111,127,133,139,137,125,111,0,58,59,64,31,0,0,0,38,9,11,17
12,0,0,0,29,50,76,105,128,139,145,142,124,101,0,53,54,55,13,0,0,0,32,9,17,14
5,0,0,7,8,53,83,113,129,148,148,142,130,100,0,55,46,47,10,0,0,0,11,7,10,12
6,0,0,0,8,56,88,118,133,140,147,140,123,104,0,56,43,28,9,0,0,0,11,9,6,8
8,0,0,0,7,66,105,120,132,133,137,131,117,103,0,56,42,15,0,0,0,0,13,6,10,13
0,0,0,0,7,65,102,116,123,122,127,117,112,79,0,56,38,14,0,0,0,0,0,0,5,9
5,0,0,0,6,73,107,114,124,121,122,113,111,101,0,58,38,12,0,0,0,0,11,4,7,7
4,0,0,0,14,85,112,120,130,128,124,110,118,104,0,58,44,14,0,0,0,0,12,0,7,8
5,0,5,0,17,98,113,129,135,133,134,126,119,106,0,59,51,32,9,0,0,0,13,7,12,7
4,0,0,12,70,104,121,135,151,147,135,117,107,92,0,32,34,14,8,0,0,0,12,11,11,13
0,0,0,51,88,114,131,146,170,167,145,125,111,94,0,56,54,32,6,0,0,0,26,12,12,20
16,8,11,62,99,115,133,147,161,146,136,112,111,85,0,59,56,61,11,0,0,0,35,12,14,20
0,0,7,51,82,111,131,148,147,130,125,98,87,67,0,35,14,14,5,0,0,0,6,8,9,10
8,0,11,61,92,118,142,157,150,133,122,106,83,65,0,16,29,41,9,0,0,0,10,7,8,7
12,8,14,64,100,124,151,173,160,142,135,124,98,83,0,56,50,39,11,0,0,0,29,11,12,12
30,10,15,59,105,114,142,171,166,149,127,123,97,81,0,56,55,32,10,0,0,3,14,13,14,25
14,11,13,58,104,113,128,144,150,143,136,132,103,80,0,57,55,44,7,0,0,0,14,13,11,12
12,0,12,45,68,94,113,134,138,138,129,130,98,74,0,35,52,33,8,0,0,0,12,13,12,12
6,6,9,30,57,76,101,121,131,127,116,118,90,69,0,25,32,11,9,0,0,0,13,7,11,12
10,6,11,25,53,67,86,105,125,125,120,110,90,65,0,25,37,13,10,0,0,0,13,7,12,11
14,0,12,20,34,59,79,98,114,110,117,104,92,65,0,30,31,11,7,0,0,0,8,10,10,9
9,0,12,14,27,53,71,101,101,102,102,96,86,65,0,38,30,10,0,0,0,0,12,6,10,11
0,5,6,14,29,50,70,79,93,100,110,100,84,60,0,17,15,13,6,0,0,0,12,8,9,11
7,6,9,12,17,42,61,71,86,94,115,96,82,61,0,13,12,21,0,0,0,0,8,10,10,10
0,6,9,10,14,25,54,67,79,85,108,83,73,58,0,13,11,10,0,0,0,0,10,10,6,6
0,5,9,11,22,47,54,66,72,86,89,81,68,57,0,15,10,12,0,0,0,0,8,6,6,8
7,0,7,10,13,37,58,66,77,83,93,82,67,51,0,11,9,8,6,0,0,0,6,0,5,7
5,0,6,9,11,28,61,75,83,93,90,82,72,37,0,12,10,9,7,0,0,0,7,0,0,8
7,0,6,8,22,60,75,86,105,87,91,76,65,50,0,9,11,10,0,0,0,0,5,0,5,6
0,0,7,8,42,71,101,105,106,95,84,68,59,13,0,0,12,10,0,0,0,0,7,4,0,0
8,0,0,12,54,77,104,106,95,80,72,68,54,14,0,9,16,10,0,0,0,0,9,7,0,0
7,0,6,13,61,100,105,97,91,65,65,52,55,13,0,11,13,10,0,0,0,0,4,6,0,8
0,4,6,13,68,89,98,81,67,74,58,50,53,13,0,12,11,11,0,0,0,0,10,4,3,7
0,0,4,14,58,70,60,63,63,37,55,15,15,12,0,7,10,12,0,0,0,0,5,5,6,7
5,0,9,27,54,50,51,52,51,26,31,22,13,17,0,11,0,0,0,0,0,0,8,6,0,0
0,9,13,34,40,58,65,80,102,120,137,139,140,136,90,109,95,76,23,0,0,0,25,9,6,15
5,0,10,20,42,39,65,105,115,135,140,147,137,141,67,110,102,104,57,0,0,0,29,10,8,12
0,0,12,14,12,13,74,108,123,135,152,156,136,124,25,113,115,120,101,0,0,0,49,11,9,13
11,8,11,14,11,10,70,111,122,140,141,141,131,115,0,97,106,116,104,0,0,0,50,15,12,16
8,0,0,8,7,11,76,111,125,134,135,134,121,112,0,62,69,101,71,0,0,0,51,12,11,19
7,0,0,0,9,25,72,112,127,133,139,137,125,111,0,58,59,64,34,0,0,0,38,9,11,17
12,0,0,0,29,50,77,105,128,139,146,142,124,102,0,53,54,55,13,0,0,0,32,9,17,14
4,0,0,7,8,53,82,114,129,148,148,142,130,101,0,55,46,50,10,0,0,0,11,8,10,12
6,0,0,0,8,56,88,118,133,140,147,140,123,104,0,56,43,29,9,0,0,0,11,9,6,8
8,0,0,0,7,66,105,119,132,132,137,131,117,103,0,56,42,25,0,0,0,0,12,6,10,13
0,0,0,0,7,65,102,116,123,122,127,117,112,79,0,57,39,14,0,0,0,0,0,0,5,9
5,0,0,0,6,73,107,114,124,121,122,113,111,101,0,58,38,12,0,0,0,0,11,4,7,7
4,0,0,0,14,84,112,120,130,128,124,110,118,104,0,58,44,15,0,0,0,0,12,0,7,8
5,0,5,0,17,98,113,130,135,134,134,127,119,106,0,60,51,32,9,0,0,0,13,7,12,8
4,0,0,12,70,104,121,135,152,147,135,117,107,93,0,32,34,15,8,0,0,0,12,12,11,13
0,0,0,51,87,114,131,147,170,168,145,125,111,94,0,56,54,32,6,0,0,0,26,12,12,22
16,8,11,62,99,115,133,147,161,146,136,112,112,86,0,59,56,61,11,0,0,0,35,12,14,21
0,0,7,51,82,111,131,148,147,130,126,98,87,67,0,35,14,14,5,0,0,0,6,8,9,10
8,0,11,61,91,118,142,157,150,133,122,106,83,65,0,16,29,41,9,0,0,0,10,7,8,7
12,8,14,64,100,124,151,173,160,142,135,124,98,83,0,56,50,39,11,0,0,0,31,11,12,12
30,10,15,59,104,114,142,171,166,149,127,123,97,81,0,56,55,32,10,0,0,3,14,13,14,25
14,10,13,58,104,113,128,144,150,143,136,132,103,80,0,57,55,44,7,0,0,0,14,13,11,12
12,0,12,45,68,94,113,134,138,138,129,130,97,75,0,35,52,33,8,0,0,0,12,13,12,12
6,6,9,30,57,76,101,121,131,127,116,118,90,69,0,25,32,11,9,0,0,0,13,7,11,12
10,6,11,25,53,67,86,105,125,125,121,110,90,65,0,26,37,13,10,0,0,0,14,7,12,11
13,0,12,20,34,59,79,98,113,110,117,104,92,65,0,30,31,11,7,0,0,0,8,10,10,9
9,0,12,14,26,53,71,101,101,102,102,96,86,65,0,38,30,10,0,0,0,0,12,6,10,11
0,6,6,13,29,50,70,79,93,100,110,100,84,60,0,17,15,13,6,0,0,0,12,8,9,11
7,6,9,12,17,42,61,71,86,93,115,96,82,61,0,13,12,21,0,0,0,0,8,10,10,10
0,6,10,10,14,23,54,67,79,85,108,83,73,59,0,13,11,10,0,0,0,0,10,10,6,6
0,5,9,11,20,47,53,66,72,86,89,81,68,57,0,15,10,12,0,0,0,0,8,6,6,8
7,0,7,10,13,37,58,66,77,83,93,82,67,51,0,11,9,8,6,0,0,0,6,0,5,7
5,0,6,9,11,31,60,75,83,93,90,82,72,37,0,12,10,9,7,0,0,0,7,0,0,8
7,0,6,8,22,61,75,86,105,87,91,75,65,50,0,9,11,10,0,0,0,0,5,0,5,6
0,0,7,8,42,71,101,105,106,95,84,68,59,13,0,0,12,10,0,0,0,0,7,4,0,0
8,0,0,12,54,77,104,106,95,80,72,68,54,14,0,9,16,10,0,0,0,0,9,7,0,0
7,0,6,13,61,101,105,97,91,65,65,52,55,13,0,11,13,10,0,0,0,0,4,6,0,8
0,0,6,13,68,90,98,81,67,73,58,50,53,13,0,12,11,11,0,0,0,0,10,4,3,7
0,0,4,14,57,70,60,63,63,36,54,15,15,12,0,7,10,12,0,0,0,0,5,5,6,7
5,0,9,27,54,50,51,52,51,26,32,22,13,17,0,11,0,0,0,0,0,0,8,6,0,0
0,9,13,34,38,58,64,80,102,120,137,138,140,136,97,109,95,76,25,0,0,0,25,9,6,15
5,0,10,20,42,35,63,105,116,135,140,147,137,141,79,110,102,104,57,0,0,0,29,10,8,12
0,0,12,14,12,13,72,108,123,134,151,155,135,124,59,114,115,119,101,0,0,0,49,11,9,13
11,7,11,14,11,10,70,111,122,140,141,141,131,115,8,97,106,116,104,0,0,0,50,15,12,17
8,0,0,8,7,11,76,110,125,134,135,134,121,112,0,62,69,101,71,0,0,0,50,12,11,19
7,0,0,0,9,25,72,111,127,132,139,137,124,111,0,58,59,64,34,0,0,0,38,9,11,17
12,0,0,0,29,50,76,105,128,139,145,142,124,102,0,53,54,55,13,0,0,0,32,9,17,14
5,0,0,7,7,53,82,114,128,148,148,142,130,101,0,55,47,50,10,0,0,0,11,8,10,12
6,0,0,0,8,56,87,118,133,140,147,140,123,105,0,55,44,29,9,0,0,0,11,9,6,8
8,0,0,0,7,67,105,120,132,132,137,131,118,104,0,57,43,25,0,0,0,0,13,6,10,13
0,0,0,0,7,65,102,116,123,122,127,117,112,79,0,58,40,14,0,0,0,0,0,0,5,9
5,0,0,0,6,75,107,115,124,121,122,113,111,102,0,60,39,12,0,0,0,0,11,4,7,7
4,0,0,0,14,85,112,120,130,128,125,110,119,104,0,60,46,15,0,0,0,0,12,0,7,9
5,0,5,0,17,98,113,130,135,134,134,127,119,107,0,61,52,35,9,0,0,0,13,7,12,8
4,0,0,12,70,104,121,136,152,147,136,117,107,93,0,34,34,15,8,0,0,0,12,12,11,13
0,0,4,51,87,114,131,147,170,167,145,125,111,95,0,57,54,35,6,0,0,0,27,12,13,22
17,9,11,62,99,115,133,147,161,146,136,112,112,86,5,59,56,62,11,0,0,0,35,12,14,21
0,0,7,51,82,111,131,148,147,130,125,98,87,68,0,36,14,14,6,0,0,0,7,8,9,10
7,0,11,61,91,119,142,157,150,133,122,106,83,65,0,17,29,41,9,0,0,0,10,7,8,7
12,8,14,64,100,124,151,173,160,142,135,124,98,84,0,56,50,39,11,0,0,0,31,11,12,12
30,10,15,59,104,114,142,171,166,149,127,122,97,82,4,56,56,35,10,0,0,3,14,13,14,25
14,10,13,59,104,113,128,144,150,143,136,132,103,80,4,57,55,47,7,0,0,0,14,13,11,12
12,0,12,45,68,94,113,134,138,138,129,130,97,75,0,37,52,36,9,0,0,0,12,13,12,12
6,6,9,30,57,76,101,121,131,127,116,118,90,69,0,25,34,11,9,0,0,0,13,7,11,12
10,6,11,25,53,67,86,106,125,125,121,109,90,65,0,26,37,13,10,0,0,0,14,7,12,11
13,0,12,21,32,59,79,98,113,110,117,104,91,65,0,32,31,11,7,0,0,0,8,10,10,9
9,0,11,14,26,53,71,101,101,102,102,96,86,65,0,40,30,10,0,0,0,0,12,6,10,11
0,6,7,13,29,50,70,79,93,100,110,100,84,61,0,19,16,13,6,0,0,0,12,8,10,11
7,6,9,12,17,45,61,71,86,93,115,96,82,61,0,13,12,23,0,0,0,0,8,10,10,10
0,6,10,10,14,23,54,67,79,85,108,83,73,59,0,13,11,10,0,0,0,0,10,10,6,6
0,5,9,11,20,47,54,66,72,85,89,81,68,57,0,17,11,12,0,0,0,0,8,6,6,8
7,0,7,10,13,37,58,66,77,83,93,82,67,51,0,11,9,8,6,0,0,0,6,0,5,7
5,0,6,9,11,31,60,75,83,93,90,82,72,40,0,12,10,9,7,0,0,0,7,0,0,8
7,0,6,8,22,61,75,86,105,87,91,75,64,50,0,9,11,10,0,0,0,0,5,0,5,6
0,0,7,8,42,70,101,105,106,95,84,68,59,13,0,0,12,10,0,0,0,0,7,4,0,0
8,0,0,12,54,77,104,106,95,80,72,68,54,14,0,9,16,10,0,0,0,0,9,7,0,0
7,0,6,13,61,100,105,98,91,66,65,52,55,13,0,11,13,11,0,0,0,0,4,6,0,8
0,0,6,13,68,89,99,81,67,73,58,47,53,13,0,12,11,11,0,0,0,0,10,4,3,7
0,0,5,14,57,70,60,63,63,36,55,15,15,12,0,7,10,12,0,0,0,0,5,5,6,7
5,0,9,27,54,50,51,53,51,26,32,22,13,17,0,11,0,0,0,0,0,0,8,6,0,0
0,9,13,32,38,57,64,80,102,120,137,139,140,136,104,109,94,75,23,0,0,0,25,9,6,15
5,0,10,22,45,35,65,105,115,135,140,147,137,141,98,110,102,104,57,0,0,0,29,10,8,12
0,0,12,14,12,13,72,108,123,134,151,155,136,124,91,114,115,119,101,0,0,0,49,11,9,13
11,7,11,14,11,10,70,111,122,140,141,141,131,115,13,97,106,116,103,0,0,0,50,15,12,17
8,0,0,8,7,11,75,110,124,134,135,134,121,112,0,62,69,101,71,0,0,0,51,12,11,19
7,0,0,0,10,25,72,111,127,132,139,138,125,111,0,58,59,64,31,0,0,0,38,9,11,17
12,0,0,0,31,47,76,105,128,138,145,142,124,103,0,53,54,55,13,0,0,0,33,9,17,14
4,0,0,7,8,53,82,113,128,148,148,142,130,101,0,55,47,47,10,0,0,0,11,8,10,12
6,0,0,0,8,55,87,118,133,140,147,140,123,105,6,55,44,29,9,0,0,0,11,9,6,8
8,0,0,0,7,67,105,120,132,132,137,131,117,104,8,57,44,22,0,0,0,0,13,6,10,13
0,0,0,0,7,64,102,116,123,122,127,117,112,79,0,58,40,14,0,0,0,0,0,0,5,9
5,0,0,0,7,75,107,115,124,121,122,114,111,102,0,60,39,12,0,0,0,0,11,4,7,7
4,0,0,0,15,85,112,121,130,128,125,110,119,104,7,60,47,15,0,0,0,0,12,0,7,9
5,0,5,0,17,100,113,130,135,134,135,127,120,107,8,62,52,35,9,0,0,0,13,7,12,8
4,0,0,13,71,104,121,136,153,147,136,117,107,94,0,34,35,15,8,0,0,0,12,12,11,13
0,0,5,51,88,114,131,147,171,168,145,126,111,95,6,57,54,35,6,0,0,0,27,12,13,23
17,9,11,62,100,116,134,148,161,146,136,112,112,87,9,59,56,61,11,0,0,0,35,12,14,21
0,0,7,51,83,112,132,148,147,130,126,99,88,70,0,38,15,15,6,0,0,0,7,9,9,10
7,0,11,61,92,119,142,157,150,133,123,107,83,65,0,17,30,41,9,0,0,0,10,7,8,8
12,8,14,64,99,124,151,173,159,141,135,124,99,84,6,56,50,39,11,0,0,0,31,11,12,12
30,10,17,59,104,114,142,171,166,149,127,123,97,82,7,56,56,35,10,0,0,3,14,13,14,25
14,10,13,59,104,113,127,145,150,143,136,132,103,80,9,57,55,44,7,0,0,0,14,13,11,12
12,0,12,45,68,94,113,134,138,138,129,130,97,75,7,37,52,36,9,0,0,0,12,13,12,12
6,7,9,32,57,75,101,121,131,127,116,118,90,69,0,25,36,11,9,0,0,0,13,7,11,12
10,6,11,25,53,67,86,106,125,125,121,109,90,65,0,26,37,13,10,0,0,0,14,7,12,11
13,0,11,21,34,59,80,98,113,110,118,104,92,65,0,32,31,11,7,0,0,0,8,10,10,9
9,0,11,14,27,53,71,101,101,102,102,96,86,65,5,40,30,10,0,0,0,0,12,6,10,11
0,6,5,13,29,50,70,79,93,100,110,99,84,61,0,17,16,13,6,0,0,0,12,8,10,11
7,6,9,12,17,45,61,71,86,93,115,96,82,61,0,14,12,21,0,0,0,0,8,9,10,10
0,6,10,10,14,23,54,67,79,85,108,83,73,59,0,13,11,10,0,0,0,0,10,10,6,6
0,5,9,11,22,47,53,66,72,86,89,81,68,57,0,17,11,12,0,0,0,0,8,6,6,8
7,0,7,10,13,40,58,66,77,83,93,82,67,51,0,11,10,8,6,0,0,0,6,0,5,7
5,0,6,9,11,31,60,76,84,93,91,82,72,42,0,12,11,9,7,0,0,0,7,0,0,8
7,0,6,8,22,61,75,87,105,88,92,75,64,50,0,9,12,10,0,0,0,0,5,0,5,6
0,0,7,8,44,71,102,106,106,95,84,68,59,13,0,0,12,10,0,0,0,0,7,0,0,0
8,0,0,12,54,77,104,107,95,80,72,68,54,14,0,9,16,10,0,0,0,0,9,7,0,0
7,0,6,13,61,100,105,98,91,66,66,52,55,13,5,11,13,10,0,0,0,0,4,6,0,8
0,4,6,13,68,89,99,81,67,74,58,47,53,13,0,12,11,11,0,0,0,0,10,4,3,7
0,0,5,14,57,69,60,63,63,36,55,15,17,12,0,7,10,12,0,0,0,0,5,5,6,7
5,0,9,28,54,50,51,53,51,26,32,22,13,16,0,11,0,0,0,0,0,0,8,6,0,0
0,9,13,32,38,58,65,80,102,120,138,139,140,136,112,109,95,75,21,0,0,0,25,9,6,15
5,0,10,22,45,35,65,105,116,135,140,147,137,141,107,110,102,104,55,0,0,0,30,10,8,12
0,0,12,14,12,13,74,109,123,135,152,156,136,124,105,114,115,119,100,0,0,0,49,11,9,13
11,7,11,14,11,9,70,111,122,140,141,141,132,115,63,97,106,116,103,0,0,0,50,15,12,17
8,0,0,8,7,11,76,110,125,134,135,134,121,112,11,63,69,100,67,0,0,0,51,12,11,19
7,0,0,0,10,25,72,111,127,132,139,138,125,111,9,58,58,64,25,0,0,0,40,9,11,17
12,0,0,0,31,50,76,105,128,139,145,142,124,103,17,53,54,55,12,0,0,0,33,9,17,13
4,0,0,7,8,53,82,113,129,148,148,142,131,101,12,55,47,47,9,0,0,0,11,7,10,12
6,0,0,0,8,55,87,118,133,140,147,140,123,105,13,55,45,29,9,0,0,0,11,9,6,8
8,0,0,0,7,67,105,120,132,132,137,131,117,104,14,57,44,22,0,0,0,0,13,6,10,13
0,0,0,0,7,64,102,116,123,122,128,117,112,79,12,58,40,14,0,0,0,0,0,0,5,9
5,0,0,0,7,73,107,115,124,121,122,113,111,102,10,59,39,12,0,0,0,0,11,4,7,7
4,0,0,0,15,85,112,121,130,128,125,110,119,104,13,60,47,15,0,0,0,0,12,0,7,9
5,0,5,0,17,100,113,130,135,134,135,127,119,107,14,62,52,35,8,0,0,0,13,7,12,8
4,0,0,12,71,104,121,136,154,147,136,117,107,93,11,34,35,16,8,0,0,0,12,12,11,13
0,0,5,51,88,114,131,147,172,169,145,125,111,94,12,57,54,32,6,0,0,0,27,12,13,23
17,9,11,62,99,116,133,148,162,146,137,112,112,86,14,59,56,61,10,0,0,0,35,12,14,20
0,0,7,51,82,111,131,149,148,130,127,99,88,70,7,37,15,14,5,0,0,0,7,8,9,10
7,0,11,61,91,119,142,158,150,133,123,107,83,65,10,17,30,39,9,0,0,0,10,7,8,7
12,8,14,64,98,124,150,173,160,142,135,124,99,83,13,56,50,39,11,0,0,0,31,11,12,12
30,10,15,59,104,114,142,171,166,149,127,123,97,81,11,56,56,35,9,0,0,4,14,13,14,25
14,10,13,59,104,113,127,145,150,143,136,132,103,80,14,57,55,44,6,0,0,0,14,13,11,12
11,0,12,45,68,94,113,134,138,138,129,130,97,74,12,35,52,33,8,0,0,0,12,13,12,12
6,7,9,30,57,75,101,121,131,127,116,118,90,69,13,25,36,10,9,0,0,0,13,7,11,12
10,6,11,25,53,67,86,106,125,125,121,109,90,65,9,25,37,12,9,0,0,0,14,7,12,11
13,0,11,21,34,59,79,99,113,110,118,104,92,65,9,32,31,11,6,0,0,0,8,10,10,9
9,0,11,14,27,53,71,101,101,102,103,96,86,65,12,40,30,10,0,0,0,0,12,6,10,11
0,6,6,13,29,50,70,79,93,100,110,99,84,60,12,15,16,13,5,0,0,0,12,8,10,11
7,6,9,12,15,45,61,71,86,94,115,96,82,61,10,13,12,21,0,0,0,0,8,9,10,10
0,6,10,10,14,23,54,67,79,85,108,83,73,59,0,13,11,10,0,0,0,0,10,10,6,6
0,5,9,11,22,47,53,66,73,86,90,81,68,57,0,17,11,12,0,0,0,0,8,6,6,8
7,0,7,9,13,40,58,67,78,83,93,83,67,51,0,11,10,8,6,0,0,0,6,0,5,7
5,0,6,9,11,31,61,76,84,94,91,83,72,42,0,12,11,9,7,0,0,0,7,0,0,8
7,0,6,8,23,60,75,87,106,88,92,75,64,50,0,9,12,10,0,0,0,0,5,0,5,6
0,0,7,8,46,71,102,106,106,95,85,68,59,13,0,0,12,10,0,0,0,0,7,4,0,0
8,0,0,12,54,77,104,107,95,80,72,68,54,14,7,9,16,10,0,0,0,0,9,7,0,0
7,0,6,13,61,100,105,98,92,66,66,52,55,13,9,11,13,10,0,0,0,0,4,6,0,8
0,4,6,13,67,89,99,82,67,74,58,47,53,13,9,12,11,11,0,0,0,0,10,4,3,7
0,0,5,14,57,69,60,64,63,36,55,15,17,12,0,7,10,12,0,0,0,0,5,5,6,7
5,0,9,28,54,50,51,53,51,25,33,22,14,16,0,11,5,0,0,0,0,0,8,6,0,0
0,9,13,32,38,58,65,80,103,120,138,139,141,136,122,108,95,75,17,0,0,0,25,9,7,15
5,0,10,20,42,35,66,106,116,136,141,147,137,141,114,110,102,104,53,0,0,0,30,10,8,12
0,0,12,14,12,13,74,109,124,135,153,156,136,124,112,114,115,119,100,0,0,0,49,11,9,13
11,7,12,14,11,9,71,111,122,140,141,141,132,115,90,97,105,116,102,0,0,0,50,15,12,17
8,0,0,8,7,10,76,111,125,134,135,134,122,112,42,63,69,100,66,0,0,0,51,12,12,19
7,0,0,0,10,25,72,111,127,132,139,138,125,111,51,58,58,64,21,0,0,0,40,9,11,17
12,0,0,0,31,50,76,105,128,139,145,142,125,103,56,53,54,55,12,0,0,0,33,9,18,13
4,0,0,7,7,53,82,113,129,148,148,143,131,101,51,55,47,47,9,0,0,0,11,7,10,12
6,0,0,0,8,55,88,118,133,140,147,140,123,105,52,56,45,29,9,0,0,0,11,9,6,8
8,0,0,0,7,66,105,120,132,132,137,131,118,104,53,57,43,22,0,0,0,0,13,6,10,13
0,0,0,0,7,64,102,116,123,122,128,117,113,79,41,58,39,14,0,0,0,0,0,0,5,9
5,0,0,0,7,73,107,115,124,121,122,113,111,102,19,60,38,12,0,0,0,0,11,4,7,7
4,0,0,0,15,85,112,121,130,128,125,110,119,104,52,59,46,14,0,0,0,0,12,0,7,9
5,0,5,0,15,100,113,130,136,134,135,127,119,107,47,61,52,35,8,0,0,0,13,7,12,7
4,0,0,12,71,104,121,136,155,147,136,117,107,93,15,34,34,16,8,0,0,0,12,12,11,13
0,0,5,50,88,113,131,147,172,170,146,125,111,94,23,56,54,32,5,0,0,0,27,12,13,23
17,9,11,62,99,115,133,148,162,146,137,112,112,86,35,59,56,61,10,0,0,0,36,12,14,20
0,0,7,50,82,111,131,148,147,130,126,98,87,68,11,28,12,12,4,0,0,0,7,8,9,10
8,0,11,61,91,118,142,158,150,133,123,107,83,65,14,16,30,41,8,0,0,0,10,7,8,8
12,8,14,64,99,124,151,173,161,142,135,124,99,83,26,56,50,39,10,0,0,0,31,11,12,12
30,10,15,58,104,114,142,172,166,149,127,123,98,81,14,56,55,35,9,0,0,4,14,13,14,26
14,10,13,59,104,113,127,145,150,143,136,132,103,80,23,58,55,44,6,0,0,0,14,13,11,12
11,0,12,45,68,93,113,135,139,138,129,130,98,74,13,37,52,36,8,0,0,0,12,13,12,12
6,7,9,30,57,75,101,121,131,127,117,118,90,69,13,25,36,10,8,0,0,0,13,7,11,12
10,6,11,23,53,67,86,106,126,125,121,109,91,65,10,25,37,13,9,0,0,0,14,7,12,11
13,0,11,21,34,59,80,99,114,110,118,104,92,65,9,32,31,11,0,0,0,0,8,10,10,9
9,0,11,14,28,53,72,102,101,103,103,96,86,65,12,40,30,10,0,0,0,0,12,6,10,11
0,6,6,13,29,50,70,79,93,100,110,99,84,60,12,17,16,13,5,0,0,0,12,8,10,11
7,6,9,12,17,42,61,71,86,94,115,96,82,61,9,13,12,21,0,0,0,0,8,10,10,10
0,6,10,10,14,23,54,67,79,85,108,83,73,59,0,13,11,10,0,0,0,0,10,10,6,6
0,5,10,11,22,47,54,67,73,86,90,81,68,57,0,15,11,12,0,0,0,0,8,6,6,8
7,0,7,9,13,40,58,67,78,84,93,83,67,50,0,11,10,8,6,0,0,0,6,0,5,7
5,0,6,9,11,28,61,77,84,94,91,82,72,42,0,12,10,9,7,0,0,0,7,0,0,8
7,0,6,8,23,60,76,87,106,88,92,75,64,50,0,9,12,10,0,0,0,0,5,0,5,6
0,0,7,8,44,70,102,106,106,95,86,68,59,13,0,0,12,10,0,0,0,0,7,4,0,0
8,0,0,12,54,77,104,107,96,80,72,69,54,14,7,9,16,10,0,0,0,0,9,7,0,0
7,0,6,13,61,100,105,98,92,66,66,52,55,13,9,11,13,10,0,0,0,0,4,6,0,8
0,4,6,13,67,89,99,82,67,74,58,47,53,13,8,12,11,11,0,0,0,0,10,4,3,7
0,0,5,14,57,69,60,64,63,35,55,15,17,12,0,7,10,12,0,0,0,0,5,5,6,7
5,0,9,27,54,50,51,53,51,26,34,22,14,16,0,11,5,0,0,0,0,0,8,6,0,0
0,9,13,32,40,58,65,80,102,120,138,139,141,136,122,108,94,75,15,0,0,0,25,9,7,15
5,0,10,22,42,35,67,106,115,136,141,147,138,141,114,110,102,104,51,0,0,0,30,10,8,12
0,0,12,14,12,13,74,109,123,135,153,156,136,124,112,113,115,119,98,0,0,0,49,11,9,13
11,8,12,14,11,9,70,111,122,140,141,141,132,115,89,95,105,116,102,0,0,0,50,15,12,17
8,0,0,8,7,11,76,111,125,134,135,134,122,112,42,62,69,100,63,0,0,0,50,12,12,19
7,0,0,0,10,25,72,111,127,132,140,138,126,112,51,58,58,63,19,0,0,0,40,9,11,17
12,0,0,0,33,50,76,105,128,138,146,143,125,103,57,53,54,56,11,0,0,0,33,9,19,13
4,0,0,7,8,53,82,113,129,148,149,143,131,101,50,55,47,47,8,0,0,0,11,7,10,12
6,0,0,0,8,55,88,118,133,140,147,141,123,105,51,55,45,29,8,0,0,0,12,9,7,8
8,0,0,0,7,65,105,120,132,133,138,131,118,104,52,57,43,22,0,0,0,0,12,7,10,13
0,0,0,0,6,64,102,116,123,122,128,117,113,78,38,57,39,15,0,0,0,0,0,0,5,9
5,0,0,0,7,72,106,115,124,121,122,113,111,101,15,58,37,12,0,0,0,0,11,4,7,7
4,0,0,0,14,84,112,120,130,128,124,110,118,104,44,56,46,14,0,0,0,0,12,0,7,9
5,0,5,0,15,98,112,130,135,134,135,127,119,106,36,58,52,32,8,0,0,0,13,7,12,7
4,0,0,12,71,104,121,136,154,148,136,116,107,92,14,32,34,15,8,0,0,0,12,12,11,13
0,0,5,50,89,113,131,147,171,169,146,125,111,93,22,56,54,32,5,0,0,0,26,12,13,23
17,9,11,62,99,115,133,148,162,146,137,111,111,84,32,59,56,60,9,0,0,0,35,12,14,20
0,0,6,45,79,108,129,143,143,126,122,92,80,61,8,16,9,10,0,0,0,0,5,7,8,8
8,0,11,61,91,118,142,158,150,133,123,107,83,65,14,16,29,41,8,0,0,0,10,7,8,8
12,8,14,64,99,123,151,173,160,142,135,124,99,83,25,56,50,39,10,0,0,0,31,12,12,12
27,10,17,59,104,114,142,171,166,149,127,123,98,81,14,56,55,35,9,0,0,4,14,14,14,26
14,10,13,58,104,112,127,145,150,143,136,132,103,80,23,57,55,44,6,0,0,0,14,13,11,12
11,0,12,45,68,93,113,135,138,138,129,130,98,74,13,37,52,33,8,0,0,0,12,13,12,12
6,7,9,32,57,75,101,121,131,127,116,117,90,69,13,23,34,10,8,0,0,0,13,8,11,12
10,6,11,23,53,67,86,106,126,125,121,110,90,65,10,25,35,12,9,0,0,0,13,7,12,12
13,0,11,20,34,59,80,99,114,109,117,104,92,65,9,30,31,11,0,0,0,0,8,10,10,9
9,0,11,14,28,53,72,101,101,102,103,96,87,65,12,38,30,10,0,0,0,0,12,6,10,11
0,6,5,13,29,50,70,79,93,100,110,99,84,60,12,15,16,13,5,0,0,0,12,8,10,11
7,6,9,12,17,42,62,71,86,93,115,96,82,61,9,13,12,21,0,0,0,0,8,10,10,10
0,6,10,10,14,23,54,67,79,85,108,83,73,58,0,13,11,10,0,0,0,0,10,10,6,6
0,5,9,11,22,47,53,66,73,86,90,82,68,57,0,15,11,12,0,0,0,0,8,6,6,8
7,0,7,9,13,40,58,67,78,84,93,83,67,50,0,11,10,8,5,0,0,0,6,0,5,7
6,0,5,9,11,28,61,76,84,94,91,82,72,40,0,11,10,9,6,0,0,0,7,0,0,8
7,0,6,8,23,60,76,87,106,88,92,75,64,50,0,9,11,10,0,0,0,0,5,0,5,6
5,0,7,8,44,71,102,106,106,96,85,68,59,13,0,0,12,10,0,0,0,0,7,4,0,0
8,0,0,12,54,77,104,107,96,80,72,69,54,14,7,9,16,10,0,0,0,0,9,7,0,0
7,0,6,13,61,100,105,98,92,66,66,52,55,13,9,11,13,10,0,0,0,0,4,6,0,8
0,4,6,13,67,88,99,81,67,74,58,47,53,13,8,12,11,11,0,0,0,0,10,4,3,7
0,0,5,14,57,69,60,64,63,34,55,15,17,12,0,7,10,12,0,0,0,0,5,5,6,7
5,0,9,27,54,50,51,53,51,26,35,23,14,16,0,11,5,0,0,0,0,0,8,6,0,0
0,9,13,32,40,58,65,80,102,121,138,139,141,136,122,109,95,75,15,0,0,0,25,9,6,15
5,0,10,22,42,39,67,106,115,136,141,147,138,141,115,110,102,104,52,0,0,0,30,10,8,12
6,0,13,14,11,13,74,109,123,135,153,156,136,124,112,113,115,119,98,0,0,0,50,11,9,13
11,8,12,14,11,9,71,111,122,140,141,141,132,115,89,95,105,116,102,0,0,0,49,16,12,17
8,0,0,8,7,11,77,111,125,134,135,134,122,112,44,63,69,100,62,0,0,0,50,12,12,20
8,0,0,0,10,25,72,111,127,133,140,138,126,112,50,58,58,63,19,0,0,0,40,9,11,17
11,0,0,0,33,50,76,105,128,139,146,143,125,102,56,53,54,55,11,0,0,0,33,9,19,13
4,0,0,7,8,53,83,114,129,150,150,143,131,101,48,55,46,50,8,0,0,0,11,7,10,12
6,0,0,0,8,55,88,118,134,141,148,141,123,104,51,56,44,29,8,0,0,0,12,10,7,8
8,0,0,0,7,64,104,120,132,133,138,132,117,103,51,57,42,22,0,0,0,0,12,7,10,13
0,0,0,0,6,62,102,116,123,122,128,117,112,78,33,56,38,14,0,0,0,0,0,0,5,9
5,0,0,0,6,71,106,114,124,121,122,113,110,101,14,56,36,11,0,0,0,0,11,4,7,7
4,0,0,0,14,82,111,120,130,128,124,109,118,103,33,55,44,14,0,0,0,0,12,0,7,9
5,0,5,0,15,97,112,130,136,135,135,126,117,105,27,57,52,32,8,0,0,0,12,7,12,7
4,0,0,12,70,104,121,136,153,148,136,116,106,91,13,31,34,15,8,0,0,0,12,12,11,13
0,0,4,50,87,113,131,147,171,170,146,125,110,92,20,55,53,32,5,0,0,0,26,12,13,22
16,9,11,61,99,115,133,147,162,147,137,110,109,83,30,58,56,60,9,0,0,0,35,12,14,20
0,0,5,34,73,104,125,140,139,122,119,85,74,57,6,14,8,10,0,0,0,0,5,6,8,8
7,0,11,61,91,118,142,158,151,134,123,107,83,65,13,16,29,41,8,0,0,0,10,7,8,8
12,8,14,64,99,123,151,174,161,142,135,124,99,84,25,56,50,40,10,0,0,0,29,12,12,12
30,10,17,58,104,114,142,172,166,149,127,122,98,81,14,56,55,35,9,0,0,4,14,14,14,25
14,11,13,58,103,112,128,145,150,143,136,132,102,80,21,58,55,44,6,0,0,0,14,13,11,12
11,0,12,45,68,93,114,135,138,138,129,130,97,74,13,37,52,36,7,0,0,0,12,13,12,12
6,7,9,32,57,75,101,121,131,127,117,117,90,69,13,25,34,10,8,0,0,0,13,8,11,12
10,6,11,25,52,66,86,106,126,126,121,110,90,65,10,25,35,12,9,0,0,0,13,7,12,12
13,0,12,20,34,59,80,99,114,110,117,103,92,65,8,30,31,11,0,0,0,0,7,10,10,9
9,0,12,14,27,53,72,101,101,103,102,96,86,65,12,40,30,10,0,0,0,0,12,6,10,11
0,6,7,13,29,50,70,79,93,100,110,99,84,60,12,17,15,13,0,0,0,0,12,8,10,11
7,6,9,12,17,45,61,71,86,94,115,96,82,61,9,13,12,21,0,0,0,0,8,10,10,10
0,6,10,10,14,23,54,67,79,85,108,82,73,58,0,13,11,10,0,0,0,0,10,10,6,6
0,5,9,11,20,44,54,66,72,86,89,81,68,57,0,14,11,12,0,0,0,0,8,6,6,8
7,0,7,9,13,37,58,67,78,84,93,82,67,50,0,11,9,8,5,0,0,0,6,0,5,7
6,0,6,9,11,28,61,76,84,94,91,82,72,40,0,12,10,9,6,0,0,0,7,0,0,8
7,0,6,8,23,60,76,87,106,88,91,75,64,50,0,9,11,10,0,0,0,0,5,0,5,6
5,0,7,8,42,70,102,106,106,96,85,68,59,13,0,0,12,10,0,0,0,0,7,4,0,0
8,0,0,12,54,77,104,107,96,80,72,68,54,13,6,9,16,10,0,0,0,0,8,8,0,0
7,0,6,13,61,100,105,98,92,66,66,52,55,13,9,11,13,10,0,0,0,0,4,6,0,8
0,4,6,13,68,88,100,81,67,74,58,47,53,13,8,12,11,11,0,0,0,0,10,4,3,7
0,4,5,14,57,69,60,63,63,35,55,15,17,12,0,6,10,11,0,0,0,0,5,5,6,7
5,0,9,28,54,50,51,53,51,27,37,23,14,16,0,11,5,0,0,0,0,0,8,6,0,0
0,9,13,34,40,58,65,80,102,120,138,139,141,136,123,109,95,75,15,0,0,0,24,9,7,15
5,0,10,25,42,42,67,106,115,136,141,147,138,142,115,110,103,104,53,0,0,0,29,10,8,12
6,0,13,14,11,13,72,109,123,135,153,156,136,123,112,113,114,119,100,0,0,0,50,11,9,13
11,8,12,14,11,9,70,111,122,140,141,141,132,115,89,94,105,116,103,0,0,0,49,16,12,17
8,0,0,8,7,11,77,111,124,134,135,134,122,112,44,63,69,100,63,0,0,0,50,12,12,19
7,0,0,0,10,25,72,111,127,133,140,138,126,111,51,58,58,63,19,0,0,0,40,9,11,18
12,0,0,0,33,51,76,105,128,139,146,143,125,102,56,53,54,55,11,0,0,0,32,9,19,14
4,0,0,7,8,54,83,114,129,150,150,143,131,101,50,55,46,47,8,0,0,0,11,7,10,12
6,0,0,0,8,55,88,118,134,141,148,141,123,104,51,55,43,29,8,0,0,0,12,10,7,8
8,0,0,0,7,65,104,120,132,133,138,132,118,103,51,57,42,25,0,0,0,0,12,7,10,13
0,0,0,0,7,63,101,116,123,122,128,117,113,78,36,56,38,14,0,0,0,0,0,0,5,9
5,0,0,0,6,71,106,114,124,121,122,113,111,101,15,56,36,11,0,0,0,0,11,4,7,7
4,0,0,0,13,82,111,120,130,128,125,109,118,103,33,54,43,14,0,0,0,0,12,0,7,9
5,0,5,0,14,97,112,130,135,134,135,126,117,104,27,57,52,32,8,0,0,0,12,7,12,7
4,0,0,12,71,104,120,136,153,148,136,116,107,91,13,30,32,14,8,0,0,0,12,12,11,13
0,0,4,50,87,113,131,147,171,170,146,125,110,92,20,55,53,32,6,0,0,0,26,12,13,23
17,9,11,62,98,115,133,147,162,146,137,110,108,83,28,58,55,60,9,0,0,0,35,12,14,20
0,0,4,30,72,103,123,138,137,120,117,82,73,54,0,13,7,9,0,0,0,0,4,6,7,8
7,0,11,61,91,118,142,158,151,133,123,107,83,65,13,16,29,39,8,0,0,0,10,7,8,8
12,8,14,64,99,124,151,174,161,142,135,124,99,84,26,56,50,39,10,0,0,0,29,12,12,12
30,10,17,59,104,114,142,172,166,149,127,122,97,81,14,57,55,32,9,0,0,4,14,14,14,25
14,11,13,59,104,113,128,145,150,143,136,132,103,79,21,58,55,44,6,0,0,0,14,13,11,12
12,0,12,45,68,93,114,135,138,138,129,130,98,74,13,37,53,36,8,0,0,0,12,13,12,12
6,7,9,32,57,75,101,121,131,127,117,117,90,69,13,25,32,10,8,0,0,0,13,7,11,12
10,6,11,25,53,67,86,106,126,125,121,110,90,65,10,25,35,12,9,0,0,0,13,7,12,12
14,0,12,20,32,59,80,98,114,110,117,103,92,65,8,32,33,11,0,0,0,0,7,10,10,9
9,0,12,14,27,53,71,101,101,103,102,96,86,65,11,40,30,10,0,0,0,0,12,6,10,11
0,6,6,14,27,50,70,79,93,100,110,99,84,60,12,17,15,13,5,0,0,0,12,8,10,11
7,6,9,12,17,45,61,71,86,94,115,95,82,61,9,13,12,19,0,0,0,0,8,10,10,10
0,6,10,10,14,23,54,67,79,85,108,82,73,58,0,13,11,10,0,0,0,0,10,10,6,6
0,5,9,11,20,47,53,66,72,86,90,81,68,57,0,14,11,12,0,0,0,0,8,6,6,8
7,0,7,9,13,37,58,67,78,84,93,82,67,50,0,11,9,8,5,0,0,0,5,0,5,7
6,0,6,9,11,31,61,76,84,93,91,82,72,40,0,12,10,9,7,0,0,0,7,0,0,8
7,0,6,8,22,60,76,87,105,88,92,75,64,50,0,9,11,10,0,0,0,0,5,0,5,6
5,0,7,8,42,70,102,106,106,96,85,68,59,13,0,0,12,10,0,0,0,0,7,0,0,0
8,0,0,12,54,77,104,107,96,80,72,68,54,13,6,9,16,10,0,0,0,0,8,8,0,0
7,0,6,14,61,100,105,98,92,66,66,52,56,13,9,11,13,10,0,0,0,0,4,6,0,9
0,4,6,13,68,88,100,81,67,74,59,47,53,13,8,12,11,11,0,0,0,0,10,4,3,7
0,4,5,14,56,69,60,63,63,33,55,15,17,11,0,6,10,11,0,0,0,0,5,5,5,7
5,0,9,28,55,51,51,53,51,27,40,24,14,16,0,12,5,0,0,0,0,0,8,6,0,0
0,9,13,32,40,58,64,80,102,120,137,139,141,136,123,110,95,75,17,0,0,0,25,9,7,18
5,0,10,25,42,42,67,105,115,136,140,147,138,142,115,110,103,104,53,0,0,0,28,10,8,12
6,0,13,14,11,13,74,109,123,135,152,155,136,123,112,113,114,119,100,0,0,0,50,11,9,14
11,8,12,14,10,9,70,111,121,140,141,141,132,115,89,94,105,115,103,0,0,0,49,15,12,19
8,0,0,8,7,11,78,111,124,134,135,134,122,112,44,62,68,100,62,0,0,0,50,11,11,17
7,0,0,0,10,25,73,111,126,133,140,138,126,111,51,58,58,63,19,0,0,0,40,9,11,17
12,0,0,0,33,51,77,105,128,139,146,143,125,102,56,53,54,55,12,0,0,0,30,9,18,14
4,0,0,7,8,54,83,114,129,150,150,143,131,101,50,55,46,47,8,0,0,0,11,7,10,12
6,0,0,0,8,56,88,118,133,141,148,141,123,104,51,55,44,29,8,0,0,0,12,9,7,8
8,0,0,0,7,66,104,120,132,133,138,132,118,104,52,57,43,28,0,0,0,0,12,6,10,13
0,0,0,0,7,64,102,116,123,122,128,117,113,79,36,56,39,14,0,0,0,0,0,0,5,9
5,0,0,0,6,72,107,114,124,121,122,113,111,101,15,56,36,11,0,0,0,0,11,4,7,7
4,0,0,0,13,82,111,120,130,128,125,109,118,103,36,54,44,14,0,0,0,0,12,0,7,9
5,0,5,0,14,98,112,130,135,134,135,126,117,105,27,58,52,35,8,0,0,0,12,7,12,8
4,0,0,12,70,104,120,136,152,148,136,116,107,91,13,30,32,15,8,0,0,0,12,12,11,13
0,0,4,50,87,114,131,147,171,170,146,124,110,92,21,55,53,32,6,0,0,0,26,12,13,25
17,9,11,62,98,115,133,147,162,146,137,110,108,83,28,58,56,61,9,0,0,0,35,12,14,21
0,0,4,29,70,103,123,137,136,119,117,82,73,55,7,19,10,11,0,0,0,0,4,6,7,8
8,0,11,61,91,119,142,158,151,133,123,106,83,66,14,16,29,39,8,0,0,0,10,7,8,8
12,8,14,65,99,124,152,174,161,142,134,123,98,84,26,56,50,40,10,0,0,0,29,11,12,12
30,11,19,59,104,114,142,172,166,149,127,122,97,81,14,57,55,32,9,0,0,3,14,14,14,26
14,11,13,59,104,113,128,145,150,143,136,132,102,79,21,58,54,44,6,0,0,0,14,13,11,12
12,0,12,45,68,94,114,135,139,138,129,130,98,75,13,35,53,36,8,0,0,0,12,13,12,12
6,7,9,32,57,75,101,121,131,127,117,116,90,69,13,27,32,10,8,0,0,0,13,7,11,12
10,6,11,25,53,67,86,106,126,126,121,109,90,64,10,25,35,12,9,0,0,0,13,7,12,12
14,0,12,21,32,59,80,99,114,110,117,103,92,65,8,32,33,11,0,0,0,0,7,10,10,9
9,0,12,14,27,53,71,101,101,103,102,96,86,65,11,40,30,10,0,0,0,0,12,6,10,11
0,6,6,14,29,50,70,80,93,100,110,99,84,60,12,17,16,13,0,0,0,0,12,8,10,11
7,6,9,12,17,45,62,71,86,94,115,95,82,61,9,13,12,19,0,0,0,0,8,10,10,10
0,6,10,10,14,23,54,67,79,85,107,82,73,58,0,13,11,10,0,0,0,0,10,10,6,6
0,5,9,11,22,47,53,66,72,86,89,81,68,57,0,14,11,12,0,0,0,0,8,6,6,8
7,0,7,9,13,37,58,67,77,84,93,82,67,50,0,11,9,8,5,0,0,0,5,0,5,7
6,0,6,9,11,34,61,76,84,93,90,82,72,42,0,12,10,9,7,0,0,0,6,0,0,8
7,0,6,8,22,61,76,87,105,88,91,75,64,51,0,9,11,10,0,0,0,0,5,0,5,6
5,0,7,8,44,71,102,106,106,96,86,68,59,13,0,0,12,10,0,0,0,0,7,0,0,0
8,0,0,12,54,77,104,107,96,80,72,68,54,14,6,9,16,10,0,0,0,0,8,7,0,5
7,0,6,14,61,100,105,99,92,66,66,52,56,13,9,11,13,10,0,0,0,0,4,6,0,9
0,4,6,13,68,89,100,82,67,74,59,47,53,13,8,12,11,11,0,0,0,0,10,4,3,7
0,0,5,14,56,69,60,63,62,33,54,14,17,11,0,6,10,11,0,0,0,0,5,5,5,7
5,0,9,28,55,51,51,54,51,27,42,24,14,17,0,12,5,0,0,0,0,0,8,6,0,0
0,9,13,34,38,58,64,81,102,120,137,139,141,136,123,110,96,75,17,0,0,0,25,9,6,18
5,0,10,25,42,42,66,105,115,135,140,147,138,142,115,110,103,105,55,0,0,0,28,10,8,12
0,0,12,14,11,13,74,109,123,135,152,155,136,123,112,113,114,119,100,0,0,0,50,11,9,13
11,8,12,14,10,9,70,111,122,140,141,141,131,115,88,95,105,116,103,0,0,0,48,15,12,19
8,0,0,8,6,11,78,111,125,134,135,134,121,112,45,63,68,100,62,0,0,0,51,11,11,17
8,0,0,0,10,26,73,111,127,133,140,138,125,111,50,58,58,64,19,0,0,0,40,9,11,18
12,0,0,0,31,52,77,106,128,139,146,142,125,101,55,53,54,55,12,0,0,0,30,9,18,14
4,0,0,8,8,55,82,114,130,149,150,143,131,101,50,55,47,47,9,0,0,0,11,7,10,12
6,0,0,0,8,57,87,118,133,141,148,140,123,104,51,55,44,29,8,0,0,0,11,9,6,8
8,0,0,0,7,67,104,120,132,133,138,131,117,103,51,57,42,32,0,0,0,0,12,6,10,13
0,0,0,0,7,64,102,116,123,122,128,117,112,79,36,57,39,14,0,0,0,0,0,0,5,9
5,0,0,0,6,73,107,115,124,121,122,113,111,101,17,58,37,12,0,0,0,0,11,4,7,7
4,0,0,0,14,84,112,120,130,128,125,109,118,103,41,57,44,14,0,0,0,0,12,0,7,9
5,0,6,0,15,98,113,130,136,134,134,126,118,106,36,59,52,35,8,0,0,0,13,7,12,8
4,0,0,13,70,104,121,136,153,148,136,116,107,91,14,32,32,16,8,0,0,0,12,12,11,13
0,0,4,51,87,114,131,147,172,170,146,125,110,93,21,56,53,35,5,0,0,0,26,12,12,25
17,9,11,62,99,116,134,148,162,147,137,111,109,84,30,59,56,61,10,0,0,0,35,12,14,20
0,0,5,36,73,106,125,142,140,123,121,89,79,62,10,30,12,13,0,0,0,0,6,7,9,9
8,0,11,61,92,119,142,159,151,133,123,106,83,65,14,16,29,39,8,0,0,0,10,7,8,8
12,8,14,65,99,124,152,174,161,142,134,123,98,84,27,56,50,40,10,0,0,0,28,11,11,12
30,11,19,59,104,115,142,173,167,149,127,122,98,81,14,57,55,32,9,0,0,0,14,14,14,26
14,11,13,60,104,113,128,145,151,143,136,132,102,79,23,58,55,44,6,0,0,0,14,13,11,12
11,0,12,47,68,94,114,135,139,138,129,130,98,74,13,37,53,38,7,0,0,0,12,13,12,12
6,7,9,35,57,76,101,122,131,127,117,117,90,69,13,27,34,10,8,0,0,0,13,7,11,12
10,6,12,27,53,67,86,106,127,125,121,110,90,64,10,25,37,13,9,0,0,0,13,7,12,12
14,0,12,21,34,60,80,99,114,110,118,103,92,65,8,33,33,11,0,0,0,0,7,10,10,9
9,0,12,15,27,53,71,102,101,102,102,96,86,65,12,42,30,10,0,0,0,0,12,6,10,11
0,6,7,14,29,50,70,80,94,100,110,99,83,60,12,17,16,13,0,0,0,0,12,8,10,11
7,6,9,12,17,47,61,72,86,94,115,95,82,61,9,13,12,19,0,0,0,0,8,10,9,10
0,6,10,10,14,25,54,67,79,86,108,82,73,58,0,13,11,10,0,0,0,0,9,10,5,6
0,5,9,11,22,50,54,67,72,86,89,81,68,57,0,14,11,12,0,0,0,0,8,6,6,8
7,0,7,9,13,40,58,67,77,84,93,82,67,50,0,11,9,8,5,0,0,0,5,0,5,7
6,0,6,9,11,37,61,76,84,93,91,82,72,42,0,12,10,9,6,0,0,0,7,0,0,8
7,0,6,9,22,61,75,87,105,88,92,75,64,50,0,9,11,10,0,0,0,0,5,0,5,6
5,0,7,8,44,71,101,106,106,95,86,68,59,13,0,0,12,10,0,0,0,0,7,4,0,0
8,0,0,13,54,77,104,107,96,80,73,68,54,13,7,9,16,10,0,0,0,0,8,7,0,5
7,0,6,14,61,101,105,99,92,66,67,52,55,13,9,11,13,10,0,0,0,0,4,6,0,9
0,4,6,13,68,89,100,82,68,74,59,47,53,13,8,12,11,12,0,0,0,0,10,4,3,7
0,0,5,14,56,69,60,63,63,33,54,14,17,11,0,6,10,11,0,0,0,0,5,5,5,7
5,0,9,30,55,51,51,54,51,26,43,23,14,17,0,12,5,0,0,0,0,0,8,6,0,0
0,9,13,32,40,58,64,81,102,120,137,139,141,137,124,111,97,75,19,0,0,0,25,9,7,19
5,0,10,25,42,39,66,105,116,135,140,147,138,142,115,110,103,105,53,0,0,0,28,10,8,12
0,0,12,14,11,13,77,109,123,135,152,155,136,123,112,113,115,119,100,0,0,0,49,11,9,13
11,7,11,14,10,10,70,111,122,140,141,141,131,115,89,95,105,115,103,0,0,0,49,15,12,19
8,0,0,8,6,11,78,111,125,134,135,134,121,112,45,62,68,100,62,0,0,0,50,11,11,17
7,0,0,0,9,26,72,112,127,133,139,138,125,111,51,57,58,64,19,0,0,0,40,9,11,18
12,0,0,0,29,52,76,106,129,139,146,142,125,102,55,53,54,55,12,0,0,0,29,9,18,14
4,0,0,7,8,55,82,114,130,149,149,143,131,101,51,55,47,47,9,0,0,0,11,7,10,12
6,0,0,0,8,57,87,118,134,140,147,140,123,104,52,55,44,29,8,0,0,0,11,9,6,8
8,0,0,0,7,68,105,120,133,133,138,131,117,103,53,57,42,32,0,0,0,0,12,6,10,13
0,0,0,0,7,65,102,116,123,122,128,117,113,79,38,58,39,14,0,0,0,0,0,0,6,9
5,0,0,0,6,75,107,115,124,121,122,113,111,101,19,59,38,12,0,0,0,0,11,4,7,7
4,0,0,0,14,85,112,120,130,128,125,109,118,104,51,58,44,15,0,0,0,0,12,0,7,9
5,0,6,0,15,100,112,130,135,134,134,126,118,106,44,60,52,39,8,0,0,0,13,7,12,8
4,0,0,13,70,104,121,136,153,147,136,116,107,92,14,32,32,16,8,0,0,0,12,12,11,13
0,0,5,51,87,114,131,147,172,169,146,125,111,94,23,56,54,32,6,0,0,0,27,12,12,26
17,9,11,62,98,116,134,148,163,146,137,111,110,84,33,59,56,61,10,0,0,0,35,12,14,20
0,0,6,47,79,109,129,146,145,127,125,94,84,67,12,33,13,14,4,0,0,0,6,8,9,10
8,0,11,61,92,119,142,159,150,133,123,107,83,66,14,16,29,39,8,0,0,0,10,7,8,8
12,8,15,65,99,125,151,175,161,141,134,124,99,84,28,56,50,40,10,0,0,0,28,11,12,12
30,10,19,59,105,114,142,173,167,148,127,122,98,81,14,57,55,35,9,0,0,0,14,14,14,26
14,11,13,59,103,113,128,145,151,143,136,132,103,80,25,58,55,44,6,0,0,0,14,13,11,12
12,0,12,45,68,94,114,135,139,138,129,130,98,74,13,35,53,36,8,0,0,0,12,13,12,12
7,7,10,32,57,76,101,122,132,127,117,117,90,69,13,25,32,10,8,0,0,0,13,7,11,12
10,6,12,27,53,67,87,106,127,125,121,110,90,65,11,25,37,12,9,0,0,0,13,7,12,12
14,0,12,21,34,60,80,99,114,110,118,103,92,65,9,33,33,11,0,0,0,0,7,10,10,9
9,0,12,15,27,53,71,102,101,102,103,96,86,65,12,40,28,10,0,0,0,0,12,6,10,11
0,5,7,14,29,50,70,80,94,100,110,99,84,60,13,17,16,13,0,0,0,0,12,8,10,11
7,6,9,12,17,47,62,72,87,94,115,95,82,61,9,13,12,19,0,0,0,0,8,10,10,10
0,6,10,10,14,25,54,67,80,85,108,83,73,59,0,13,11,10,0,0,0,0,9,10,5,6
0,5,9,11,22,50,53,67,72,85,90,82,68,57,0,14,11,12,0,0,0,0,8,6,6,8
7,0,7,9,13,40,58,67,78,84,93,82,67,50,0,11,9,8,5,0,0,0,6,0,5,7
6,0,6,9,11,37,61,76,84,93,91,83,72,42,0,12,10,9,6,0,0,0,7,0,0,8
7,0,6,9,22,61,75,87,106,87,92,76,64,50,0,9,12,10,0,0,0,0,5,0,5,6
5,0,7,8,44,70,101,106,106,95,86,68,59,13,0,0,12,10,0,0,0,0,7,4,0,0
8,0,0,13,53,77,104,107,96,80,73,68,54,13,7,9,16,10,0,0,0,0,8,7,0,5
7,0,6,14,61,101,105,99,93,66,67,52,55,13,9,11,13,11,0,0,0,0,4,6,0,9
0,4,6,13,67,89,100,82,68,74,60,50,54,13,9,12,11,12,0,0,0,0,10,4,3,7
0,0,5,14,56,69,60,63,63,32,55,14,19,12,0,6,10,11,0,0,0,0,5,4,5,7
5,0,9,30,55,51,51,54,51,26,44,24,14,17,0,12,5,0,0,0,0,0,8,6,0,0
0,9,13,32,40,58,65,81,102,119,137,139,141,136,124,112,97,75,19,0,0,0,25,9,7,19
5,0,10,25,42,39,66,105,116,135,140,147,138,142,115,110,103,105,53,0,0,0,29,10,8,12
0,0,12,14,11,13,77,109,123,135,152,155,136,124,112,113,115,119,100,0,0,0,50,11,10,13
11,7,11,14,10,10,70,111,122,140,141,141,131,115,90,95,105,115,103,0,0,0,49,15,12,18
8,0,0,8,6,11,80,111,125,134,135,134,122,112,45,62,68,100,62,0,0,0,51,11,11,17
7,0,0,0,9,26,73,112,127,133,140,138,125,111,52,57,58,64,17,0,0,0,43,9,11,17
12,0,0,0,29,51,76,106,129,139,146,143,125,101,56,53,54,55,12,0,0,0,30,9,19,14
4,0,0,7,8,55,83,114,130,149,149,142,130,101,51,55,47,50,9,0,0,0,11,7,10,12
6,0,0,0,8,57,88,118,134,140,147,140,123,104,52,55,45,29,8,0,0,0,12,9,6,8
8,0,0,0,7,68,105,120,133,133,138,131,118,103,53,57,42,32,0,0,0,0,12,6,10,13
0,0,0,0,7,65,102,116,123,122,128,117,113,79,38,58,39,14,0,0,0,0,0,0,6,9
5,0,0,0,6,75,107,115,124,121,122,113,111,102,19,59,37,12,0,0,0,0,11,4,7,7
4,0,0,0,14,85,112,120,130,128,125,110,118,104,50,58,44,15,0,0,0,0,12,0,7,9
5,0,6,0,17,100,113,130,136,134,134,126,119,106,44,60,52,35,8,0,0,0,13,7,12,8
4,0,0,13,68,104,121,136,154,147,136,116,107,92,14,33,34,17,8,0,0,0,12,12,11,13
0,0,5,51,87,114,131,147,172,169,145,125,111,95,25,56,54,35,6,0,0,0,27,12,12,25
16,9,11,62,99,116,134,148,163,146,137,111,110,85,37,59,56,61,10,0,0,0,36,12,14,20
0,0,7,50,80,111,131,148,146,129,126,97,86,69,12,35,14,14,5,0,0,0,7,8,9,10
8,0,11,61,91,119,143,159,151,133,123,107,84,66,14,16,30,42,8,0,0,0,10,7,8,8
12,8,14,65,99,125,152,175,162,141,135,123,99,84,30,56,50,40,10,0,0,0,28,11,12,12
30,10,17,59,104,114,143,173,167,149,127,122,98,82,14,57,55,35,9,0,0,0,14,14,14,25
14,11,13,59,103,113,128,145,151,143,136,132,103,79,27,58,55,44,6,0,0,0,14,13,11,12
12,0,12,45,68,94,114,135,139,138,129,129,98,75,13,35,53,38,8,0,0,0,12,13,12,12
7,7,10,32,57,76,102,122,132,127,117,117,90,69,13,25,32,11,9,0,0,0,13,7,11,12
10,6,12,27,53,67,86,106,127,126,121,109,90,65,11,25,37,13,9,0,0,0,13,7,12,12
13,0,12,20,34,60,80,99,114,110,117,103,92,65,9,32,31,11,0,0,0,0,7,10,10,9
9,0,12,15,27,53,71,102,102,103,103,96,86,65,12,40,28,10,0,0,0,0,12,6,10,11
0,5,7,14,29,50,70,80,94,100,110,99,84,60,13,17,16,13,5,0,0,0,12,8,10,11
7,6,9,12,17,47,62,71,86,94,115,95,82,61,10,13,12,21,0,0,0,0,8,10,10,10
0,6,10,10,14,25,54,67,79,86,108,83,73,59,0,13,11,10,0,0,0,0,9,10,6,6
0,5,9,11,22,50,54,67,73,86,89,82,68,57,0,15,11,12,0,0,0,0,8,6,6,8
7,0,7,9,13,43,58,67,78,84,93,82,67,50,0,11,10,8,5,0,0,0,6,0,5,7
6,0,6,9,11,37,61,76,84,93,91,82,72,42,0,12,10,9,6,0,0,0,7,0,0,8
8,0,6,9,22,61,75,87,106,87,92,75,64,50,0,9,12,10,0,0,0,0,5,0,5,6
5,0,7,8,42,70,101,106,107,95,86,68,59,13,0,0,12,10,0,0,0,0,7,4,0,0
8,0,0,12,53,77,105,107,96,80,73,68,54,13,7,9,16,10,0,0,0,0,8,7,0,5
7,0,6,14,61,101,105,99,93,66,67,52,55,13,9,11,13,11,0,0,0,0,4,6,0,9
0,4,6,13,67,89,100,82,68,74,59,47,54,13,9,12,11,12,0,0,0,0,10,4,3,7
0,0,5,14,55,69,60,63,63,32,55,14,17,12,0,6,10,12,0,0,0,0,5,4,5,7
5,0,9,28,55,51,51,54,51,27,43,23,14,17,0,12,5,0,0,0,0,0,8,6,0,0
0,9,13,32,42,58,66,81,102,119,137,139,141,136,125,112,97,75,21,0,0,0,25,9,7,16
5,0,10,22,42,39,66,106,116,135,140,147,138,142,116,111,103,105,55,0,0,0,30,10,9,12
0,0,13,14,11,13,77,109,123,134,152,156,136,124,113,113,115,119,100,0,0,0,50,11,9,12
11,7,11,13,11,10,70,111,122,139,141,141,131,115,93,96,105,115,103,0,0,0,50,15,12,16
8,0,0,8,6,11,78,111,125,134,135,134,122,112,48,62,68,100,63,0,0,0,51,11,11,18
8,0,0,0,9,26,73,112,127,132,140,138,125,111,53,57,58,64,19,0,0,0,43,9,11,17
12,0,0,0,29,50,76,106,129,139,146,143,124,101,57,53,54,55,12,0,0,0,29,9,19,13
4,0,0,7,8,55,83,114,130,149,149,142,130,101,52,55,46,47,8,0,0,0,11,7,10,12
6,0,0,0,8,57,87,118,134,140,147,140,123,104,53,55,44,28,8,0,0,0,12,9,7,8
8,0,0,0,7,68,105,120,133,133,138,131,117,103,54,56,42,32,0,0,0,0,13,6,10,13
0,0,0,0,7,65,102,116,123,122,128,117,113,78,44,58,39,14,0,0,0,0,0,0,6,9
5,0,0,0,6,75,107,115,124,121,122,113,111,101,23,59,37,12,0,0,0,0,11,4,7,7
4,0,0,0,14,85,112,120,130,128,125,110,118,104,52,59,44,15,0,0,0,0,12,0,7,9
5,0,6,0,17,100,113,130,136,134,134,126,118,106,50,59,52,32,8,0,0,0,13,7,12,7
4,0,0,13,70,104,121,136,154,147,136,116,107,91,17,33,34,17,8,0,0,0,12,12,11,12
0,0,5,52,86,114,131,148,172,169,146,125,110,94,30,56,53,35,6,0,0,0,27,12,12,23
16,9,11,62,99,116,134,148,163,146,137,111,110,84,41,59,56,61,10,0,0,0,36,12,14,20
0,0,8,51,81,111,131,148,147,130,126,98,87,69,13,36,14,14,5,0,0,0,7,8,9,10
8,0,11,61,92,119,143,158,151,133,123,107,84,65,14,16,30,42,8,0,0,0,10,7,8,8
12,8,14,65,100,125,151,174,161,141,135,123,99,84,32,56,50,39,10,0,0,0,28,11,12,12
30,10,17,59,104,114,143,173,167,149,127,123,98,81,14,57,55,35,9,0,0,0,14,13,14,25
14,11,13,59,103,113,128,145,151,143,136,132,103,79,31,58,55,44,6,0,0,0,14,13,11,12
12,0,12,47,68,94,114,135,139,138,129,130,97,74,14,37,53,38,8,0,0,0,12,13,12,12
7,7,10,32,57,76,101,122,132,127,117,117,90,69,14,25,32,11,9,0,0,0,13,7,11,12
10,6,12,27,53,67,86,106,127,126,121,110,90,64,11,25,37,12,9,0,0,0,13,6,12,12
13,0,12,18,34,60,80,99,114,110,117,104,92,65,10,30,31,11,6,0,0,0,8,10,10,9
9,0,12,15,27,53,71,102,102,103,103,96,86,65,12,40,28,10,0,0,0,0,12,6,10,11
0,6,7,14,29,50,70,80,94,100,110,100,84,60,14,17,18,13,5,0,0,0,12,8,10,11
7,6,9,12,17,47,62,71,86,93,115,95,82,61,10,13,12,21,0,0,0,0,8,10,10,10
0,6,10,10,14,25,54,67,79,85,108,83,73,59,0,13,11,10,0,0,0,0,10,10,6,6
0,5,9,11,22,50,54,66,73,86,89,82,68,57,0,15,11,12,0,0,0,0,8,6,6,8
7,0,7,9,13,43,58,67,78,84,93,82,67,50,0,11,10,8,5,0,0,0,6,0,5,7
6,0,6,9,11,37,61,76,84,94,91,83,72,40,0,12,10,9,7,0,0,0,7,0,0,8
7,0,6,9,22,61,75,87,106,88,92,75,64,50,0,9,12,10,0,0,0,0,5,0,5,6
5,0,7,8,42,70,101,106,107,95,86,68,59,12,4,0,12,9,0,0,0,0,7,4,0,0
8,0,0,12,53,77,105,107,96,80,73,68,54,13,8,9,16,10,0,0,0,0,8,7,0,0
7,0,6,14,61,100,105,99,93,66,67,52,55,13,9,11,13,11,0,0,0,0,4,6,0,9
0,4,6,13,67,88,99,82,68,74,59,47,54,13,9,12,11,12,0,0,0,0,10,4,3,7
0,0,5,14,55,69,60,63,63,32,55,14,17,11,0,6,10,11,0,0,0,0,4,4,5,7
5,0,9,28,55,51,51,54,52,27,44,24,14,17,0,12,5,0,0,0,0,0,8,6,0,0
0,9,13,32,44,58,66,81,102,119,137,139,141,137,125,112,97,75,21,0,0,0,25,9,7,16
5,0,10,22,45,39,66,106,116,136,140,147,138,142,116,111,103,105,55,0,0,0,30,10,9,12
6,0,13,14,11,13,77,109,123,135,152,156,136,124,113,113,115,119,100,0,0,0,50,10,10,12
11,7,11,13,11,9,71,111,122,140,141,141,131,115,95,95,105,115,103,0,0,0,50,15,12,17
8,0,0,8,6,11,78,111,125,134,135,134,122,112,50,62,68,100,63,0,0,0,52,11,11,18
7,0,0,0,9,25,73,112,127,132,140,138,125,111,54,58,58,63,19,0,0,0,43,9,11,17
12,0,0,0,29,50,76,106,129,139,146,143,124,102,58,53,55,55,12,0,0,0,30,9,19,13
4,0,0,7,8,55,84,114,130,149,149,143,130,101,53,55,46,47,9,0,0,0,11,7,10,12
6,0,0,0,8,56,88,118,134,140,147,140,123,104,54,55,44,28,9,0,0,0,12,9,6,8
8,0,0,0,7,67,105,120,133,133,138,131,117,103,55,55,42,25,0,0,0,0,13,6,9,13
0,0,0,0,7,65,101,116,123,122,128,117,112,78,50,57,39,14,0,0,0,0,0,0,6,9
5,0,0,0,6,73,107,114,124,121,122,113,110,102,25,58,37,12,0,0,0,0,11,4,7,7
4,0,0,0,14,85,112,120,130,128,124,109,118,104,53,58,44,14,0,0,0,0,12,0,7,9
5,0,5,0,17,98,113,130,135,134,134,126,118,106,50,59,52,32,8,0,0,0,13,7,12,7
4,0,0,12,70,104,121,136,154,147,135,116,107,91,20,33,34,16,8,0,0,0,12,11,11,13
0,0,5,51,87,113,131,148,172,169,146,125,110,94,35,56,54,32,6,0,0,0,28,12,12,23
17,9,11,61,99,116,134,148,163,146,137,111,110,84,42,59,56,61,10,0,0,0,36,12,14,20
0,0,7,50,81,111,131,148,147,130,126,98,87,69,14,35,15,14,5,0,0,0,7,8,9,10
7,0,11,61,92,119,143,158,151,133,123,107,84,66,15,16,30,41,8,0,0,0,10,7,8,7
12,8,14,64,100,124,152,174,162,142,135,124,99,83,34,56,50,39,10,0,0,0,26,11,12,12
30,10,17,59,104,114,143,173,167,149,127,122,97,81,15,56,55,32,9,0,0,0,14,13,14,25
14,11,13,59,103,113,128,145,150,143,135,132,103,80,34,58,55,44,6,0,0,0,14,13,11,12
12,0,12,45,68,95,114,135,139,138,129,130,97,75,14,35,53,38,8,0,0,0,12,13,12,12
7,7,10,32,57,76,101,122,132,127,116,117,90,69,14,23,32,11,9,0,0,0,13,7,11,12
10,6,12,23,53,67,86,106,127,126,121,110,90,65,11,25,37,12,9,0,0,0,14,6,12,12
13,0,12,20,34,60,80,99,114,110,117,103,92,65,10,30,31,11,6,0,0,0,8,10,10,9
9,0,12,14,28,53,71,102,102,103,103,96,86,65,13,38,28,10,0,0,0,0,12,6,10,11
0,6,7,14,29,50,70,80,94,100,110,100,84,60,14,17,20,13,5,0,0,0,12,8,10,11
7,6,9,12,17,47,62,71,86,94,115,95,82,61,10,13,12,21,0,0,0,0,8,10,10,10
0,6,10,10,14,23,54,67,79,86,108,83,73,59,0,13,11,10,0,0,0,0,10,10,6,6
0,5,9,11,22,50,54,66,72,86,89,82,68,57,0,14,10,12,0,0,0,0,8,6,6,8
6,0,7,9,13,40,58,67,78,84,93,82,67,51,0,11,10,8,6,0,0,0,6,0,5,7
6,0,6,9,11,34,61,76,84,94,91,83,72,42,0,12,10,9,7,0,0,0,7,0,0,8
7,0,6,8,23,61,75,87,106,88,92,75,64,50,0,9,12,10,0,0,0,0,5,0,5,6
5,0,7,8,42,71,102,106,107,95,85,68,59,13,4,0,12,9,0,0,0,0,7,4,0,0
8,0,0,12,53,77,105,107,96,80,72,68,54,13,8,9,16,10,0,0,0,0,8,7,0,0
7,0,6,13,61,100,105,99,93,67,66,52,55,13,10,11,13,10,0,0,0,0,4,6,0,9
0,4,6,13,68,89,99,82,67,74,59,47,54,13,9,12,11,12,0,0,0,0,10,4,3,7
0,0,5,14,55,69,60,63,63,33,55,14,17,11,0,6,10,11,0,0,0,0,5,4,6,7
5,0,9,28,55,51,51,54,51,27,44,24,14,17,0,12,5,0,0,0,0,0,8,6,0,0
0,9,13,34,42,58,67,81,102,119,137,138,141,137,127,112,97,75,21,0,0,0,25,9,7,15
5,0,10,25,42,42,66,106,116,136,140,147,138,142,117,111,103,105,55,0,0,0,30,10,8,12
0,5,13,14,12,13,75,109,123,134,152,156,136,125,114,114,114,119,101,0,0,0,50,11,10,13
11,7,11,13,11,10,72,111,122,140,141,141,131,115,98,96,105,115,103,0,0,0,50,15,12,16
8,0,0,8,6,11,78,111,125,134,134,134,122,112,53,62,68,100,65,0,0,0,52,11,11,18
7,0,0,0,10,26,73,111,127,132,140,138,125,111,56,58,58,64,19,0,0,0,45,9,11,17
12,0,0,0,29,51,76,106,129,139,146,144,124,102,60,53,54,55,12,0,0,0,32,9,19,13
4,0,0,7,8,56,84,114,130,149,149,143,130,101,54,55,46,47,9,0,0,0,11,7,10,12
6,0,0,0,8,56,88,118,134,140,147,140,123,104,55,55,44,29,9,0,0,0,12,9,6,8
8,0,0,0,7,67,105,120,132,133,137,132,118,103,57,56,43,28,0,0,0,0,13,6,10,12
0,0,0,0,7,65,102,116,123,122,128,117,112,79,52,57,39,14,0,0,0,0,0,0,6,9
4,0,0,0,6,73,107,115,124,121,122,113,111,102,36,58,37,12,0,0,0,0,11,4,7,7
4,0,0,0,14,86,112,120,130,128,124,110,118,104,57,58,44,14,0,0,0,0,12,0,7,9
5,0,5,0,17,100,113,130,135,134,134,126,118,106,53,58,51,32,8,0,0,0,13,7,12,7
4,0,0,12,70,104,121,136,154,147,135,116,107,91,27,33,34,17,8,0,0,0,12,11,11,13
0,0,5,51,87,114,131,147,172,169,145,125,110,94,40,56,54,35,6,0,0,0,28,12,12,23
16,9,11,62,99,116,134,148,163,147,137,111,110,84,48,59,56,61,10,0,0,0,36,12,14,20
0,0,7,50,81,111,132,148,147,130,126,97,87,68,14,35,14,14,5,0,0,0,7,8,9,10
7,0,11,61,92,119,143,158,151,133,123,107,84,66,20,17,30,42,8,0,0,0,10,7,8,7
12,8,14,65,100,125,152,174,161,142,135,124,99,83,38,56,50,39,10,0,0,0,26,11,12,12
30,10,17,59,104,114,143,173,167,149,127,122,97,82,21,56,55,35,9,0,0,0,14,13,14,25
14,11,13,59,104,113,129,145,150,143,135,132,103,80,38,58,55,44,6,0,0,0,14,13,11,12
12,0,12,47,68,95,114,135,139,138,129,130,97,75,15,37,53,38,8,0,0,0,12,13,12,12
6,7,10,32,57,76,101,122,131,127,116,117,90,69,20,25,34,11,9,0,0,0,13,7,11,12
9,7,12,23,53,67,86,107,127,126,121,110,90,65,12,25,37,12,9,0,0,0,13,7,12,12
13,0,12,20,32,60,80,99,114,110,117,103,92,65,11,30,31,11,6,0,0,0,8,10,10,9
9,0,12,14,30,53,71,102,102,102,103,96,86,65,13,40,30,10,0,0,0,0,12,6,10,11
0,6,7,14,31,50,70,80,94,100,110,100,84,60,15,19,18,13,5,0,0,0,12,8,10,11
7,6,9,12,19,47,62,71,86,93,115,95,82,61,11,13,12,21,0,0,0,0,8,10,10,10
0,6,10,10,14,25,54,67,79,86,108,83,73,59,0,13,11,10,0,0,0,0,10,10,5,6
0,5,9,11,22,50,54,66,72,86,89,82,68,57,6,15,10,12,0,0,0,0,8,6,6,8
6,0,7,9,13,43,58,67,78,83,93,82,67,50,0,11,9,8,6,0,0,0,6,0,5,7
6,0,6,9,12,37,61,76,83,93,91,82,72,42,0,12,10,9,7,0,0,0,7,0,0,8
7,0,6,8,25,61,75,87,106,88,92,75,64,50,0,9,11,10,0,0,0,0,5,0,5,6
5,0,7,8,44,71,102,106,107,95,85,68,59,12,5,0,12,10,0,0,0,0,7,4,0,0
8,0,0,12,54,77,105,107,96,80,72,69,54,14,8,9,16,10,0,0,0,0,8,7,0,0
7,0,6,13,61,100,105,99,93,66,66,52,55,13,10,11,13,11,0,0,0,0,4,6,0,9
0,4,6,13,68,89,100,82,67,74,58,50,54,13,10,12,11,12,0,0,0,0,10,4,3,7
0,0,5,14,55,69,60,63,63,33,54,14,17,11,0,6,10,11,0,0,0,0,5,4,5,7
5,0,9,27,55,51,51,53,51,26,44,24,14,17,4,12,5,0,0,0,0,0,8,6,0,0
0,9,13,34,42,58,66,81,102,119,137,139,141,137,128,111,98,76,21,0,0,0,25,9,7,16
5,0,10,25,45,42,67,106,116,136,140,147,138,142,118,111,103,105,55,0,0,0,30,10,8,12
0,5,13,14,12,13,75,109,123,134,152,156,136,125,115,114,114,119,101,0,0,0,50,11,10,13
12,7,12,13,11,10,72,111,122,140,141,141,131,115,100,96,105,115,103,0,0,0,50,15,12,16
8,0,0,7,6,11,80,111,125,134,135,134,122,112,56,62,68,100,65,0,0,0,51,11,11,18
7,0,0,0,10,26,73,112,127,133,140,138,124,111,57,58,58,64,19,0,0,0,43,9,11,17
12,0,0,0,29,51,77,106,129,140,146,144,124,102,61,53,54,55,12,0,0,0,32,9,19,14
4,0,0,7,8,57,84,114,130,149,149,143,130,101,56,55,46,47,9,0,0,0,11,7,10,12
6,0,0,0,8,57,88,118,134,140,147,140,123,104,56,55,44,29,9,0,0,0,11,9,6,8
8,0,0,0,7,67,105,120,132,133,137,132,117,103,60,56,43,28,0,0,0,0,13,6,10,13
0,0,0,0,7,66,102,116,123,122,128,117,112,78,54,57,39,14,0,0,0,0,0,0,6,9
4,0,0,0,6,73,107,115,124,121,122,113,110,101,44,58,37,12,0,0,0,0,11,4,7,7
4,0,0,0,14,85,112,120,130,128,124,110,118,103,62,57,44,15,0,0,0,0,12,0,7,9
5,0,5,0,17,100,113,130,135,134,134,126,118,106,57,58,51,32,8,0,0,0,13,7,12,8
3,0,0,12,71,104,121,136,154,147,135,116,106,92,33,32,32,17,8,0,0,0,12,11,11,13
0,0,5,51,88,114,131,147,172,169,145,125,110,94,45,56,54,35,6,0,0,0,28,12,13,23
16,9,11,62,99,116,134,148,162,147,137,111,110,85,50,59,56,61,10,0,0,0,36,12,14,21
0,0,7,50,81,111,132,148,147,130,126,97,86,68,19,35,14,14,5,0,0,0,7,8,9,10
7,0,11,61,92,119,143,158,151,133,123,107,83,66,25,16,30,41,8,0,0,0,10,7,8,7
12,9,14,64,100,125,152,174,161,142,134,124,99,83,42,56,50,39,10,0,0,0,26,11,12,12
30,10,17,59,104,114,143,172,166,149,126,122,97,82,28,56,55,32,9,0,0,0,14,13,14,26
14,11,13,58,104,113,128,145,150,143,135,132,103,80,45,58,55,47,6,0,0,0,14,13,11,12
11,0,13,45,68,95,114,135,139,138,129,130,97,75,22,37,53,38,8,0,0,0,12,13,12,12
6,7,10,32,57,76,101,122,131,127,116,117,90,69,27,25,36,11,9,0,0,0,13,7,11,12
9,7,12,23,53,67,86,107,127,126,121,110,90,65,13,25,37,12,9,0,0,0,13,7,12,12
13,0,12,20,32,60,80,99,114,110,117,104,92,65,12,30,31,11,6,0,0,0,8,10,10,9
9,0,12,14,30,53,72,102,102,103,102,96,86,65,14,38,30,10,0,0,0,0,12,6,10,11
0,6,7,14,31,50,71,80,94,100,110,100,84,61,16,17,18,13,5,0,0,0,12,8,10,11
7,6,9,12,19,47,62,71,86,93,115,96,82,61,11,13,12,21,0,0,0,0,8,9,10,10
0,6,10,10,14,23,54,67,79,86,107,83,73,59,0,13,11,10,0,0,0,0,10,10,5,6
0,5,9,11,22,50,54,66,72,86,89,82,68,57,6,15,10,12,0,0,0,0,8,6,6,8
6,0,7,9,13,43,58,67,78,84,93,83,67,51,0,11,9,8,6,0,0,0,6,0,5,6
6,0,6,9,12,37,61,76,83,93,91,83,72,45,0,12,10,9,7,0,0,0,7,0,0,8
7,0,6,9,25,61,75,86,106,88,92,75,64,50,0,9,11,10,0,0,0,0,5,0,5,6
5,0,7,8,44,71,102,106,106,96,85,68,59,13,5,0,12,10,0,0,0,0,7,4,0,0
8,0,0,12,54,77,105,107,96,80,72,69,54,14,8,9,16,10,0,0,0,0,8,7,0,0
7,0,6,13,61,100,106,100,93,66,66,53,55,13,10,11,13,10,0,0,0,0,4,6,0,9
0,4,6,13,68,89,100,82,67,74,58,50,53,13,10,12,11,12,0,0,0,0,10,4,3,7
0,0,5,14,56,69,61,63,63,33,54,14,17,11,0,6,10,11,0,0,0,0,5,4,5,7
5,0,9,27,55,51,51,53,51,26,44,24,14,17,5,12,5,0,0,0,0,0,8,6,0,0
0,9,13,36,40,58,66,81,102,119,136,138,141,137,129,111,98,76,21,0,0,0,25,9,7,16
5,0,10,28,42,42,67,106,116,135,140,147,139,142,119,111,103,105,56,0,0,0,30,10,8,12
0,5,13,14,11,13,75,109,123,135,151,155,136,125,116,114,115,120,101,0,0,0,50,11,10,13
11,7,12,14,11,10,71,111,122,140,141,141,131,115,101,96,105,115,103,0,0,0,50,15,12,16
8,0,0,8,6,11,78,111,125,134,135,134,122,112,59,63,68,100,65,0,0,0,51,11,11,19
7,0,0,0,10,26,73,111,127,132,139,138,124,111,60,58,58,64,19,0,0,0,43,9,10,17
12,0,0,0,31,52,77,106,129,139,146,144,124,102,63,53,54,55,12,0,0,0,33,9,19,14
4,0,0,7,8,56,83,114,130,149,149,143,130,101,57,55,48,47,9,0,0,0,11,7,10,12
6,0,0,0,8,57,88,118,133,140,147,140,123,104,58,55,44,29,9,0,0,0,11,9,6,8
8,0,0,0,7,67,105,120,132,133,137,131,117,103,61,57,44,28,0,0,0,0,12,6,10,13
0,0,0,0,7,66,102,116,123,122,128,117,112,79,56,57,39,14,0,0,0,0,0,0,6,9
5,0,0,0,6,75,107,115,124,121,122,113,110,102,50,58,38,12,0,0,0,0,11,4,7,7
4,0,0,0,14,86,112,121,130,128,124,110,118,104,66,58,44,14,0,0,0,0,12,0,7,9
5,0,5,0,15,100,113,130,135,134,134,126,118,106,61,59,52,32,8,0,0,0,12,7,12,8
3,0,0,13,71,104,121,136,153,147,135,117,107,93,39,33,34,17,8,0,0,0,12,12,11,13
0,0,5,51,88,114,131,147,172,169,145,124,110,94,50,56,54,35,6,0,0,0,27,12,12,23
17,9,11,62,98,116,134,148,162,147,136,111,110,86,52,59,57,61,10,0,0,0,36,12,14,20
0,0,7,50,81,111,132,148,147,130,126,97,87,69,25,36,15,14,5,0,0,0,7,8,9,10
8,0,11,61,92,119,143,158,150,133,123,107,83,66,29,16,30,41,8,0,0,0,10,7,8,8
12,8,15,64,100,125,153,174,161,142,134,124,99,83,46,56,50,39,10,0,0,0,26,11,12,12
30,11,17,59,104,114,143,172,166,149,126,122,97,82,32,56,55,35,9,0,0,0,14,13,14,26
14,11,13,59,104,113,129,145,151,143,136,132,103,81,50,58,55,47,6,0,0,0,14,13,11,12
11,0,13,47,68,95,114,135,139,138,129,130,97,75,30,37,53,38,8,0,0,0,12,13,12,12
6,7,10,35,57,76,102,122,131,127,116,117,90,69,34,27,38,11,9,0,0,0,13,7,11,12
9,6,12,23,53,67,86,107,127,126,120,109,90,65,14,25,37,13,9,0,0,0,13,7,12,12
13,0,12,21,32,60,80,99,115,109,117,103,91,66,12,32,31,11,6,0,0,0,8,10,10,9
9,0,12,14,28,53,72,102,102,102,102,96,86,65,15,38,30,10,0,0,0,0,12,6,10,11
0,6,7,14,29,50,71,80,94,100,110,99,84,61,20,17,18,13,5,0,0,0,12,8,10,11
7,6,9,12,19,47,62,71,87,93,115,95,82,61,11,13,12,21,0,0,0,0,8,9,10,10
0,6,10,10,14,23,54,67,79,86,108,83,73,59,0,13,11,10,0,0,0,0,10,10,5,6
0,5,9,11,22,50,54,66,73,86,89,81,68,57,7,15,11,12,0,0,0,0,8,6,6,8
6,0,7,9,13,43,58,67,78,84,93,82,67,51,0,11,9,8,6,0,0,0,6,0,5,6
6,0,6,9,12,37,61,76,84,93,91,82,72,45,0,12,10,9,7,0,0,0,7,0,0,8
7,0,6,9,25,62,75,87,106,88,91,75,64,50,0,9,11,10,0,0,0,0,5,0,5,6
5,0,7,8,44,71,102,106,106,96,85,68,59,13,6,0,12,10,0,0,0,0,7,4,0,0
8,0,0,12,54,77,105,107,96,80,72,69,54,14,8,9,17,10,0,0,0,0,8,7,0,0
7,0,6,13,61,100,106,100,93,66,66,52,55,13,10,11,13,10,0,0,0,0,4,6,0,9
0,4,6,13,67,89,100,82,68,74,58,50,53,13,11,12,11,11,0,0,0,0,10,4,3,7
0,0,5,14,56,69,60,64,63,33,54,14,17,12,0,6,10,11,0,0,0,0,5,5,5,7
5,0,9,27,54,51,51,53,51,25,44,24,14,17,5,12,5,0,0,0,0,0,8,6,0,0
0,9,13,36,40,58,65,80,102,119,136,138,141,137,131,111,97,76,21,0,0,0,24,9,7,16
5,0,10,31,42,42,67,106,116,135,140,147,138,142,120,111,103,105,56,0,0,0,30,10,8,12
0,5,13,14,11,13,74,109,123,134,151,155,136,124,117,114,115,120,101,0,0,0,49,11,10,13
11,7,12,14,10,10,71,111,122,139,140,141,131,115,103,96,105,115,103,0,0,0,50,15,12,16
8,0,0,8,6,11,77,111,125,134,134,134,122,112,63,63,68,100,65,0,0,0,50,11,11,19
7,0,0,0,9,28,74,111,127,132,139,138,125,111,62,58,58,64,19,0,0,0,40,9,11,17
12,0,0,0,31,52,77,106,129,139,146,143,124,102,67,53,53,55,12,0,0,0,32,9,18,14
4,0,0,7,7,57,83,114,130,149,149,143,130,101,60,55,47,50,9,0,0,0,11,7,10,12
6,0,0,0,8,57,88,118,133,140,147,140,123,105,61,55,44,29,9,0,0,0,11,9,6,8
8,0,0,0,7,68,105,120,132,133,137,131,118,104,65,58,43,28,0,0,0,0,12,6,10,13
0,0,0,0,7,66,102,116,123,122,127,117,112,79,60,58,39,14,0,0,0,0,0,0,6,9
5,0,0,0,6,76,107,115,124,121,122,113,111,102,55,59,37,12,0,0,0,0,11,4,7,7
4,0,0,0,14,86,112,121,130,128,124,110,118,104,72,58,46,15,0,0,0,0,12,0,7,9
5,0,5,0,17,100,113,130,135,134,134,126,118,106,67,59,52,35,8,0,0,0,12,7,12,7
3,0,0,13,71,105,121,136,153,147,135,117,107,93,50,33,34,17,8,0,0,0,12,12,11,13
0,0,5,52,88,114,131,147,171,168,145,125,111,94,55,56,54,35,6,0,0,0,27,12,12,23
16,9,11,62,98,116,134,148,163,147,136,111,111,86,55,59,56,61,10,0,0,0,35,12,14,20
0,0,7,51,82,111,132,148,147,130,126,98,88,69,32,37,15,15,5,0,0,0,7,8,9,10
8,0,11,61,92,119,143,158,150,133,123,107,83,66,36,16,30,41,8,0,0,0,10,7,8,8
12,8,15,65,100,125,152,173,161,142,134,123,99,84,51,56,50,40,10,0,0,0,26,11,12,12
33,10,17,59,104,115,143,172,166,149,126,122,97,82,40,56,55,35,9,0,0,0,14,13,14,26
14,11,13,59,104,113,129,145,151,143,136,132,103,81,53,58,55,47,6,0,0,0,14,13,11,12
11,0,13,47,68,95,114,135,139,138,129,130,97,75,42,40,53,38,8,0,0,0,12,13,12,12
6,7,10,37,57,76,102,122,131,127,116,117,90,69,43,27,36,11,9,0,0,0,13,7,11,12
9,7,12,27,53,67,86,107,127,126,120,109,90,65,21,25,37,13,9,0,0,0,13,7,12,12
13,0,12,21,32,60,80,100,115,110,117,104,91,66,14,32,31,11,6,0,0,0,8,10,10,9
9,0,12,14,28,53,72,102,102,103,102,96,86,65,23,40,30,10,0,0,0,0,12,6,10,11
0,6,7,14,29,50,71,80,94,100,110,99,84,60,25,17,16,13,5,0,0,0,12,8,10,11
7,6,9,12,19,47,62,71,87,93,115,96,82,61,12,13,12,21,0,0,0,0,8,9,10,10
0,6,10,10,15,25,54,67,79,86,108,83,73,59,6,13,11,10,0,0,0,0,10,10,5,6
0,5,9,11,22,50,54,66,73,86,89,81,68,57,8,15,11,12,0,0,0,0,8,6,6,8
7,0,7,10,13,43,58,67,78,84,93,82,67,51,0,11,9,8,6,0,0,0,6,0,5,7
6,0,6,9,12,37,61,76,84,93,91,82,72,47,0,12,10,9,7,0,0,0,7,0,0,8
7,0,6,9,23,62,75,86,106,88,92,75,64,51,0,9,11,10,0,0,0,0,5,0,5,6
5,0,7,8,44,71,101,106,106,96,85,68,59,13,7,0,12,10,0,0,0,0,7,4,0,0
8,0,0,12,54,77,105,108,96,80,72,68,54,14,9,9,16,10,0,0,0,0,8,7,0,0
7,0,6,14,61,101,106,100,93,66,66,52,55,13,11,11,13,10,0,0,0,0,4,6,0,8
0,4,6,13,67,89,100,82,68,74,58,50,54,13,11,12,11,12,0,0,0,0,10,4,3,7
0,4,5,14,56,69,60,64,63,33,54,14,19,12,4,6,10,12,0,0,0,0,5,5,5,7
5,0,9,27,54,51,51,53,51,25,43,24,14,17,6,12,5,0,0,0,0,0,8,6,0,0
