10,9,11,13,37,56,56,55,57,59,58,66,64,59,63,62,55,50,38,27,29,58,86,17,9,7
11,7,12,19,50,62,63,57,61,60,56,64,71,64,76,73,56,51,43,23,16,57,68,25,7,0
9,11,19,26,52,65,62,64,60,58,67,76,83,71,88,83,60,55,52,47,19,52,60,35,11,0
12,22,22,35,51,61,56,54,74,80,80,86,94,81,86,88,80,65,55,50,33,52,62,54,13,8
12,21,27,36,50,51,64,74,90,100,97,98,94,105,109,94,76,67,55,51,50,50,60,57,27,11
14,16,8,9,15,63,75,76,94,101,96,91,98,105,108,95,76,64,57,52,51,50,59,60,34,10
13,13,7,13,51,65,79,79,96,107,111,115,110,116,108,94,75,61,57,55,51,44,56,53,50,7
8,0,0,9,50,66,76,76,92,109,113,106,101,107,110,94,70,61,55,53,33,45,50,41,37,9
0,7,0,0,41,69,83,77,95,111,115,112,108,110,108,102,75,66,59,55,51,50,52,38,21,10
0,0,0,8,17,70,78,89,105,109,125,125,112,114,116,106,81,67,57,53,40,50,50,25,23,12
0,0,9,12,53,64,73,84,104,114,129,126,118,115,114,105,82,66,59,52,37,41,44,14,11,10
0,0,8,8,51,62,66,70,95,107,109,104,106,101,91,88,78,66,55,36,14,32,37,14,10,9
0,7,9,0,23,57,62,69,84,84,82,97,90,85,82,78,67,61,56,25,11,10,9,0,0,0
0,0,0,0,8,30,48,54,66,71,77,75,82,70,66,63,53,44,17,8,0,0,0,0,0,0
0,0,0,8,15,52,56,62,70,77,79,83,82,80,77,73,65,59,54,30,8,0,7,8,0,0
0,0,7,12,17,51,60,65,77,84,91,98,90,94,85,77,70,60,55,30,13,10,7,0,7,0
0,0,10,13,50,58,61,66,78,86,88,96,95,92,97,80,72,64,58,50,19,11,10,6,9,7
9,7,13,23,53,68,75,73,84,89,95,109,103,99,91,87,79,73,65,56,14,14,14,13,13,10
0,7,10,23,51,65,68,77,81,87,89,104,94,91,87,86,73,68,67,54,23,11,8,0,7,9
5,8,8,14,53,67,70,75,91,90,99,115,96,100,93,82,77,78,68,57,50,12,6,0,0,9
9,8,9,33,57,70,74,76,84,86,94,121,99,104,96,90,87,90,71,59,31,9,13,5,0,9
10,7,9,43,59,69,75,77,84,86,93,98,136,98,87,86,80,82,75,61,50,8,8,0,0,7
0,9,16,29,51,68,77,79,88,86,88,110,134,84,78,89,79,74,68,57,38,14,14,0,0,12
0,12,19,42,63,77,84,85,93,84,80,87,114,102,81,81,82,76,70,64,55,12,12,0,0,7
11,9,11,35,60,73,77,79,86,78,74,76,71,83,77,73,75,74,70,61,54,14,9,0,0,0
7,8,12,41,59,70,74,76,80,76,70,71,64,72,65,69,71,72,71,59,55,23,7,0,0,0
0,7,12,46,62,71,75,76,80,73,67,67,63,69,68,73,75,75,70,65,58,35,9,0,0,0
6,0,9,50,59,68,70,72,78,69,64,63,61,62,62,66,64,67,68,69,60,35,8,0,0,0
0,7,0,29,58,69,69,67,70,65,62,61,60,58,64,62,64,63,63,58,57,50,13,0,0,0
0,8,8,29,55,67,69,68,66,61,58,58,57,58,59,59,61,63,62,59,53,31,10,8,8,7
0,7,9,23,53,68,70,67,63,58,55,56,56,55,55,56,59,60,61,58,53,15,7,0,0,6
0,10,9,20,55,73,76,65,63,58,57,54,54,56,56,56,55,60,58,58,51,28,10,6,0,0
0,10,12,25,61,78,72,65,59,54,51,52,54,53,56,56,57,62,63,64,66,54,12,0,0,0
6,9,9,21,66,92,69,59,62,57,55,57,55,54,57,57,60,65,62,61,78,59,11,0,0,0
0,9,11,14,58,76,62,55,57,54,54,51,53,53,52,54,56,62,62,61,59,53,12,0,0,0
0,7,6,11,23,57,53,51,42,47,35,25,37,50,37,17,30,51,51,44,35,13,8,0,0,0
0,5,6,10,13,50,50,35,19,27,25,11,12,33,14,25,32,28,30,22,13,9,0,0,0,0
0,7,5,9,13,27,31,14,11,16,13,14,11,9,12,30,20,19,14,14,12,10,5,0,0,0
0,6,10,8,12,25,20,13,14,14,14,13,14,11,10,13,8,10,11,13,11,8,0,0,0,0
0,0,0,6,8,11,13,10,14,16,10,14,5,9,10,9,7,0,8,10,9,6,0,0,0,0
11,9,12,13,35,56,56,55,57,59,58,66,63,59,63,62,55,50,34,21,23,55,80,14,8,7
11,7,12,17,50,62,63,57,61,60,56,64,71,64,75,73,56,51,43,14,14,55,65,16,7,0
9,11,20,26,52,64,62,64,60,58,67,76,83,71,87,83,60,55,53,47,14,51,59,21,10,6
12,22,25,35,51,61,56,54,74,80,80,86,94,81,86,87,80,67,55,45,37,51,61,52,13,8
13,22,32,34,50,50,64,74,90,100,97,98,94,105,110,94,77,68,55,50,43,47,60,56,20,11
15,17,9,9,15,63,75,76,93,101,95,91,99,106,109,95,76,65,57,52,50,50,59,59,23,9
14,14,8,13,51,65,78,79,95,106,111,114,110,117,108,94,75,63,56,55,51,44,57,53,27,0
9,7,0,9,50,65,76,76,91,108,112,105,100,106,110,95,71,62,54,54,22,45,51,41,23,8
0,8,0,0,41,69,83,77,94,111,115,112,108,110,108,102,75,67,59,55,51,50,53,38,14,8
0,0,0,8,17,69,77,89,103,109,125,123,112,114,117,107,81,68,58,53,31,50,50,25,15,10
0,0,9,12,52,63,73,85,104,114,129,124,118,115,115,107,82,68,60,52,35,38,47,14,10,9
0,0,9,8,50,62,66,70,96,108,109,104,106,100,92,89,79,68,55,36,14,30,37,12,10,9
0,7,9,0,19,57,62,70,83,84,83,96,90,85,83,78,67,62,56,22,10,10,9,0,0,0
0,0,0,0,7,30,47,55,66,71,76,76,82,71,67,63,54,50,20,8,0,0,0,0,0,0
0,0,0,8,14,51,55,62,71,77,79,83,83,80,77,73,65,60,54,30,8,0,7,9,0,0
0,0,7,12,14,51,60,66,77,84,91,97,90,94,85,78,70,61,55,30,12,8,7,0,6,0
0,0,10,13,47,57,60,66,77,86,88,96,95,92,98,81,72,64,58,47,23,13,10,5,8,7
9,8,14,20,52,68,74,72,84,89,95,108,102,99,91,87,80,73,65,56,14,14,14,13,13,11
0,7,10,21,51,64,67,76,81,87,89,103,94,91,87,86,73,68,68,54,22,11,7,0,0,9
5,8,8,14,52,67,70,74,91,89,99,115,95,100,93,82,77,79,68,57,50,12,6,0,0,8
9,8,9,30,57,69,73,75,83,86,94,119,98,103,96,90,87,90,72,59,31,8,13,0,0,9
10,6,9,38,59,69,75,77,83,84,92,97,135,97,87,86,79,82,75,61,50,7,7,0,0,6
0,9,17,28,51,67,76,79,88,85,88,108,133,84,78,89,79,75,68,56,38,13,13,0,0,12
0,12,19,41,62,76,83,85,92,84,79,87,113,101,80,81,82,76,70,64,55,11,12,0,0,7
11,9,11,35,60,72,77,79,86,77,74,76,71,83,76,72,75,74,70,61,54,14,9,0,0,0
7,8,12,37,58,70,74,76,80,76,70,71,63,72,65,69,71,72,71,59,54,25,7,0,0,0
0,8,12,44,62,71,74,76,80,72,67,66,63,68,68,73,75,75,70,65,57,35,9,0,0,5
6,0,9,50,58,67,69,72,78,68,64,63,61,62,62,65,64,67,68,69,60,37,8,0,0,0
0,7,0,27,57,69,69,67,70,65,62,61,59,58,63,62,64,63,64,58,56,50,13,0,0,0
0,8,8,27,55,67,69,68,65,61,58,57,58,58,59,59,61,63,62,59,53,29,10,8,8,7
0,7,9,19,53,68,70,67,63,58,55,56,56,55,56,56,59,60,61,58,52,15,7,0,0,0
0,10,9,20,54,73,75,65,63,58,57,54,54,55,56,55,55,59,58,58,51,28,10,0,0,0
0,10,13,25,62,78,72,65,59,55,52,52,54,53,56,55,57,62,63,64,67,54,12,0,0,0
6,9,10,21,66,92,69,60,61,57,55,57,55,55,57,57,60,65,62,62,78,58,11,0,0,0
0,9,10,13,58,76,61,55,57,54,54,51,53,53,52,53,56,62,62,61,59,52,12,0,0,0
0,7,6,11,21,57,53,51,45,50,40,25,35,50,40,14,32,51,51,44,35,13,8,0,0,0
0,5,6,9,13,50,50,35,21,29,27,12,12,31,17,22,37,28,32,22,13,10,0,0,0,0
0,7,5,10,13,27,31,14,11,20,14,14,12,9,13,29,23,20,15,14,12,10,5,0,0,0
0,7,11,8,12,25,20,14,14,16,15,12,14,11,11,12,8,10,12,13,11,8,0,0,0,0
0,0,0,6,8,11,13,11,15,19,10,14,5,9,10,9,7,0,8,10,9,6,4,0,0,0
10,9,12,13,34,56,55,55,57,59,58,66,64,59,63,62,55,50,34,23,21,55,80,14,8,6
11,7,12,19,50,63,63,57,61,60,56,64,71,64,75,73,56,51,36,15,14,54,66,16,7,0
9,11,21,26,52,65,62,65,60,58,67,76,84,72,87,83,60,56,53,50,14,51,59,20,10,6
13,21,25,34,51,62,56,54,73,80,79,86,94,81,86,88,80,67,55,45,35,51,61,52,12,8
13,23,32,34,45,51,64,75,90,101,97,99,94,104,109,94,77,69,55,50,45,50,60,56,21,11
16,18,9,9,17,63,74,76,94,101,95,91,100,106,108,95,77,65,57,52,51,50,60,59,23,9
14,14,8,13,51,65,79,80,96,106,111,114,110,117,108,93,75,63,56,56,51,44,58,53,25,0
10,7,0,9,50,65,76,76,92,108,112,105,100,106,110,96,72,62,54,53,22,45,51,44,25,8
0,9,0,0,41,68,82,77,94,111,115,112,108,111,108,102,75,68,59,54,51,50,53,41,14,9
0,0,0,8,15,70,77,89,104,109,125,123,112,114,116,107,81,69,58,54,31,50,51,25,15,11
0,0,10,12,52,64,72,85,105,116,128,124,118,114,114,107,82,68,59,52,35,33,50,15,11,9
0,0,9,8,50,62,66,70,97,108,109,103,105,100,92,88,79,68,56,41,14,30,40,12,10,9
0,7,10,0,19,56,62,70,83,83,83,96,90,86,83,79,67,62,56,22,10,9,9,0,0,0
0,0,0,0,7,29,47,55,66,71,77,75,82,71,67,63,54,50,19,7,0,0,0,0,0,0
0,0,0,8,14,52,56,62,70,77,79,83,82,81,77,73,66,60,54,30,8,0,7,9,0,0
0,0,7,11,14,52,60,66,77,84,90,97,90,94,85,78,70,61,55,27,12,7,7,0,6,0
0,0,10,13,45,57,60,66,77,86,87,96,95,92,98,81,72,64,58,47,25,13,10,5,8,7
9,7,14,20,52,68,74,72,84,89,95,107,102,99,91,88,80,73,65,56,14,14,14,12,13,11
0,7,11,20,51,64,68,76,81,87,88,103,94,91,87,86,73,68,68,54,21,11,7,0,0,9
5,8,8,14,52,67,69,74,91,90,99,115,95,100,93,82,76,79,68,56,50,12,6,0,0,8
9,7,10,30,57,70,72,75,82,86,93,118,98,103,95,90,87,90,71,59,29,8,13,0,0,9
10,6,9,36,59,69,74,77,82,84,91,96,135,97,87,86,79,82,75,60,50,7,7,0,0,6
0,9,17,28,50,67,76,78,87,84,87,108,132,83,78,89,78,75,68,57,38,13,13,0,0,12
0,11,20,40,62,76,83,85,91,84,79,87,112,100,80,81,81,76,70,64,55,10,11,0,0,7
12,9,12,35,60,72,77,79,86,77,73,76,71,83,76,72,75,74,70,62,54,14,9,0,0,0
7,8,12,37,58,70,74,76,80,76,70,71,63,71,65,69,71,72,71,59,55,25,8,0,0,0
0,7,13,42,62,71,74,76,80,73,66,66,63,68,68,73,75,75,70,65,57,35,10,0,0,0
6,0,9,48,58,68,69,72,78,68,64,63,61,62,61,66,64,67,68,69,60,37,8,0,0,0
0,7,0,25,57,69,69,67,70,65,61,60,59,58,63,62,64,63,63,58,56,47,14,0,0,0
0,8,8,27,55,67,69,68,65,61,58,57,58,58,59,59,60,63,62,59,53,27,11,8,8,8
0,7,9,19,53,68,70,67,63,58,55,55,56,55,55,56,59,61,61,58,52,17,7,0,0,0
0,10,10,19,54,74,75,66,62,58,57,54,54,55,56,55,55,59,58,58,51,28,10,0,0,0
0,10,13,25,62,78,72,65,59,55,51,53,55,53,56,56,56,62,63,64,67,54,12,0,0,0
6,9,10,20,66,92,69,60,61,57,55,56,55,55,57,57,59,64,61,61,78,57,12,0,0,0
0,9,11,13,58,76,61,55,56,54,54,51,53,53,51,53,55,62,62,61,58,52,12,0,0,0
0,7,6,11,21,57,53,51,50,50,40,23,37,50,37,14,30,51,51,47,35,12,8,0,0,0
0,6,6,10,13,50,50,37,23,31,23,11,13,31,17,20,35,28,32,25,14,9,0,0,0,0
0,7,5,10,13,29,32,15,11,22,14,14,12,9,13,30,23,22,15,14,12,10,6,0,0,0
0,6,11,8,12,26,21,14,14,20,17,12,16,11,11,12,9,10,13,13,12,8,0,0,0,0
0,0,0,6,8,12,13,11,16,20,10,14,6,9,10,9,7,0,8,10,9,6,0,0,0,0
11,9,11,12,34,56,55,55,58,59,58,66,63,59,63,62,55,50,34,18,21,55,79,14,9,7
11,8,12,18,50,63,63,58,61,60,56,64,71,64,75,73,55,51,36,14,14,55,65,15,7,0
9,11,20,26,52,65,62,65,60,59,67,76,83,72,86,83,60,56,53,50,14,51,59,16,10,6
13,22,23,34,51,61,56,54,73,81,79,86,94,81,85,88,80,68,56,40,31,51,61,51,12,9
13,23,37,31,45,50,64,75,90,102,98,99,94,105,110,94,77,68,56,50,45,50,60,56,20,11
16,19,9,9,19,63,75,77,94,102,95,92,100,108,108,96,77,65,57,52,51,50,60,59,21,11
15,16,8,13,52,65,80,80,96,107,111,114,110,117,108,93,76,63,56,55,51,47,57,53,21,0
10,8,0,10,51,64,77,77,92,108,112,105,100,106,110,96,72,62,56,54,22,42,51,44,25,9
0,9,0,0,44,67,81,77,95,112,115,112,108,111,108,102,74,68,60,55,50,50,53,41,14,9
0,0,0,8,17,70,77,90,103,109,125,123,112,114,116,107,81,68,58,53,28,46,51,25,15,11
0,0,10,12,52,64,72,85,105,116,129,123,118,114,114,107,81,68,60,52,35,36,47,15,11,10
0,0,9,8,51,62,65,70,97,108,108,103,105,99,91,88,79,68,55,41,14,27,37,12,10,10
0,7,9,0,21,56,62,70,83,83,83,96,90,85,82,78,67,62,56,20,10,9,8,0,0,0
0,0,0,0,7,27,48,55,65,71,76,75,82,71,67,63,54,50,16,7,0,0,0,0,0,0
0,0,0,9,15,51,55,62,70,77,79,81,82,80,77,74,65,60,54,29,8,0,6,9,0,0
0,0,8,12,14,51,60,66,76,85,90,96,89,94,85,78,70,61,55,30,11,0,6,0,0,0
0,0,10,13,45,57,60,66,77,86,87,96,95,92,98,81,71,64,58,45,25,12,10,5,8,7
9,7,14,20,52,68,74,73,84,89,94,106,102,99,91,88,80,72,65,56,13,14,14,12,13,11
0,8,11,20,51,65,67,76,80,87,89,102,93,91,87,86,73,69,68,54,21,11,7,0,7,9
5,9,8,14,52,68,69,74,90,89,98,115,95,99,92,82,76,79,68,56,50,12,6,0,0,8
10,8,9,28,57,70,72,76,82,86,93,117,97,102,95,90,86,90,71,59,29,8,13,0,0,9
10,6,8,38,58,68,73,77,81,84,91,96,135,97,86,86,78,82,75,60,50,7,7,0,0,6
0,9,16,28,50,66,76,78,87,84,87,108,131,83,78,89,78,75,68,57,38,13,13,0,0,11
0,12,19,40,62,76,82,84,91,84,78,87,113,100,80,81,81,75,70,64,54,10,11,0,0,7
12,9,11,37,60,72,76,79,85,77,73,76,71,84,76,72,74,74,70,62,54,13,9,0,0,0
7,8,12,37,58,70,73,76,79,76,70,70,63,71,65,69,70,72,71,59,54,23,7,0,0,0
0,8,13,42,62,70,74,75,80,73,66,66,63,68,68,73,74,75,70,65,57,33,10,0,0,6
7,0,9,48,59,67,68,72,78,69,64,63,61,62,61,66,64,66,68,69,60,35,7,0,0,0
0,7,0,21,57,69,69,67,70,65,62,60,59,58,63,62,63,63,63,58,56,45,14,0,0,0
0,8,9,25,55,67,69,68,65,61,58,57,58,58,59,59,60,63,62,59,53,25,10,8,8,8
0,7,9,17,53,68,70,67,63,58,55,55,56,55,55,56,59,61,61,58,51,15,7,0,0,6
0,10,10,17,54,74,75,66,62,58,57,53,54,56,56,56,55,59,58,58,51,28,9,0,0,0
0,10,13,25,62,78,73,65,59,55,51,53,54,53,56,55,56,61,62,64,67,53,11,0,0,0
6,9,10,20,66,92,69,60,60,57,55,56,55,55,56,57,59,64,61,61,77,56,11,0,0,0
0,9,10,13,58,76,61,56,56,54,54,50,53,53,52,53,55,61,62,61,58,52,12,0,0,0
0,7,6,11,25,57,53,52,47,50,37,23,32,50,37,14,27,51,51,47,35,12,8,0,0,0
0,6,6,10,13,50,50,37,23,34,21,11,13,31,17,17,30,26,32,22,14,9,0,0,0,0
0,7,5,9,13,29,32,15,11,25,14,13,11,9,13,30,23,22,14,14,12,10,5,0,0,0
0,7,11,8,12,26,22,15,14,21,17,12,15,11,11,12,9,10,12,13,11,8,0,0,0,0
0,0,0,6,8,12,13,11,17,20,10,14,6,9,10,9,7,0,8,10,9,6,0,0,0,0
10,9,11,12,34,56,55,55,58,59,58,65,63,59,63,62,55,45,34,16,15,56,78,14,8,7
11,7,12,19,50,63,63,58,61,60,56,63,71,64,75,72,56,50,36,14,14,55,65,16,7,0
9,10,20,27,52,65,62,66,60,59,67,75,84,72,85,83,60,56,52,50,14,51,59,16,10,5
12,21,25,35,51,61,57,54,73,81,79,86,94,81,85,88,80,68,56,40,31,51,61,51,11,8
12,23,37,34,43,50,65,75,89,102,98,99,94,104,108,94,77,68,55,51,50,50,60,56,21,11
16,20,9,9,17,64,75,77,93,103,96,92,100,107,108,96,77,65,57,52,50,51,60,59,21,10
14,15,7,13,51,66,79,80,96,106,110,114,110,115,108,93,76,63,56,55,51,50,58,53,19,0
10,8,0,10,50,65,77,77,92,108,111,105,100,106,110,94,72,61,56,54,22,47,51,41,30,9
0,8,0,0,47,67,81,77,95,112,116,111,108,111,107,102,73,68,59,54,50,50,53,41,14,8
0,0,0,7,15,70,78,90,104,109,126,122,112,113,115,106,81,69,58,53,28,50,51,25,14,11
0,0,10,13,52,63,73,86,105,117,128,123,117,114,114,107,81,68,59,52,37,36,50,14,11,9
0,0,9,8,51,61,66,71,97,107,107,104,105,100,91,89,79,68,55,38,14,27,40,12,11,10
0,8,9,0,19,56,62,71,83,82,82,96,90,86,82,78,67,62,56,17,10,10,8,0,0,0
0,0,0,0,7,27,50,55,64,72,77,75,82,71,67,64,54,50,15,7,0,0,0,0,0,0
0,0,0,9,14,51,55,62,70,78,79,81,83,80,76,73,65,61,54,27,8,0,7,9,0,0
0,0,8,12,13,51,60,66,76,84,90,97,89,94,85,79,70,60,55,23,11,0,6,0,0,0
0,0,10,13,42,56,60,66,77,86,87,95,95,93,98,81,71,63,58,45,25,13,10,5,8,7
9,7,13,20,51,67,74,72,84,89,94,107,102,98,92,88,79,72,65,55,13,14,14,12,13,11
0,7,11,20,52,64,67,76,80,87,88,102,93,91,87,86,73,68,68,53,21,11,7,0,7,9
5,9,7,14,52,67,69,74,90,89,98,115,95,100,92,82,76,78,68,55,50,12,6,0,0,9
9,8,10,25,58,69,72,75,81,86,93,117,97,102,95,90,85,90,71,58,29,7,13,5,0,9
10,6,8,36,58,68,73,76,81,84,91,96,135,97,86,86,78,82,76,59,50,8,7,0,0,7
0,9,16,30,50,66,76,78,86,84,86,107,131,83,77,89,77,74,68,56,38,12,13,0,0,12
0,11,19,38,62,76,82,84,91,84,78,87,112,100,80,81,81,76,70,64,54,11,11,0,0,8
12,9,11,39,60,72,76,79,85,77,73,76,71,83,76,72,74,74,70,61,54,13,9,0,0,0
7,8,12,39,58,69,73,76,79,76,70,70,62,71,65,69,70,72,71,59,54,25,7,0,0,0
0,7,13,42,62,71,74,75,80,73,66,66,63,68,68,73,75,75,70,65,57,35,10,0,0,6
6,0,9,48,58,67,69,72,77,69,63,62,61,61,61,66,63,66,67,68,59,35,7,0,0,0
0,7,0,23,57,68,69,67,70,65,61,60,59,58,63,62,63,63,63,58,56,47,14,0,0,0
0,8,9,27,55,66,69,68,65,61,58,57,58,58,59,60,60,63,62,59,53,29,10,8,8,8
0,7,9,15,53,68,69,67,62,58,55,55,56,55,55,56,59,60,61,58,51,20,7,0,0,6
0,10,10,19,54,74,75,66,62,58,57,54,55,56,55,55,55,59,58,59,50,30,10,0,0,0
0,11,13,25,62,78,73,65,59,55,51,53,54,53,55,55,56,61,62,64,67,54,11,0,0,0
6,9,11,21,67,93,69,60,60,57,54,56,56,55,56,57,59,64,61,60,78,58,11,0,0,0
0,9,11,13,58,77,61,56,56,54,54,50,53,53,51,53,55,61,62,61,58,52,12,0,0,0
0,7,6,11,23,57,53,52,47,50,40,23,37,50,35,13,23,51,51,41,35,13,9,0,0,0
0,6,6,10,13,45,50,41,21,34,19,11,13,29,14,20,27,26,32,25,13,10,0,0,0,0
0,7,5,9,13,29,32,17,11,23,14,13,11,9,13,30,21,20,14,14,12,10,6,0,0,0
0,7,11,8,12,26,23,16,14,21,19,12,15,12,11,12,9,10,12,13,12,8,0,0,0,0
0,0,0,6,9,12,13,11,17,19,10,14,5,10,9,10,6,0,8,10,9,6,4,0,0,0
10,9,11,12,37,56,55,55,57,59,57,65,63,60,62,62,54,45,29,14,14,55,78,14,8,7
11,7,12,20,50,63,63,58,61,60,55,63,72,64,74,72,56,50,29,14,14,55,65,15,7,0
9,10,20,27,52,65,62,66,60,58,67,76,84,72,84,83,59,56,52,50,14,51,59,16,10,0
12,22,25,35,51,61,57,54,73,81,79,86,94,82,84,87,81,67,55,38,31,51,61,51,12,8
12,23,32,36,43,50,65,75,90,102,97,99,94,105,108,94,76,69,54,51,50,50,60,56,20,11
14,19,9,9,17,63,75,77,94,103,95,93,99,108,107,96,77,64,57,52,51,51,60,59,23,11
15,15,7,13,51,66,80,80,96,107,110,115,111,117,108,93,76,62,56,55,51,50,58,53,23,0
10,8,0,10,50,65,76,77,92,108,111,105,100,107,110,94,71,61,56,53,30,47,52,44,30,9
0,8,0,0,44,66,81,77,95,112,115,111,108,112,107,102,73,68,58,53,50,51,53,38,14,7
0,0,0,7,14,70,78,90,104,109,126,122,112,114,115,106,81,68,58,51,31,50,51,25,14,11
0,0,10,13,52,63,72,86,105,116,128,123,116,114,114,107,81,68,59,51,35,36,47,15,11,8
0,0,8,9,51,61,66,71,97,107,106,103,105,101,91,88,79,67,55,36,14,30,40,13,11,10
0,8,9,0,21,55,62,71,83,81,81,96,90,86,82,78,67,61,56,17,10,10,8,0,0,0
0,0,0,0,7,27,50,55,64,71,76,74,83,70,67,63,54,47,15,7,0,0,0,0,0,0
0,0,0,9,14,51,56,62,71,77,78,81,82,81,76,73,66,61,54,27,7,0,6,9,0,0
0,0,8,12,14,51,60,66,76,84,89,96,88,95,86,78,70,60,55,23,11,7,6,0,0,0
0,0,10,13,45,56,60,66,77,86,87,95,95,93,97,81,72,63,57,45,23,13,10,5,9,7
9,7,13,21,52,67,74,72,84,89,94,106,103,98,92,88,80,73,65,55,13,14,14,12,13,10
0,7,11,21,51,64,67,77,79,86,88,102,94,91,87,86,73,68,67,54,20,11,7,0,7,9
5,9,7,14,52,67,69,74,89,89,98,114,95,99,92,82,77,78,67,55,50,12,0,0,0,9
9,8,10,26,58,69,72,76,81,86,93,117,98,103,95,90,86,90,70,58,31,7,13,5,0,9
10,6,8,36,58,68,73,76,81,84,91,96,135,97,86,86,77,82,75,60,50,8,7,0,0,7
0,9,16,31,50,66,76,79,86,84,86,106,131,83,77,89,77,74,68,57,39,13,13,0,0,11
0,11,19,41,61,76,83,84,91,84,79,87,113,100,80,81,81,75,70,64,54,11,11,0,0,7
12,9,11,39,60,72,76,79,85,77,73,76,71,83,76,73,75,74,70,61,53,14,9,0,0,0
6,8,12,41,57,69,73,76,79,76,69,70,63,71,65,69,70,72,71,59,55,25,8,0,0,0
0,7,13,44,62,71,74,75,80,73,66,66,63,69,68,72,74,75,69,65,57,35,10,0,0,6
7,0,9,50,58,67,69,72,77,68,63,62,61,61,61,67,63,66,67,69,59,35,7,0,0,0
0,7,0,23,57,68,69,67,70,65,61,60,59,58,63,62,63,63,63,58,56,47,14,0,0,0
0,8,9,27,55,66,69,68,65,61,58,56,58,58,59,59,60,62,62,59,53,31,11,7,8,8
0,7,9,15,53,68,69,67,62,58,55,55,56,56,56,56,59,60,60,58,51,25,8,0,0,6
0,10,10,19,54,74,75,66,62,58,56,54,55,57,55,55,54,59,58,59,50,30,10,0,0,0
0,11,14,25,62,78,73,65,59,54,50,53,55,54,56,55,56,61,62,64,67,54,11,0,0,0
6,9,10,21,67,93,68,60,60,57,53,57,56,55,56,57,59,64,61,60,78,58,11,0,0,0
0,9,11,13,58,76,61,56,56,54,53,50,53,54,51,52,54,61,61,61,58,52,13,0,0,0
0,7,7,11,25,57,53,52,45,50,37,21,37,50,32,13,23,50,51,41,32,13,8,0,0,0
0,6,6,10,13,47,50,41,23,34,17,11,13,33,14,20,23,25,30,22,13,10,0,0,0,0
0,7,5,10,13,26,34,19,12,23,14,13,10,10,13,32,23,19,14,13,12,10,6,0,0,0
0,7,10,9,12,26,25,17,14,21,17,12,16,12,11,12,9,10,12,13,12,8,0,0,0,0
0,0,0,6,9,11,13,12,17,19,10,14,6,10,9,10,6,0,8,10,9,7,4,0,0,0
10,9,11,12,39,56,55,55,57,59,58,65,63,60,63,62,54,45,25,14,15,55,78,14,8,7
11,7,12,20,50,63,63,58,60,59,56,63,72,64,74,72,56,50,31,14,13,55,65,15,6,0
9,10,20,25,52,65,62,65,59,58,67,75,84,71,84,83,60,55,52,50,14,51,59,16,10,0
12,23,26,35,51,60,56,54,73,81,80,85,94,82,85,87,81,67,55,38,31,51,61,51,12,8
12,23,35,34,45,50,65,75,90,102,98,97,94,105,109,94,77,68,54,51,50,50,60,56,18,11
15,18,8,9,14,63,75,78,93,102,96,92,99,107,107,96,77,64,57,53,51,51,60,59,23,10
16,15,7,13,51,65,79,80,96,107,110,114,110,117,108,93,76,63,56,54,51,50,58,54,25,0
10,7,0,10,50,67,76,78,92,108,112,104,100,107,110,95,72,61,56,53,30,45,52,38,30,9
0,8,0,0,47,67,80,77,95,112,115,111,108,112,106,102,74,68,57,54,50,51,53,36,14,7
0,0,0,8,15,70,77,90,103,109,126,121,112,113,116,106,81,67,57,50,25,50,51,22,14,11
0,0,9,13,52,63,72,86,105,116,128,123,116,114,114,108,81,68,59,51,37,41,47,15,10,9
0,0,8,8,51,61,65,71,98,107,106,102,105,101,91,89,79,67,55,30,14,30,42,13,10,9
0,8,8,0,21,56,62,71,83,81,81,96,90,85,82,78,67,61,55,14,10,10,8,0,0,0
0,0,0,0,7,30,50,55,64,71,76,75,83,70,66,63,54,47,15,7,0,0,0,0,0,0
0,0,0,8,14,51,56,62,71,77,79,80,83,81,76,73,65,60,54,29,7,0,7,8,0,0
0,0,8,12,14,50,60,66,76,83,89,96,89,94,85,78,70,60,55,23,11,8,6,0,0,0
0,0,10,13,45,56,60,66,77,86,87,94,95,92,97,81,72,64,58,47,23,13,10,5,9,7
9,6,13,23,52,67,74,72,84,89,94,105,103,98,91,88,80,73,65,55,13,14,16,12,13,11
0,7,11,20,51,64,67,77,80,86,88,100,94,91,87,86,72,68,67,54,20,11,7,0,7,9
5,8,7,14,52,67,69,74,90,89,98,114,95,99,92,82,76,77,67,55,50,13,0,0,0,9
9,8,10,25,57,69,72,75,81,86,93,117,97,104,95,89,86,90,70,58,31,8,13,0,0,8
10,6,8,36,58,67,74,76,81,84,91,96,135,97,86,86,78,82,76,60,50,8,7,0,0,7
0,9,17,31,50,66,76,78,86,84,86,106,131,83,77,89,77,73,68,56,39,12,13,0,0,11
0,11,17,40,61,75,82,84,90,83,78,86,113,100,79,81,82,75,70,64,54,11,12,0,0,8
12,9,11,39,60,71,76,79,85,76,73,76,71,83,76,72,75,74,70,60,53,14,9,0,0,0
6,8,13,39,58,69,73,75,79,76,69,69,63,72,65,69,70,72,71,59,55,25,8,0,0,0
0,7,13,40,62,70,74,75,80,72,66,66,63,69,68,72,74,75,70,65,58,37,10,0,0,6
7,0,9,50,58,67,69,72,77,68,63,62,61,61,61,66,64,66,67,68,59,37,7,0,0,0
0,7,0,25,57,68,69,68,70,64,61,60,59,58,63,62,63,63,62,58,56,47,14,0,0,0
0,8,9,27,55,66,69,68,65,61,58,57,58,58,59,59,61,62,61,59,53,34,11,7,8,8
0,6,9,17,53,68,69,67,62,58,55,55,56,56,56,56,59,60,60,59,52,22,8,0,0,0
0,10,10,20,54,74,75,66,62,58,55,54,55,57,55,55,54,60,58,59,50,31,10,0,0,0
0,11,13,25,61,77,72,65,59,54,51,52,55,54,56,54,56,61,62,64,67,54,10,0,0,0
7,9,10,23,67,93,68,60,60,57,54,56,56,55,57,57,59,64,61,60,78,58,11,0,0,0
0,9,11,13,58,76,61,55,56,54,54,50,53,53,52,53,54,61,61,61,58,52,13,0,0,0
0,7,7,11,25,57,53,52,42,50,40,21,37,50,35,13,23,51,51,41,32,14,8,0,0,0
0,5,6,10,13,45,50,41,23,34,19,10,12,31,15,22,25,25,28,20,13,10,0,0,0,0
0,7,5,10,13,26,31,21,11,23,14,13,10,10,13,30,23,19,14,13,11,11,6,0,0,0
0,6,10,9,12,26,23,16,14,21,15,11,17,12,11,13,8,10,11,13,12,9,6,0,0,0
0,0,0,6,9,11,13,12,17,17,11,13,5,10,9,9,6,0,8,10,9,7,4,0,0,0
10,9,11,12,35,56,55,55,58,59,58,65,63,59,63,62,54,45,25,14,17,55,78,14,8,7
11,8,11,22,50,62,62,59,61,59,56,63,72,64,74,72,56,50,29,14,13,55,65,15,6,0
9,10,19,26,51,64,61,65,60,58,67,76,84,71,84,82,60,56,52,50,14,51,59,16,10,0
12,24,26,35,50,60,57,54,74,81,80,85,94,82,85,87,81,67,55,43,31,51,61,51,13,8
12,23,32,34,45,50,65,75,90,100,98,98,94,105,109,93,77,68,55,51,50,50,60,56,16,11
16,18,9,9,14,63,74,78,93,103,95,92,99,107,107,96,77,64,57,53,51,51,60,59,27,10
15,14,7,13,51,65,77,80,97,106,111,114,111,116,108,93,75,62,56,55,51,47,58,54,27,0
11,8,0,10,50,66,75,77,92,108,112,104,100,107,110,95,71,60,55,53,30,40,52,41,27,9
0,8,0,0,44,66,81,77,95,112,115,111,107,112,107,102,74,68,57,53,46,50,53,36,14,7
0,0,0,8,14,69,76,90,103,109,126,121,112,114,115,107,81,67,57,50,34,50,51,22,14,11
0,0,9,13,51,63,73,86,106,117,127,123,116,114,114,108,81,68,59,51,45,36,50,15,10,8
0,0,8,8,50,61,66,72,99,107,106,103,105,101,91,90,80,68,55,30,14,32,42,13,10,10
0,9,8,0,19,56,62,71,83,82,82,96,90,86,83,79,68,61,56,15,11,9,8,0,0,0
0,0,0,0,8,29,50,55,64,71,76,75,83,71,67,63,55,44,17,7,0,0,0,0,0,0
0,0,0,8,14,51,56,62,71,77,78,81,83,82,76,73,65,60,54,29,7,0,7,8,0,0
0,0,8,12,14,50,60,66,76,83,89,96,89,94,85,78,70,60,55,23,11,8,7,0,0,0
0,0,10,14,42,56,60,66,77,85,87,95,95,93,97,80,72,64,58,50,23,13,10,5,9,6
9,6,13,23,52,67,74,72,84,89,94,106,103,98,91,87,80,72,65,55,14,14,18,13,12,10
0,7,11,20,51,63,67,76,80,86,88,101,94,91,87,86,72,67,68,54,21,11,7,0,7,9
6,8,7,14,52,67,68,74,89,89,98,114,95,99,93,81,77,77,67,56,50,13,6,0,0,9
9,8,10,28,57,69,72,75,81,85,93,117,97,103,95,88,86,90,70,58,29,8,12,0,0,8
10,6,8,35,58,67,73,76,81,84,91,96,134,97,86,85,78,81,76,60,50,8,7,0,0,6
0,9,17,31,50,66,75,79,86,83,86,106,131,83,77,89,77,73,68,56,39,12,12,0,0,11
0,11,16,41,62,75,82,84,90,83,78,86,112,100,79,80,82,75,71,64,54,11,12,0,0,8
12,8,11,41,60,71,76,79,84,76,73,76,71,82,76,72,75,74,70,60,53,14,9,0,0,0
6,8,13,39,57,69,73,75,79,75,69,68,63,71,64,68,70,72,71,59,55,27,8,0,0,0
0,7,12,42,61,70,74,76,80,72,66,66,63,69,68,73,74,75,70,65,57,39,10,0,0,6
7,0,8,50,58,67,69,72,77,68,63,62,61,61,61,66,64,67,67,69,59,39,7,0,0,0
0,7,0,27,57,68,69,68,70,65,61,60,59,58,63,62,62,63,63,58,57,47,14,0,0,0
0,7,8,29,55,66,69,68,65,61,58,57,57,58,59,60,61,62,61,59,53,34,11,7,7,7
0,6,9,19,53,67,69,67,62,58,56,54,56,56,56,56,60,60,60,59,52,20,8,0,0,0
0,9,10,22,54,73,75,66,62,58,56,53,55,57,55,55,55,60,58,59,51,30,11,0,0,0
0,11,13,26,61,77,72,65,59,54,51,52,54,55,55,55,56,61,62,64,67,54,10,0,0,0
7,9,10,25,67,93,68,60,61,57,54,56,56,55,57,57,59,64,61,61,79,58,12,0,0,0
0,9,11,14,59,76,61,56,56,54,53,50,52,53,51,53,54,61,61,61,59,52,13,0,0,0
0,7,7,11,25,57,53,51,45,50,40,23,37,50,35,13,21,51,51,47,32,14,9,0,0,0
0,5,6,10,13,45,50,41,25,34,19,11,13,33,15,22,25,23,28,22,13,10,0,0,0,0
0,7,5,10,13,26,31,23,12,22,14,13,10,10,13,30,23,16,14,13,12,10,7,0,0,0
0,6,10,9,12,23,23,16,14,20,15,12,17,12,11,13,8,10,12,13,12,9,6,0,0,0
0,0,0,6,8,11,13,12,17,17,10,14,6,10,9,9,7,0,7,10,9,7,4,0,0,0
10,9,12,12,37,56,55,55,58,59,58,65,63,59,63,62,54,45,27,16,23,55,78,16,8,6
11,8,12,22,50,62,62,58,60,59,56,63,72,64,74,72,56,50,29,14,14,55,65,15,6,0
9,10,19,25,52,65,61,66,59,58,68,76,84,71,84,83,60,56,52,50,14,51,59,18,10,0
12,23,27,38,51,61,57,54,74,81,80,85,94,82,86,87,81,67,55,40,35,52,61,51,13,8
13,23,37,34,47,51,65,75,91,100,99,98,94,105,110,94,77,68,55,51,50,50,60,56,14,11
16,19,9,9,14,63,73,77,94,102,96,92,99,107,108,96,77,64,57,53,53,50,60,60,25,10
17,15,8,13,52,65,76,80,97,107,111,114,111,117,108,94,75,62,56,55,52,44,58,54,25,0
11,8,0,10,50,66,74,77,92,108,112,104,100,107,110,95,71,61,55,53,33,37,52,44,25,9
0,8,0,0,44,66,80,78,95,112,116,111,108,111,107,102,74,68,57,53,50,50,53,36,14,7
0,0,0,7,14,68,75,90,102,109,126,121,111,114,116,106,82,67,57,51,37,50,51,25,14,11
0,0,10,13,52,64,72,85,105,116,127,122,116,114,114,107,81,68,59,51,45,38,50,17,10,9
0,0,8,8,50,61,65,71,98,107,106,102,105,100,91,90,80,68,55,30,15,32,40,13,10,10
0,8,9,0,19,56,62,71,83,82,81,96,90,85,83,79,67,62,56,17,11,9,8,0,0,0
0,0,0,0,8,29,50,55,64,71,76,74,82,70,67,63,55,46,20,7,0,0,0,0,0,0
0,0,0,9,14,51,56,62,71,77,78,81,82,81,76,73,64,60,54,30,8,0,7,7,0,0
0,0,8,12,15,50,59,66,76,83,89,96,89,94,84,79,71,60,55,27,11,7,7,0,0,0
0,0,10,13,42,56,60,65,77,85,86,95,94,92,98,81,72,64,57,50,27,13,10,5,9,6
9,7,13,23,52,67,74,72,84,89,94,104,103,97,91,88,80,73,64,55,15,14,19,13,13,10
0,7,11,21,51,64,67,76,80,85,88,100,94,90,86,86,72,67,67,54,22,11,7,0,7,8
5,8,8,15,52,67,68,73,89,89,98,113,94,99,93,82,76,78,67,56,50,13,6,0,0,8
8,8,10,28,57,70,72,75,81,85,93,117,97,103,95,88,87,90,70,58,33,9,13,0,0,8
10,6,8,35,58,68,73,77,81,84,91,96,134,97,86,86,78,82,76,61,51,8,7,0,0,6
0,9,18,31,51,66,75,78,86,83,86,106,131,83,77,89,77,74,68,56,40,13,12,0,0,12
0,11,17,42,62,75,82,84,90,83,78,85,112,100,79,80,82,75,70,64,54,11,12,0,0,7
11,9,11,39,60,71,76,79,84,76,73,75,71,82,76,72,75,74,70,60,54,14,9,0,0,0
6,8,13,37,57,69,72,75,79,75,69,68,63,72,65,68,70,72,71,59,56,27,9,0,0,0
0,7,12,42,61,71,73,75,80,72,66,66,63,69,68,73,73,75,69,65,58,37,10,0,0,6
6,0,9,50,58,68,69,72,77,68,63,62,61,61,61,66,64,67,67,69,60,37,8,0,0,0
0,7,7,27,57,68,68,67,70,65,61,60,59,58,64,62,63,63,63,58,57,45,14,0,0,0
0,7,8,29,55,66,69,68,65,61,58,57,57,58,59,60,61,62,61,60,53,31,12,7,7,7
0,6,9,19,53,68,69,67,62,58,55,54,56,55,56,56,59,60,60,59,52,17,8,0,0,0
0,9,10,22,54,73,75,66,62,58,56,53,55,57,55,55,55,59,58,59,52,29,11,0,0,0
0,11,13,25,62,77,72,65,59,54,51,52,54,54,56,55,56,61,61,64,68,54,10,0,0,0
7,9,10,25,67,93,68,60,61,57,54,56,56,55,57,57,59,64,60,61,80,58,12,0,0,0
0,8,11,13,59,76,61,56,55,54,53,50,52,53,52,53,54,60,61,61,59,52,13,0,0,0
0,7,7,11,25,57,53,51,47,45,42,21,37,50,40,13,23,51,51,50,40,14,8,0,0,0
0,5,6,10,13,47,47,41,25,34,19,11,12,33,15,22,27,23,28,20,14,10,0,0,0,0
0,7,6,10,13,27,29,23,12,22,14,13,10,10,13,29,21,16,14,14,12,10,6,0,0,0
0,6,11,9,13,25,21,17,14,20,14,12,17,11,11,13,8,10,11,13,12,9,6,0,0,0
0,0,0,6,8,11,13,12,17,16,10,13,6,10,9,9,7,0,7,10,9,7,4,0,0,0
10,9,12,12,35,55,55,55,58,59,57,65,62,58,63,62,54,47,27,16,19,55,78,14,8,6
11,8,12,21,50,62,63,58,61,60,56,63,72,64,75,71,56,50,27,15,15,55,65,15,7,0
10,10,20,26,52,64,61,65,60,58,68,75,84,71,83,82,59,55,52,50,14,51,59,15,10,0
13,23,27,39,51,60,58,54,75,80,80,86,94,81,86,88,81,68,55,40,31,51,61,51,12,8
13,23,42,34,50,51,66,75,91,100,99,98,94,104,109,94,76,68,55,51,50,50,60,56,16,11
19,20,10,10,17,63,74,77,95,102,96,91,99,106,109,97,77,65,57,53,52,50,60,60,27,11
16,15,9,13,51,65,76,80,97,107,112,114,110,116,107,94,77,62,56,55,52,47,58,54,23,0
11,8,0,10,50,65,76,76,94,109,112,104,99,106,110,95,72,62,56,53,36,42,51,44,23,8
0,8,0,0,44,66,82,78,96,112,116,111,107,110,108,102,74,69,58,53,50,50,52,38,14,7
0,0,0,8,15,67,74,90,103,110,127,121,110,113,116,106,81,67,56,52,37,51,51,30,14,11
0,0,10,13,52,63,73,87,105,117,127,122,116,114,114,107,82,69,60,51,45,38,47,14,10,9
0,0,9,8,50,61,65,72,99,106,106,103,104,100,91,91,79,68,56,27,17,30,37,12,10,10
0,8,9,0,23,55,62,71,83,82,80,96,89,85,83,79,68,62,56,20,11,9,8,0,0,0
0,0,0,0,8,26,47,54,65,70,75,74,82,70,67,63,54,46,22,7,0,0,0,0,0,0
0,0,0,8,15,50,56,61,71,77,78,81,81,81,76,73,64,60,54,29,8,0,7,7,0,0
0,0,8,12,15,50,59,65,76,83,89,96,88,93,85,79,70,60,55,27,12,0,6,0,0,0
0,0,10,13,40,56,59,65,77,85,86,95,93,91,98,80,72,64,58,51,32,13,10,5,8,6
9,7,12,20,51,67,74,72,84,88,94,104,102,97,91,88,79,72,64,56,19,14,16,13,13,9
0,7,11,21,51,64,67,75,80,85,88,101,93,90,86,85,72,67,68,53,23,12,7,0,0,9
5,8,7,15,52,66,68,72,89,89,98,115,93,99,93,82,76,78,68,56,50,13,6,0,0,9
9,8,10,30,57,69,72,74,81,85,93,117,97,102,95,88,87,90,71,58,39,9,12,0,0,7
10,6,8,35,58,67,73,76,81,84,91,95,134,96,86,85,78,82,77,59,51,7,7,0,0,6
0,9,17,29,51,66,75,78,87,82,86,106,130,82,76,89,77,74,68,56,41,13,12,0,0,12
0,11,17,41,62,75,81,84,91,82,78,85,112,99,80,80,82,76,70,64,54,11,12,0,0,7
12,8,11,37,59,71,75,78,85,76,72,75,71,82,76,72,75,74,70,60,55,15,9,0,0,0
7,8,13,39,57,69,72,76,79,74,69,68,62,71,65,68,70,72,71,59,56,25,8,0,0,0
0,7,12,44,61,71,73,75,80,72,66,65,62,68,68,73,73,75,69,64,58,37,10,0,0,6
6,0,10,50,58,67,68,72,78,68,63,63,60,61,62,66,64,67,68,69,60,39,7,0,0,0
0,7,7,25,57,68,68,66,71,65,60,59,59,58,64,61,62,63,64,58,58,45,14,0,0,0
0,7,9,27,55,66,69,67,65,61,58,57,57,58,59,60,61,62,61,59,54,29,12,7,7,7
0,6,9,19,53,67,69,67,62,57,55,54,56,55,55,55,60,60,61,59,52,15,8,0,0,6
0,9,10,22,55,73,75,66,63,58,56,52,55,56,56,55,55,59,58,60,52,27,11,0,0,0
0,11,13,25,61,77,72,65,60,53,50,52,54,53,56,55,56,61,62,65,68,54,11,0,0,0
6,9,11,27,67,93,68,59,62,56,53,56,56,54,58,56,59,63,61,61,80,58,13,0,0,0
0,9,11,13,59,76,61,56,56,54,53,50,52,53,52,52,55,60,61,61,59,52,13,0,0,0
0,7,7,11,23,57,53,51,47,45,42,23,40,50,42,13,27,51,51,50,42,13,9,0,0,0
0,6,6,10,13,43,50,39,29,34,21,12,12,33,17,20,30,26,30,20,17,10,0,0,0,0
0,7,6,9,13,25,29,17,12,22,14,13,11,9,13,30,20,19,16,14,12,10,6,0,0,0
0,6,11,9,13,21,21,16,14,21,15,12,14,11,12,12,8,10,12,13,12,9,5,0,0,0
0,0,0,6,8,10,13,12,19,16,10,14,6,10,8,9,7,0,7,11,10,8,0,0,0,0
10,9,12,12,35,55,55,55,58,59,57,65,62,58,63,62,54,47,27,16,19,55,78,14,8,6
11,8,12,21,50,62,63,58,61,60,56,63,72,64,75,71,56,50,27,15,15,55,65,15,7,0
10,10,20,26,52,64,61,65,60,58,68,75,84,71,83,82,59,55,52,50,14,51,59,15,10,0
13,23,27,39,51,60,58,54,75,80,80,86,94,81,86,88,81,68,55,40,31,51,61,51,12,8
13,23,42,34,50,51,66,75,91,100,99,98,94,104,109,94,76,68,55,51,50,50,60,56,16,11
19,20,10,10,17,63,74,77,95,102,96,91,99,106,109,97,77,65,57,53,52,50,60,60,27,11
16,15,9,13,51,65,76,80,97,107,112,114,110,116,107,94,77,62,56,55,52,47,58,54,23,0
11,8,0,10,50,65,76,76,94,109,112,104,99,106,110,95,72,62,56,53,36,42,51,44,23,8
0,8,0,0,44,66,82,78,96,112,116,111,107,110,108,102,74,69,58,53,50,50,52,38,14,7
0,0,0,8,15,67,74,90,103,110,127,121,110,113,116,106,81,67,56,52,37,51,51,30,14,11
0,0,10,13,52,63,73,87,105,117,127,122,116,114,114,107,82,69,60,51,45,38,47,14,10,9
0,0,9,8,50,61,65,72,99,106,106,103,104,100,91,91,79,68,56,27,17,30,37,12,10,10
0,8,9,0,23,55,62,71,83,82,80,96,89,85,83,79,68,62,56,20,11,9,8,0,0,0
0,0,0,0,8,26,47,54,65,70,75,74,82,70,67,63,54,46,22,7,0,0,0,0,0,0
0,0,0,8,15,50,56,61,71,77,78,81,81,81,76,73,64,60,54,29,8,0,7,7,0,0
0,0,8,12,15,50,59,65,76,83,89,96,88,93,85,79,70,60,55,27,12,0,6,0,0,0
0,0,10,13,40,56,59,65,77,85,86,95,93,91,98,80,72,64,58,51,32,13,10,5,8,6
9,7,12,20,51,67,74,72,84,88,94,104,102,97,91,88,79,72,64,56,19,14,16,13,13,9
0,7,11,21,51,64,67,75,80,85,88,101,93,90,86,85,72,67,68,53,23,12,7,0,0,9
5,8,7,15,52,66,68,72,89,89,98,115,93,99,93,82,76,78,68,56,50,13,6,0,0,9
9,8,10,30,57,69,72,74,81,85,93,117,97,102,95,88,87,90,71,58,39,9,12,0,0,7
10,6,8,35,58,67,73,76,81,84,91,95,134,96,86,85,78,82,77,59,51,7,7,0,0,6
0,9,17,29,51,66,75,78,87,82,86,106,130,82,76,89,77,74,68,56,41,13,12,0,0,12
0,11,17,41,62,75,81,84,91,82,78,85,112,99,80,80,82,76,70,64,54,11,12,0,0,7
12,8,11,37,59,71,75,78,85,76,72,75,71,82,76,72,75,74,70,60,55,15,9,0,0,0
7,8,13,39,57,69,72,76,79,74,69,68,62,71,65,68,70,72,71,59,56,25,8,0,0,0
0,7,12,44,61,71,73,75,80,72,66,65,62,68,68,73,73,75,69,64,58,37,10,0,0,6
6,0,10,50,58,67,68,72,78,68,63,63,60,61,62,66,64,67,68,69,60,39,7,0,0,0
0,7,7,25,57,68,68,66,71,65,60,59,59,58,64,61,62,63,64,58,58,45,14,0,0,0
0,7,9,27,55,66,69,67,65,61,58,57,57,58,59,60,61,62,61,59,54,29,12,7,7,7
0,6,9,19,53,67,69,67,62,57,55,54,56,55,55,55,60,60,61,59,52,15,8,0,0,6
0,9,10,22,55,73,75,66,63,58,56,52,55,56,56,55,55,59,58,60,52,27,11,0,0,0
0,11,13,25,61,77,72,65,60,53,50,52,54,53,56,55,56,61,62,65,68,54,11,0,0,0
6,9,11,27,67,93,68,59,62,56,53,56,56,54,58,56,59,63,61,61,80,58,13,0,0,0
0,9,11,13,59,76,61,56,56,54,53,50,52,53,52,52,55,60,61,61,59,52,13,0,0,0
0,7,7,11,23,57,53,51,47,45,42,23,40,50,42,13,27,51,51,50,42,13,9,0,0,0
0,6,6,10,13,43,50,39,29,34,21,12,12,33,17,20,30,26,30,20,17,10,0,0,0,0
0,7,6,9,13,25,29,17,12,22,14,13,11,9,13,30,20,19,16,14,12,10,6,0,0,0
0,6,11,9,13,21,21,16,14,21,15,12,14,11,12,12,8,10,12,13,12,9,5,0,0,0
0,0,0,6,8,10,13,12,19,16,10,14,6,10,8,9,7,0,7,11,10,8,0,0,0,0
10,9,11,13,37,55,55,55,58,59,56,64,63,57,63,62,55,45,22,15,15,55,78,14,8,7
11,7,12,19,50,62,63,58,61,60,56,63,72,63,74,71,57,50,29,15,14,55,65,16,7,0
10,10,20,27,52,65,61,64,60,59,67,76,84,71,83,81,60,56,53,50,14,51,58,20,10,0
13,23,28,36,52,61,57,54,75,80,80,85,94,81,86,88,81,68,56,40,27,52,61,51,13,8
13,25,47,38,47,51,65,74,91,102,99,99,94,103,109,95,76,68,56,51,50,50,60,56,20,11
20,19,9,10,17,63,75,77,95,102,96,91,100,104,108,96,78,65,57,54,51,51,60,59,27,11
14,16,9,13,51,66,78,80,97,107,112,114,109,114,107,94,77,63,56,55,51,50,58,54,25,7
11,7,0,10,51,65,76,76,92,108,112,104,99,105,110,95,72,62,57,53,36,50,52,44,25,8
0,8,0,0,44,64,83,78,96,112,115,111,106,110,107,102,76,67,58,54,51,51,52,38,14,8
0,0,0,8,17,68,74,90,104,110,126,121,110,113,116,106,81,68,56,52,34,50,51,25,14,11
0,0,10,13,52,63,73,86,105,118,126,122,116,114,114,106,82,69,60,51,42,36,50,14,10,9
0,0,9,8,50,62,65,71,100,106,104,102,104,99,91,90,80,67,56,33,15,32,35,13,10,10
0,8,8,0,23,56,62,71,83,81,80,95,89,85,82,78,68,61,56,20,10,10,8,0,0,0
0,0,0,0,7,26,46,54,65,70,75,73,81,69,66,62,54,46,20,7,0,0,0,0,0,0
0,0,0,8,14,50,56,61,71,75,78,80,82,81,75,73,65,59,54,27,8,0,7,8,0,0
0,0,8,12,14,50,59,65,75,84,88,96,88,92,86,78,70,60,56,30,12,7,6,0,0,0
0,0,10,13,45,55,59,65,77,85,85,95,93,91,97,80,72,64,59,50,27,13,10,5,8,7
10,7,13,18,52,66,73,71,83,87,93,104,102,97,91,88,79,72,65,56,14,14,15,13,13,10
0,6,11,20,51,63,67,76,79,84,87,101,92,89,86,85,72,67,68,53,23,12,7,0,0,9
5,8,7,15,52,66,68,72,89,88,97,114,93,98,93,82,76,78,68,56,50,13,6,0,0,9
10,8,10,28,57,69,72,74,81,84,93,117,96,102,95,89,87,90,71,59,41,9,12,0,0,8
10,6,8,35,58,68,72,76,81,82,91,95,134,96,86,85,78,81,77,59,51,7,7,0,0,6
0,8,16,28,50,66,75,78,87,82,85,105,130,81,76,89,78,74,69,56,40,13,12,0,0,12
0,11,19,40,61,75,81,84,90,82,77,85,112,98,79,80,82,76,70,64,55,11,11,0,0,7
12,9,11,31,59,71,76,78,85,76,72,75,71,82,76,72,76,74,70,60,54,14,9,0,0,5
7,8,12,41,57,68,72,75,78,74,69,68,63,71,65,68,70,72,71,60,55,25,8,0,0,0
0,8,12,42,61,70,74,74,79,71,65,65,63,68,68,72,74,75,70,65,58,41,10,0,0,6
7,0,10,50,57,67,68,72,78,67,62,63,61,61,61,65,64,66,67,70,60,41,7,0,0,0
0,7,6,25,57,68,68,67,70,64,60,59,59,57,63,61,64,62,63,58,57,45,13,0,0,0
0,7,9,23,55,66,69,67,65,60,57,57,58,57,58,60,60,62,62,60,54,29,12,8,7,8
0,6,9,15,52,67,69,67,63,57,54,54,56,55,55,55,60,60,62,59,52,17,8,0,0,6
0,10,10,19,54,73,75,65,63,57,56,53,54,55,56,55,55,59,59,60,52,29,10,0,0,0
0,10,13,25,61,78,72,65,60,53,50,52,54,53,55,54,56,61,61,64,68,54,12,0,0,0
6,9,10,25,67,93,68,59,61,56,53,56,56,54,58,56,59,63,61,61,79,58,12,0,0,0
0,9,11,13,59,77,61,55,56,54,53,44,52,53,51,52,55,60,61,61,59,52,13,0,0,0
0,7,7,11,21,57,53,51,40,37,45,23,42,50,35,13,27,50,51,50,40,14,9,0,0,0
0,6,6,10,13,43,50,39,27,31,17,11,12,31,14,25,30,26,30,22,14,10,0,0,0,0
0,7,6,10,13,25,31,17,12,22,14,13,11,9,13,29,23,19,16,14,12,10,6,0,0,0
0,6,11,9,12,26,22,16,15,20,14,12,15,11,12,12,8,10,12,13,12,9,5,0,0,0
0,0,0,6,9,11,13,12,17,14,10,13,6,10,8,9,7,0,8,11,10,8,4,0,0,0
11,9,12,13,37,55,55,55,58,59,56,65,63,57,63,62,55,43,22,16,15,55,78,14,8,7
11,7,12,19,50,63,63,57,61,59,55,63,72,62,74,71,56,50,34,15,13,55,65,15,7,0
9,10,19,27,52,64,62,64,60,59,66,76,85,70,83,82,60,57,52,50,13,51,58,23,9,0
13,23,28,36,52,61,57,54,75,80,80,85,94,81,86,88,80,67,56,40,29,52,61,51,13,9
12,25,50,43,47,51,65,74,91,102,98,99,94,103,109,95,76,68,55,52,50,50,61,56,21,12
20,20,9,10,17,63,75,77,95,102,96,92,100,104,108,97,78,64,57,54,52,51,60,60,25,11
14,17,9,13,51,67,79,80,97,106,111,114,110,114,106,94,77,62,56,56,51,50,58,53,25,7
11,7,0,9,51,65,76,76,93,108,111,104,99,105,110,95,71,62,57,53,30,47,52,47,27,9
0,8,0,0,44,64,82,77,95,112,114,111,106,110,107,102,75,66,58,54,51,51,53,36,14,8
0,0,0,8,17,68,75,90,104,110,125,121,110,113,116,107,81,68,57,52,37,46,50,22,14,12
0,0,10,13,52,65,72,86,105,118,126,121,116,113,114,106,82,68,60,52,45,38,50,14,10,10
0,0,9,8,50,62,65,71,100,106,104,102,104,99,90,90,80,67,56,33,15,32,37,13,10,10
0,8,8,0,25,56,62,71,83,80,80,95,89,85,83,78,68,61,56,20,10,10,8,0,0,0
0,0,0,0,7,27,47,54,66,70,74,73,81,69,67,63,54,47,19,7,0,0,0,0,0,0
0,0,0,9,14,50,56,61,70,75,78,80,83,80,76,74,65,59,54,29,8,0,7,7,0,0
0,0,8,12,14,51,59,65,76,84,88,96,89,92,86,79,70,60,55,33,11,7,6,0,0,0
6,0,10,13,45,55,60,65,77,84,85,95,93,90,96,80,71,63,58,50,27,13,10,5,8,7
10,7,13,18,51,67,73,72,83,87,92,105,102,97,91,88,78,72,65,56,14,14,15,13,13,10
0,7,11,18,51,63,67,76,79,85,87,100,92,89,86,86,72,66,68,54,23,11,7,0,0,9
6,8,7,17,52,66,68,73,89,89,97,113,94,98,92,82,76,78,68,56,50,13,7,0,0,9
9,8,10,28,57,69,72,74,81,84,93,116,97,102,95,89,87,90,71,59,39,9,12,0,0,8
10,6,8,35,58,68,72,76,81,83,90,95,133,95,86,85,78,81,76,60,51,7,7,0,0,6
0,9,17,29,50,66,75,78,87,82,85,106,130,81,76,89,77,74,69,56,40,13,12,0,0,12
0,11,19,41,60,75,81,83,90,82,76,85,112,98,79,80,81,75,70,64,55,11,11,0,0,8
12,9,11,29,59,71,76,78,84,75,72,75,71,81,75,72,75,74,70,61,54,14,9,0,0,5
7,8,12,39,57,69,72,75,78,74,68,69,63,70,65,69,70,71,71,60,55,27,8,0,0,0
0,8,12,42,61,71,73,74,80,71,65,65,63,68,68,72,73,75,70,65,57,41,11,0,0,6
6,0,10,50,57,67,69,72,78,67,62,63,61,61,62,66,64,66,67,69,60,37,7,0,0,0
0,7,6,27,57,68,69,66,70,64,60,59,59,57,63,61,63,61,63,58,56,45,14,0,0,0
0,7,8,23,55,66,69,67,65,60,57,57,58,57,58,60,60,62,62,60,53,31,11,8,7,8
0,6,9,15,52,68,69,67,62,57,54,54,55,55,55,56,59,60,62,59,52,17,8,0,0,7
0,10,10,17,54,73,75,65,63,57,55,54,54,55,56,55,55,59,59,59,52,29,10,0,0,0
0,11,14,25,61,78,74,65,59,53,50,52,55,53,56,54,56,61,61,65,68,54,12,0,0,0
6,9,10,25,67,93,68,59,60,56,52,56,56,54,57,56,59,63,61,61,79,58,12,0,0,0
0,9,11,13,59,77,61,55,56,54,52,47,53,53,52,52,54,60,61,61,59,52,14,0,0,0
0,7,7,11,21,57,53,51,40,35,37,21,42,47,35,13,25,50,51,50,40,14,9,0,0,0
0,6,6,10,13,45,50,39,25,31,14,11,13,31,14,25,27,23,32,22,14,10,0,0,0,0
0,7,5,10,13,26,31,17,12,20,13,13,10,9,13,27,23,19,15,14,12,11,6,0,0,0
0,6,11,8,12,29,22,14,14,18,14,12,16,11,11,12,8,10,12,13,12,9,6,0,0,0
0,0,0,6,9,12,13,12,17,14,10,13,5,9,8,9,7,0,8,10,10,8,4,0,0,0
10,9,12,13,35,56,55,55,59,58,56,65,63,58,63,61,55,40,27,20,17,55,78,15,8,7
11,7,12,21,48,63,62,58,61,59,55,62,73,62,74,71,56,50,38,17,13,55,65,15,7,0
9,11,20,27,52,65,62,65,60,59,66,76,84,70,83,81,60,57,52,50,14,51,58,23,9,0
13,24,28,35,51,62,56,54,75,81,79,85,94,81,86,88,80,67,56,43,29,52,62,50,13,8
12,26,47,40,47,52,64,75,91,104,98,99,94,104,109,95,77,68,56,52,51,50,61,56,20,12
18,20,9,10,15,64,74,77,95,102,96,91,101,104,108,97,78,65,56,55,52,51,60,60,21,10
14,17,9,13,51,67,78,80,97,107,111,114,109,115,106,95,76,62,56,56,51,50,58,53,27,7
10,8,0,10,50,65,75,76,93,108,111,103,100,105,110,95,71,62,57,54,30,45,52,44,27,9
0,8,0,0,36,64,80,77,95,112,114,110,106,110,107,102,75,66,58,55,51,50,53,33,14,8
0,0,0,8,14,70,74,90,104,111,125,121,111,113,116,106,81,68,58,53,40,43,50,20,14,11
0,0,10,13,52,65,71,85,106,117,126,121,116,113,114,106,82,68,59,52,47,33,51,13,10,10
0,0,9,8,50,62,65,71,99,107,104,102,104,98,91,90,80,67,56,38,14,30,40,12,10,10
0,9,9,0,21,56,62,71,83,81,79,94,89,85,82,79,68,61,56,20,11,10,8,0,0,0
0,0,0,0,7,27,46,55,66,71,74,73,80,69,66,63,54,48,17,7,0,0,0,0,0,0
0,0,0,9,14,51,54,61,71,76,78,80,82,80,76,74,65,59,54,27,8,0,7,8,0,0
0,0,7,12,13,51,59,65,76,84,87,96,89,92,85,78,70,60,55,33,11,7,6,0,0,0
0,0,10,13,45,56,59,65,77,84,85,94,93,91,96,80,71,63,59,50,32,13,10,5,8,7
9,7,13,18,51,67,73,71,83,87,92,106,101,96,90,88,79,72,65,56,14,13,16,13,13,10
0,7,11,16,51,63,67,76,79,85,86,100,92,89,86,86,72,66,68,54,23,11,7,0,0,8
6,8,7,17,52,66,68,73,90,89,96,112,93,98,92,82,76,78,68,56,50,12,7,0,0,8
9,8,10,28,58,69,72,74,81,84,92,116,97,102,95,89,87,90,71,59,41,8,12,0,0,8
10,6,8,35,58,68,72,76,81,84,90,95,133,96,86,85,79,81,76,60,51,7,7,0,0,7
0,9,17,29,50,67,75,78,87,82,84,106,130,81,76,88,77,74,68,57,40,13,12,0,0,12
0,12,20,41,60,75,81,83,90,82,76,85,112,98,79,80,81,75,70,64,55,11,11,0,0,8
12,9,12,27,59,72,76,79,84,76,71,75,71,82,75,72,76,74,70,62,54,14,9,0,0,5
7,9,12,39,58,69,72,76,79,74,68,68,64,70,65,69,70,71,71,60,55,25,9,0,0,0
0,8,12,40,60,71,73,74,80,71,65,65,63,68,68,72,74,74,70,65,58,41,11,0,0,6
6,0,10,50,57,67,68,72,78,68,62,63,61,61,62,66,64,66,68,70,60,33,7,0,0,0
0,7,7,33,57,68,68,66,70,64,60,59,59,57,63,61,63,61,63,58,56,43,14,0,0,0
0,8,9,23,55,66,68,67,65,60,57,57,58,56,58,59,60,62,62,60,53,31,11,8,7,8
0,7,9,17,52,68,69,67,62,57,54,54,55,55,55,56,60,59,62,59,52,20,8,0,0,6
0,10,10,19,53,74,75,66,62,58,55,53,55,55,56,55,55,59,59,60,52,30,10,0,0,0
0,11,13,25,62,78,73,66,59,54,50,53,54,52,55,53,56,60,62,65,68,54,12,0,0,0
6,9,10,27,67,93,67,60,61,57,52,56,56,54,57,55,59,63,61,61,79,58,12,0,0,0
0,9,11,13,58,78,61,55,56,54,52,47,53,53,52,52,54,59,61,62,59,52,14,0,0,0
0,7,7,11,21,57,53,52,40,40,35,20,37,47,30,13,27,50,51,50,40,14,9,0,0,0
0,6,6,10,13,50,47,43,25,34,14,11,13,31,14,22,32,23,32,25,14,10,0,0,0,0
0,7,6,10,12,29,29,19,12,23,13,13,10,9,13,29,21,16,15,14,12,11,7,0,0,0
0,7,11,9,12,31,21,15,16,21,14,12,17,11,11,12,8,9,12,13,12,9,6,0,0,0
0,0,0,6,9,12,13,12,19,14,10,12,6,10,8,9,7,0,8,11,10,7,4,0,0,0
11,9,12,13,35,56,55,55,59,58,57,65,63,58,63,61,54,40,25,21,17,54,78,14,8,7
11,8,12,21,50,64,62,57,61,59,56,63,72,63,73,70,55,51,34,19,13,55,66,15,6,0
9,11,19,27,52,65,62,65,60,58,67,76,83,70,83,82,60,57,52,50,14,51,59,21,10,0
13,23,28,35,51,62,57,54,75,82,79,86,94,82,85,88,79,66,57,43,29,52,62,50,13,9
12,25,47,38,47,52,65,75,91,103,98,99,94,103,108,95,77,68,56,52,50,50,62,56,21,12
17,22,9,9,17,64,74,76,96,103,96,93,100,105,108,96,78,65,57,54,52,51,60,59,19,10
16,18,8,13,51,66,79,79,98,107,110,114,109,115,107,94,76,63,56,56,52,50,58,54,27,7
10,7,7,10,50,65,75,76,93,108,111,103,99,105,109,95,71,62,56,53,30,45,52,47,25,9
0,8,0,0,33,66,80,77,96,112,114,110,106,110,107,102,75,67,59,55,50,50,53,30,13,8
0,0,0,7,14,70,75,90,104,111,125,121,111,113,116,106,81,68,58,53,40,43,50,22,14,12
0,0,10,13,52,65,71,86,106,118,126,121,116,113,114,107,81,69,59,52,45,30,51,13,10,10
0,0,9,8,50,62,65,71,100,107,104,102,104,99,90,90,80,67,55,41,14,27,40,12,9,10
0,9,9,0,21,57,62,71,83,81,79,95,89,85,82,79,67,62,56,17,11,10,8,0,0,0
0,0,0,0,8,31,47,54,66,71,74,75,81,70,66,63,54,50,17,7,0,0,0,0,0,0
0,0,0,9,14,51,54,61,71,76,78,81,82,80,76,74,65,60,55,27,8,0,7,8,0,0
0,0,7,11,13,51,59,65,77,83,87,97,90,92,85,78,69,60,54,30,11,7,6,0,0,0
0,0,10,12,47,57,59,65,77,84,85,95,93,91,96,80,72,63,59,50,35,13,10,5,8,7
9,7,13,18,51,67,73,71,83,88,92,106,101,97,90,88,79,72,66,55,14,14,14,12,12,10
0,7,11,15,51,63,67,75,79,85,86,100,92,89,86,85,72,66,68,54,25,11,7,0,0,8
6,8,8,15,52,67,68,73,89,89,96,113,93,98,92,81,76,78,68,56,50,13,6,0,0,9
9,7,10,28,57,70,71,74,81,84,92,116,98,103,95,88,87,90,71,59,37,8,13,0,0,9
10,6,8,35,58,68,72,76,81,84,90,96,133,95,86,85,78,81,76,60,51,7,7,0,0,7
0,9,17,29,50,67,75,78,86,82,84,106,130,81,76,88,76,74,68,56,40,13,13,0,0,12
0,11,20,40,60,76,81,82,90,82,76,85,111,98,78,80,81,75,71,64,55,11,11,0,0,8
12,9,12,29,59,72,76,78,84,76,72,75,71,82,75,72,75,74,70,62,54,14,9,0,0,0
7,8,12,39,57,70,71,75,79,74,69,69,64,70,65,69,69,72,71,61,55,25,9,0,0,0
0,8,12,38,61,71,73,74,80,71,65,65,63,68,68,72,73,74,70,65,58,41,10,0,0,6
6,0,9,50,57,68,68,71,78,68,62,63,61,61,61,66,63,66,68,69,60,37,7,0,0,0
0,7,6,31,57,68,68,66,70,64,60,59,59,57,63,61,63,62,63,58,57,40,15,0,0,0
0,8,9,25,55,67,68,67,65,60,57,57,57,57,58,59,60,62,62,59,53,36,11,7,7,8
0,7,9,19,52,68,68,66,62,57,54,54,55,55,55,56,59,60,62,59,52,20,8,0,0,6
0,9,10,19,54,74,75,65,62,57,55,53,54,55,55,55,55,59,59,59,52,28,11,0,0,0
0,11,13,25,62,78,73,65,59,53,50,53,54,52,55,54,56,60,63,65,68,54,12,0,0,0
6,9,10,27,67,94,68,59,61,56,53,56,56,54,57,56,58,63,61,61,79,58,12,0,0,0
0,9,11,13,59,77,61,55,56,54,52,50,53,53,52,52,54,59,61,62,59,52,14,0,0,0
0,7,7,11,21,57,53,51,42,47,35,23,40,47,30,13,25,51,51,47,42,13,8,0,0,0
0,6,6,10,13,50,47,43,27,31,14,11,12,33,17,25,30,23,32,25,14,10,0,0,0,0
0,7,6,10,12,30,31,15,12,23,13,13,10,9,13,29,20,16,15,14,13,10,7,0,0,0
0,7,11,9,12,29,21,14,15,21,14,12,17,11,11,12,8,10,12,13,12,9,6,0,0,0
0,0,0,6,9,12,13,11,19,14,10,14,6,10,8,9,7,0,8,11,10,7,4,0,0,0
10,9,12,13,37,56,55,55,59,58,56,66,63,59,63,61,54,40,25,21,17,54,78,14,8,6
11,8,12,21,48,64,62,57,62,59,55,63,72,63,73,71,55,51,31,17,14,55,65,15,6,0
9,11,20,26,52,65,62,65,60,58,66,76,83,70,83,81,60,56,52,47,14,51,59,18,10,0
12,25,26,36,51,62,56,54,74,82,79,86,94,82,86,87,79,66,57,43,33,52,62,50,12,9
12,24,45,36,47,52,64,75,91,104,98,98,94,103,109,94,77,68,56,52,50,50,62,56,20,12
15,22,10,9,17,64,73,76,95,103,95,92,100,106,108,96,78,65,57,54,53,51,60,60,19,9
17,17,8,13,51,67,78,80,98,107,110,114,110,115,107,93,77,63,56,56,52,50,58,54,27,7
10,8,7,10,50,66,75,76,94,109,111,104,99,105,110,95,72,62,55,53,30,42,52,50,19,9
0,8,0,0,30,66,80,78,95,112,114,111,106,110,107,102,76,68,59,55,50,50,53,30,13,8
0,0,0,7,14,70,75,89,104,111,125,121,111,113,116,106,82,68,57,53,40,46,51,25,17,12
0,0,10,13,52,65,70,86,106,118,127,121,115,113,114,107,82,69,59,51,47,30,51,13,11,10
0,0,9,8,50,62,65,71,100,108,104,103,104,99,91,90,80,68,56,38,15,30,42,12,9,10
0,9,9,0,21,56,62,71,83,81,80,95,89,85,82,79,68,62,56,17,11,10,9,0,0,0
0,0,0,0,7,31,46,55,66,70,74,75,81,70,66,63,54,50,16,6,0,0,0,0,0,0
0,0,0,9,14,52,54,61,70,77,78,81,81,79,76,74,65,60,54,27,8,0,7,8,0,0
0,0,7,11,13,50,59,65,78,83,87,96,89,92,84,77,70,60,54,27,11,7,6,0,0,0
0,0,10,13,45,57,59,65,77,84,84,95,93,91,96,80,72,63,58,50,37,13,10,0,8,6
9,7,13,20,51,68,73,71,83,88,92,106,101,97,90,88,79,72,65,55,14,14,15,12,12,10
0,7,11,16,51,64,67,75,79,86,86,100,92,89,86,85,72,67,67,53,25,11,7,0,7,8
6,8,8,14,52,67,68,73,89,89,97,113,93,98,92,82,76,78,68,56,51,13,6,0,0,8
9,7,10,30,57,69,71,74,81,84,91,117,98,102,95,88,87,90,71,59,37,9,13,0,0,8
9,6,8,36,58,68,72,76,81,84,90,96,133,96,85,85,78,81,75,60,51,7,7,0,0,7
0,9,17,29,50,67,75,78,86,82,84,105,129,82,77,88,76,74,68,56,40,12,12,0,0,11
0,11,23,41,61,75,80,82,90,82,76,85,111,99,78,80,81,75,71,65,55,11,11,0,0,8
12,9,11,29,59,72,76,78,85,76,71,76,71,82,74,72,75,74,70,61,54,14,9,0,0,0
6,8,13,37,57,70,72,75,79,74,68,69,63,70,65,68,69,71,71,60,56,25,9,0,0,0
0,7,12,40,61,71,73,75,80,71,64,65,63,68,68,72,74,74,70,64,58,39,10,0,0,6
6,0,10,50,58,68,68,72,78,68,61,63,61,61,62,66,63,66,67,69,60,33,8,0,0,0
0,7,7,31,57,68,68,66,70,64,59,60,59,58,63,61,63,62,63,58,57,45,15,0,0,0
0,8,9,25,55,66,68,67,65,60,57,57,57,57,58,59,60,62,62,59,53,34,11,7,7,8
0,7,9,19,52,68,69,66,62,58,54,55,56,55,55,56,60,60,62,59,53,17,8,0,0,6
0,9,10,20,54,74,75,66,62,58,55,53,54,56,55,55,55,59,59,59,52,29,10,0,0,0
0,11,14,25,62,78,72,65,59,54,49,53,54,52,55,54,56,61,63,65,68,54,11,0,0,0
6,9,10,25,67,94,67,59,61,56,53,56,56,54,57,56,58,63,61,61,80,58,13,0,0,0
0,9,11,13,59,77,61,55,56,54,52,50,53,53,52,52,54,59,61,62,59,52,14,0,0,0
0,7,7,11,23,57,52,51,42,47,30,21,40,47,32,12,23,51,51,47,40,13,9,0,0,0
0,6,6,10,13,50,50,43,23,31,14,11,13,33,15,20,32,23,32,22,14,10,0,0,0,0
0,7,6,10,12,29,29,21,12,25,13,13,10,9,13,27,20,16,15,14,12,10,7,0,0,0
0,7,11,9,12,29,20,14,15,23,14,12,17,11,12,12,9,10,12,13,12,9,6,0,0,0
0,0,0,6,9,12,13,11,19,15,9,14,6,10,8,9,7,0,8,11,10,7,4,0,0,0
10,9,11,13,35,57,55,55,58,58,56,65,63,59,62,61,53,43,20,21,17,54,78,14,8,6
11,7,12,23,48,64,62,58,62,60,55,63,72,63,73,71,56,51,25,17,14,55,65,18,7,0
9,11,20,29,52,65,62,65,60,59,66,75,83,71,82,80,60,56,52,47,14,51,59,16,10,0
12,25,26,38,51,62,57,54,74,82,79,86,94,83,85,87,80,67,56,45,33,52,62,50,12,8
12,24,40,34,47,52,65,75,91,104,97,98,94,104,108,94,77,67,56,51,50,50,61,56,18,12
14,21,9,10,15,64,75,76,95,104,95,93,99,106,108,96,78,66,57,54,52,51,61,59,23,10
17,15,8,14,51,67,78,80,99,108,110,114,110,115,107,93,77,63,57,55,52,50,58,54,25,7
10,8,7,10,50,65,74,76,93,110,112,104,99,106,110,96,71,62,56,54,33,42,52,47,17,9
0,8,0,0,33,66,80,77,95,112,114,110,106,110,106,102,75,68,58,55,50,50,53,38,14,8
0,0,0,7,14,70,75,88,105,111,125,121,111,113,115,106,81,68,57,52,34,46,51,25,14,11
0,0,10,14,52,65,71,86,106,118,127,121,115,114,114,107,81,69,59,51,45,30,51,14,11,10
0,0,9,7,50,61,66,71,100,108,104,102,104,99,90,90,80,67,56,38,14,30,42,12,10,9
0,9,9,0,17,56,62,71,83,82,79,95,89,84,82,79,67,61,56,15,11,9,9,0,0,0
0,0,0,0,8,31,47,55,65,70,74,74,81,70,66,63,54,47,16,6,0,0,0,0,0,0
0,0,0,9,14,51,54,62,70,77,78,81,81,79,76,73,64,60,54,26,7,0,7,8,0,0
0,0,8,10,13,50,59,65,77,84,87,96,89,93,83,77,69,60,55,27,11,7,7,0,0,0
0,0,10,12,47,57,59,65,77,85,84,94,93,91,97,80,72,63,58,50,35,13,10,5,8,6
9,7,13,18,52,68,73,71,83,88,92,105,100,97,90,88,79,72,65,55,14,14,14,12,12,10
0,7,11,15,51,64,67,75,78,85,86,100,92,89,86,85,72,67,67,53,23,11,7,0,0,8
6,8,7,14,52,67,67,73,89,89,96,113,93,98,92,82,76,78,68,56,50,13,6,0,0,8
9,7,10,28,57,69,71,74,81,85,91,116,97,102,95,89,86,89,71,59,35,9,13,0,0,8
9,6,8,35,58,68,73,76,81,84,90,95,133,96,85,85,78,81,75,60,50,8,7,0,0,7
0,9,17,29,51,67,75,78,85,82,84,103,129,82,77,88,77,74,68,56,39,13,13,0,0,12
0,11,23,41,61,75,81,83,90,82,76,85,111,99,78,80,81,75,71,65,55,12,11,0,0,8
12,8,12,33,59,72,76,78,84,76,71,75,71,82,74,72,76,75,70,61,54,14,9,0,0,0
6,8,13,39,57,69,71,75,79,75,67,68,62,70,64,68,69,72,71,60,55,25,9,0,0,0
0,8,13,38,61,71,73,75,79,71,64,65,63,68,68,72,74,74,70,65,58,39,10,0,0,6
6,0,9,50,58,68,68,72,77,68,61,63,61,60,61,65,63,66,67,70,60,35,8,0,0,0
0,7,7,33,57,68,68,67,70,64,59,59,59,58,63,61,62,62,63,58,57,43,15,0,0,0
0,8,9,27,55,67,69,67,65,61,57,57,57,57,58,59,61,62,62,59,53,34,10,7,7,7
0,7,8,21,52,68,69,67,63,58,54,54,56,55,55,56,59,60,62,59,52,20,8,0,0,0
0,10,10,22,54,74,75,65,62,57,55,52,54,56,55,55,55,59,59,60,51,28,10,0,0,0
0,11,13,23,62,78,72,65,59,54,48,53,54,52,54,54,56,60,62,65,68,54,11,0,0,0
6,9,10,25,67,94,67,59,61,57,53,55,56,54,56,56,58,63,61,61,80,58,13,0,0,0
0,9,11,13,59,77,61,55,56,55,52,50,52,53,51,52,54,59,61,61,59,52,14,0,0,0
0,7,7,11,21,57,53,51,45,47,35,25,37,50,27,13,21,50,51,44,37,13,9,0,0,0
0,6,6,10,13,50,50,41,25,31,14,11,13,31,14,20,30,23,30,22,14,10,0,0,0,0
0,7,6,10,13,29,31,23,12,25,13,13,10,9,12,27,20,15,15,14,12,10,7,0,0,0
0,7,11,9,12,28,20,15,15,25,14,12,17,12,11,12,8,10,12,13,12,9,6,0,0,0
0,0,0,6,9,12,13,11,17,16,9,14,6,10,8,9,7,0,8,11,10,7,4,0,0,0
10,9,12,13,35,57,56,55,58,59,57,65,64,58,62,62,53,45,15,20,21,55,78,14,8,6
11,8,12,22,50,64,62,58,61,60,55,63,71,63,73,72,56,51,25,15,14,56,65,18,7,0
9,11,21,29,52,65,62,65,60,58,67,76,84,71,82,80,60,56,52,43,14,52,59,18,10,5
13,25,27,38,51,62,56,54,73,82,79,86,94,83,85,86,80,67,56,40,37,53,61,51,12,9
13,23,42,38,47,52,66,75,91,103,97,98,94,104,109,94,77,68,56,51,50,52,61,56,16,12
16,21,9,9,17,64,76,76,96,104,96,94,99,105,108,96,77,65,57,53,52,51,61,60,19,10
17,17,8,13,51,67,78,80,98,108,111,115,110,114,106,93,77,63,56,55,52,47,59,54,23,7
10,8,0,10,50,65,73,76,93,110,112,104,99,106,110,96,71,63,56,53,30,50,52,50,14,10
0,8,0,0,36,67,82,77,95,112,113,110,107,110,106,102,74,69,58,55,50,50,52,47,14,8
0,0,0,7,15,70,75,89,104,112,125,121,111,113,115,107,81,68,56,52,28,50,51,25,14,11
0,0,10,14,52,66,70,87,105,119,126,121,115,114,114,108,81,69,58,51,45,41,51,14,10,10
0,0,9,7,50,62,65,72,100,109,103,102,104,99,91,90,80,68,55,38,14,37,40,13,10,9
0,8,8,0,21,56,62,71,83,81,80,95,89,84,83,79,67,62,55,15,11,10,9,0,0,0
0,0,0,0,7,31,45,55,65,71,74,75,82,70,66,63,54,50,16,6,0,0,0,0,0,0
0,0,0,9,14,52,54,62,70,77,78,81,81,79,76,73,65,60,54,27,8,0,7,8,0,0
0,0,8,10,13,51,59,66,77,83,87,96,89,93,83,77,69,60,54,27,12,7,6,0,0,0
6,0,10,12,47,57,59,65,77,84,85,95,93,91,97,80,72,63,58,50,32,14,10,5,8,6
9,7,14,18,52,67,73,71,83,88,92,105,101,97,90,88,78,72,64,55,14,14,14,12,12,10
0,7,11,18,51,64,67,75,77,86,86,100,92,89,86,85,72,67,67,53,22,12,7,0,0,8
6,8,8,14,52,67,67,73,88,88,96,113,94,98,92,82,76,78,67,55,50,13,6,0,0,9
9,8,10,30,57,69,71,75,80,84,91,117,97,102,95,88,86,90,71,58,35,10,13,0,0,8
9,6,8,36,58,68,73,76,80,84,90,95,133,96,85,85,78,81,75,60,50,8,7,0,0,7
0,10,16,29,51,66,75,78,85,82,84,103,129,81,77,88,76,74,68,55,40,13,13,0,0,12
0,11,22,42,61,75,81,83,89,82,76,85,111,99,78,81,81,76,71,65,56,12,11,0,0,8
13,8,11,35,59,72,76,78,84,76,72,75,71,82,74,72,75,75,70,60,55,15,9,0,0,0
7,8,13,39,57,69,72,75,78,75,68,68,63,70,65,68,70,72,71,59,55,27,9,0,0,0
0,8,13,42,62,71,73,75,78,71,64,65,63,68,68,72,74,74,69,65,58,41,10,0,0,6
6,0,10,50,58,67,68,72,77,68,61,63,61,61,61,65,63,66,66,70,60,37,8,0,0,0
0,7,7,29,57,68,68,67,70,64,59,60,59,58,63,61,62,62,62,58,57,50,15,0,0,0
0,8,9,29,54,67,68,67,65,61,57,57,56,57,58,59,61,63,62,59,53,36,10,7,7,7
0,7,8,19,52,69,69,66,63,58,54,54,56,55,55,56,59,59,61,59,53,25,8,0,0,6
0,10,10,22,55,74,75,65,62,57,55,52,54,56,55,54,55,58,58,59,51,31,10,0,0,0
0,11,14,25,62,78,72,65,59,54,49,52,55,52,54,54,55,61,62,65,68,54,11,0,0,0
6,9,10,23,68,94,68,59,61,57,53,56,56,54,56,56,58,64,60,61,80,58,13,0,0,0
0,9,11,13,59,78,61,56,56,54,52,50,53,53,52,52,54,59,60,61,59,52,13,0,0,0
0,7,7,11,23,58,53,51,42,42,35,27,42,50,30,13,19,50,51,44,37,14,9,0,0,0
0,6,6,10,13,50,50,39,21,29,14,11,13,31,15,20,27,25,30,20,14,11,0,0,0,0
0,7,6,10,13,29,31,27,12,25,13,13,10,9,13,26,18,15,16,14,12,11,7,0,0,0
0,7,11,9,12,28,20,16,14,23,14,12,18,12,11,12,8,10,12,13,12,10,6,0,0,0
0,0,0,6,9,12,13,12,14,16,10,14,6,10,8,9,7,0,7,11,10,8,4,0,0,0
10,9,12,13,35,57,54,55,57,59,57,66,63,58,62,61,54,40,14,21,19,55,77,13,7,6
11,8,12,22,50,64,63,59,61,60,55,62,71,63,73,71,56,51,22,17,13,56,65,16,7,0
9,10,22,29,52,65,62,65,60,59,67,76,84,71,82,80,60,55,52,47,13,51,59,16,10,5
13,24,27,38,51,62,56,54,73,82,80,86,94,82,85,86,80,67,55,40,35,53,61,51,12,8
13,23,40,38,50,52,66,75,91,104,98,98,93,104,110,94,77,67,55,51,50,52,60,56,14,11
16,20,9,9,17,64,75,77,95,104,96,93,99,106,107,96,78,65,57,54,52,51,61,60,19,10
14,18,7,13,51,68,78,81,97,108,112,115,110,115,106,93,77,63,56,55,52,50,59,53,23,7
10,8,0,9,50,66,74,77,92,110,112,104,99,106,110,95,72,62,56,53,30,50,52,47,15,10
0,7,0,0,41,67,82,77,94,112,114,110,106,110,106,102,73,68,58,55,50,51,52,47,14,8
0,0,0,7,17,70,74,89,103,112,125,121,110,113,115,106,81,68,57,52,25,50,51,22,14,11
0,0,10,14,51,65,71,87,105,119,127,121,115,113,115,108,81,69,58,51,45,38,51,14,10,10
0,0,9,7,50,62,65,72,99,109,104,102,104,98,91,90,79,67,55,38,14,40,40,13,10,9
0,8,8,0,21,56,62,71,82,81,80,95,88,84,82,78,68,62,55,14,11,10,9,0,0,0
0,0,0,0,7,30,45,55,65,70,74,74,81,69,66,63,54,47,16,6,0,0,0,0,0,0
0,0,0,8,14,51,55,62,70,77,77,80,81,79,75,74,65,59,53,26,8,0,6,8,0,0
0,0,8,11,13,51,59,66,76,83,87,95,88,92,83,77,69,60,55,27,11,8,6,0,0,0
6,0,10,13,45,57,59,65,77,84,84,95,93,91,96,80,71,63,58,47,30,14,10,5,7,7
9,7,14,16,52,67,73,71,82,88,92,105,100,96,90,88,79,72,64,55,15,14,15,12,12,10
0,7,11,20,51,64,67,75,78,85,86,100,92,89,86,85,72,67,67,53,22,12,8,0,0,7
6,8,7,14,52,67,68,73,88,88,96,113,93,98,92,82,76,77,67,55,50,13,6,0,0,9
9,7,10,28,56,69,71,75,80,84,91,117,97,101,94,88,86,90,71,58,35,10,13,0,0,9
10,6,8,35,58,68,73,76,80,83,90,95,132,96,86,85,78,81,75,60,50,8,7,0,0,7
0,9,16,29,51,66,75,78,84,83,84,104,129,81,77,88,77,74,68,56,40,13,12,0,0,12
0,11,22,40,61,76,81,84,89,82,76,85,111,98,78,80,81,75,70,65,55,12,11,0,0,8
12,8,11,33,59,72,76,78,83,76,71,75,70,82,75,72,76,74,70,60,55,16,9,0,0,6
6,8,13,37,58,69,72,75,78,75,68,68,62,70,65,68,70,72,71,59,55,31,9,0,0,0
0,8,12,42,61,71,74,75,77,72,64,65,63,68,68,72,74,74,69,64,58,41,10,0,0,6
6,0,9,48,58,67,68,72,76,68,61,63,61,61,61,65,63,66,67,69,60,35,8,0,0,0
0,7,7,29,57,68,68,67,69,65,60,60,59,57,63,61,62,62,62,58,57,50,14,0,0,0
0,8,8,27,54,67,68,67,64,61,57,57,57,57,58,59,60,63,62,59,52,31,10,8,7,7
0,7,8,19,52,68,68,67,62,58,55,54,56,55,55,55,59,59,61,59,53,25,8,0,0,6
0,10,11,20,56,74,75,66,62,58,56,53,54,56,55,54,55,58,58,59,51,32,10,0,0,0
0,11,13,23,62,79,72,66,59,54,49,52,55,53,54,53,55,61,62,65,68,55,11,0,0,0
7,9,10,27,67,94,68,60,60,57,53,55,56,54,56,56,59,63,60,61,79,58,13,0,0,0
0,9,12,13,59,78,61,56,55,55,53,50,53,53,52,52,54,60,61,61,59,52,13,0,0,0
0,7,7,11,25,57,53,51,37,42,37,27,37,50,32,13,21,50,51,44,37,14,9,0,0,0
0,6,6,10,13,50,45,43,19,31,14,11,13,33,14,17,30,21,30,25,14,11,0,0,0,0
0,7,6,10,13,29,31,27,12,25,14,13,10,9,13,26,18,17,16,14,12,10,6,0,0,0
0,7,11,9,12,29,20,20,14,21,14,12,19,12,11,12,8,10,12,13,12,10,6,0,0,0
0,0,0,6,9,12,13,12,13,17,10,13,6,10,8,9,7,0,7,10,10,7,4,0,0,0
10,9,11,13,35,57,54,55,57,59,58,65,64,58,62,61,54,43,14,23,17,55,78,12,8,7
11,8,12,23,51,65,63,59,61,60,55,62,72,63,72,71,56,51,25,15,13,56,65,15,7,0
9,11,21,29,52,65,61,65,60,58,67,75,84,71,82,80,60,56,52,50,13,51,59,18,10,5
13,24,26,39,51,61,56,55,73,82,80,85,94,82,85,87,80,68,56,47,33,52,61,51,12,9
12,24,42,38,50,51,66,75,92,104,98,98,94,105,109,94,76,67,56,52,51,51,60,56,16,11
16,18,9,9,19,64,76,77,95,104,96,93,99,106,108,97,77,65,57,54,51,51,62,59,19,11
14,17,7,13,52,68,79,81,98,108,112,115,110,115,106,93,77,63,56,55,51,47,59,53,25,7
10,7,0,9,44,65,74,78,92,110,112,104,99,105,109,94,71,61,56,53,33,50,52,41,14,10
0,0,0,0,47,67,83,76,95,112,114,110,107,110,106,101,74,68,58,54,50,51,52,47,14,8
0,0,0,7,19,72,74,90,103,111,125,121,111,113,115,106,81,67,58,52,25,50,51,22,13,12
0,0,10,14,51,65,72,87,105,119,128,121,116,114,115,108,81,69,59,51,45,38,50,13,10,10
0,0,8,7,50,61,65,73,100,108,105,101,104,100,90,90,79,67,55,36,15,37,37,13,10,10
0,8,8,0,25,56,62,72,82,81,80,94,88,84,82,79,68,62,55,14,11,10,9,0,0,0
0,0,0,0,8,30,46,55,65,70,74,74,81,70,66,63,53,48,16,7,0,0,0,0,0,0
0,0,0,8,14,51,55,63,70,77,77,80,82,80,76,73,65,59,54,27,8,0,6,7,0,0
0,0,8,12,14,51,59,66,76,84,88,96,88,93,83,77,69,61,55,27,11,7,6,0,0,0
6,0,10,13,50,57,59,65,77,84,85,95,93,91,96,80,71,63,58,50,27,14,9,5,8,7
9,7,13,15,52,66,73,72,82,88,93,105,100,96,90,87,78,72,65,55,14,14,14,12,12,10
0,6,11,18,51,64,67,75,78,85,86,100,92,89,86,85,72,67,67,53,21,12,8,0,0,7
6,8,7,15,51,67,67,73,88,88,95,112,93,98,92,82,76,77,67,55,50,13,6,0,0,9
9,7,10,28,57,69,71,75,80,84,92,116,97,102,94,88,86,90,71,58,37,10,13,0,0,9
10,6,8,35,58,68,73,76,80,83,90,94,132,96,86,85,78,82,76,60,51,8,7,0,0,7
0,10,16,29,51,66,75,78,85,82,84,103,129,82,77,88,77,74,68,56,40,13,12,0,0,12
0,11,19,38,61,76,81,84,89,82,76,85,112,98,77,80,81,75,70,64,55,12,12,0,0,8
12,8,12,33,60,72,76,78,83,75,71,75,70,82,75,72,75,75,70,60,55,16,9,0,0,6
6,8,12,37,58,69,72,75,78,75,68,68,63,71,65,68,70,72,71,59,55,34,9,0,0,0
0,7,12,42,61,71,74,75,78,71,64,64,63,68,68,72,74,75,69,65,58,39,10,0,0,6
6,0,9,50,58,68,68,71,76,68,62,62,61,61,62,65,62,66,67,69,60,33,7,0,0,0
0,7,6,27,57,68,68,67,69,64,60,59,59,57,63,61,62,63,62,58,58,47,14,0,0,0
0,7,9,29,55,67,68,68,65,61,57,57,57,58,58,59,60,63,62,60,52,34,10,7,7,7
0,6,8,17,53,68,68,67,62,58,54,54,56,55,55,56,59,59,61,58,53,27,8,0,0,6
0,10,10,19,56,74,75,65,62,58,57,53,54,56,54,55,54,58,59,59,52,32,10,0,0,0
0,11,13,25,62,79,72,66,59,53,50,52,55,53,54,53,55,61,61,65,68,55,11,0,0,0
7,8,10,29,68,94,68,60,61,57,53,56,56,54,57,55,58,64,61,61,79,58,12,0,0,0
0,9,11,13,60,79,60,56,56,55,52,50,53,53,51,52,54,60,61,60,59,52,13,0,0,0
0,7,7,11,27,58,53,51,42,42,37,30,35,50,27,13,19,51,51,41,37,13,9,0,0,0
0,6,6,10,13,50,43,45,23,31,15,11,13,35,14,17,30,23,30,22,14,11,0,0,0,0
0,7,6,10,13,29,29,23,12,26,13,13,10,9,13,29,20,20,16,14,12,10,7,0,0,0
0,6,11,8,12,31,21,20,14,18,14,12,20,12,10,12,8,10,12,13,12,10,6,0,0,0
0,0,0,6,9,12,13,12,14,17,11,14,6,10,8,9,7,0,7,10,9,7,5,0,0,0
10,9,11,13,37,56,54,55,56,59,57,66,65,58,62,61,54,43,17,20,17,54,78,13,8,7
11,8,12,22,51,64,63,58,60,60,55,62,72,63,73,70,56,52,25,15,14,55,64,14,7,0
9,10,21,26,52,65,61,65,59,58,67,75,84,71,82,80,60,56,52,50,13,51,58,18,10,5
13,24,26,38,51,62,56,55,74,82,80,85,94,82,84,87,80,68,56,45,35,52,61,52,12,9
13,24,47,40,50,50,65,75,92,105,98,98,94,105,109,94,77,67,56,52,51,51,60,56,15,12
15,18,9,9,17,64,74,77,95,105,97,93,100,106,107,97,78,65,57,53,51,51,61,59,15,11
14,17,7,13,51,67,79,80,97,108,112,115,110,115,106,93,77,63,56,55,51,44,59,52,23,7
10,7,0,9,44,65,75,76,92,109,112,104,99,105,109,93,71,62,56,53,30,50,51,41,17,10
0,0,0,0,44,67,82,77,95,112,115,109,106,110,107,101,75,68,58,54,50,51,52,41,14,8
0,0,0,7,17,72,74,90,103,112,126,121,111,113,115,107,81,67,58,52,25,50,50,22,14,12
0,0,10,14,51,65,72,88,106,119,128,121,116,114,115,108,82,70,59,51,45,36,50,13,11,10
0,0,9,8,50,61,65,73,100,108,106,101,104,100,90,90,79,68,55,36,19,32,35,12,10,9
0,8,8,0,23,56,62,72,82,82,81,94,88,86,82,79,68,63,56,14,11,10,8,0,0,0
0,0,0,0,0,29,46,55,65,71,74,74,81,69,66,62,54,50,17,7,0,0,0,0,0,0
0,0,0,9,14,51,55,61,70,77,78,80,81,80,76,73,65,60,54,27,8,0,6,7,0,0
0,0,8,12,14,50,60,66,75,83,88,95,88,94,84,77,69,60,55,25,12,7,6,0,0,0
6,0,10,12,42,57,59,65,77,84,85,95,93,91,96,80,71,63,58,45,32,13,9,5,8,7
9,7,13,15,52,66,73,72,82,88,93,104,100,97,90,87,78,72,65,55,15,14,14,12,12,10
0,7,11,18,50,64,67,75,78,85,87,100,93,89,85,85,72,67,68,53,21,12,7,0,0,7
5,8,7,17,51,67,68,72,88,88,95,112,94,98,92,81,76,78,67,55,46,13,6,0,0,9
9,7,10,28,57,68,71,74,80,85,92,116,97,102,94,88,86,90,71,58,39,9,13,0,0,9
10,6,8,35,58,68,73,76,80,83,90,94,132,96,86,85,78,81,76,60,51,8,7,0,0,7
0,9,16,29,50,66,75,78,84,82,84,103,129,82,76,88,77,75,68,56,40,13,11,0,0,12
0,11,17,37,61,75,81,83,89,82,76,84,112,98,77,80,81,75,70,64,55,12,11,0,0,8
12,9,11,33,59,71,76,78,83,76,71,74,71,82,75,72,75,74,70,60,55,15,9,0,0,6
6,8,12,37,58,69,73,75,78,75,68,69,63,71,65,68,71,72,71,59,56,36,9,0,0,0
0,7,12,42,61,70,74,75,78,71,65,65,63,69,67,72,74,74,69,64,58,39,10,0,0,6
7,0,9,50,58,67,68,71,76,68,62,62,61,62,62,65,63,66,68,69,60,33,7,0,0,0
0,7,7,25,57,68,67,67,69,64,60,59,59,57,63,61,63,62,62,58,57,47,14,0,0,0
0,7,9,27,55,66,68,67,65,61,58,57,58,58,58,59,61,63,62,59,53,31,10,8,7,8
0,7,9,15,53,67,68,67,62,58,54,54,56,55,55,55,59,60,61,58,53,25,8,0,0,6
0,9,10,19,55,74,75,66,62,58,57,52,55,56,54,55,55,59,58,60,52,32,10,0,0,0
0,11,13,26,62,78,72,65,60,54,50,52,55,53,54,53,55,62,61,65,68,54,10,0,0,0
7,8,10,29,68,94,68,60,60,57,53,56,56,54,56,56,59,64,60,61,80,58,12,0,0,0
0,9,11,13,60,78,60,56,56,55,53,50,53,53,52,52,54,60,61,61,59,52,13,0,0,0
0,7,7,11,27,57,52,52,32,47,40,27,35,50,30,13,21,51,51,41,40,13,8,0,0,0
0,5,6,9,13,50,45,45,21,34,15,10,13,33,14,15,35,26,34,22,14,10,0,0,0,0
0,7,6,10,13,29,28,25,12,28,13,13,11,9,13,27,23,20,15,14,12,10,6,0,0,0
0,6,11,8,12,29,21,19,14,18,14,12,19,12,11,12,9,11,12,13,12,9,5,0,0,0
0,0,0,6,9,12,13,12,14,20,11,13,6,10,8,9,7,0,8,11,9,7,4,0,0,0
10,9,11,13,37,56,54,55,56,59,57,66,64,58,62,60,53,47,15,23,15,54,78,13,8,7
11,8,12,21,51,65,64,59,60,60,55,61,72,63,73,70,56,52,25,19,14,55,64,14,6,0
9,10,19,26,52,65,61,65,59,58,68,75,84,71,83,80,60,57,52,50,13,51,58,15,10,0
12,24,23,36,51,61,57,56,74,82,80,85,94,81,85,87,80,69,56,47,31,51,61,51,12,9
12,25,45,40,50,51,65,75,92,104,98,98,94,105,108,94,77,68,56,52,51,50,61,56,18,12
14,17,9,10,17,65,74,77,94,105,96,93,100,106,107,97,78,66,57,54,52,51,60,59,19,10
13,14,7,13,51,67,78,80,97,108,112,115,111,115,106,93,77,63,56,55,51,47,59,52,25,7
10,7,0,9,50,65,75,76,92,109,112,105,100,105,109,94,71,62,56,54,30,45,51,41,21,10
0,0,0,0,44,67,81,77,96,112,115,110,106,110,107,101,75,68,59,53,51,51,53,38,13,9
0,0,0,7,17,72,75,90,103,111,126,122,111,114,116,107,81,68,58,52,31,50,51,22,14,12
0,0,10,13,51,63,73,87,106,119,129,121,116,113,114,107,81,70,59,51,47,30,50,13,10,9
0,0,8,8,51,61,66,73,99,107,106,101,103,100,90,90,79,68,55,30,19,30,35,12,10,9
0,8,8,0,23,56,62,72,82,81,80,94,88,85,81,78,68,63,55,14,11,9,8,0,0,0
0,0,0,0,7,30,50,55,65,70,74,73,80,69,66,62,54,50,16,6,0,0,0,0,0,0
0,0,0,8,14,50,55,62,70,76,77,80,81,80,75,73,65,60,54,26,8,0,0,7,0,0
0,0,8,12,14,50,60,66,75,83,88,95,87,93,84,77,69,60,55,25,12,7,6,0,0,0
0,0,10,12,45,57,60,66,76,84,85,95,93,91,96,80,72,64,57,45,32,13,10,5,8,7
9,7,13,14,52,67,73,72,83,87,93,103,100,97,90,87,78,73,65,55,15,14,14,12,12,10
0,7,11,16,51,64,67,75,78,85,86,99,92,89,86,84,72,67,69,53,22,12,7,0,0,7
5,8,7,15,51,67,67,72,88,88,95,112,93,98,92,81,76,78,67,56,48,13,6,0,0,9
8,7,10,26,57,69,72,74,80,85,92,116,97,102,95,88,86,91,71,58,41,9,13,0,0,9
10,6,8,35,58,68,73,76,80,83,90,94,132,96,86,85,78,81,76,60,51,7,7,0,0,7
0,9,16,28,50,66,75,78,84,82,84,104,129,81,77,88,77,75,69,57,40,13,12,0,0,12
0,11,16,37,61,75,81,83,89,82,76,84,111,98,77,80,81,76,70,64,54,11,11,0,0,8
11,8,11,33,59,71,76,78,83,76,71,75,71,82,75,72,75,75,70,60,55,15,9,0,0,6
6,8,12,37,58,69,73,75,78,75,68,69,62,71,65,68,70,72,71,60,55,36,9,0,0,0
0,7,12,40,61,70,74,75,78,71,65,64,63,68,68,72,74,75,70,64,58,37,10,0,0,6
7,0,9,50,58,67,68,71,76,68,63,62,61,62,62,65,63,66,67,69,60,35,7,0,0,0
0,7,7,25,57,68,68,67,69,64,60,60,59,57,63,61,63,63,62,59,57,43,14,0,0,0
0,7,9,25,55,66,69,67,64,61,58,57,58,57,58,59,60,64,62,60,53,29,10,7,8,8
0,7,9,14,53,67,69,67,62,58,55,54,55,55,55,56,59,60,61,59,53,20,8,0,0,0
0,9,10,17,55,74,75,66,62,58,56,53,55,56,54,55,54,59,58,60,52,30,10,0,0,0
0,10,13,26,62,79,72,65,59,54,50,52,55,53,55,53,56,62,61,65,68,54,11,0,0,0
6,8,10,29,68,94,68,60,60,56,53,56,56,54,57,56,58,64,60,61,80,58,12,0,0,0
0,9,11,13,59,78,60,56,56,55,52,50,53,53,51,52,54,60,61,61,59,52,12,0,0,0
0,7,7,11,27,57,52,52,32,45,40,25,32,50,30,13,21,52,51,41,37,13,8,0,0,0
0,5,6,9,13,50,50,43,23,36,15,10,13,35,14,15,32,30,36,25,14,10,0,0,0,0
0,7,6,10,13,30,29,19,12,27,13,12,10,9,13,29,23,23,15,14,12,10,7,0,0,0
0,6,11,8,12,31,22,20,14,18,14,12,17,12,11,12,9,11,12,13,12,9,5,0,0,0
0,0,0,6,9,12,13,12,14,22,11,13,6,10,9,9,7,0,8,11,9,7,5,0,0,0
10,9,11,13,37,56,55,55,57,58,57,65,64,57,61,60,53,47,15,23,15,54,78,14,8,7
11,8,12,21,51,64,63,58,61,60,56,62,72,62,72,70,56,52,27,14,14,54,64,14,6,0
9,10,19,26,52,65,61,66,60,58,68,75,83,71,83,80,60,57,52,45,13,51,58,16,10,0
12,24,23,36,51,61,57,56,74,81,80,85,94,81,84,88,80,69,56,45,31,51,61,51,12,9
12,25,45,38,47,50,65,75,92,104,98,98,95,105,107,94,77,68,55,52,52,50,61,56,18,12
14,16,9,10,15,65,74,78,94,105,96,93,99,105,108,97,78,65,57,53,52,51,60,59,23,11
13,14,7,13,51,66,78,80,97,107,112,114,111,115,105,93,76,63,56,55,52,44,59,52,23,7
10,7,0,9,50,65,75,76,92,109,112,104,100,105,109,94,71,62,55,53,27,47,51,41,21,10
0,0,0,0,41,68,82,78,96,113,115,110,106,110,106,102,76,68,59,53,51,51,53,38,14,8
0,0,0,7,14,72,75,90,104,111,126,122,111,113,115,107,82,68,57,52,28,50,50,25,14,12
0,0,10,14,52,63,73,87,107,119,129,121,116,113,114,108,81,70,59,51,47,36,50,13,10,9
0,0,8,8,51,61,66,73,100,107,106,101,104,100,90,89,79,69,55,25,17,27,32,12,11,9
0,8,8,0,23,57,62,72,82,82,80,94,88,85,82,78,67,63,55,14,11,9,8,0,0,0
0,0,0,0,7,30,50,55,65,70,75,73,80,69,65,62,54,50,15,6,0,0,0,0,0,0
0,0,0,9,14,51,56,61,70,76,77,80,81,80,75,73,65,60,54,26,8,0,0,8,0,0
0,0,8,12,14,50,59,66,75,83,88,95,88,93,84,77,69,60,55,25,12,0,6,0,0,0
0,0,10,13,45,56,60,65,76,85,85,94,93,90,97,80,72,63,56,40,32,13,10,5,8,7
9,8,13,14,53,67,73,72,83,87,93,103,101,97,90,86,78,72,65,55,14,13,14,12,12,10
0,7,11,16,50,64,67,75,78,85,87,99,93,89,85,84,72,67,68,53,20,11,7,0,7,7
5,8,7,15,51,67,67,72,88,88,95,112,93,97,91,81,76,78,67,56,46,12,6,0,0,9
9,7,10,26,57,68,72,74,80,85,92,115,97,102,94,88,85,90,70,58,41,9,13,0,0,9
10,6,8,36,58,68,73,75,80,83,90,94,132,96,85,85,78,81,76,59,51,7,7,0,0,6
0,9,16,29,50,66,75,77,84,81,84,103,129,81,76,88,77,75,68,57,40,12,13,0,0,12
0,11,16,38,61,75,81,82,89,82,76,84,110,97,77,80,80,76,70,64,54,10,11,0,0,8
11,8,11,39,59,71,76,78,84,76,71,74,71,82,74,72,74,75,70,60,55,14,9,0,0,0
7,8,12,37,58,69,73,75,78,75,68,69,63,71,64,68,70,72,71,60,56,31,9,0,0,0
0,7,12,38,61,70,74,75,79,71,65,65,62,68,68,72,74,75,70,64,58,35,10,0,0,6
6,0,10,50,58,67,68,72,77,68,63,62,61,61,61,65,63,66,67,69,60,35,7,0,0,0
0,7,7,23,57,68,68,66,70,64,60,59,59,57,62,61,63,63,62,58,57,43,14,0,0,0
0,7,10,25,55,66,68,67,65,61,58,56,58,57,58,60,60,63,62,59,54,34,10,7,8,7
0,7,9,14,53,67,69,67,62,58,55,54,55,55,55,56,59,60,61,59,53,20,8,0,0,0
0,10,10,17,54,74,75,66,62,57,56,52,55,55,55,55,54,59,58,60,52,30,10,0,0,0
0,10,13,27,62,78,72,65,59,54,50,52,55,53,54,54,56,62,61,65,67,55,10,0,0,0
6,8,10,21,68,94,68,60,60,56,53,56,55,54,56,56,58,64,60,61,80,58,12,0,0,0
0,9,11,13,59,78,60,56,56,55,53,50,53,52,51,52,54,60,61,61,59,52,12,0,0,0
0,7,7,11,27,57,52,52,35,47,42,25,37,50,25,12,21,51,51,41,37,13,8,0,0,0
0,6,6,9,13,50,50,41,25,36,19,11,13,29,14,14,32,30,34,20,14,10,0,0,0,0
0,7,6,10,13,30,28,19,12,28,14,12,11,9,13,30,23,22,14,14,12,10,7,0,0,0
0,6,11,9,12,29,22,19,15,21,15,11,16,11,11,12,9,11,12,13,12,9,6,0,0,0
0,0,0,6,9,12,13,12,16,22,11,13,6,10,8,9,7,0,8,11,9,7,5,0,0,0
10,9,12,13,35,56,55,55,57,59,57,65,64,57,61,60,53,47,15,21,17,54,77,15,8,7
11,8,12,20,50,64,63,58,60,60,56,62,72,62,72,70,56,52,25,14,14,54,64,15,6,0
9,10,20,26,52,65,61,65,59,58,68,75,84,70,82,79,60,57,52,47,13,51,58,15,10,0
12,25,26,36,51,61,56,55,74,81,80,86,94,81,84,87,80,69,56,43,27,51,61,51,12,9
13,25,45,43,45,51,65,76,91,104,98,98,95,104,107,94,77,69,54,51,50,50,61,56,18,12
15,18,9,10,14,65,74,78,94,105,96,93,100,105,108,96,78,65,57,53,52,51,61,59,23,10
14,14,7,13,50,66,78,80,97,107,112,115,111,114,106,93,76,63,55,55,52,50,58,53,21,7
10,7,0,9,50,64,75,76,92,109,113,104,100,105,109,94,71,63,55,53,27,45,51,41,21,10
0,7,0,0,38,67,81,78,96,112,115,110,105,109,106,102,75,68,58,53,51,50,53,41,14,8
0,0,0,7,14,71,75,90,104,111,126,122,110,113,116,107,81,69,57,51,31,50,51,22,15,12
0,0,10,13,51,63,73,86,107,119,128,121,115,113,114,107,81,69,58,51,50,36,50,14,10,10
0,0,8,8,51,61,66,72,100,107,106,101,103,98,90,90,80,68,54,27,15,27,35,12,12,9
0,7,8,0,17,57,62,72,82,81,80,94,88,85,82,78,67,63,55,14,11,9,8,0,0,0
0,0,0,0,0,30,50,55,64,70,75,74,80,68,66,62,54,50,14,6,0,0,0,0,0,0
0,0,0,10,13,51,55,62,70,76,77,80,81,79,75,73,65,60,54,25,8,0,5,8,0,0
0,0,8,12,13,50,59,66,75,83,88,95,88,92,84,77,69,60,55,23,12,0,6,0,0,0
0,0,10,12,40,56,59,66,76,85,85,94,93,90,97,79,72,63,56,40,32,13,10,5,8,8
9,7,13,15,52,67,73,71,83,87,93,104,100,96,90,86,78,72,64,55,14,13,14,12,12,11
0,7,11,16,50,63,67,75,78,84,87,99,92,89,86,84,72,67,68,53,20,11,7,0,7,8
5,8,7,15,51,67,67,73,88,89,95,112,93,97,91,81,76,78,67,56,46,12,6,0,0,9
9,8,10,26,57,68,72,74,80,84,92,115,96,101,95,88,85,91,70,58,41,9,13,0,0,9
10,6,8,36,58,68,72,76,80,84,91,94,132,96,86,85,77,81,75,60,51,7,7,0,0,6
0,9,16,29,50,67,74,78,84,81,84,104,128,80,76,88,76,75,68,57,41,13,13,0,0,12
0,11,16,38,60,75,81,83,89,82,76,84,110,97,77,80,80,76,70,64,54,11,11,0,0,8
11,8,11,39,59,71,76,78,84,76,72,75,71,82,74,71,74,75,69,59,55,14,9,0,0,0
7,8,13,37,57,69,73,75,78,75,68,69,62,70,64,68,70,72,70,60,55,29,9,0,0,0
0,8,13,38,61,69,73,75,79,71,65,65,62,68,68,72,74,75,70,64,58,39,10,0,0,7
6,0,9,50,57,67,68,72,76,68,63,62,61,61,61,65,63,66,67,69,60,39,7,0,0,0
0,7,7,23,57,68,68,66,69,64,60,59,59,57,62,60,63,63,62,58,57,45,14,0,0,0
0,7,9,23,54,66,68,67,64,61,58,56,58,56,58,59,60,63,62,59,54,31,11,8,7,7
0,7,10,14,53,68,69,67,62,58,55,54,55,55,55,56,59,60,61,59,52,17,8,0,0,6
0,10,10,19,54,74,75,66,62,58,55,52,54,54,54,55,54,59,58,60,51,29,10,0,0,0
0,11,13,25,62,78,72,65,60,54,50,52,54,53,55,54,56,62,62,65,67,55,11,0,0,0
6,9,11,20,68,94,68,60,60,56,53,56,55,54,56,56,58,64,60,60,80,58,12,0,0,0
0,9,11,13,59,77,61,55,56,55,53,50,53,52,52,51,54,60,61,61,59,52,12,0,0,0
0,7,7,11,23,57,52,52,30,45,42,27,35,50,27,12,17,51,51,47,35,13,9,0,0,0
0,6,6,10,13,50,50,39,25,34,17,11,13,29,14,14,27,32,30,17,14,10,0,0,0,0
0,7,6,10,13,30,28,25,12,28,14,12,10,9,13,29,20,20,14,14,13,11,7,0,0,0
0,6,11,9,12,28,22,19,16,23,17,12,14,11,11,12,8,11,12,13,12,9,5,0,0,0
0,0,0,6,9,12,13,12,17,20,11,13,6,9,9,9,7,0,8,11,10,7,4,0,0,0
