14,31,50,58,73,97,108,113,136,140,133,108,110,83,85,82,66,63,62,61,62,59,60,53,47,33
13,14,38,57,77,111,116,104,134,127,98,90,104,83,85,78,60,56,53,58,57,53,55,52,29,43
13,13,44,60,80,100,109,97,84,95,108,91,90,78,77,66,52,52,55,55,61,55,51,37,21,13
11,26,48,64,81,95,88,73,85,110,108,91,89,72,72,65,53,54,58,57,57,54,53,35,14,9
9,21,50,63,70,69,92,87,83,100,105,86,75,70,73,63,56,58,60,58,55,51,39,20,10,9
8,10,50,65,72,91,105,89,78,84,83,72,76,73,69,68,62,63,63,57,54,33,21,13,0,7
11,14,54,66,76,105,114,101,81,81,85,88,93,87,89,79,66,62,62,62,60,52,38,12,7,8
0,25,53,63,95,116,118,99,82,94,95,94,92,103,106,93,74,67,77,89,91,73,54,27,13,13
12,50,57,74,108,119,120,102,95,104,100,94,101,117,112,101,88,94,105,103,103,80,59,52,38,21
36,45,60,86,106,111,114,112,108,103,101,101,106,108,112,112,105,103,109,109,94,74,62,53,50,44
17,43,57,80,95,106,107,103,105,100,108,105,113,111,110,102,100,92,99,91,84,68,57,52,50,15
47,48,61,74,84,102,102,94,96,107,109,118,112,110,104,99,90,81,88,92,86,74,63,59,57,55
50,53,61,83,94,100,123,118,120,119,119,117,115,109,107,98,89,80,90,97,88,76,64,55,51,45
18,43,57,72,92,111,132,139,146,156,138,115,110,99,93,83,74,71,89,91,84,70,55,50,13,13
50,56,68,85,102,130,163,161,147,150,134,120,117,103,101,91,82,83,102,101,94,77,64,59,54,52
51,54,62,83,104,130,149,151,148,148,137,125,113,105,97,85,81,77,91,93,90,72,63,58,56,53
39,51,57,69,88,111,137,143,144,138,125,110,99,88,88,80,71,74,84,89,83,64,59,54,51,52
14,30,53,61,77,90,114,120,127,123,99,104,86,79,79,73,68,68,77,82,77,61,56,52,35,35
12,23,39,56,63,76,90,93,96,94,85,84,89,75,75,71,65,63,74,86,72,56,52,48,26,28
13,13,26,52,55,64,74,82,78,77,79,74,81,87,72,65,60,61,69,78,66,55,40,29,19,16
8,9,18,41,51,60,63,63,66,69,67,62,65,68,70,61,60,62,71,77,61,51,28,13,12,11
9,11,12,16,29,54,60,58,59,61,60,61,64,62,63,63,57,59,66,69,55,26,14,10,10,7
8,11,15,25,27,53,55,54,53,54,49,55,56,54,54,58,52,56,72,63,47,34,28,15,13,11
0,9,13,13,40,54,57,55,56,57,53,52,61,59,59,58,60,60,66,67,56,38,14,12,13,9
8,10,7,11,28,53,54,54,55,55,54,51,55,53,57,50,58,58,63,70,58,31,13,10,10,7
0,0,0,11,15,51,52,50,53,55,53,37,51,47,39,26,50,58,64,64,57,25,10,10,7,7
0,0,0,12,15,50,52,51,51,53,44,28,50,42,32,20,29,47,62,63,54,14,9,9,0,0
0,0,6,9,11,32,50,40,43,45,25,12,14,29,35,38,6,13,51,62,59,16,8,6,0,0
0,0,0,6,9,23,23,21,38,27,23,10,15,11,27,15,0,14,29,39,45,14,8,0,0,0
0,0,0,0,7,12,19,29,30,43,45,9,13,20,17,14,8,10,26,14,12,7,0,0,0,0
0,0,0,0,9,14,20,21,38,38,31,10,12,29,31,17,10,0,14,17,12,5,0,0,0,0
0,0,0,5,9,14,15,15,16,18,18,8,13,15,20,14,0,0,12,13,8,0,0,0,0,0
0,0,0,0,10,12,23,22,26,28,26,7,14,23,31,27,0,8,8,13,11,0,0,0,0,0
0,6,0,0,9,12,16,25,25,20,19,6,13,27,25,14,8,10,6,11,10,0,0,0,0,0
0,0,0,0,6,8,14,14,12,12,12,0,7,11,11,10,7,6,6,0,8,0,0,0,0,0
0,0,0,6,0,10,11,11,10,10,8,9,5,7,11,0,0,0,0,6,0,0,0,0,0,0
0,0,0,0,0,6,0,11,7,10,12,10,0,10,9,0,6,0,0,7,0,0,0,0,0,0
0,4,0,5,6,5,9,8,8,10,11,9,7,10,11,11,8,6,0,0,0,0,0,0,0,0
0,0,7,0,0,10,9,11,9,11,9,9,6,12,13,12,8,10,5,7,6,0,0,4,5,5
0,0,6,6,6,11,11,13,12,10,11,11,12,12,12,12,7,10,11,6,6,7,8,0,4,0
14,31,50,58,73,97,108,113,134,139,132,109,110,82,84,81,66,63,62,63,63,59,60,52,47,31
13,14,36,57,77,112,117,104,133,127,97,90,102,83,84,77,60,57,54,60,59,54,55,52,29,39
13,13,44,60,80,100,109,97,84,95,108,90,88,78,77,66,52,52,56,57,61,55,52,45,17,14
12,26,47,64,81,96,89,74,85,111,108,90,87,71,72,65,53,54,59,59,59,55,53,39,17,8
9,21,51,63,70,70,93,88,83,102,105,85,74,69,73,62,55,59,61,61,57,52,46,23,11,8
8,11,50,65,73,92,106,90,78,85,85,72,74,70,68,68,62,64,63,60,56,50,31,15,7,0
11,14,54,67,76,107,116,102,82,81,86,89,91,86,88,78,65,60,62,63,61,53,50,13,9,9
0,28,54,63,95,117,119,101,82,95,94,94,92,101,105,88,72,68,78,91,98,77,55,36,21,14
13,50,56,74,109,120,120,103,94,104,100,94,100,116,110,100,88,94,105,108,110,86,61,53,50,25
40,47,60,86,107,111,114,111,107,103,101,101,105,108,112,112,104,103,109,114,101,78,63,53,50,47
20,43,57,80,95,106,107,102,105,99,108,104,113,111,109,103,101,92,100,96,91,71,58,52,50,15
50,46,61,75,84,102,101,94,95,105,108,117,111,109,102,99,90,81,89,96,91,78,64,60,58,56
50,53,61,83,94,101,124,119,121,119,118,116,114,108,106,97,88,80,91,103,94,79,65,54,52,50
23,44,57,72,93,112,133,140,146,156,137,114,109,98,92,83,74,72,89,96,90,73,56,50,14,14
50,56,68,85,102,131,164,162,148,150,133,119,117,102,100,90,81,84,102,109,100,79,65,59,54,51
52,54,62,83,104,129,149,150,148,146,136,124,112,104,95,85,79,78,92,97,95,73,63,58,56,53
37,50,57,69,88,112,137,143,144,137,123,108,98,87,87,80,71,74,84,93,87,65,59,54,52,51
14,30,53,61,76,91,114,120,127,121,98,102,84,79,78,73,67,68,77,86,81,61,56,52,36,33
12,23,39,56,63,77,90,92,96,94,84,83,89,74,75,70,64,63,74,85,75,56,52,45,25,23
13,13,26,53,55,64,74,82,79,76,78,74,80,86,71,65,60,61,69,78,68,55,40,27,17,15
8,9,20,39,52,60,63,63,66,69,67,61,64,67,69,61,60,62,71,78,62,51,26,13,12,10
9,10,12,18,27,54,60,58,59,61,60,61,64,62,63,62,56,59,66,69,57,26,14,9,10,6
8,11,14,25,26,53,56,54,53,54,48,54,56,54,53,58,51,55,73,63,50,34,27,14,13,10
0,9,13,14,39,54,57,55,56,56,53,52,60,59,58,57,59,59,66,66,59,39,15,11,13,8
8,10,7,11,28,53,54,54,54,56,54,51,54,53,57,50,57,58,62,70,61,36,13,10,10,6
0,0,0,11,14,51,53,51,52,55,53,39,51,45,37,23,45,58,64,64,59,34,9,9,7,0
0,0,0,12,16,50,52,51,51,53,44,26,46,42,32,16,23,47,62,65,56,23,8,8,0,0
0,0,5,9,11,32,50,41,45,47,25,12,14,29,33,38,6,13,51,62,62,29,9,6,0,0
0,0,0,6,9,25,23,21,38,31,23,10,14,10,27,14,0,14,25,39,51,21,9,0,0,0
0,0,0,0,7,12,19,29,28,43,45,9,13,17,15,14,7,10,22,14,13,9,0,0,0,0
0,0,0,0,9,14,21,25,43,40,29,10,12,23,29,15,10,0,14,19,13,6,0,0,0,0
0,0,0,5,9,14,15,16,16,18,18,8,12,15,16,13,0,0,12,13,8,0,0,0,0,0
0,0,0,0,10,12,25,23,27,28,25,7,14,21,31,26,0,8,9,13,12,0,0,0,0,0
0,5,0,0,9,13,18,27,27,20,17,5,13,25,25,14,7,10,6,11,11,0,0,0,0,0
0,0,0,0,6,8,14,14,12,12,12,0,6,10,11,10,7,6,0,0,9,0,0,0,0,0
0,0,0,5,0,10,11,11,11,10,8,9,5,8,11,0,0,0,0,7,0,0,0,0,0,0
0,0,0,0,0,6,0,12,7,10,12,10,0,9,9,0,6,0,0,7,0,0,0,0,0,0
0,4,0,5,6,5,9,8,8,10,12,9,7,10,11,11,7,7,0,0,0,4,0,0,0,0
0,0,7,0,0,11,9,11,9,11,9,9,6,12,13,12,8,10,0,7,8,0,0,4,5,4
0,0,6,6,6,11,12,13,13,10,12,11,12,12,11,13,7,10,11,6,7,7,7,0,5,0
14,31,48,58,72,97,107,112,134,140,132,110,110,82,84,81,66,63,62,63,63,59,60,52,47,23
13,14,36,57,77,112,116,104,134,126,97,90,102,82,84,76,60,57,55,61,59,54,56,52,31,35
13,13,42,60,80,100,109,97,84,95,108,90,88,77,77,66,52,52,56,57,61,55,52,40,17,13
12,27,46,63,81,96,89,73,86,113,108,89,85,70,72,64,53,54,59,60,59,55,53,35,16,8
9,21,50,63,70,70,94,88,83,105,107,85,73,68,73,61,54,59,61,60,57,52,44,21,10,8
8,11,50,66,73,93,107,91,78,86,87,73,73,69,67,68,62,64,62,60,56,50,28,14,7,0
12,14,53,67,77,107,117,102,81,81,88,90,91,85,87,78,64,59,62,63,61,53,50,13,10,9
0,28,54,64,96,118,120,101,82,95,95,96,91,100,104,86,71,67,79,92,101,77,55,36,23,15
13,50,56,74,109,121,120,102,94,103,100,95,100,115,107,100,89,95,106,107,111,86,61,52,50,19
34,47,59,86,107,111,114,111,107,102,100,100,105,107,112,112,105,103,109,115,102,79,63,53,51,44
20,43,57,80,95,106,107,102,104,99,108,104,113,111,109,103,101,93,100,96,91,71,58,53,50,14
47,48,61,75,84,102,100,92,94,105,108,118,111,108,103,98,90,82,90,95,91,78,64,60,58,55
50,53,61,83,94,101,124,119,121,119,118,117,112,108,105,97,88,80,92,103,94,79,65,55,52,45
23,44,57,73,93,112,135,140,146,157,137,115,109,98,92,83,74,72,90,96,90,73,56,50,13,13
50,56,68,85,102,131,166,163,148,150,134,120,115,102,100,89,81,85,103,109,101,79,64,58,54,50
52,54,62,83,105,130,150,151,148,146,136,123,110,103,96,85,79,78,91,97,94,73,62,57,56,52
37,51,57,69,89,112,138,143,143,137,123,108,98,86,87,80,70,74,84,92,87,65,59,54,52,51
15,30,53,61,76,91,115,120,128,121,98,103,84,78,78,73,68,68,77,86,81,61,55,51,33,30
12,25,39,56,62,78,91,93,96,94,84,82,88,73,75,70,64,63,74,85,75,56,52,37,23,20
13,13,25,53,55,65,74,82,78,76,78,74,80,84,71,65,59,61,69,78,67,55,36,27,17,14
8,9,21,41,52,60,63,63,65,69,67,62,64,67,69,60,60,62,71,77,63,51,23,12,12,9
10,10,12,18,29,54,60,58,59,61,60,60,63,61,63,62,56,58,66,69,57,28,14,9,10,6
7,11,15,24,26,53,56,54,53,55,48,54,55,53,53,58,51,54,74,63,51,34,27,14,13,9
0,9,13,14,38,54,57,55,56,57,53,52,59,59,58,57,59,59,66,66,59,39,14,11,13,8
8,10,6,11,28,53,54,54,54,56,54,51,54,52,56,50,57,59,62,69,61,36,12,10,10,6
0,0,0,11,14,51,53,51,52,55,53,39,51,41,37,20,41,57,63,63,59,36,8,9,7,0
0,0,0,12,16,50,52,51,52,53,46,26,44,40,32,14,23,43,61,64,56,25,8,8,0,0
0,0,5,9,11,34,50,38,43,47,23,12,14,21,31,36,0,13,51,61,62,27,9,6,0,0
0,0,0,6,8,23,23,23,34,31,23,10,14,10,25,14,0,14,19,37,50,19,9,0,0,0
0,0,0,0,0,12,19,31,30,43,42,10,12,14,17,14,7,9,20,13,13,9,0,0,0,0
0,0,0,0,9,14,21,25,40,40,27,11,12,23,31,15,10,0,13,19,13,6,0,0,0,0
0,0,0,5,9,14,15,14,20,16,18,8,12,14,16,14,0,0,12,13,8,0,0,0,0,0
0,0,0,0,9,12,25,25,27,28,25,7,14,20,31,26,0,8,9,13,11,0,0,0,0,0
0,5,0,0,9,13,18,27,27,22,17,6,12,22,25,14,8,10,6,12,11,0,0,0,0,0
0,0,0,0,6,8,14,14,12,13,11,0,6,10,12,10,7,7,7,0,9,0,0,0,0,0
0,0,0,5,0,10,11,11,11,10,7,10,5,7,11,0,0,0,0,6,0,0,0,0,0,0
0,0,0,0,0,6,0,12,7,10,12,10,0,9,9,0,6,0,0,7,0,0,0,0,0,0
0,4,0,5,5,5,9,8,8,10,12,10,7,10,11,11,8,7,0,0,0,4,0,0,0,0
0,0,7,0,0,10,9,11,9,12,9,9,6,12,13,11,8,9,0,7,7,0,0,4,5,0
0,0,6,6,6,11,12,14,13,10,11,11,11,12,11,13,8,10,11,6,7,8,7,0,5,0
14,31,47,58,72,97,107,110,133,139,133,110,109,81,83,81,66,63,62,63,62,59,60,53,43,25
13,14,36,58,77,112,116,103,133,126,97,90,102,82,83,76,60,57,55,60,58,54,56,51,31,35
13,13,45,61,80,101,109,97,84,95,108,90,88,77,76,65,52,52,57,57,60,55,53,37,15,13
12,26,47,63,81,96,89,73,85,113,108,88,85,70,71,64,53,53,59,60,59,56,53,35,16,8
9,21,50,63,71,70,94,88,82,105,107,85,73,68,72,61,54,59,61,60,57,52,44,21,10,8
9,10,50,66,73,93,107,91,78,85,87,73,73,68,67,68,62,65,62,59,56,50,28,14,8,0
12,14,54,68,77,107,117,103,81,81,88,90,90,85,87,78,63,59,62,64,61,54,50,14,10,9
0,26,54,64,98,118,120,101,81,94,95,96,91,101,104,84,70,68,79,93,102,76,55,41,27,15
12,50,56,74,110,121,120,103,94,103,100,94,99,114,107,99,88,95,106,108,111,85,62,52,51,19
34,45,60,86,107,111,114,111,106,102,100,100,105,107,112,112,105,103,109,115,102,78,61,53,51,47
20,45,57,81,95,106,106,101,102,98,107,104,113,110,110,103,101,93,100,96,90,70,58,53,50,14
50,48,62,75,84,103,100,92,94,104,107,118,111,108,103,98,89,81,90,96,91,77,64,60,58,55
50,53,61,83,94,101,125,119,121,120,119,117,113,107,106,96,88,80,93,103,93,79,65,55,52,45
26,47,58,73,93,112,134,140,146,156,137,115,109,98,91,83,73,72,90,97,90,72,56,50,13,13
48,56,69,86,102,131,164,162,147,148,134,119,115,102,100,89,80,85,105,109,100,78,64,59,54,50
52,54,62,83,105,130,149,150,148,146,136,122,110,102,96,85,79,78,92,98,94,73,63,57,55,52
33,51,57,69,88,112,137,143,142,136,123,108,98,86,87,80,70,74,85,93,86,65,59,54,52,50
15,30,53,61,76,91,114,119,127,120,97,103,84,78,78,72,68,68,77,86,81,61,55,51,35,30
12,23,37,56,62,77,90,91,96,94,84,83,89,73,74,70,64,63,74,85,75,57,52,35,26,19
13,13,25,53,55,64,73,81,78,76,78,74,80,84,71,65,60,61,69,78,67,55,36,27,20,14
8,9,21,39,52,60,62,63,65,69,66,61,64,67,69,60,60,61,71,77,62,51,23,13,12,9
10,10,12,18,29,54,60,58,59,60,60,60,63,62,62,62,56,58,66,69,57,28,14,8,10,7
7,11,15,25,26,53,56,53,53,54,50,54,56,53,53,58,50,54,75,63,50,33,27,14,14,9
0,9,13,14,36,54,56,54,56,56,53,52,59,59,58,57,59,59,66,66,59,38,14,11,13,8
8,10,7,11,28,53,53,53,54,55,54,51,54,52,56,50,57,59,63,69,61,34,13,10,10,6
0,0,0,11,14,50,53,50,52,54,53,39,51,43,35,19,37,57,64,64,59,36,8,9,7,0
0,0,0,12,17,48,52,51,51,53,46,26,44,44,30,15,21,45,62,64,55,27,8,8,0,0
0,0,5,9,11,32,50,38,45,43,25,12,14,23,31,38,0,13,50,61,61,27,9,0,0,0
0,0,0,6,8,25,21,21,34,31,23,10,14,10,22,14,0,13,17,35,50,17,9,0,0,0
0,0,0,0,0,12,19,31,30,43,40,10,12,14,15,14,8,9,22,13,13,8,0,0,0,0
0,0,0,5,9,14,20,23,38,43,29,11,12,21,29,15,10,0,14,17,12,6,0,0,0,0
0,0,0,5,9,13,15,14,20,16,16,8,12,14,16,14,0,0,11,12,8,0,0,0,0,0
0,0,0,0,9,12,23,25,26,28,25,7,13,23,30,26,0,9,9,13,11,0,0,0,0,0
0,5,0,0,9,13,20,25,25,20,19,6,13,22,27,14,9,10,0,12,10,0,0,0,0,0
0,0,0,0,0,8,14,13,12,12,12,0,6,10,12,9,7,6,7,0,9,0,0,0,0,0
0,0,0,6,0,10,11,11,10,10,7,9,5,7,11,0,0,0,0,7,0,0,0,0,0,0
0,0,0,0,0,6,0,11,7,10,12,10,0,9,9,0,6,0,0,7,0,0,0,0,0,0
0,4,0,5,5,5,9,8,8,10,12,9,7,10,10,11,8,7,0,0,0,5,0,0,0,0
0,0,7,0,0,10,9,11,9,11,10,9,6,12,12,11,8,9,0,6,7,0,0,4,5,0
0,0,7,6,6,11,12,14,13,10,12,11,12,12,11,13,8,10,11,6,7,7,7,0,5,0
15,31,47,58,73,98,107,110,133,139,132,109,109,80,83,80,65,63,62,64,62,60,59,53,43,23
13,14,39,58,78,112,116,103,133,125,97,90,102,81,83,76,60,56,56,61,58,54,56,51,34,33
13,14,46,61,81,102,109,97,84,95,106,89,88,77,76,65,52,53,56,58,60,55,53,35,21,13
12,25,47,64,83,96,89,73,84,112,108,88,86,70,71,64,53,53,59,60,59,56,53,35,19,7
10,22,50,63,72,70,94,87,80,105,107,85,74,67,72,61,54,59,61,60,57,51,39,20,10,8
8,11,51,66,74,94,108,90,78,85,87,74,73,68,67,67,62,64,62,59,56,51,28,14,8,0
12,14,54,68,78,109,118,103,81,81,88,90,90,84,87,77,63,59,62,64,61,54,50,14,11,9
8,28,54,64,100,118,120,100,82,93,94,95,92,101,103,83,70,66,79,93,103,77,55,38,30,14
12,51,56,75,110,121,120,102,92,102,99,93,100,113,106,98,89,94,106,109,112,86,61,52,51,17
34,40,60,85,108,111,114,110,106,101,97,99,104,106,112,111,105,102,110,116,103,80,62,52,50,41
22,45,57,80,96,105,105,100,102,97,106,103,113,110,109,103,102,93,100,97,91,71,57,53,50,14
50,50,62,75,87,104,100,90,93,103,106,117,111,108,102,98,90,81,89,96,91,78,63,60,59,54
50,53,62,84,95,102,126,118,121,119,118,117,115,108,106,96,89,80,91,103,94,79,65,55,53,43
26,48,58,74,94,113,134,139,145,156,137,115,110,98,91,83,74,72,91,97,90,73,56,50,14,13
48,56,69,85,103,131,165,161,147,148,133,119,116,102,99,89,81,84,104,109,101,80,64,58,54,50
52,55,63,83,106,130,149,151,147,146,135,122,110,101,96,84,80,77,91,97,94,74,62,57,56,53
33,51,57,69,89,112,136,142,142,135,122,108,98,86,87,79,70,73,84,93,86,67,59,54,51,50
15,30,53,61,77,91,113,118,126,120,97,102,84,77,78,71,67,68,76,86,81,62,55,51,35,26
12,23,43,56,63,77,90,92,96,93,83,82,88,73,74,69,64,63,73,85,75,57,51,34,26,20
13,13,25,53,55,64,73,81,77,75,77,73,80,83,71,64,60,61,69,79,67,55,32,31,22,13
8,10,23,39,52,59,62,62,65,68,66,61,64,66,68,60,60,61,71,77,62,51,21,13,13,9
10,10,12,15,29,54,60,58,58,60,59,59,63,61,62,62,57,58,66,69,57,32,14,9,10,6
7,12,15,24,28,53,55,53,52,54,48,53,56,53,53,58,51,54,74,63,50,35,27,13,14,9
0,9,14,14,40,54,56,54,56,56,52,51,60,59,58,56,59,58,67,67,59,42,14,11,13,8
8,10,7,11,32,53,54,53,54,55,54,51,54,52,56,48,56,59,62,69,61,40,13,10,10,6
0,0,0,10,18,51,53,50,52,54,53,37,52,39,35,17,37,57,64,63,59,38,9,9,6,0
0,0,0,12,16,50,52,51,51,52,41,26,46,46,28,14,25,43,62,64,56,29,8,8,0,0
0,0,6,8,12,32,50,35,41,41,21,12,14,23,27,29,0,12,50,61,62,25,9,0,0,0
0,0,0,6,9,27,27,20,36,27,21,10,15,10,22,14,0,12,14,37,51,19,9,0,0,0
0,0,0,0,0,12,23,29,30,45,35,9,13,14,15,14,8,9,15,13,13,9,0,0,0,0
0,0,0,0,9,14,21,21,36,40,29,11,12,21,34,14,9,0,13,19,12,7,0,0,0,0
0,0,0,5,9,13,14,14,18,16,15,8,12,13,14,13,0,0,11,12,8,0,0,0,0,0
0,0,0,0,10,12,22,26,25,28,25,7,14,23,30,27,0,9,9,13,11,0,0,0,0,0
0,5,0,0,9,13,20,21,27,20,19,6,13,15,20,13,9,9,0,12,11,0,0,0,0,0
0,0,0,0,6,8,14,13,12,12,10,0,7,10,12,9,7,6,7,0,8,0,0,0,0,0
0,0,0,6,0,11,10,11,10,10,0,9,5,7,11,0,0,0,0,7,0,0,0,0,0,0
0,0,0,0,0,6,0,12,7,10,11,10,0,10,9,0,7,0,0,7,0,0,0,0,0,0
0,4,0,5,6,5,9,8,8,11,11,9,8,9,10,11,8,6,0,0,0,5,0,0,0,0
0,0,7,0,0,11,9,11,9,11,9,9,6,11,12,11,8,9,0,6,8,6,0,4,5,0
0,0,7,6,6,11,12,14,13,10,12,12,12,12,11,12,8,10,11,7,7,7,7,0,5,0
15,31,47,58,73,98,107,110,133,139,132,109,109,80,83,80,65,63,62,64,62,60,59,53,43,23
13,14,39,58,78,112,116,103,133,125,97,90,102,81,83,76,60,56,56,61,58,54,56,51,34,33
13,14,46,61,81,102,109,97,84,95,106,89,88,77,76,65,52,53,56,58,60,55,53,35,21,13
12,25,47,64,83,96,89,73,84,112,108,88,86,70,71,64,53,53,59,60,59,56,53,35,19,7
10,22,50,63,72,70,94,87,80,105,107,85,74,67,72,61,54,59,61,60,57,51,39,20,10,8
8,11,51,66,74,94,108,90,78,85,87,74,73,68,67,67,62,64,62,59,56,51,28,14,8,0
12,14,54,68,78,109,118,103,81,81,88,90,90,84,87,77,63,59,62,64,61,54,50,14,11,9
8,28,54,64,100,118,120,100,82,93,94,95,92,101,103,83,70,66,79,93,103,77,55,38,30,14
12,51,56,75,110,121,120,102,92,102,99,93,100,113,106,98,89,94,106,109,112,86,61,52,51,17
34,40,60,85,108,111,114,110,106,101,97,99,104,106,112,111,105,102,110,116,103,80,62,52,50,41
22,45,57,80,96,105,105,100,102,97,106,103,113,110,109,103,102,93,100,97,91,71,57,53,50,14
50,50,62,75,87,104,100,90,93,103,106,117,111,108,102,98,90,81,89,96,91,78,63,60,59,54
50,53,62,84,95,102,126,118,121,119,118,117,115,108,106,96,89,80,91,103,94,79,65,55,53,43
26,48,58,74,94,113,134,139,145,156,137,115,110,98,91,83,74,72,91,97,90,73,56,50,14,13
48,56,69,85,103,131,165,161,147,148,133,119,116,102,99,89,81,84,104,109,101,80,64,58,54,50
52,55,63,83,106,130,149,151,147,146,135,122,110,101,96,84,80,77,91,97,94,74,62,57,56,53
33,51,57,69,89,112,136,142,142,135,122,108,98,86,87,79,70,73,84,93,86,67,59,54,51,50
15,30,53,61,77,91,113,118,126,120,97,102,84,77,78,71,67,68,76,86,81,62,55,51,35,26
12,23,43,56,63,77,90,92,96,93,83,82,88,73,74,69,64,63,73,85,75,57,51,34,26,20
13,13,25,53,55,64,73,81,77,75,77,73,80,83,71,64,60,61,69,79,67,55,32,31,22,13
8,10,23,39,52,59,62,62,65,68,66,61,64,66,68,60,60,61,71,77,62,51,21,13,13,9
10,10,12,15,29,54,60,58,58,60,59,59,63,61,62,62,57,58,66,69,57,32,14,9,10,6
7,12,15,24,28,53,55,53,52,54,48,53,56,53,53,58,51,54,74,63,50,35,27,13,14,9
0,9,14,14,40,54,56,54,56,56,52,51,60,59,58,56,59,58,67,67,59,42,14,11,13,8
8,10,7,11,32,53,54,53,54,55,54,51,54,52,56,48,56,59,62,69,61,40,13,10,10,6
0,0,0,10,18,51,53,50,52,54,53,37,52,39,35,17,37,57,64,63,59,38,9,9,6,0
0,0,0,12,16,50,52,51,51,52,41,26,46,46,28,14,25,43,62,64,56,29,8,8,0,0
0,0,6,8,12,32,50,35,41,41,21,12,14,23,27,29,0,12,50,61,62,25,9,0,0,0
0,0,0,6,9,27,27,20,36,27,21,10,15,10,22,14,0,12,14,37,51,19,9,0,0,0
0,0,0,0,0,12,23,29,30,45,35,9,13,14,15,14,8,9,15,13,13,9,0,0,0,0
0,0,0,0,9,14,21,21,36,40,29,11,12,21,34,14,9,0,13,19,12,7,0,0,0,0
0,0,0,5,9,13,14,14,18,16,15,8,12,13,14,13,0,0,11,12,8,0,0,0,0,0
0,0,0,0,10,12,22,26,25,28,25,7,14,23,30,27,0,9,9,13,11,0,0,0,0,0
0,5,0,0,9,13,20,21,27,20,19,6,13,15,20,13,9,9,0,12,11,0,0,0,0,0
0,0,0,0,6,8,14,13,12,12,10,0,7,10,12,9,7,6,7,0,8,0,0,0,0,0
0,0,0,6,0,11,10,11,10,10,0,9,5,7,11,0,0,0,0,7,0,0,0,0,0,0
0,0,0,0,0,6,0,12,7,10,11,10,0,10,9,0,7,0,0,7,0,0,0,0,0,0
0,4,0,5,6,5,9,8,8,11,11,9,8,9,10,11,8,6,0,0,0,5,0,0,0,0
0,0,7,0,0,11,9,11,9,11,9,9,6,11,12,11,8,9,0,6,8,6,0,4,5,0
0,0,7,6,6,11,12,14,13,10,12,12,12,12,11,12,8,10,11,7,7,7,7,0,5,0
15,30,47,58,73,98,107,112,134,137,131,108,107,80,82,80,65,63,62,64,63,60,58,53,43,20
13,14,38,58,78,112,117,102,132,125,98,90,102,81,82,75,59,57,57,61,59,54,56,51,38,29
13,14,46,60,81,103,110,98,84,95,106,89,87,77,75,65,51,53,56,58,60,55,52,35,23,13
12,25,47,64,84,98,89,74,83,111,108,88,85,69,70,64,52,54,60,59,59,56,52,33,20,7
9,21,50,63,72,70,94,87,80,102,107,84,73,67,71,61,54,59,61,61,56,51,39,21,11,8
8,11,51,66,74,95,109,90,77,85,87,74,73,67,67,67,62,64,63,60,56,51,34,17,9,0
12,14,53,67,79,109,118,102,79,80,88,89,88,84,86,77,62,59,62,64,62,54,50,13,11,8
8,30,54,64,100,119,121,100,82,91,93,95,93,100,102,83,69,67,79,93,103,78,56,38,35,13
12,51,56,75,110,121,121,102,91,102,98,93,98,112,104,98,90,94,106,109,113,86,60,51,51,15
36,45,60,86,108,111,115,109,105,100,96,97,103,106,111,111,105,102,110,116,104,80,62,53,50,33
25,47,57,80,96,106,105,100,101,96,106,103,113,110,109,103,101,93,100,97,92,71,57,52,50,14
50,50,63,75,87,104,101,91,92,102,106,117,111,108,101,98,89,81,89,96,91,78,63,60,59,54
50,53,61,85,94,103,127,118,120,119,118,117,114,108,104,97,89,79,92,104,94,79,64,55,53,41
25,47,58,74,95,114,134,138,146,155,137,115,109,98,91,83,74,72,91,97,91,73,56,50,14,14
50,55,68,84,104,132,167,160,147,148,133,118,116,103,98,89,80,83,104,109,103,80,63,58,55,50
51,54,63,83,106,130,150,150,148,145,134,123,110,101,95,84,79,77,92,97,95,73,62,57,56,54
35,51,57,69,89,112,137,142,142,135,121,107,97,86,86,79,70,73,84,93,86,66,59,54,52,50
15,32,52,61,76,91,114,118,125,119,97,101,84,77,77,71,67,68,77,87,81,62,55,51,36,25
12,21,41,56,63,77,89,91,96,93,83,81,87,73,73,69,63,63,74,85,76,57,51,35,28,20
13,13,25,53,55,64,73,81,77,75,77,73,79,84,70,64,59,61,69,78,68,55,30,25,22,13
8,9,21,39,52,59,63,62,64,68,65,61,64,66,68,60,59,61,71,77,63,51,21,12,13,8
10,10,11,14,29,54,60,58,58,60,59,59,63,61,61,62,56,58,66,69,57,32,13,9,10,6
8,11,14,25,28,53,55,53,52,53,48,54,55,52,52,57,51,53,74,63,50,34,27,13,15,9
0,8,13,14,40,54,56,54,56,56,52,51,60,58,57,57,59,58,67,67,59,41,14,11,13,8
8,10,7,11,32,53,54,53,54,55,54,51,54,51,55,48,56,59,62,69,61,43,13,10,10,6
0,0,0,10,20,51,53,48,52,54,53,37,51,41,29,19,35,56,63,63,59,38,9,8,6,0
0,0,0,12,15,50,52,51,51,52,41,26,46,44,28,13,21,41,61,64,56,29,8,8,0,0
0,0,0,8,11,32,50,33,40,43,23,12,14,23,21,27,0,12,50,61,62,25,9,0,0,0
0,0,0,0,9,27,27,18,36,25,21,10,14,9,20,14,0,12,14,37,50,23,9,0,0,0
0,0,0,0,0,12,23,27,28,47,35,9,13,14,14,13,8,8,15,13,14,9,0,0,0,0
0,0,0,0,9,18,25,25,38,38,31,11,11,19,27,14,9,0,13,17,12,6,0,0,0,0
0,0,0,5,9,13,14,14,16,16,16,8,12,13,13,13,0,0,11,12,8,0,0,0,0,0
0,0,0,0,10,13,25,25,25,26,25,7,13,21,28,25,0,9,9,13,11,0,0,0,0,0
0,5,0,0,10,13,18,19,27,17,19,5,13,17,14,13,7,9,6,12,10,0,0,0,0,0
0,0,0,0,7,8,14,13,12,12,10,0,6,9,11,9,7,6,7,0,9,0,0,0,0,0
0,0,0,6,0,12,11,11,10,10,7,9,5,7,10,0,0,0,0,7,0,0,0,0,0,0
0,0,0,0,0,6,0,12,7,10,11,10,0,10,8,0,6,0,0,7,0,0,0,0,0,0
0,4,0,5,6,5,9,8,8,10,11,9,7,9,10,10,8,6,0,0,0,5,0,0,0,0
0,0,7,0,0,11,9,11,9,11,9,10,6,11,12,11,8,9,0,7,8,6,0,4,5,0
0,0,6,6,6,12,11,13,13,10,11,12,11,11,10,12,7,10,11,7,7,6,7,0,5,0
15,30,47,58,73,98,107,112,134,137,131,108,107,80,82,80,65,63,62,64,63,60,58,53,43,20
13,14,38,58,78,112,117,102,132,125,98,90,102,81,82,75,59,57,57,61,59,54,56,51,38,29
13,14,46,60,81,103,110,98,84,95,106,89,87,77,75,65,51,53,56,58,60,55,52,35,23,13
12,25,47,64,84,98,89,74,83,111,108,88,85,69,70,64,52,54,60,59,59,56,52,33,20,7
9,21,50,63,72,70,94,87,80,102,107,84,73,67,71,61,54,59,61,61,56,51,39,21,11,8
8,11,51,66,74,95,109,90,77,85,87,74,73,67,67,67,62,64,63,60,56,51,34,17,9,0
12,14,53,67,79,109,118,102,79,80,88,89,88,84,86,77,62,59,62,64,62,54,50,13,11,8
8,30,54,64,100,119,121,100,82,91,93,95,93,100,102,83,69,67,79,93,103,78,56,38,35,13
12,51,56,75,110,121,121,102,91,102,98,93,98,112,104,98,90,94,106,109,113,86,60,51,51,15
36,45,60,86,108,111,115,109,105,100,96,97,103,106,111,111,105,102,110,116,104,80,62,53,50,33
25,47,57,80,96,106,105,100,101,96,106,103,113,110,109,103,101,93,100,97,92,71,57,52,50,14
50,50,63,75,87,104,101,91,92,102,106,117,111,108,101,98,89,81,89,96,91,78,63,60,59,54
50,53,61,85,94,103,127,118,120,119,118,117,114,108,104,97,89,79,92,104,94,79,64,55,53,41
25,47,58,74,95,114,134,138,146,155,137,115,109,98,91,83,74,72,91,97,91,73,56,50,14,14
50,55,68,84,104,132,167,160,147,148,133,118,116,103,98,89,80,83,104,109,103,80,63,58,55,50
51,54,63,83,106,130,150,150,148,145,134,123,110,101,95,84,79,77,92,97,95,73,62,57,56,54
35,51,57,69,89,112,137,142,142,135,121,107,97,86,86,79,70,73,84,93,86,66,59,54,52,50
15,32,52,61,76,91,114,118,125,119,97,101,84,77,77,71,67,68,77,87,81,62,55,51,36,25
12,21,41,56,63,77,89,91,96,93,83,81,87,73,73,69,63,63,74,85,76,57,51,35,28,20
13,13,25,53,55,64,73,81,77,75,77,73,79,84,70,64,59,61,69,78,68,55,30,25,22,13
8,9,21,39,52,59,63,62,64,68,65,61,64,66,68,60,59,61,71,77,63,51,21,12,13,8
10,10,11,14,29,54,60,58,58,60,59,59,63,61,61,62,56,58,66,69,57,32,13,9,10,6
8,11,14,25,28,53,55,53,52,53,48,54,55,52,52,57,51,53,74,63,50,34,27,13,15,9
0,8,13,14,40,54,56,54,56,56,52,51,60,58,57,57,59,58,67,67,59,41,14,11,13,8
8,10,7,11,32,53,54,53,54,55,54,51,54,51,55,48,56,59,62,69,61,43,13,10,10,6
0,0,0,10,20,51,53,48,52,54,53,37,51,41,29,19,35,56,63,63,59,38,9,8,6,0
0,0,0,12,15,50,52,51,51,52,41,26,46,44,28,13,21,41,61,64,56,29,8,8,0,0
0,0,0,8,11,32,50,33,40,43,23,12,14,23,21,27,0,12,50,61,62,25,9,0,0,0
0,0,0,0,9,27,27,18,36,25,21,10,14,9,20,14,0,12,14,37,50,23,9,0,0,0
0,0,0,0,0,12,23,27,28,47,35,9,13,14,14,13,8,8,15,13,14,9,0,0,0,0
0,0,0,0,9,18,25,25,38,38,31,11,11,19,27,14,9,0,13,17,12,6,0,0,0,0
0,0,0,5,9,13,14,14,16,16,16,8,12,13,13,13,0,0,11,12,8,0,0,0,0,0
0,0,0,0,10,13,25,25,25,26,25,7,13,21,28,25,0,9,9,13,11,0,0,0,0,0
0,5,0,0,10,13,18,19,27,17,19,5,13,17,14,13,7,9,6,12,10,0,0,0,0,0
0,0,0,0,7,8,14,13,12,12,10,0,6,9,11,9,7,6,7,0,9,0,0,0,0,0
0,0,0,6,0,12,11,11,10,10,7,9,5,7,10,0,0,0,0,7,0,0,0,0,0,0
0,0,0,0,0,6,0,12,7,10,11,10,0,10,8,0,6,0,0,7,0,0,0,0,0,0
0,4,0,5,6,5,9,8,8,10,11,9,7,9,10,10,8,6,0,0,0,5,0,0,0,0
0,0,7,0,0,11,9,11,9,11,9,10,6,11,12,11,8,9,0,7,8,6,0,4,5,0
0,0,6,6,6,12,11,13,13,10,11,12,11,11,10,12,7,10,11,7,7,6,7,0,5,0
14,31,45,58,73,97,108,112,133,136,131,108,107,79,81,79,64,63,62,64,63,59,59,53,41,22
13,15,38,58,78,112,117,102,132,124,98,90,102,81,82,75,59,57,57,61,58,53,57,51,40,29
13,13,45,61,82,102,110,97,83,95,106,90,87,77,75,65,51,52,56,58,59,56,52,35,19,12
12,25,47,64,84,97,88,74,83,111,108,87,85,69,71,65,52,53,59,60,60,56,53,31,19,7
9,20,50,63,72,70,94,87,81,102,107,85,73,67,71,61,53,58,61,60,57,51,41,20,11,7
8,12,51,67,74,95,109,91,77,84,86,74,73,67,67,68,62,64,62,61,56,50,40,17,9,0
12,14,54,67,78,108,118,103,80,80,88,90,88,84,87,78,62,58,62,65,62,54,51,13,11,9
7,26,53,64,100,119,121,100,82,91,92,95,92,100,102,82,68,67,78,93,103,79,56,36,37,14
11,50,56,74,110,121,121,102,91,101,97,93,98,112,104,96,88,95,105,109,114,87,60,51,51,19
36,47,59,86,108,112,115,110,105,100,95,96,103,106,111,112,105,102,110,116,104,80,63,53,50,30
17,47,57,81,96,105,105,100,100,95,106,104,113,110,109,102,100,93,99,97,92,72,57,52,50,16
47,50,63,75,86,104,101,91,92,102,107,118,110,108,101,99,88,82,89,97,91,79,64,60,58,54
50,53,61,85,94,103,126,118,120,118,118,116,113,107,104,96,88,80,93,104,94,79,64,54,53,41
23,47,58,74,95,113,134,139,146,155,137,114,110,97,91,83,73,72,90,97,90,74,56,50,14,14
50,56,68,85,104,131,166,161,146,149,134,118,117,102,98,88,79,83,104,109,102,79,64,57,55,50
52,54,63,83,105,129,149,149,148,145,134,123,110,101,95,84,78,76,91,98,95,73,62,56,56,53
35,50,57,69,88,113,137,142,142,134,122,107,97,86,85,79,70,73,85,93,87,66,59,54,52,50
15,30,53,61,76,90,114,118,124,118,97,101,83,78,76,72,66,69,77,86,82,62,55,51,36,23
12,20,37,56,62,77,90,91,96,92,83,81,87,72,73,69,63,63,74,85,76,56,51,34,28,17
13,13,26,53,55,64,73,81,77,74,76,73,78,84,69,64,59,61,69,78,68,55,36,22,20,13
7,9,18,41,52,59,63,62,64,67,66,61,63,66,68,60,58,61,70,77,63,51,23,13,13,8
10,10,11,15,31,54,60,58,58,60,58,59,63,60,61,61,55,58,66,70,57,32,14,9,11,6
8,12,14,25,29,52,55,53,52,53,48,54,55,52,51,57,51,52,74,63,50,34,27,13,14,9
0,8,13,14,38,54,56,54,55,56,52,51,59,58,56,56,58,58,67,67,59,39,14,11,14,7
7,10,7,10,34,53,54,53,54,55,54,51,54,51,55,48,55,59,62,69,61,43,13,10,10,5
0,0,0,10,20,51,53,50,52,54,53,37,50,43,27,17,29,56,63,63,59,38,10,9,6,0
0,0,0,12,17,50,51,51,51,52,44,25,48,44,30,13,14,35,61,65,56,31,9,8,6,0
0,0,0,8,11,30,50,33,41,39,23,12,14,19,21,25,0,12,50,61,62,23,9,0,0,0
0,0,0,6,9,25,23,18,38,29,23,10,14,9,20,14,0,12,15,35,50,25,10,0,0,0
0,0,0,0,7,12,21,29,26,47,40,10,12,14,14,13,7,9,17,13,14,9,0,0,0,0
0,0,0,0,9,15,23,25,36,38,29,11,12,21,20,13,10,0,13,17,12,5,0,0,0,0
0,0,0,4,9,13,13,14,16,18,15,8,12,12,14,13,0,0,11,11,8,0,0,0,0,0
0,0,0,0,11,12,26,23,25,27,23,8,13,21,28,25,0,9,9,13,12,0,0,0,0,0
0,5,0,0,10,12,16,19,25,20,19,6,13,20,14,13,7,9,6,11,10,0,0,0,0,0
0,0,0,0,7,8,14,14,11,11,10,0,7,10,10,9,7,6,7,0,9,0,0,0,0,0
0,0,0,5,0,11,11,11,10,10,7,10,6,7,10,0,0,0,0,7,0,0,0,0,0,0
0,0,0,0,0,6,0,12,0,10,11,10,0,9,8,0,6,0,0,7,0,0,0,0,0,0
0,4,0,5,6,5,8,8,8,10,11,10,7,10,10,10,8,6,0,0,0,5,0,0,0,0
0,0,6,0,0,11,9,11,9,11,10,10,6,11,12,11,7,9,0,7,7,0,0,4,6,0
0,0,6,6,6,11,12,13,13,10,12,12,11,12,10,12,7,10,11,8,8,7,7,0,5,0
14,31,47,59,74,97,107,111,134,137,132,108,107,79,81,79,64,63,62,64,63,59,59,53,39,20
13,15,38,58,78,113,118,103,132,124,97,90,102,81,82,75,59,57,57,61,59,53,57,51,38,27
13,14,45,61,82,103,109,97,83,95,106,89,87,77,75,64,51,52,56,58,60,56,53,37,23,12
12,26,48,65,84,97,88,74,83,111,108,87,85,70,71,65,52,53,59,60,60,56,53,31,19,7
9,21,50,63,72,70,94,87,81,102,107,85,73,67,71,61,54,59,61,60,57,51,42,21,11,7
8,12,51,67,75,95,108,91,78,84,87,74,73,68,67,68,62,64,62,60,56,50,40,17,9,0
12,14,54,67,78,109,117,102,80,80,88,89,90,83,87,78,62,58,62,65,61,54,51,14,11,9
0,26,53,64,99,119,121,100,82,91,91,95,92,100,102,81,67,67,78,93,103,79,56,36,37,14
11,50,55,75,110,121,120,102,90,101,97,92,97,111,103,96,87,94,106,109,114,88,61,52,51,19
38,47,59,85,108,111,115,109,104,100,94,96,103,106,111,112,105,102,110,117,104,81,63,53,51,33
17,47,57,80,96,105,105,99,100,94,105,103,113,110,109,102,100,93,99,97,92,72,58,52,51,16
50,50,62,76,86,104,101,91,92,102,106,117,110,108,102,98,89,82,89,97,92,79,63,59,59,54
50,53,61,84,95,102,125,118,120,118,118,116,113,107,105,96,88,80,93,104,94,79,65,55,53,39
25,47,58,74,95,113,133,139,146,155,136,114,110,97,91,83,73,72,90,97,90,74,56,50,15,14
50,56,68,85,105,132,164,162,146,149,133,118,117,101,99,88,79,83,105,110,103,79,64,58,55,50
52,54,62,83,105,129,148,149,148,146,134,123,110,101,95,84,79,78,91,99,95,73,62,57,56,52
35,50,57,69,88,112,137,143,142,134,122,107,97,86,85,78,70,73,85,93,87,66,59,54,52,50
15,30,53,61,77,90,113,118,124,118,97,101,83,77,76,72,66,69,77,87,82,62,55,51,38,22
11,20,37,56,62,77,89,91,95,92,83,81,87,72,73,69,63,62,74,85,75,57,52,32,30,16
13,13,26,53,55,64,73,81,77,74,77,73,79,83,70,63,59,61,69,78,68,55,38,23,20,13
7,9,18,44,52,59,62,62,64,67,66,61,63,66,68,60,59,61,70,77,62,51,23,13,13,9
9,10,11,15,31,54,60,58,58,60,58,59,63,60,61,61,55,58,66,70,57,32,14,9,11,6
8,12,14,25,28,52,55,53,53,53,48,53,55,52,51,57,50,52,74,63,51,35,26,14,15,9
0,9,14,14,38,54,55,54,55,56,52,51,59,58,57,56,58,58,67,67,59,41,14,12,14,7
8,10,7,11,36,53,54,53,54,55,54,51,54,52,55,46,55,59,62,69,61,43,13,10,11,0
0,0,0,11,18,51,52,50,52,54,53,35,51,41,27,16,27,56,63,63,59,36,10,9,7,0
0,0,0,12,17,50,51,51,51,52,42,25,44,42,28,13,14,35,61,65,56,31,9,8,6,0
0,0,0,8,11,28,50,36,41,39,23,12,14,19,23,25,0,11,50,61,62,23,10,0,0,0
0,0,0,6,8,23,23,20,36,29,23,10,14,9,20,14,0,12,15,37,50,25,10,0,0,0
0,0,0,0,7,12,19,29,28,43,35,9,12,14,14,13,0,9,17,13,13,9,0,0,0,0
0,0,0,0,10,15,23,23,34,38,29,11,12,23,20,13,10,0,13,17,12,6,0,0,0,0
0,0,0,4,9,13,13,14,18,16,14,8,12,12,13,13,0,0,12,11,8,0,0,0,0,0
0,0,0,0,11,11,25,26,25,27,22,8,13,20,28,25,0,9,9,13,12,0,0,0,0,0
0,5,0,0,10,12,15,19,27,22,19,6,13,15,14,13,7,9,6,11,11,0,0,0,0,0
0,0,0,0,6,8,14,13,12,12,10,0,8,10,11,9,7,6,7,0,9,0,0,0,0,0
0,0,0,6,0,10,11,11,10,10,7,9,6,7,10,0,0,0,0,7,0,0,0,0,0,0
0,0,0,0,0,6,0,11,0,10,11,10,0,9,9,0,6,0,0,7,0,0,0,0,0,0
0,4,0,4,6,5,8,8,8,10,11,9,7,9,10,10,8,6,0,0,0,5,0,0,0,0
0,0,7,0,0,10,9,11,9,10,10,10,6,11,12,11,8,9,0,7,7,0,0,4,6,0
0,0,6,6,6,11,12,13,14,10,12,12,11,12,10,12,7,9,11,8,8,7,7,0,5,0
14,31,47,58,74,97,107,112,133,137,132,109,107,79,81,79,65,63,62,64,63,59,59,53,39,23
13,15,39,58,79,113,118,102,132,125,97,90,101,81,83,75,59,57,57,62,58,53,57,52,38,31
14,13,44,61,82,103,109,97,83,95,107,89,87,77,76,64,51,52,56,58,59,55,53,40,19,12
12,25,50,64,84,97,88,73,83,111,108,87,85,70,71,65,53,54,59,61,60,55,53,33,19,7
9,21,50,63,72,70,94,87,80,103,107,85,72,67,71,61,54,59,61,60,57,51,42,21,11,8
8,12,51,67,75,94,108,91,77,84,87,73,73,68,69,67,62,64,62,61,56,50,40,17,9,0
12,14,55,67,78,109,117,103,80,81,88,89,90,84,87,78,62,58,61,66,61,54,51,14,11,9
0,25,53,64,100,119,121,100,82,92,92,95,92,100,103,81,67,66,77,93,103,79,55,36,35,15
12,50,55,75,109,121,120,102,90,101,96,91,97,111,103,95,88,95,106,109,114,88,61,52,51,21
36,45,60,85,108,111,115,109,104,100,95,96,102,106,111,111,105,103,110,117,104,81,64,52,51,33
17,50,57,80,96,105,105,98,99,93,105,103,113,110,109,102,100,93,98,98,92,72,58,52,50,14
50,50,62,76,86,104,100,91,91,102,106,117,110,108,102,98,89,82,89,97,92,79,64,60,59,54
50,53,61,84,95,102,125,118,120,118,118,115,114,107,105,97,88,80,92,105,94,80,65,55,53,41
23,47,58,73,96,113,133,138,146,155,137,113,110,98,92,83,73,72,90,98,90,75,57,50,14,14
48,56,68,85,105,133,162,163,145,149,134,118,116,101,99,88,79,83,104,112,103,80,65,58,55,50
52,54,62,83,105,129,148,149,148,145,135,123,110,101,95,84,78,77,91,99,95,73,62,57,56,52
33,50,57,69,88,112,136,142,142,135,122,107,97,86,85,78,70,73,84,93,86,66,59,54,52,47
15,28,53,61,76,90,113,118,125,118,97,101,82,77,76,72,67,68,77,87,82,62,55,51,36,22
12,21,43,56,62,77,89,91,95,92,83,81,87,72,73,69,64,62,74,85,75,56,52,32,33,17
13,13,30,52,55,63,73,81,77,74,77,72,79,83,70,63,59,61,68,79,68,55,42,25,22,13
7,9,18,42,52,59,62,62,64,68,66,61,63,66,68,60,59,61,70,77,62,52,25,13,13,9
9,11,12,16,29,54,60,58,58,60,59,59,62,60,61,61,55,58,65,70,58,32,14,9,11,5
7,12,15,24,28,52,55,53,52,53,48,53,55,52,51,57,50,53,74,64,51,34,27,14,14,9
0,8,14,13,39,54,55,54,56,56,52,51,59,58,57,55,58,58,67,66,59,41,14,11,13,7
8,10,7,10,34,53,54,53,54,55,54,50,54,52,55,46,55,59,62,70,61,43,13,10,10,0
0,0,0,10,20,51,52,50,52,54,53,37,51,43,31,16,29,56,63,63,59,38,10,9,7,0
0,0,0,12,17,50,51,51,51,52,44,26,46,44,30,13,14,35,61,65,56,29,10,8,6,0
0,0,0,8,11,30,50,35,40,41,27,12,13,21,27,23,0,11,48,61,61,25,10,0,0,0
0,0,0,6,8,23,23,21,34,29,25,10,14,9,25,14,0,12,15,37,51,23,11,0,0,0
0,0,0,0,7,13,19,29,26,45,35,9,12,14,14,13,7,9,17,14,13,10,0,0,0,0
0,0,0,0,9,15,18,23,31,38,27,11,12,23,27,15,10,0,13,21,13,6,0,0,0,0
0,0,0,0,9,13,13,14,18,16,14,8,13,13,14,12,0,0,11,12,8,0,0,0,0,0
0,0,0,0,10,12,25,25,26,28,23,8,14,21,30,25,0,10,9,13,11,0,0,0,0,0
0,5,0,0,10,12,14,21,25,22,21,6,13,15,20,13,7,9,6,12,11,0,0,0,0,0
0,0,0,0,6,8,13,13,11,12,11,0,8,10,11,9,8,6,7,0,9,0,0,0,0,0
0,0,0,5,0,10,11,11,10,10,7,9,6,7,11,0,0,0,0,7,0,0,0,0,0,0
0,0,0,0,0,6,0,11,0,10,12,10,0,9,9,0,6,0,0,7,0,0,0,0,0,0
0,4,0,4,6,5,9,8,8,10,11,10,7,9,10,10,8,6,0,0,0,5,0,0,0,0
0,0,7,0,0,10,9,11,9,11,10,9,6,11,12,11,8,9,0,7,8,0,0,4,6,0
0,0,6,6,5,11,12,13,13,10,12,11,11,12,11,11,8,9,11,8,8,7,7,0,5,0
15,31,48,59,74,98,107,111,132,137,132,108,106,79,82,79,64,63,62,65,63,59,59,53,41,23
13,15,38,58,79,113,118,103,132,125,97,90,100,80,83,74,59,57,59,63,58,54,57,52,38,31
14,14,45,61,82,103,109,96,82,95,107,89,86,77,76,64,51,52,56,59,59,56,53,37,17,13
12,26,48,64,85,97,88,73,83,111,108,88,84,70,71,65,53,54,59,61,60,55,53,35,20,7
9,23,50,64,72,70,95,87,80,103,107,85,72,67,71,61,54,60,61,61,57,51,39,21,11,7
8,12,52,67,75,94,107,91,76,84,87,74,72,68,68,67,62,64,61,61,56,50,37,14,9,0
12,14,54,67,79,109,117,102,80,81,87,89,90,84,88,78,62,58,62,65,61,54,51,14,11,9
7,26,54,64,100,119,121,100,81,92,92,95,91,100,102,82,68,66,77,93,102,79,55,36,35,17
12,50,55,75,110,121,120,102,89,101,96,91,95,111,103,95,88,94,106,110,114,87,61,52,52,21
34,45,60,85,108,111,115,108,104,99,94,95,102,106,110,111,104,102,110,118,104,81,63,52,51,36
17,47,57,81,96,105,105,97,98,93,105,103,112,110,109,102,101,94,98,98,92,72,57,52,50,14
50,50,62,76,86,103,100,90,91,101,105,117,109,108,103,98,89,81,89,97,92,78,64,60,58,54
48,53,62,85,95,102,126,118,120,118,118,115,113,108,105,97,89,80,92,105,95,80,65,55,53,41
25,47,59,73,95,113,133,137,145,157,136,114,110,98,92,83,73,72,90,98,91,75,56,50,14,13
50,56,68,85,105,133,164,161,145,149,133,118,114,101,99,89,80,83,105,112,103,80,65,58,54,50
52,54,62,83,106,130,148,149,147,145,135,123,110,101,95,84,78,77,91,99,95,73,62,57,56,52
33,50,57,69,88,112,136,141,142,135,122,107,96,86,85,78,70,73,84,93,86,66,59,54,52,47
15,32,53,61,76,90,113,118,124,118,97,101,82,76,76,71,66,69,77,87,82,62,55,51,36,22
12,21,41,56,62,77,89,91,95,92,82,82,86,72,73,69,63,62,74,85,75,56,52,32,33,15
13,13,30,52,55,63,73,80,76,74,77,72,79,83,70,64,59,61,68,79,68,55,40,25,20,13
7,9,18,44,52,59,62,62,64,68,66,61,63,66,68,59,59,61,70,77,62,51,21,12,13,9
9,11,12,16,31,54,60,58,58,60,58,59,63,60,62,61,55,57,66,70,57,32,13,9,11,5
7,12,14,25,28,52,55,53,52,53,48,53,55,52,51,56,50,53,73,63,51,35,26,14,14,10
0,9,14,14,39,54,55,54,55,56,52,51,59,58,57,55,58,58,67,67,59,41,15,11,13,7
8,10,7,10,34,53,54,53,54,56,54,50,54,53,54,46,55,58,62,70,61,43,13,10,10,0
0,0,0,10,20,51,52,50,51,54,53,37,51,45,29,19,33,56,63,63,60,36,10,9,6,0
0,0,0,12,17,50,51,51,51,52,46,28,44,44,28,13,17,33,61,65,56,29,9,8,6,0
0,0,5,8,11,32,47,35,38,41,25,11,13,19,27,23,0,11,48,62,61,25,10,5,0,0
0,0,0,6,9,23,20,20,32,29,23,10,13,9,22,14,0,12,15,41,51,23,10,0,0,0
0,0,0,0,7,13,19,27,25,45,35,9,12,14,14,13,7,8,20,15,13,10,0,0,0,0
0,0,0,0,10,15,20,23,31,38,27,10,11,27,27,17,10,0,12,21,13,6,0,0,0,0
0,0,0,5,9,13,13,14,16,18,14,8,12,13,14,13,0,0,11,12,8,0,0,0,0,0
0,0,0,0,11,12,23,22,26,28,23,7,13,20,30,25,0,10,9,13,11,0,0,0,0,0
0,5,0,0,10,12,16,21,22,20,21,6,13,15,17,14,8,9,6,12,11,0,0,0,0,0
0,0,0,0,6,8,13,12,11,12,11,0,7,10,11,9,7,6,7,0,9,0,0,0,0,0
0,0,0,5,0,10,11,11,9,10,7,8,5,7,11,0,0,0,0,7,0,0,0,0,0,0
0,0,0,0,0,6,0,11,0,10,12,10,0,9,9,0,6,0,0,7,0,0,0,0,0,0
0,4,0,4,6,5,9,8,8,11,12,9,7,9,11,10,8,6,0,0,0,5,0,0,0,0
0,0,7,0,0,11,9,11,8,11,9,9,6,11,12,11,8,9,0,7,8,0,0,4,5,0
0,0,6,6,5,11,12,12,13,10,12,11,11,12,11,11,7,10,11,8,7,7,7,0,5,0
