8,7,12,19,45,60,81,95,105,99,88,88,91,92,97,101,89,78,73,67,63,57,55,50,13,20
10,0,12,12,52,70,90,96,109,92,76,79,92,79,86,89,84,82,80,79,62,56,55,14,14,15
7,0,11,12,51,69,86,89,78,74,77,77,82,80,73,68,67,67,73,72,60,36,51,16,27,10
0,7,7,10,50,67,70,67,89,92,75,72,75,76,70,68,71,66,58,65,20,36,50,13,12,9
0,0,0,8,14,18,73,83,91,84,70,67,57,68,78,63,36,51,56,54,52,33,17,0,0,7
0,0,0,0,10,58,77,80,87,74,56,12,54,65,59,64,60,61,66,69,60,55,25,13,11,9
0,0,0,0,19,59,84,88,94,85,77,72,60,68,75,74,80,80,82,82,88,62,50,14,13,11
0,0,0,0,51,67,100,86,91,94,97,78,80,89,91,97,103,93,96,91,90,71,53,30,21,13
7,0,9,10,56,72,97,88,88,93,102,91,88,103,105,106,103,97,92,93,86,65,52,38,27,12
7,0,13,13,62,70,98,101,94,81,98,101,106,108,105,106,100,84,89,102,86,66,55,27,30,17
0,9,11,9,46,66,93,110,105,98,100,107,110,105,101,89,84,75,82,92,80,64,51,41,25,14
10,9,13,45,56,67,82,99,106,118,123,124,110,99,89,84,77,73,82,84,76,63,58,57,55,54
7,8,16,14,51,65,89,96,116,128,137,130,110,97,90,85,79,73,81,79,71,61,55,21,11,9
0,7,10,14,18,55,78,96,117,145,149,115,98,86,75,69,65,62,70,75,64,53,34,13,10,10
16,15,33,41,53,60,79,100,113,134,138,125,109,89,83,80,76,75,83,84,69,61,54,37,33,31
12,12,25,17,37,59,72,86,107,117,125,122,100,97,89,77,74,71,82,81,65,55,51,25,15,23
10,11,15,15,12,52,63,75,87,94,94,101,87,86,90,81,67,68,75,75,59,51,35,13,11,11
9,10,11,10,25,50,60,68,73,79,79,85,103,79,83,85,77,68,75,67,57,51,25,13,10,11
8,0,7,12,21,43,57,58,65,74,74,77,90,86,77,81,78,76,76,61,56,46,17,10,7,7
7,7,9,11,11,25,53,56,64,70,74,77,75,101,76,70,68,73,74,65,54,23,9,0,0,10
0,6,7,8,10,17,50,54,60,63,68,69,67,70,89,68,67,71,70,63,54,54,34,14,10,8
0,0,0,6,11,15,51,51,55,60,62,63,66,66,67,80,64,63,62,57,40,13,9,5,0,0
0,0,0,0,11,21,38,33,43,50,54,60,59,59,58,76,70,55,56,51,37,26,24,13,10,0
6,0,6,0,8,20,37,36,51,52,56,59,60,62,62,63,79,60,64,58,53,27,12,9,0,6
6,0,5,7,11,14,34,51,54,52,57,59,59,62,60,60,76,65,63,79,53,29,12,7,0,9
0,0,0,0,0,11,35,50,52,53,55,56,55,57,57,55,60,63,64,72,52,12,8,0,0,0
0,0,0,7,9,11,23,16,31,32,28,53,50,51,50,27,50,50,74,67,51,8,0,0,0,6
0,0,0,0,0,8,13,9,13,15,25,47,29,43,31,36,33,10,51,39,20,9,6,0,0,0
0,0,0,0,0,6,12,8,16,20,45,52,47,51,47,25,18,25,31,14,11,8,0,0,0,0
0,0,0,0,0,0,7,0,12,11,47,50,25,15,14,18,12,0,14,10,8,0,0,0,0,0
0,0,0,0,0,0,8,0,11,23,14,27,12,10,15,14,12,5,12,8,7,0,0,0,0,0
0,0,0,0,0,6,8,0,14,37,35,16,13,14,14,14,9,0,12,0,0,0,0,0,0,0
0,0,0,0,0,0,8,7,31,37,38,37,22,21,29,27,10,11,21,14,10,0,0,0,0,0
0,0,0,0,0,0,7,9,20,13,25,12,10,12,12,13,9,11,13,12,8,6,0,0,0,0
0,0,0,0,0,0,0,0,17,17,11,0,0,9,12,12,10,8,11,10,7,5,0,0,0,0
0,0,0,0,0,0,7,0,12,13,0,10,8,9,9,8,0,5,9,6,6,0,0,0,0,0
0,0,0,0,0,0,7,6,0,11,0,8,10,7,9,10,8,0,11,8,6,0,0,0,0,0
0,0,0,0,0,0,9,0,0,10,0,8,10,11,8,9,5,8,10,10,0,6,0,0,0,0
0,0,0,0,0,0,0,0,8,7,6,7,12,10,12,9,7,8,10,10,0,0,0,4,0,0
0,0,0,0,0,0,5,11,7,10,10,11,11,13,11,11,8,7,10,10,0,0,7,0,5,0
8,8,13,17,43,60,81,96,104,99,86,86,89,91,97,101,88,77,72,67,63,56,55,50,14,19
10,0,11,13,52,71,91,98,109,93,74,77,91,77,85,88,84,82,80,78,61,55,55,15,13,19
8,0,11,12,51,69,86,90,78,74,76,76,80,79,73,67,66,66,72,72,60,40,50,15,23,10
5,7,7,10,50,67,70,67,89,93,75,71,72,75,70,66,70,66,58,65,39,43,50,13,12,10
0,0,0,9,14,14,75,84,91,85,69,67,55,67,77,61,36,50,56,54,53,37,17,6,0,7
0,0,0,0,10,59,78,82,88,75,56,13,53,65,60,63,59,61,66,69,62,55,37,13,12,9
0,0,0,0,21,58,84,90,96,85,78,72,59,67,74,73,80,80,82,83,89,63,51,17,13,12
0,0,0,0,50,67,100,86,92,95,96,78,79,89,91,96,104,94,98,93,91,73,52,30,25,14
8,0,10,11,56,73,96,87,89,93,102,91,87,103,105,107,105,98,91,94,88,66,52,36,33,12
8,6,13,14,64,69,96,101,95,80,97,100,106,109,105,106,101,85,90,103,87,67,55,32,32,19
0,10,11,9,46,65,93,109,106,98,101,106,110,105,102,89,84,75,81,93,81,64,51,44,30,13
9,9,13,45,56,68,83,99,107,118,123,122,110,100,90,84,76,73,82,83,77,63,58,57,55,54
8,9,15,14,51,64,89,97,117,128,137,130,110,97,90,85,79,73,81,80,71,62,55,23,12,9
0,7,10,14,23,55,78,96,118,146,149,115,98,86,75,69,65,62,70,75,65,53,34,13,11,10
15,16,33,46,52,60,80,100,113,133,138,125,108,89,83,79,75,74,82,85,69,61,54,38,32,30
12,12,23,19,37,58,72,86,107,117,125,120,98,94,88,76,75,70,81,80,66,55,50,25,14,28
10,12,14,15,12,52,64,75,87,94,94,98,85,84,90,80,67,68,75,75,58,51,37,13,11,11
9,10,11,10,22,50,59,69,73,78,77,83,100,77,82,82,76,67,74,68,57,50,22,13,10,12
8,0,7,12,21,40,58,58,65,73,72,76,88,84,76,79,77,76,76,62,56,45,14,9,8,7
6,7,9,11,11,23,53,56,64,69,73,76,73,98,76,69,67,72,74,65,54,17,7,0,0,10
0,6,6,9,10,17,50,54,60,62,67,68,66,69,88,67,66,71,70,62,53,53,34,14,10,8
0,0,0,5,11,15,51,51,55,59,61,62,65,64,65,78,64,63,63,57,38,13,8,4,0,0
0,0,0,0,12,20,39,33,43,50,53,60,57,58,57,75,69,55,55,51,36,26,22,13,9,8
6,0,6,0,8,16,36,36,51,51,55,58,58,61,61,62,79,59,62,57,53,25,10,7,0,6
6,0,5,7,11,13,31,51,54,52,56,57,57,60,60,59,76,64,62,78,53,23,11,6,0,8
0,0,0,5,0,11,35,50,51,52,54,55,54,56,56,54,59,62,61,73,53,12,7,0,0,0
0,0,0,7,8,11,21,16,32,30,21,53,42,50,50,20,43,50,68,69,51,9,0,0,0,6
0,0,0,0,0,8,14,10,13,14,25,41,23,35,33,21,21,9,50,50,19,9,0,0,0,0
0,0,0,0,0,0,11,8,16,17,37,51,37,50,38,18,13,19,29,13,10,7,0,0,0,0
0,0,0,0,0,0,7,0,13,11,37,42,19,14,13,15,12,0,14,10,9,0,0,0,0,0
0,0,0,0,0,0,8,0,10,20,13,18,13,10,15,12,11,0,11,0,7,0,0,0,0,0
0,0,0,0,0,6,7,0,13,33,30,13,12,13,14,13,9,0,13,0,0,0,0,0,0,0
0,0,0,0,0,0,8,8,30,36,33,35,16,16,31,25,11,10,20,14,11,0,0,0,0,0
0,0,0,0,0,0,7,9,15,13,19,12,9,12,12,13,10,11,13,12,9,6,0,0,0,0
0,0,0,0,0,0,0,0,17,15,10,0,0,9,12,11,10,8,12,9,7,0,0,0,0,0
0,0,0,0,0,0,7,0,11,13,0,9,7,9,9,7,0,0,8,6,6,0,0,0,0,0
0,0,0,0,0,0,7,6,0,10,0,8,9,7,9,10,8,0,11,9,7,0,0,0,0,0
0,0,0,0,0,0,9,0,0,9,0,8,9,9,8,9,5,8,9,11,0,6,0,0,0,0
0,0,0,0,0,0,0,0,8,7,0,7,11,9,11,8,7,8,10,10,0,0,0,4,0,0
0,0,0,0,0,0,5,11,6,9,9,11,11,12,11,10,8,7,10,9,0,5,7,0,5,0
8,8,13,17,43,60,81,96,104,99,86,86,89,91,97,101,88,77,72,67,63,56,55,50,14,19
10,0,11,13,52,71,91,98,109,93,74,77,91,77,85,88,84,82,80,78,61,55,55,15,13,19
8,0,11,12,51,69,86,90,78,74,76,76,80,79,73,67,66,66,72,72,60,40,50,15,23,10
5,7,7,10,50,67,70,67,89,93,75,71,72,75,70,66,70,66,58,65,39,43,50,13,12,10
0,0,0,9,14,14,75,84,91,85,69,67,55,67,77,61,36,50,56,54,53,37,17,6,0,7
0,0,0,0,10,59,78,82,88,75,56,13,53,65,60,63,59,61,66,69,62,55,37,13,12,9
0,0,0,0,21,58,84,90,96,85,78,72,59,67,74,73,80,80,82,83,89,63,51,17,13,12
0,0,0,0,50,67,100,86,92,95,96,78,79,89,91,96,104,94,98,93,91,73,52,30,25,14
8,0,10,11,56,73,96,87,89,93,102,91,87,103,105,107,105,98,91,94,88,66,52,36,33,12
8,6,13,14,64,69,96,101,95,80,97,100,106,109,105,106,101,85,90,103,87,67,55,32,32,19
0,10,11,9,46,65,93,109,106,98,101,106,110,105,102,89,84,75,81,93,81,64,51,44,30,13
9,9,13,45,56,68,83,99,107,118,123,122,110,100,90,84,76,73,82,83,77,63,58,57,55,54
8,9,15,14,51,64,89,97,117,128,137,130,110,97,90,85,79,73,81,80,71,62,55,23,12,9
0,7,10,14,23,55,78,96,118,146,149,115,98,86,75,69,65,62,70,75,65,53,34,13,11,10
15,16,33,46,52,60,80,100,113,133,138,125,108,89,83,79,75,74,82,85,69,61,54,38,32,30
12,12,23,19,37,58,72,86,107,117,125,120,98,94,88,76,75,70,81,80,66,55,50,25,14,28
10,12,14,15,12,52,64,75,87,94,94,98,85,84,90,80,67,68,75,75,58,51,37,13,11,11
9,10,11,10,22,50,59,69,73,78,77,83,100,77,82,82,76,67,74,68,57,50,22,13,10,12
8,0,7,12,21,40,58,58,65,73,72,76,88,84,76,79,77,76,76,62,56,45,14,9,8,7
6,7,9,11,11,23,53,56,64,69,73,76,73,98,76,69,67,72,74,65,54,17,7,0,0,10
0,6,6,9,10,17,50,54,60,62,67,68,66,69,88,67,66,71,70,62,53,53,34,14,10,8
0,0,0,5,11,15,51,51,55,59,61,62,65,64,65,78,64,63,63,57,38,13,8,4,0,0
0,0,0,0,12,20,39,33,43,50,53,60,57,58,57,75,69,55,55,51,36,26,22,13,9,8
6,0,6,0,8,16,36,36,51,51,55,58,58,61,61,62,79,59,62,57,53,25,10,7,0,6
6,0,5,7,11,13,31,51,54,52,56,57,57,60,60,59,76,64,62,78,53,23,11,6,0,8
0,0,0,5,0,11,35,50,51,52,54,55,54,56,56,54,59,62,61,73,53,12,7,0,0,0
0,0,0,7,8,11,21,16,32,30,21,53,42,50,50,20,43,50,68,69,51,9,0,0,0,6
0,0,0,0,0,8,14,10,13,14,25,41,23,35,33,21,21,9,50,50,19,9,0,0,0,0
0,0,0,0,0,0,11,8,16,17,37,51,37,50,38,18,13,19,29,13,10,7,0,0,0,0
0,0,0,0,0,0,7,0,13,11,37,42,19,14,13,15,12,0,14,10,9,0,0,0,0,0
0,0,0,0,0,0,8,0,10,20,13,18,13,10,15,12,11,0,11,0,7,0,0,0,0,0
0,0,0,0,0,6,7,0,13,33,30,13,12,13,14,13,9,0,13,0,0,0,0,0,0,0
0,0,0,0,0,0,8,8,30,36,33,35,16,16,31,25,11,10,20,14,11,0,0,0,0,0
0,0,0,0,0,0,7,9,15,13,19,12,9,12,12,13,10,11,13,12,9,6,0,0,0,0
0,0,0,0,0,0,0,0,17,15,10,0,0,9,12,11,10,8,12,9,7,0,0,0,0,0
0,0,0,0,0,0,7,0,11,13,0,9,7,9,9,7,0,0,8,6,6,0,0,0,0,0
0,0,0,0,0,0,7,6,0,10,0,8,9,7,9,10,8,0,11,9,7,0,0,0,0,0
0,0,0,0,0,0,9,0,0,9,0,8,9,9,8,9,5,8,9,11,0,6,0,0,0,0
0,0,0,0,0,0,0,0,8,7,0,7,11,9,11,8,7,8,10,10,0,0,0,4,0,0
0,0,0,0,0,0,5,11,6,9,9,11,11,12,11,10,8,7,10,9,0,5,7,0,5,0
8,8,13,17,48,60,83,96,104,98,85,85,87,89,95,100,86,76,71,68,63,55,54,47,14,15
10,0,12,12,53,70,91,98,108,92,74,76,89,77,84,86,83,81,79,76,61,55,55,14,13,15
8,5,11,12,51,69,86,89,78,73,76,75,79,79,72,66,66,66,73,70,59,38,51,16,19,10
5,8,8,11,50,67,70,67,89,92,75,70,71,75,69,65,69,65,58,64,47,45,50,13,12,10
0,0,0,10,14,14,75,84,91,85,68,65,55,66,76,61,36,51,57,54,53,39,19,7,6,6
0,0,0,0,10,59,78,81,88,76,56,13,52,65,60,62,59,60,65,70,61,55,31,13,12,9
0,0,0,7,27,59,84,88,93,85,77,72,59,65,74,73,79,81,82,83,90,64,50,14,14,11
0,0,0,0,50,68,100,87,92,95,98,79,78,88,90,95,103,94,100,93,91,73,52,30,25,14
8,0,10,11,56,72,97,87,89,92,102,90,87,103,105,107,104,97,91,94,87,67,53,36,38,13
8,7,13,14,65,68,97,101,95,81,98,100,106,109,105,106,101,86,91,104,88,69,56,30,42,15
0,11,11,9,43,65,93,111,106,99,101,106,110,105,102,89,83,74,82,94,81,64,51,38,35,12
10,9,14,45,58,69,83,99,106,117,123,121,110,99,88,84,75,72,82,84,77,64,58,57,55,53
8,9,15,13,51,64,89,97,116,128,136,130,110,96,90,85,79,73,81,80,71,63,55,25,13,8
0,7,10,13,20,54,78,95,117,144,150,115,97,86,75,70,65,62,70,75,66,54,34,13,12,10
16,16,32,42,52,60,79,99,113,134,138,124,107,88,82,79,75,74,81,85,69,62,54,38,35,28
12,13,23,21,31,58,72,85,106,116,124,118,97,93,86,75,75,70,81,80,65,55,50,23,17,23
11,12,14,14,11,52,63,74,86,93,93,97,84,83,89,80,66,67,75,76,58,51,39,13,10,10
9,10,11,9,20,50,59,68,73,78,76,81,99,76,80,81,75,66,74,67,57,51,21,13,10,11
8,0,7,11,18,43,58,58,64,73,72,75,87,83,75,79,76,75,76,62,55,45,13,8,8,7
6,7,9,11,11,20,53,56,64,68,72,75,72,96,75,68,66,71,74,65,53,21,6,0,0,10
0,6,6,8,10,15,50,53,60,61,66,67,65,68,86,67,65,70,70,62,53,53,34,14,10,8
0,0,0,0,10,14,50,51,55,58,61,61,65,64,65,78,64,63,62,57,34,13,8,0,0,0
0,0,0,0,12,21,37,34,41,50,52,58,57,57,56,74,68,55,54,52,35,26,22,12,10,7
6,0,6,0,7,14,38,36,51,50,54,57,58,60,60,62,78,58,61,57,53,25,10,7,0,6
6,0,5,7,11,13,29,50,54,51,56,56,57,60,59,58,77,63,61,77,54,21,11,7,0,7
0,0,0,6,0,11,35,50,51,52,54,55,53,55,56,54,59,62,60,75,52,12,7,0,0,0
0,0,0,6,8,10,20,16,32,28,20,52,33,50,46,25,37,45,67,72,52,9,0,0,0,0
0,0,0,0,0,8,14,9,14,14,25,39,21,33,31,19,17,9,50,51,19,9,0,0,0,0
0,0,0,0,0,0,11,8,14,15,35,50,33,50,36,14,12,14,29,12,10,8,0,0,0,0
0,0,0,0,0,0,7,0,13,10,37,40,14,13,11,15,11,0,14,10,8,0,0,0,0,0
0,0,0,0,0,0,7,0,10,15,11,16,12,10,14,11,10,0,10,0,6,0,0,0,0,0
0,0,0,0,0,6,7,0,12,32,32,13,11,12,16,13,9,0,13,8,0,0,0,0,0,0
0,0,0,0,0,0,7,8,26,34,29,31,16,15,31,23,11,10,21,14,10,0,0,0,0,0
0,0,0,0,0,0,7,9,15,13,19,12,9,12,11,14,9,10,12,12,8,6,0,0,0,0
0,0,0,0,0,0,0,0,14,14,9,0,0,8,11,10,9,7,12,9,6,0,0,0,0,0
0,0,0,0,0,0,8,0,10,13,0,9,7,9,8,8,0,0,8,6,6,0,0,0,0,0
0,0,0,0,0,0,7,6,0,10,0,8,9,7,9,10,8,0,11,8,6,0,0,0,0,0
0,0,0,0,0,0,8,0,0,8,0,8,9,9,7,9,5,7,10,10,0,6,0,0,0,0
0,0,0,0,0,0,0,0,7,8,0,6,11,9,10,9,6,7,10,10,0,0,0,0,0,0
0,0,0,0,0,0,5,11,6,9,9,10,11,12,11,10,7,7,10,9,0,0,7,0,5,0
8,8,13,14,48,61,83,96,104,98,85,84,87,89,94,99,86,75,71,68,63,55,53,50,15,15
10,0,12,12,52,70,91,98,109,92,73,77,89,76,84,86,83,81,78,76,61,55,55,14,13,14
7,5,11,12,51,69,86,90,78,73,76,75,78,78,72,66,66,66,73,70,59,38,51,18,21,10
5,8,8,11,50,67,70,67,89,92,74,70,71,75,69,66,68,64,57,65,50,45,50,13,13,10
0,0,0,9,14,14,75,84,92,84,68,65,55,66,76,62,33,51,57,54,54,39,20,7,6,6
0,0,0,0,10,59,78,82,88,75,56,12,52,65,60,62,59,60,65,70,61,55,34,13,12,9
0,0,0,7,25,60,84,88,93,85,76,72,59,65,73,73,79,81,82,83,91,64,50,14,15,11
0,0,0,0,50,68,100,87,92,94,99,80,78,88,90,95,103,95,99,93,92,73,53,27,25,13
8,0,11,11,56,72,98,87,89,92,102,90,87,103,105,106,104,98,91,94,88,66,53,36,47,13
7,8,13,14,64,69,97,101,94,81,98,100,106,109,105,106,101,86,91,104,89,69,55,32,42,17
0,11,11,10,46,66,94,111,106,98,101,106,110,106,102,89,83,74,83,94,82,64,52,41,32,12
10,10,14,47,57,69,83,99,107,116,123,121,110,99,88,84,75,72,83,84,78,63,59,57,55,53
8,9,18,14,51,65,89,97,117,128,136,130,109,96,91,85,79,73,81,80,71,63,55,23,12,9
0,7,11,13,18,54,78,95,116,144,150,116,97,86,76,69,65,62,70,74,65,54,34,14,12,9
15,16,32,42,51,59,79,99,113,133,137,124,106,88,83,78,75,74,81,85,69,61,54,40,35,28
11,13,26,21,31,58,73,85,106,116,123,118,96,93,85,76,74,70,81,80,65,55,50,23,19,21
10,12,14,14,11,52,63,75,86,93,93,97,83,82,88,79,65,67,75,75,58,52,35,13,10,10
9,10,10,9,19,50,60,68,73,78,76,81,98,76,80,80,75,66,74,67,57,51,21,13,10,10
7,0,8,11,16,43,58,58,64,73,71,76,86,83,75,79,75,74,76,61,54,45,13,9,7,6
6,7,10,11,10,18,53,56,64,68,71,75,71,96,75,68,66,71,73,65,53,19,6,0,0,10
0,6,6,8,9,14,50,53,60,61,66,67,66,67,85,66,65,70,70,62,53,53,30,14,10,8
0,0,0,0,10,14,51,51,55,58,61,61,64,64,64,78,64,62,62,57,34,13,8,4,0,0
0,0,0,0,12,21,35,34,41,48,52,58,56,57,56,74,69,55,54,52,35,26,22,13,9,7
6,0,6,0,7,14,38,35,51,50,54,58,57,59,61,62,78,58,61,57,52,23,10,7,0,6
5,0,5,6,10,13,27,50,54,51,56,56,57,60,58,58,76,63,61,76,54,23,11,7,0,6
0,0,0,5,0,11,31,48,51,52,53,55,54,55,56,54,59,62,60,76,52,12,7,0,0,0
0,0,0,6,8,10,18,16,32,25,15,52,32,50,44,27,35,45,67,72,52,9,0,0,0,0
0,0,0,0,0,8,13,10,14,14,19,41,23,35,33,19,17,9,50,51,19,9,0,0,0,0
0,0,0,0,0,0,11,8,14,15,32,50,31,50,34,13,12,14,29,12,9,8,0,0,0,0
0,0,0,0,0,0,7,0,13,9,35,40,14,12,11,14,11,0,14,10,8,0,0,0,0,0
0,0,0,0,0,0,7,0,10,15,11,18,12,10,13,12,10,0,10,6,0,0,0,0,0,0
0,0,0,0,0,6,7,0,12,32,30,13,12,12,16,13,9,0,13,8,0,0,0,0,0,0
0,0,0,0,0,0,7,8,25,33,28,31,16,14,31,23,10,10,20,14,11,0,0,0,0,0
0,0,0,0,0,0,7,9,15,12,15,12,9,12,11,14,9,10,12,12,8,6,0,0,0,0
0,0,0,0,0,0,0,0,14,14,8,0,0,7,11,10,9,7,11,9,7,0,0,0,0,0
0,0,0,0,0,0,8,0,11,13,0,9,7,9,8,7,0,0,8,6,0,0,0,0,0,0
0,0,0,0,0,0,7,6,0,10,0,9,9,6,9,10,7,0,11,8,6,0,0,0,0,0
0,0,0,0,0,0,8,0,0,8,0,8,9,9,7,9,5,7,10,10,0,6,0,0,0,0
0,0,0,0,0,0,0,0,7,8,0,7,11,9,10,8,6,7,10,10,0,0,0,0,0,0
0,0,0,0,0,0,5,11,7,9,9,11,11,12,11,10,7,7,11,10,0,0,7,0,5,0
8,8,13,14,45,61,83,96,104,99,85,84,86,89,94,99,86,75,71,67,63,55,53,45,17,14
10,0,12,12,52,70,91,98,109,92,73,77,87,76,83,85,82,81,78,75,61,55,54,14,14,13
7,5,11,11,51,69,86,90,78,73,75,75,77,78,72,67,65,65,73,70,59,43,51,18,25,10
5,8,8,11,50,67,70,66,89,92,75,69,71,74,68,65,68,65,58,65,50,38,50,13,13,10
0,0,0,9,14,18,74,84,92,84,68,65,54,65,75,62,30,51,57,54,54,37,19,7,0,6
0,0,0,0,10,58,78,81,88,75,56,12,52,65,59,62,59,60,65,70,61,55,28,13,12,9
0,0,0,0,27,60,84,88,93,85,77,72,59,65,73,73,79,81,83,83,92,63,50,14,14,10
0,0,0,0,50,68,100,85,92,95,99,80,78,87,90,95,103,95,100,93,92,73,53,36,25,13
8,0,11,11,56,73,98,87,89,92,102,90,86,103,105,107,104,99,91,94,89,67,53,38,47,12
7,8,14,14,62,68,98,101,94,82,97,101,106,108,105,106,101,86,90,104,89,69,55,35,45,14
0,10,12,9,50,65,95,111,106,99,101,106,110,106,101,89,82,74,82,93,82,64,51,44,35,13
10,9,14,45,57,68,83,98,107,117,123,121,110,98,88,84,75,72,83,85,78,63,59,57,55,53
8,9,18,15,50,65,88,96,117,128,136,129,108,95,90,84,78,72,81,80,71,63,55,23,12,8
6,7,11,12,18,54,78,94,116,145,150,116,98,86,75,69,65,62,69,74,65,54,32,14,12,9
20,16,33,41,51,59,79,98,113,133,138,123,106,87,82,78,74,74,81,84,70,61,54,37,38,27
12,13,25,19,29,58,72,85,105,116,123,118,96,94,85,76,74,70,81,81,65,55,50,23,23,16
11,12,14,14,11,52,63,74,85,93,93,96,83,82,87,79,65,67,74,75,58,52,31,12,11,10
9,10,10,8,17,50,59,67,72,77,76,81,97,75,80,81,75,66,73,66,57,51,21,12,10,10
7,0,8,11,15,43,57,58,63,73,71,74,86,83,74,78,75,74,75,61,54,43,13,9,8,0
7,7,10,10,10,21,53,55,64,69,71,74,71,95,75,67,66,71,73,64,53,17,6,0,0,10
0,6,7,8,9,14,50,53,59,61,66,66,65,67,85,66,65,70,70,62,53,52,28,15,11,8
0,0,0,0,10,14,50,51,54,58,61,61,64,64,63,78,63,62,61,56,32,13,8,0,0,0
0,0,0,0,12,21,34,33,41,47,52,57,56,56,56,73,68,55,54,51,35,26,22,13,10,0
0,0,6,0,7,14,37,35,50,50,54,57,57,59,61,61,78,58,61,57,52,20,10,7,0,0
6,0,0,6,10,13,27,50,53,51,56,56,57,59,58,58,76,63,61,76,54,21,11,7,0,6
0,0,0,0,0,11,31,46,51,52,53,55,53,55,56,54,59,62,60,76,51,11,7,0,0,0
0,0,0,6,8,10,20,16,31,28,16,51,28,46,40,27,31,45,67,72,51,9,0,0,0,0
0,0,0,0,0,8,13,9,14,14,21,41,23,35,27,21,15,9,50,51,19,9,0,0,0,0
0,0,0,0,0,0,11,8,14,15,27,47,31,50,31,13,12,14,27,13,9,8,0,0,0,0
0,0,0,0,0,0,7,0,13,9,35,40,14,12,10,14,11,0,14,10,8,0,0,0,0,0
0,0,0,0,0,0,7,0,10,15,10,18,12,9,13,12,10,0,9,7,0,0,0,0,0,0
0,0,0,0,0,6,7,0,12,32,30,13,12,12,15,13,9,0,12,9,0,0,0,0,0,0
0,0,0,0,0,0,7,8,23,33,30,29,15,15,28,23,10,11,16,14,10,0,0,0,0,0
0,0,0,0,0,0,7,8,15,12,14,12,9,12,11,13,9,10,12,12,8,6,0,0,0,0
0,0,0,0,0,0,0,0,14,14,9,0,0,7,10,10,9,7,11,9,7,0,0,0,0,0
0,0,0,0,0,0,7,0,10,13,0,8,7,9,8,7,0,0,8,6,0,0,0,0,0,0
0,0,0,0,0,0,7,0,0,10,0,9,9,6,8,10,7,0,11,8,6,0,0,0,0,0
0,0,0,0,0,0,8,0,0,8,0,8,9,9,7,9,5,7,10,10,0,6,0,0,0,0
0,0,0,0,0,0,0,0,6,8,0,7,11,9,10,8,6,7,10,10,0,0,0,4,0,0
0,0,0,0,0,0,5,10,7,9,9,10,11,12,11,10,7,7,10,10,0,0,6,0,5,0
8,8,13,14,45,61,83,95,104,99,85,84,87,89,95,99,86,75,71,67,63,55,52,40,14,14
10,0,12,12,51,71,91,98,110,92,73,77,87,76,83,85,82,81,78,75,60,55,54,14,13,13
8,5,11,11,51,69,86,90,78,73,76,74,77,78,71,67,65,66,72,70,59,45,51,20,25,10
5,9,9,10,50,67,71,67,89,92,75,70,71,74,68,65,68,65,58,65,50,38,47,13,12,10
0,0,0,9,14,18,74,84,91,84,68,64,54,65,75,61,27,50,57,54,55,37,19,7,0,6
0,0,0,0,10,58,78,81,89,75,56,12,52,65,59,62,58,60,66,69,63,55,28,13,12,9
0,0,0,0,27,58,84,88,93,85,77,72,59,65,73,73,78,81,83,83,92,63,50,14,14,10
0,0,0,0,50,68,101,85,92,95,98,80,78,87,89,95,104,94,99,94,93,73,53,33,25,12
8,0,11,10,56,72,97,88,88,93,102,91,86,102,104,107,104,100,91,95,89,67,52,36,47,12
8,8,13,13,62,68,97,101,94,81,97,101,105,108,104,106,101,86,90,104,89,68,54,35,45,14
0,9,12,9,50,65,95,110,106,98,102,106,110,106,101,89,83,74,81,94,82,64,51,41,35,13
10,9,13,42,56,68,83,98,107,117,124,122,110,98,89,84,75,72,83,85,78,64,59,57,56,53
8,9,20,15,51,65,89,96,117,128,138,129,108,95,90,84,77,72,81,81,71,63,55,25,12,8
7,6,11,13,18,55,78,95,117,145,152,115,98,86,75,69,64,63,69,75,65,54,30,14,12,9
20,18,33,39,51,59,79,98,112,133,138,123,106,87,82,78,74,73,81,84,70,62,54,37,34,27
12,12,25,19,31,59,72,84,105,116,124,118,95,94,84,76,74,70,80,80,65,55,50,25,21,16
11,12,14,14,11,52,63,74,86,93,93,96,83,81,87,78,65,67,74,75,58,52,27,12,11,10
9,10,10,9,16,47,59,67,72,76,76,80,96,76,79,81,75,66,73,66,56,51,21,12,10,10
7,0,8,11,16,38,58,58,63,72,71,74,85,82,74,78,74,73,75,61,54,42,13,9,7,0
7,7,10,10,10,18,53,55,63,68,71,74,72,95,74,67,66,71,73,64,53,15,6,0,0,9
0,6,6,7,9,14,50,53,59,61,66,66,65,67,85,66,65,70,70,62,53,52,26,14,11,7
0,0,0,0,10,14,51,51,54,57,61,61,64,63,63,78,63,62,61,57,34,12,8,0,0,0
0,0,0,0,12,20,35,33,41,47,52,56,56,56,55,74,68,55,55,52,36,25,21,13,10,0
0,0,7,0,7,14,36,35,50,48,55,57,56,59,60,61,78,58,61,57,52,20,10,7,0,5
6,0,5,6,10,12,27,50,53,51,56,56,57,59,58,58,75,63,61,76,53,21,11,7,0,6
0,0,0,0,0,11,31,46,51,51,53,55,53,55,55,53,59,62,60,76,51,12,7,0,0,0
0,0,0,6,8,10,20,14,34,26,18,51,28,46,42,27,31,47,67,72,52,9,0,0,0,0
0,0,0,0,0,7,13,9,13,14,23,39,21,35,25,17,15,9,50,51,22,9,0,0,0,0
0,0,0,0,0,0,11,8,14,14,30,50,29,45,27,14,12,14,29,13,9,7,0,0,0,0
0,0,0,0,0,0,7,0,13,9,37,37,14,12,10,14,11,0,14,10,8,0,0,0,0,0
0,0,0,0,0,0,7,0,10,15,11,18,12,9,13,12,10,0,9,7,0,0,0,0,0,0
0,0,0,0,0,6,7,0,13,28,32,14,12,12,16,12,9,0,12,9,0,0,0,0,0,0
0,0,0,0,0,0,7,8,23,32,31,28,14,15,29,23,10,11,16,14,10,0,0,0,0,0
0,0,0,0,0,0,7,9,15,12,15,11,9,12,11,13,9,10,12,12,8,6,0,0,0,0
0,0,0,0,0,0,0,0,14,14,9,0,0,7,10,11,9,7,11,9,7,0,0,0,0,0
0,0,0,0,0,0,6,0,11,12,0,8,7,9,7,7,0,0,8,6,0,0,0,0,0,0
0,0,0,0,0,0,7,0,0,10,0,8,8,6,8,10,7,0,11,8,7,0,0,0,0,0
0,0,0,0,0,0,9,0,0,7,0,8,10,9,6,9,5,7,10,10,0,6,0,0,0,0
0,0,0,0,0,0,0,0,6,8,0,7,10,9,10,8,6,7,10,10,0,0,0,0,0,0
0,0,0,0,0,0,5,10,7,9,10,10,11,12,10,10,7,7,10,10,0,0,6,0,5,0
9,8,13,14,45,61,83,96,104,99,84,83,87,88,95,98,86,75,71,68,62,55,52,42,15,14
11,0,12,12,51,70,91,98,110,92,73,76,87,75,83,85,82,80,79,75,60,55,54,14,13,13
8,5,11,11,51,69,86,90,77,73,75,74,76,77,72,67,65,66,73,71,59,47,51,20,31,10
6,8,8,10,50,67,71,66,88,92,75,70,71,74,68,65,68,65,58,65,50,36,47,13,13,10
0,0,0,9,14,20,74,85,91,84,68,65,54,65,75,60,30,50,57,55,54,35,16,7,0,7
0,0,0,0,10,58,76,81,88,75,56,12,52,64,58,62,59,60,66,69,63,55,28,13,12,8
0,0,0,0,25,58,83,88,95,85,77,72,59,66,73,72,78,81,84,83,92,64,50,15,14,10
0,0,0,0,50,68,100,85,92,95,98,81,78,86,89,95,104,95,99,95,93,73,53,33,23,13
8,0,10,10,56,72,97,88,88,93,102,91,86,102,104,106,105,99,91,96,89,67,52,44,47,12
8,8,13,14,64,69,96,102,95,82,96,101,105,108,105,106,101,86,89,105,89,68,54,37,42,14
0,9,12,9,50,65,96,110,107,98,101,106,109,105,101,88,83,74,82,94,82,64,51,41,35,13
10,9,13,45,56,68,82,99,107,117,123,121,110,99,89,84,75,72,83,85,78,63,59,57,56,53
8,9,18,17,51,64,89,97,118,128,137,130,108,95,90,84,77,72,82,82,72,63,55,21,12,8
7,7,11,13,21,55,78,95,117,146,150,115,99,85,75,68,64,62,69,75,65,53,30,14,12,9
20,16,35,41,52,59,80,98,112,133,138,123,106,87,82,77,74,74,81,84,70,62,54,36,34,29
12,13,25,17,33,59,73,84,105,116,124,118,95,93,85,75,74,70,80,80,64,55,50,21,21,18
10,12,14,14,10,52,63,74,86,93,92,96,83,81,87,78,65,67,75,75,58,52,27,12,11,10
10,10,10,9,17,43,58,67,72,76,76,79,96,75,79,80,74,66,73,67,56,51,21,12,10,10
7,0,8,11,16,38,58,57,63,72,71,74,85,82,75,77,74,73,75,61,54,40,13,9,7,0
7,7,10,10,10,18,53,55,63,69,71,74,71,95,74,66,66,71,73,64,53,14,6,0,0,9
0,5,6,7,9,14,50,53,59,61,66,66,65,66,85,66,65,70,70,62,53,52,23,14,10,7
0,0,0,0,10,14,51,51,54,57,61,61,63,63,62,77,63,62,62,57,36,12,7,0,0,0
0,0,0,0,12,21,35,33,41,48,52,56,56,56,55,73,68,55,54,52,36,25,20,13,9,0
0,0,6,0,8,14,35,34,50,50,54,56,56,59,61,61,78,58,60,57,53,18,9,6,0,6
6,0,5,6,10,13,27,50,54,51,55,56,56,59,58,58,75,63,61,76,53,23,10,7,0,6
0,0,0,0,0,11,29,48,51,52,53,55,52,55,56,53,59,62,60,76,51,12,7,0,0,0
0,0,0,7,8,10,20,14,34,28,16,51,26,40,42,23,31,47,66,72,52,8,0,0,0,0
0,0,0,0,0,7,13,9,13,14,23,37,21,33,27,14,15,9,50,52,22,9,0,0,0,0
0,0,0,0,0,0,11,7,14,14,23,47,31,43,25,13,11,14,29,13,9,8,0,0,0,0
0,0,0,0,0,0,7,0,13,9,35,37,14,12,10,14,11,0,13,10,8,0,0,0,0,0
0,0,0,0,0,0,7,0,10,15,10,18,12,9,13,11,10,0,9,7,0,0,0,0,0,0
0,0,0,0,0,6,7,0,13,26,30,13,12,12,14,12,9,0,12,9,0,0,0,0,0,0
0,0,0,0,0,0,7,8,23,32,30,26,15,14,29,22,10,11,15,14,10,0,0,0,0,0
0,0,0,0,0,0,7,8,15,12,14,11,9,12,11,13,10,11,13,12,8,6,0,0,0,0
0,0,0,0,0,0,0,0,14,13,8,0,0,7,10,10,9,7,11,9,7,0,0,0,0,0
0,0,0,0,0,0,6,0,11,12,0,8,7,8,8,7,0,0,8,7,0,0,0,0,0,0
0,0,0,0,0,0,7,0,0,9,0,8,8,5,8,10,7,0,11,8,7,0,0,0,0,0
0,0,0,0,0,0,8,0,0,7,0,8,10,9,7,8,5,8,10,10,0,6,0,0,0,0
0,0,0,0,0,0,0,0,6,8,0,7,10,9,10,8,6,7,10,10,0,0,0,0,0,0
0,0,0,0,0,0,5,10,7,9,9,10,11,12,11,10,7,7,11,10,0,0,6,0,5,0
9,8,13,13,45,61,83,96,104,99,84,83,87,88,95,98,86,75,71,68,62,56,53,40,14,14
10,0,11,11,51,71,91,98,109,92,73,75,87,75,83,86,82,80,78,75,60,55,54,14,14,13
9,5,11,11,51,69,86,90,77,73,75,73,75,77,72,67,65,66,73,71,58,50,50,18,31,10
6,8,9,10,50,67,71,66,89,92,75,69,71,74,68,65,69,65,58,66,50,38,50,13,13,10
0,0,0,10,14,20,74,85,91,84,68,65,54,65,75,60,36,50,57,55,54,39,15,7,0,7
0,0,0,0,10,58,77,81,88,75,57,12,52,64,58,61,59,60,66,69,63,56,25,13,12,9
0,0,0,0,30,57,84,88,95,85,77,72,59,66,73,73,78,81,84,83,92,64,50,14,14,11
0,0,0,0,50,68,100,85,92,95,98,81,78,86,89,95,104,95,100,95,93,73,53,36,25,14
8,0,10,10,56,73,97,88,88,94,103,91,86,102,104,107,105,99,91,96,88,67,52,44,44,12
8,7,14,14,64,69,98,102,96,81,96,101,105,108,105,106,101,85,90,105,89,68,54,35,40,15
0,9,12,9,50,66,95,110,107,99,101,106,109,105,102,88,83,74,82,95,82,64,52,38,37,13
9,9,13,42,56,68,82,98,107,118,123,122,110,98,89,84,75,72,83,85,78,64,58,57,56,53
8,9,16,14,51,64,89,97,117,128,138,131,109,95,90,83,78,72,81,81,72,63,55,25,13,9
7,6,11,13,25,55,77,96,117,146,151,115,98,85,75,69,64,62,69,75,66,54,32,14,12,10
20,18,35,41,52,59,80,98,113,133,138,123,107,87,81,78,74,74,81,84,70,62,53,36,34,31
12,13,25,15,31,59,72,84,105,115,124,118,95,93,84,75,75,69,79,81,64,55,50,21,21,21
10,12,13,14,11,52,63,74,86,93,92,95,83,80,87,77,65,67,75,75,59,52,29,12,11,10
9,10,10,9,19,45,58,68,72,76,76,79,96,75,78,80,74,66,73,67,57,51,20,12,10,10
8,0,7,11,18,36,57,57,63,72,71,73,85,82,75,76,74,73,75,61,55,40,13,9,7,6
6,7,9,10,10,20,53,55,63,68,71,74,72,95,74,67,66,71,73,64,53,17,6,0,0,9
0,6,6,7,9,15,50,53,59,61,66,65,64,66,84,66,65,69,70,62,53,52,23,13,10,8
0,0,0,0,10,14,50,51,54,58,60,61,63,63,61,77,63,61,62,57,36,12,7,0,0,0
0,0,0,0,13,22,35,32,41,48,53,56,56,56,55,73,68,55,54,53,36,25,20,13,9,0
0,0,6,0,8,14,34,34,50,50,54,56,56,58,61,61,78,58,60,57,52,18,9,6,0,6
6,0,5,6,10,13,27,50,54,51,56,55,56,59,58,58,75,63,60,76,53,23,10,7,0,7
0,0,0,0,0,11,29,50,51,52,53,55,52,54,55,53,60,62,60,76,51,12,6,0,0,0
0,0,0,7,8,10,20,14,35,30,18,51,28,38,42,23,33,47,66,72,52,8,0,0,0,0
0,0,0,0,0,7,12,9,13,13,25,35,21,31,23,14,17,9,50,52,22,10,0,0,0,0
0,0,0,0,0,0,11,7,14,14,30,47,31,40,25,13,12,14,25,13,10,8,0,0,0,0
0,0,0,0,0,0,7,0,13,9,37,37,14,12,10,14,11,0,13,10,8,0,0,0,0,0
0,0,0,0,0,0,7,0,10,14,10,18,12,9,13,11,10,0,10,8,0,0,0,0,0,0
0,0,0,0,0,6,7,0,13,25,28,14,11,12,14,13,9,0,12,9,0,0,0,0,0,0
0,0,0,0,0,0,7,8,23,32,30,23,15,14,29,23,11,11,16,15,10,0,0,0,0,0
0,0,0,0,0,0,7,8,15,12,15,11,9,12,11,13,10,10,12,12,9,7,0,0,0,0
0,0,0,0,0,0,0,0,15,13,8,0,0,7,11,10,10,7,11,10,7,0,0,0,0,0
0,0,0,0,0,0,6,0,11,12,0,8,7,8,8,0,0,0,9,7,0,0,0,0,0,0
0,0,0,0,0,0,6,0,0,9,0,8,8,5,8,10,7,0,11,9,7,0,0,0,0,0
0,0,0,0,0,0,8,0,0,8,0,7,9,9,7,8,5,8,10,10,0,7,0,0,0,0
0,0,0,0,0,0,0,0,6,8,0,6,10,9,10,8,6,7,10,10,0,0,0,4,0,0
0,0,0,0,0,0,5,10,6,9,9,10,11,11,11,9,7,7,10,10,0,0,6,0,5,0
9,8,13,14,46,61,83,95,105,99,84,82,86,89,95,99,85,75,71,68,63,56,53,45,14,14
10,0,12,12,51,71,92,99,109,92,73,75,86,75,83,86,83,80,79,75,60,55,54,14,14,14
8,5,11,11,51,69,86,89,78,73,75,73,74,77,71,67,65,66,72,70,58,43,50,18,27,11
6,8,9,10,50,68,70,67,89,92,74,69,70,73,67,65,69,64,58,66,50,40,47,14,13,10
0,0,0,10,14,16,75,85,91,84,68,65,54,65,75,60,36,50,57,55,53,43,15,7,0,7
0,0,0,0,10,58,76,81,88,75,57,12,52,65,58,62,59,60,66,69,63,56,28,13,12,9
0,0,0,7,30,58,84,88,96,85,76,72,59,66,74,73,79,81,84,83,91,65,50,14,14,12
0,0,0,0,50,68,100,86,92,95,98,81,78,86,89,96,104,94,100,96,93,74,53,36,23,15
8,0,10,10,56,72,98,88,88,94,103,91,86,102,104,107,105,99,92,97,87,67,52,47,41,13
8,7,14,14,64,68,96,101,96,81,97,100,105,108,105,106,101,86,90,105,89,68,55,32,42,23
0,10,12,9,50,66,95,111,107,100,100,106,109,105,102,89,83,74,82,96,82,64,52,36,35,13
10,9,14,45,56,69,82,99,107,118,124,121,110,98,89,85,75,72,83,85,77,63,58,57,56,54
8,9,15,14,51,64,88,97,118,128,137,131,109,95,90,84,78,72,81,82,72,62,55,30,12,9
7,7,11,14,23,55,76,96,116,146,151,115,98,85,74,69,64,62,69,75,66,54,34,14,12,10
18,16,35,41,52,59,80,99,113,134,138,123,106,87,81,78,75,74,81,85,69,62,53,37,32,31
12,12,25,17,31,58,72,84,106,116,124,118,95,92,85,75,74,70,79,81,64,55,50,23,21,25
10,12,13,14,11,52,63,75,86,93,92,95,82,80,87,78,65,67,75,75,58,52,29,12,11,10
9,10,10,9,19,45,58,68,72,76,75,79,96,76,78,80,74,65,73,68,57,51,19,12,9,10
7,0,7,11,18,36,57,58,64,72,71,73,85,81,74,76,73,73,75,61,55,40,13,9,0,7
6,7,9,11,10,18,52,55,63,68,71,74,71,95,74,67,65,71,73,65,53,19,6,0,0,9
0,6,6,7,9,15,50,53,60,60,66,65,64,66,82,66,65,69,70,61,53,52,23,13,10,8
0,0,0,0,10,14,50,51,55,58,60,60,63,63,61,78,64,61,62,58,34,12,8,0,0,0
0,0,0,0,12,22,36,33,40,49,53,56,56,56,54,74,68,55,54,53,36,25,21,13,9,0
0,0,6,0,8,14,32,34,51,50,54,55,56,58,61,62,78,58,60,57,52,20,9,6,0,6
6,0,5,6,10,13,25,50,54,52,56,55,56,59,58,58,75,63,60,76,53,23,11,7,0,7
0,0,0,0,0,11,23,50,51,53,53,55,51,54,54,54,59,62,60,76,51,12,6,0,0,0
0,0,0,7,8,10,16,15,34,30,20,51,26,38,40,25,35,45,66,72,52,8,0,0,0,0
0,0,0,0,0,8,12,9,13,14,25,33,20,31,23,15,17,9,48,52,23,9,0,0,0,0
0,0,0,0,0,0,11,7,15,14,30,47,29,38,15,14,12,14,27,13,10,8,0,0,0,0
0,0,0,0,0,0,6,0,13,9,35,35,13,12,10,14,12,0,13,10,8,0,0,0,0,0
0,0,0,0,0,0,7,0,10,14,11,18,12,9,13,12,10,0,10,8,0,0,0,0,0,0
0,0,0,0,0,6,6,0,12,25,28,14,11,12,14,13,9,0,12,10,0,0,0,0,0,0
0,0,0,0,0,0,7,8,22,32,30,22,16,14,29,25,11,10,21,15,10,0,0,0,0,0
0,0,0,0,0,0,7,8,17,12,15,11,9,12,11,13,10,10,12,11,9,6,0,0,0,0
0,0,0,0,0,0,0,0,15,13,8,0,0,7,11,10,10,7,11,10,7,0,0,0,0,0
0,0,0,0,0,0,6,0,11,12,0,8,6,7,8,7,0,0,9,7,0,0,0,0,0,0
0,0,0,0,0,0,6,0,0,10,0,8,8,5,8,10,7,0,11,9,6,0,0,0,0,0
0,0,0,0,0,0,8,0,0,8,0,7,9,9,7,9,5,8,10,10,0,6,0,0,0,0
0,0,0,0,0,0,0,0,6,8,0,6,10,9,11,9,6,7,10,10,0,0,0,0,0,0
0,0,0,0,0,0,0,10,7,9,9,10,11,11,11,9,7,6,10,10,0,0,7,0,5,0
9,8,13,14,48,61,83,96,104,98,84,82,86,89,94,98,85,74,71,68,63,56,53,50,13,14
10,0,12,12,52,71,92,99,110,92,72,75,86,75,83,85,83,80,78,75,60,55,54,14,14,14
8,5,11,12,51,70,86,90,78,74,75,72,73,77,71,66,65,66,73,70,58,45,50,21,27,11
6,8,9,10,48,68,71,67,89,92,74,69,69,73,67,65,69,64,58,66,50,45,47,14,13,10
0,0,0,10,14,20,75,85,91,83,67,65,53,65,75,60,36,50,56,55,53,41,16,8,0,8
0,0,0,0,10,58,77,81,87,75,56,11,51,64,58,62,59,60,65,69,62,57,31,13,12,10
0,0,0,7,30,59,84,88,96,86,75,72,59,66,73,73,80,81,84,84,92,65,50,14,14,12
0,0,0,0,50,69,100,86,92,94,98,80,77,85,89,96,104,95,101,96,93,74,53,38,23,15
8,0,10,11,56,73,98,88,89,94,103,91,86,102,104,107,105,99,93,96,87,67,52,47,41,13
8,8,15,14,64,68,97,101,97,81,96,100,105,107,105,107,101,86,90,105,89,68,55,32,37,25
7,10,12,10,50,66,95,111,107,99,100,106,109,104,102,89,84,74,82,95,82,64,52,41,32,13
9,10,14,45,57,69,82,99,107,118,124,120,109,98,89,84,75,72,82,84,77,64,58,57,55,54
7,9,15,14,50,65,89,97,117,128,137,130,108,95,90,84,78,72,82,81,71,62,55,30,12,9
6,7,11,13,23,55,76,96,117,146,150,115,97,85,75,69,64,62,69,75,66,54,38,15,13,10
15,18,37,39,52,59,79,99,114,134,138,123,106,87,80,78,75,75,82,84,70,61,54,37,33,31
12,13,25,19,31,58,72,84,106,116,123,117,95,92,84,76,74,70,80,80,64,55,50,25,23,28
10,13,13,14,11,52,63,75,86,93,91,94,82,79,87,78,65,67,75,75,59,52,31,13,11,11
9,10,10,9,20,47,58,68,72,76,75,79,95,75,78,80,74,65,73,67,56,51,20,12,9,10
7,0,7,11,14,36,58,58,64,72,70,72,84,81,74,76,73,73,75,61,55,40,13,9,7,7
6,7,9,11,11,20,52,55,63,68,71,74,71,94,74,66,66,70,73,64,52,17,0,0,0,10
0,6,6,8,9,15,50,53,60,60,66,65,64,65,82,66,64,70,70,61,53,52,23,14,10,9
0,0,0,5,10,14,50,51,55,58,59,60,63,62,61,77,64,61,62,58,34,13,8,0,0,0
0,0,0,0,12,24,36,32,41,49,52,56,55,55,55,74,69,55,54,52,35,25,21,13,9,0
0,0,6,0,7,14,34,34,51,50,54,55,56,58,60,62,78,58,60,57,52,21,9,7,0,6
6,0,5,6,10,13,23,50,54,52,56,55,56,58,58,58,75,63,60,76,53,23,10,7,0,7
0,0,0,0,0,11,25,50,51,53,53,55,52,54,54,54,59,62,60,77,51,12,6,0,0,0
0,0,0,7,8,10,16,18,31,28,20,51,26,36,40,25,37,47,67,72,52,8,0,0,0,0
0,0,0,0,0,8,12,9,13,14,23,33,20,31,23,17,17,9,50,52,20,9,0,0,0,0
0,0,0,0,0,0,10,7,15,14,27,45,29,38,14,14,12,14,23,13,10,8,0,0,0,0
0,0,0,0,0,0,6,0,13,9,32,35,13,12,10,14,12,0,13,10,8,0,0,0,0,0
0,0,0,0,0,0,7,0,10,14,10,18,12,9,12,11,10,0,10,7,0,0,0,0,0,0
0,0,0,0,0,5,6,0,12,25,25,14,11,12,14,13,9,0,12,10,0,0,0,0,0,0
0,0,0,0,0,0,7,8,23,32,30,22,16,13,29,23,12,10,20,14,10,0,0,0,0,0
0,0,0,0,0,0,7,8,17,12,14,11,9,12,11,13,9,10,13,11,9,6,0,0,0,0
0,0,0,0,0,0,0,0,14,14,8,0,0,7,11,10,10,7,10,10,7,5,0,0,0,0
0,0,0,0,0,0,6,0,10,12,0,8,6,7,8,7,0,0,9,7,0,0,0,0,0,0
0,0,0,0,0,0,6,0,0,9,0,8,7,0,8,10,7,0,11,8,6,0,0,0,0,0
0,0,0,0,0,0,8,0,0,8,0,7,9,9,7,8,5,7,10,10,0,6,0,0,0,0
0,0,0,0,0,0,0,0,6,8,0,6,11,9,11,8,7,7,10,10,0,0,0,4,0,0
0,0,0,0,0,0,0,10,7,8,9,11,11,12,10,10,7,7,10,10,0,0,7,0,5,0
8,8,13,14,48,61,83,95,104,98,84,82,86,89,95,99,85,75,71,68,63,56,54,50,13,16
10,0,12,12,52,72,91,98,110,92,72,75,86,75,83,86,85,81,79,75,60,55,55,14,14,14
8,6,11,12,52,70,86,89,78,73,76,73,73,77,71,67,66,68,76,71,60,47,50,23,29,11
6,9,9,11,48,68,71,67,89,92,74,68,69,73,66,66,69,65,59,66,50,43,47,15,13,10
0,0,0,10,14,20,74,84,91,83,67,65,53,65,74,61,33,50,56,55,53,43,17,8,0,8
0,0,0,0,10,58,78,81,87,75,56,11,51,64,58,62,59,60,65,70,62,57,31,13,12,10
0,0,0,7,32,59,84,88,96,87,76,72,59,65,73,74,79,81,83,85,92,65,51,14,14,12
0,0,0,0,50,68,100,87,92,94,98,81,77,85,88,97,104,95,100,96,92,74,53,41,27,14
8,0,10,11,57,74,98,87,90,95,103,91,86,102,104,108,104,99,93,96,87,67,53,44,47,13
8,8,17,14,64,69,98,101,97,81,97,100,106,108,105,107,101,86,90,105,89,69,55,35,37,27
7,11,12,10,51,66,95,111,107,99,100,106,110,105,102,90,84,74,82,95,83,64,52,47,35,14
9,10,14,47,57,68,82,99,107,118,124,121,109,97,89,85,75,72,82,84,77,65,59,57,56,54
7,9,15,14,51,65,89,97,117,128,137,130,108,95,90,84,79,72,81,81,71,63,55,32,13,9
0,7,11,13,21,55,76,96,118,145,151,115,97,86,74,69,64,62,69,75,66,54,40,19,13,11
15,20,35,42,52,59,79,98,114,133,138,122,105,87,80,78,76,75,81,84,70,61,54,40,34,31
12,12,25,19,33,58,71,84,106,116,123,117,95,92,84,76,74,69,80,80,64,55,50,29,25,32
10,13,14,14,11,52,63,75,86,92,91,93,81,79,86,78,65,66,74,75,59,52,31,13,11,11
8,10,10,9,20,47,58,68,72,76,75,79,95,75,78,80,73,66,72,67,56,51,19,13,10,10
7,0,7,11,14,34,57,58,63,72,70,73,84,80,73,76,73,73,75,61,54,42,13,10,7,7
6,7,9,11,11,18,52,55,63,68,71,73,71,94,74,66,65,70,73,64,52,19,0,0,0,10
0,6,7,8,9,15,50,53,60,60,66,65,64,65,81,66,65,69,70,61,53,53,23,14,10,9
0,0,0,5,10,15,50,51,55,58,59,60,63,62,61,78,63,61,62,57,32,13,8,4,0,0
0,0,0,0,13,23,36,32,43,48,52,57,55,55,54,74,69,55,54,52,34,25,20,13,9,0
0,0,6,0,7,14,34,34,51,48,54,55,56,58,60,61,78,58,60,57,52,21,9,7,0,6
5,0,5,6,10,13,23,50,54,51,56,54,55,58,58,59,76,63,60,76,53,21,11,8,0,7
0,0,0,0,0,11,27,48,51,52,53,54,52,54,54,54,59,62,60,77,51,13,7,0,0,0
0,0,0,7,8,10,16,16,31,26,18,51,26,36,36,25,35,47,67,72,51,9,0,0,0,0
0,0,0,0,0,8,12,9,14,13,21,33,20,31,23,19,15,9,50,52,19,10,0,0,0,0
0,0,0,0,0,0,10,7,16,14,35,43,27,36,14,14,12,13,19,13,10,8,0,0,0,0
0,0,0,0,0,0,6,0,13,9,32,35,13,12,10,14,12,0,13,10,8,0,0,0,0,0
0,0,0,0,0,0,7,0,10,14,10,15,12,9,11,12,10,0,10,8,0,0,0,0,0,0
0,0,0,0,0,6,6,0,12,26,23,14,11,12,14,13,9,0,12,10,0,0,0,0,0,0
0,0,0,0,0,0,7,8,25,30,30,19,15,14,27,23,11,10,21,14,10,0,0,0,0,0
0,0,0,0,0,0,7,8,17,12,14,12,9,11,12,14,10,10,13,11,9,6,0,0,0,0
0,0,0,0,0,0,0,0,14,13,8,0,0,7,10,10,10,7,10,10,7,5,0,0,0,0
0,0,0,0,0,0,6,0,11,12,0,8,6,7,8,0,0,0,9,7,0,0,0,0,0,0
0,0,0,0,0,0,6,6,0,9,0,8,8,0,8,10,7,0,11,8,6,0,0,0,0,0
0,0,0,0,0,0,8,0,0,7,0,7,9,9,7,9,5,7,10,10,0,6,0,0,0,0
0,0,0,0,0,0,0,0,6,8,0,6,10,8,10,8,6,7,10,10,0,0,0,4,0,0
0,0,0,0,0,0,0,10,7,9,9,10,11,12,10,10,7,6,10,11,0,0,7,0,5,0
