7,15,43,51,55,60,63,71,80,95,106,103,103,113,112,95,83,94,96,84,67,54,13,8,6,0
12,22,41,50,52,60,73,90,109,101,83,82,89,87,82,79,85,106,101,84,66,55,10,6,0,0
11,20,38,50,51,57,58,63,68,75,73,67,71,80,75,72,88,104,98,81,63,52,18,0,0,0
12,14,26,35,36,43,29,9,50,60,66,61,64,67,68,74,95,110,100,78,63,52,13,0,0,6
10,14,14,29,13,0,7,20,51,54,69,61,56,60,73,74,91,106,93,91,68,54,13,0,0,0
0,0,0,9,6,10,40,37,25,55,13,10,52,65,70,71,87,103,110,99,80,56,8,0,0,0
7,0,6,25,13,14,39,13,41,50,61,62,63,68,71,73,89,112,118,100,80,57,11,0,0,0
0,0,10,21,25,14,15,33,50,59,66,62,65,72,75,73,80,100,102,96,74,57,13,7,0,0
0,23,8,30,27,38,9,31,51,71,61,61,67,75,73,74,76,90,89,83,72,56,15,0,0,0
7,13,0,11,14,9,12,17,30,41,52,60,66,70,71,72,75,78,82,78,72,51,9,0,0,0
0,0,0,11,12,7,14,12,20,50,20,54,59,65,65,66,68,74,77,78,70,51,10,0,0,0
0,10,13,32,18,34,40,27,51,52,52,59,62,68,65,69,76,86,84,96,83,62,42,6,0,0
10,14,27,52,56,56,53,53,53,56,55,63,65,68,71,77,73,91,96,104,83,70,56,9,0,0
7,11,15,51,74,63,51,32,52,55,55,54,56,60,61,64,62,70,78,88,79,61,30,0,0,0
14,25,62,84,118,91,71,62,60,64,63,66,68,71,78,79,77,90,96,102,95,75,60,19,0,6
12,46,66,90,110,79,69,60,61,65,65,68,70,78,78,77,83,85,96,93,88,71,57,15,0,0
10,28,59,82,73,62,59,57,60,62,63,66,69,73,75,76,84,87,96,97,87,72,57,15,0,6
14,18,56,63,57,53,53,54,55,57,59,65,71,73,76,82,87,93,100,106,93,73,55,15,0,6
18,33,54,58,57,55,54,55,59,70,65,67,71,73,76,87,94,98,103,99,90,67,55,16,0,6
25,23,54,57,58,55,53,51,62,71,80,81,83,86,86,92,98,104,99,93,80,63,54,12,7,11
15,41,57,60,60,56,54,54,63,67,73,74,71,79,83,93,100,104,95,86,76,64,53,9,0,9
12,31,51,55,56,54,54,53,57,68,66,66,71,79,86,92,95,95,86,79,64,53,21,0,6,7
12,18,35,48,43,43,44,30,47,55,59,64,65,69,82,98,96,97,86,74,56,38,33,13,0,11
10,13,43,52,53,38,17,29,54,57,60,61,64,76,85,90,98,87,80,73,58,35,13,13,0,0
9,14,37,51,42,13,13,37,51,56,57,59,59,67,73,76,80,81,70,63,55,40,14,8,7,0
9,12,30,41,31,11,13,14,51,54,55,56,57,61,71,77,75,74,70,60,51,31,11,0,0,0
9,11,17,23,13,12,8,13,23,25,50,51,53,56,68,72,69,66,66,53,45,14,8,0,0,0
6,11,18,13,10,8,6,8,13,18,14,29,50,55,61,66,69,63,59,50,30,12,8,0,0,0
0,11,23,12,0,9,10,11,13,13,14,17,50,54,62,65,67,62,55,15,12,10,7,0,0,0
9,12,13,10,11,8,0,10,12,13,8,11,11,54,63,58,61,58,53,47,10,0,0,0,0,0
9,12,11,12,8,9,10,11,12,7,5,10,0,51,59,60,60,57,52,50,12,6,0,0,0,0
7,8,9,10,9,10,11,9,7,0,0,12,6,36,53,58,56,53,44,28,0,0,0,0,0,0
0,0,0,9,8,7,0,0,0,0,0,0,0,31,53,59,61,56,47,32,11,0,0,0,0,0
0,6,0,0,0,0,0,0,0,0,9,5,7,45,59,65,64,56,51,15,11,0,0,0,0,0
0,0,4,0,0,0,0,0,0,0,0,0,12,50,61,66,64,56,50,20,8,0,0,0,0,0
0,0,4,0,0,6,0,0,0,7,0,11,14,50,58,62,58,54,34,20,10,0,0,0,0,0
0,0,4,7,8,8,0,0,8,7,0,11,13,14,54,57,54,51,40,22,10,7,0,0,0,0
0,5,6,8,10,0,0,7,6,0,9,13,10,16,52,51,50,36,30,14,6,8,0,0,0,0
0,0,8,10,0,4,0,0,0,8,10,9,10,14,34,41,38,22,11,13,8,6,0,0,0,0
0,0,0,8,7,0,0,5,0,6,7,6,11,8,14,14,10,10,11,8,5,0,4,0,0,0
8,16,41,51,55,60,63,70,80,95,105,102,105,114,113,96,84,94,96,84,67,54,13,8,6,0
12,22,41,50,53,60,74,90,109,101,83,82,90,87,82,80,85,106,101,84,66,55,10,6,0,0
11,19,36,50,51,57,58,63,68,76,73,67,71,81,74,72,88,104,99,81,64,52,18,0,0,0
12,14,25,36,36,42,27,9,50,61,66,61,63,67,69,74,95,110,101,79,63,52,13,0,0,6
10,13,14,25,13,0,7,15,52,53,70,61,56,59,73,74,91,107,93,91,68,54,12,0,0,0
0,0,0,9,6,10,40,37,22,55,13,10,52,66,70,72,87,103,110,99,80,56,8,0,0,0
7,0,6,21,14,14,46,14,38,50,61,62,63,68,71,73,89,111,118,100,80,56,11,0,0,0
0,0,10,19,25,15,14,33,50,61,65,61,64,72,76,73,79,99,102,95,74,57,14,7,0,0
0,23,8,27,30,41,9,31,51,71,61,60,67,75,73,74,76,89,90,83,72,56,14,0,0,0
8,13,0,11,14,9,12,17,27,44,52,59,66,70,71,72,74,78,82,78,73,51,9,0,0,0
0,0,0,11,12,7,14,12,22,50,20,54,58,65,66,67,68,75,77,77,71,50,10,0,0,0
0,10,13,32,18,34,40,27,51,52,52,59,62,68,66,69,76,86,84,96,84,62,37,7,0,0
10,14,29,52,56,56,52,53,53,56,55,63,66,68,71,77,73,91,97,105,84,70,55,9,0,0
7,11,15,50,75,63,50,33,52,54,55,54,56,58,61,64,62,70,78,88,80,61,28,0,0,0
16,26,62,84,118,91,70,62,60,64,64,67,68,72,78,78,77,91,97,101,95,74,59,23,0,6
12,42,66,90,110,79,68,60,61,65,66,68,70,78,78,76,84,84,96,93,89,71,57,15,0,0
10,28,59,82,73,62,59,57,60,62,63,65,69,73,75,77,83,88,96,97,87,72,56,17,0,6
14,18,56,63,57,54,53,53,55,57,59,65,71,73,76,82,88,93,100,106,94,73,56,15,0,6
18,31,54,58,57,55,54,54,59,70,65,67,72,73,77,87,94,98,103,99,90,67,55,16,0,6
26,25,54,58,58,55,53,51,63,70,80,81,83,85,86,92,98,104,99,93,81,63,54,12,7,10
16,42,57,60,60,57,53,54,63,67,73,74,71,78,83,94,100,104,95,86,76,64,53,9,0,9
13,31,51,55,56,54,54,52,57,68,66,66,72,79,86,92,95,95,86,79,65,53,20,0,7,7
12,17,35,48,43,43,44,31,48,55,59,63,65,69,82,97,96,97,86,74,56,38,33,13,0,11
10,13,44,52,53,38,15,28,54,57,60,61,64,76,86,90,98,87,80,72,58,35,13,13,0,0
9,13,35,51,44,13,13,33,51,56,58,59,59,67,74,75,80,81,70,63,55,36,14,8,7,0
9,12,28,41,33,11,14,14,51,54,55,56,57,62,71,77,75,74,70,60,52,31,11,0,0,0
9,11,15,23,14,12,8,13,26,25,50,51,53,56,67,72,70,67,66,53,47,14,8,0,0,0
6,11,16,13,10,8,6,8,13,18,14,31,50,55,61,67,69,64,60,50,32,11,8,0,0,0
0,11,22,13,0,9,10,11,13,13,14,19,47,54,63,65,67,62,55,14,13,9,7,0,0,0
9,12,12,10,11,8,6,10,12,13,8,10,12,54,63,59,61,58,53,50,11,7,0,0,0,0
9,12,10,12,9,9,10,11,12,7,5,10,0,51,59,60,60,57,52,50,12,0,0,0,0,0
7,7,9,10,8,10,11,9,7,0,0,12,6,36,53,58,56,53,44,28,7,0,0,0,0,0
0,0,0,0,8,8,0,0,0,0,0,0,0,31,53,59,61,56,46,32,11,0,0,0,0,0
0,6,0,0,0,0,0,0,0,0,9,6,8,50,59,65,65,56,51,14,12,0,0,0,0,0
0,0,4,0,0,0,0,0,0,0,0,0,11,50,61,66,64,56,51,20,9,0,0,0,0,0
0,0,4,0,0,6,0,0,0,8,0,11,14,47,58,63,59,54,36,20,10,0,0,0,0,0
0,0,0,7,8,8,0,0,8,7,0,11,14,14,54,57,55,50,44,22,10,7,0,0,0,0
0,5,6,8,10,0,0,7,6,0,9,13,10,16,52,51,50,35,30,14,6,8,0,0,0,0
0,0,8,10,0,4,0,0,0,8,10,9,10,14,36,42,41,23,11,13,8,7,0,0,0,0
0,0,0,8,7,0,0,5,0,6,7,6,11,8,14,14,11,10,11,8,6,0,0,0,0,0
8,16,41,52,55,60,63,71,80,95,105,102,105,113,113,96,84,94,96,84,67,54,13,9,6,0
12,22,41,50,53,60,74,90,109,99,83,82,90,87,82,80,85,106,100,83,66,55,10,6,0,0
11,18,35,50,51,57,58,63,68,75,74,67,71,80,74,73,88,103,99,81,63,52,18,0,0,0
12,14,23,38,35,42,25,9,47,60,66,61,63,66,69,74,96,109,100,78,63,52,13,0,0,6
9,13,13,21,12,0,7,17,52,53,69,61,56,59,74,75,91,106,93,90,67,54,11,0,0,0
0,0,0,9,6,10,37,37,25,54,13,9,53,65,69,72,87,104,110,98,80,56,8,0,0,0
7,0,7,25,13,15,46,14,36,46,61,62,63,68,71,73,90,112,118,100,80,57,11,0,0,0
0,0,10,21,25,17,15,30,50,59,65,62,64,72,75,74,80,100,101,94,73,57,14,8,0,0
0,21,8,30,27,41,9,34,51,70,61,59,67,74,73,75,76,89,89,83,72,56,15,0,0,0
8,13,0,11,13,9,12,17,30,41,52,59,67,70,70,73,75,78,82,78,73,51,9,0,0,0
0,0,0,12,12,7,14,11,25,46,20,54,59,65,67,67,69,75,76,76,70,51,10,0,0,0
0,9,13,37,18,37,40,27,51,51,53,60,62,68,66,69,76,86,85,94,83,62,40,7,0,0
10,14,27,53,55,56,52,53,54,56,55,63,66,68,70,77,74,91,96,104,83,70,56,9,0,0
6,11,14,51,74,63,50,33,52,54,55,54,57,58,61,64,62,70,77,87,80,61,32,0,0,0
16,28,62,84,118,91,70,61,60,63,63,66,67,72,77,79,77,90,96,101,94,74,59,22,0,6
12,42,66,90,110,79,69,59,61,64,65,68,70,78,78,77,84,84,96,92,88,71,58,15,0,0
11,28,58,82,73,62,59,56,61,62,63,66,69,72,75,77,83,87,96,97,86,72,57,17,0,6
14,20,56,64,57,53,53,53,55,57,59,64,71,73,75,81,88,93,100,105,94,74,56,15,0,7
20,33,54,58,57,55,54,54,59,70,65,67,71,72,77,88,94,98,103,99,90,67,55,16,0,7
23,25,54,58,58,55,53,51,63,71,80,81,83,85,85,93,98,104,99,93,80,63,54,12,7,10
14,41,57,60,60,57,53,54,63,67,73,73,71,78,83,94,100,104,95,86,76,64,53,10,0,10
13,28,51,55,55,53,54,52,57,68,65,65,71,79,85,92,96,95,86,78,65,53,21,0,7,7
12,17,35,47,43,43,45,30,49,55,59,64,65,68,81,97,96,97,86,73,57,38,33,13,0,12
10,12,44,52,52,38,15,28,54,57,60,61,64,77,85,90,98,87,80,72,58,35,14,13,0,0
9,13,31,51,40,13,13,35,52,55,58,59,59,67,73,75,81,80,70,63,55,34,14,8,7,0
9,12,26,42,33,11,14,14,52,53,55,56,57,61,71,77,75,74,70,60,52,36,11,0,0,0
9,11,17,25,14,12,7,13,28,23,50,51,53,56,67,72,69,66,65,52,43,14,8,0,0,0
6,11,16,13,10,7,6,8,13,16,13,29,50,55,61,67,69,64,60,50,28,11,8,0,0,0
0,11,23,13,0,9,10,10,13,13,14,19,47,54,62,66,67,62,55,14,13,9,7,0,0,0
9,12,12,11,11,8,6,10,12,13,8,10,11,54,63,59,62,58,53,47,11,7,0,0,0,0
9,12,10,12,8,9,10,11,12,0,5,10,0,51,59,61,61,57,52,50,12,0,0,0,0,0
7,7,9,10,8,10,10,9,8,0,0,12,6,35,53,58,56,53,44,26,8,0,0,0,0,0
0,0,0,9,0,7,0,6,0,0,0,0,0,30,53,60,61,56,47,30,11,0,0,0,0,0
0,5,0,0,0,0,0,0,0,0,9,5,8,50,59,65,65,57,51,15,11,0,0,0,0,0
0,0,4,0,0,0,0,0,0,0,0,0,11,50,61,66,64,56,51,17,9,0,0,0,0,0
0,0,0,0,0,6,0,0,0,7,0,11,14,47,58,63,59,54,34,18,10,0,0,0,0,0
0,0,0,8,7,8,0,0,9,7,0,11,14,15,54,57,55,50,42,25,10,6,0,0,0,0
0,5,6,8,10,0,0,7,7,0,9,13,10,18,51,52,51,33,31,14,6,8,0,0,0,0
0,0,8,10,0,4,0,0,0,8,10,9,10,14,31,42,38,22,11,13,8,7,0,0,0,0
0,0,0,8,7,0,0,5,0,6,7,6,11,8,14,15,11,10,11,8,5,0,4,0,0,0
8,16,43,52,55,60,63,71,80,95,106,101,105,113,112,96,84,94,96,83,67,54,13,9,6,0
12,23,42,50,53,60,74,90,110,99,83,82,89,86,82,80,86,107,101,84,66,55,10,6,0,0
11,18,35,50,52,57,58,63,68,75,74,67,70,81,74,73,88,106,98,80,63,51,18,0,0,0
11,14,23,39,39,43,27,8,47,60,66,61,63,66,68,74,96,110,100,77,63,52,13,0,0,6
9,13,14,20,12,0,7,15,52,52,69,61,56,59,74,75,91,107,93,90,67,53,11,0,0,0
0,0,0,10,6,10,40,35,25,55,13,9,52,65,70,72,87,103,110,98,80,55,8,0,0,0
7,0,7,25,13,17,51,13,33,50,61,62,62,68,70,73,90,111,118,100,80,57,11,0,0,0
0,0,10,21,25,15,15,27,50,60,65,62,64,71,75,74,80,100,101,95,74,57,14,8,0,0
0,23,8,27,25,38,9,31,51,70,61,59,66,74,73,74,76,89,90,82,73,56,14,0,0,0
7,13,0,11,13,9,13,20,30,41,53,58,66,72,70,73,74,77,82,77,73,51,9,0,0,0
0,0,0,12,12,7,14,12,25,46,22,54,58,65,66,67,69,75,76,75,70,50,10,0,0,0
0,10,13,37,18,34,40,27,51,52,53,59,62,68,66,70,76,86,85,95,84,61,40,8,0,0
9,14,27,53,55,56,53,53,54,55,55,62,66,68,70,78,73,91,96,104,83,70,55,9,0,0
7,11,14,51,74,63,51,32,51,54,55,53,56,58,60,64,61,70,77,87,81,61,32,0,0,0
16,26,62,84,118,90,70,61,60,63,63,66,67,72,77,79,77,90,96,100,94,74,59,22,0,6
12,40,65,90,110,79,69,59,61,64,65,68,70,78,78,77,84,84,96,92,87,71,58,17,0,0
11,26,59,82,73,62,59,56,60,62,62,65,69,73,75,77,83,88,96,97,86,72,56,19,5,6
14,18,56,64,57,53,54,53,55,57,59,64,71,74,75,81,88,94,100,105,94,74,56,20,0,6
20,33,54,58,57,55,54,54,58,70,65,67,71,73,77,88,93,98,104,98,90,67,55,16,0,7
22,23,54,58,57,55,53,51,63,71,79,80,83,85,85,93,98,104,100,93,81,63,54,12,7,10
15,41,57,61,60,57,53,54,62,67,73,73,70,78,83,94,100,104,95,85,76,64,53,10,0,9
13,27,51,55,56,53,54,52,57,67,65,65,71,78,85,92,96,95,86,78,64,52,21,0,7,7
12,18,36,48,43,43,45,30,48,56,59,63,65,68,81,97,97,97,86,73,56,38,34,13,0,12
10,12,46,52,52,36,16,28,54,57,60,61,64,77,85,90,98,87,81,72,58,33,14,13,0,5
9,13,33,51,40,13,13,35,52,55,58,59,60,67,73,76,81,81,70,63,55,34,14,8,7,0
9,12,26,42,33,11,14,14,51,53,55,56,57,62,71,77,75,74,70,60,53,31,11,0,0,0
10,11,19,25,14,12,8,13,28,23,50,51,52,56,67,72,69,67,65,52,41,14,8,0,0,0
6,11,16,13,10,7,6,7,13,15,13,25,50,55,60,67,69,64,60,50,30,11,8,0,0,0
0,11,23,13,0,9,10,10,13,13,14,21,47,54,62,66,67,63,55,14,13,9,6,0,0,0
10,12,12,11,11,8,7,9,12,14,9,10,11,54,63,59,61,58,53,47,11,7,0,0,0,0
9,12,10,12,9,8,10,11,12,0,6,10,0,51,59,60,60,57,52,47,12,0,0,0,0,0
7,7,9,10,8,10,11,9,8,0,6,11,6,38,53,58,55,54,44,25,8,0,0,0,0,0
0,0,0,9,8,7,0,0,0,0,0,0,0,32,52,60,61,56,47,30,12,0,0,0,0,0
0,6,0,0,0,0,0,0,0,0,9,5,7,50,59,66,65,57,51,14,11,0,0,0,0,0
0,0,0,0,0,0,0,0,0,0,0,0,11,50,61,67,64,56,51,14,9,0,0,0,0,0
0,0,4,0,0,0,0,0,0,8,0,11,14,50,58,63,59,54,36,16,10,0,0,0,0,0
0,0,0,8,7,8,0,0,9,7,0,11,14,19,54,58,54,51,42,20,10,6,0,0,0,0
0,5,6,8,9,0,4,7,7,0,10,13,10,18,51,52,51,36,33,14,6,8,0,0,0,0
0,0,8,10,0,4,0,0,0,8,10,9,10,14,33,44,38,23,11,13,9,6,0,0,0,0
0,0,0,8,7,0,0,0,0,6,7,6,11,9,14,17,11,10,11,8,5,0,4,0,0,0
8,16,41,53,55,59,63,70,81,95,106,101,106,113,113,96,84,94,97,84,66,54,13,9,6,0
12,23,42,51,53,60,74,90,110,98,83,82,90,86,82,80,86,107,101,83,66,56,10,6,0,0
10,17,33,50,52,57,58,63,67,75,73,67,70,81,73,73,88,106,99,81,63,51,18,0,0,0
11,14,23,38,39,43,27,9,50,60,66,61,63,65,68,74,96,109,101,77,63,51,12,0,0,6
9,13,14,21,13,0,7,17,52,53,69,61,56,59,74,74,91,107,93,90,67,53,11,0,0,0
0,0,0,10,6,10,40,35,27,55,13,9,53,65,70,71,87,104,110,97,80,56,9,0,0,0
0,0,6,23,13,17,51,13,30,50,61,62,63,68,70,73,91,113,119,100,80,57,11,0,0,0
0,0,9,21,27,17,19,27,46,60,64,62,64,71,74,74,80,101,101,95,73,56,14,8,0,0
0,20,9,27,27,41,9,31,51,70,61,58,68,75,73,74,76,89,90,82,72,56,14,0,0,0
7,12,0,11,14,10,12,22,33,47,53,58,65,73,70,73,74,77,81,77,73,51,9,0,0,0
0,0,0,12,13,8,14,12,25,43,22,54,58,65,66,67,70,75,77,75,70,50,10,0,0,0
0,9,12,40,18,34,40,27,51,51,53,59,62,67,66,70,76,85,85,94,84,61,37,8,0,0
9,14,29,53,55,56,53,53,54,55,55,62,66,68,70,78,74,91,96,104,84,70,55,9,0,0
6,11,14,51,73,63,50,32,52,54,55,53,56,58,60,64,61,70,77,87,80,61,32,0,0,0
14,26,61,85,118,90,70,61,60,63,63,66,68,72,78,79,77,90,95,100,94,74,60,22,0,6
12,40,65,91,110,79,68,59,61,64,65,68,70,77,79,77,84,85,96,91,88,71,58,17,0,0
11,25,59,82,73,62,59,56,60,62,62,65,69,73,75,77,83,88,96,96,85,71,56,17,5,6
15,20,55,64,58,53,54,54,55,57,59,64,71,74,75,81,88,94,100,105,94,74,56,19,0,7
16,31,54,59,57,55,54,54,59,70,65,67,72,73,76,88,93,98,103,98,90,66,55,16,0,7
22,23,54,57,58,55,53,51,63,71,80,80,83,85,85,93,98,103,100,92,81,63,54,13,7,10
15,41,57,61,60,57,53,54,63,66,73,73,70,78,83,94,100,104,95,85,76,64,53,9,0,9
12,26,52,55,55,53,54,52,57,67,65,65,71,78,85,92,96,95,86,77,65,52,21,0,7,7
12,18,36,48,43,43,44,29,49,55,59,63,65,68,81,98,97,97,86,73,56,37,33,13,0,12
10,12,45,52,53,36,15,28,54,58,60,60,64,77,85,91,98,87,81,71,59,33,14,13,0,6
8,13,33,51,42,13,13,33,51,55,58,59,60,66,74,76,81,81,70,63,55,31,14,8,7,0
8,12,26,42,33,11,14,14,51,53,55,56,57,62,71,77,75,74,70,59,53,34,11,0,0,0
10,10,21,28,14,12,8,13,28,25,50,51,52,56,68,72,70,67,65,52,41,14,8,0,0,0
6,11,18,13,10,7,7,7,13,16,14,25,50,54,61,67,69,64,60,47,32,11,8,0,0,0
0,11,26,13,0,9,10,10,13,14,14,21,45,54,63,66,67,63,55,14,13,10,0,0,0,0
10,12,12,11,11,8,7,9,12,14,9,10,12,54,63,59,61,59,53,45,11,7,0,0,0,0
9,12,10,12,9,8,10,11,12,0,6,10,0,51,59,60,60,57,52,45,12,0,0,0,0,0
7,7,9,10,8,10,11,9,8,0,6,12,6,38,53,59,56,54,44,25,8,0,0,0,0,0
0,0,0,9,8,7,7,0,0,0,0,0,0,33,53,60,61,56,47,30,13,0,0,0,0,0
0,5,0,0,0,0,0,0,0,0,9,6,7,50,59,65,65,57,51,14,11,0,0,0,0,0
0,0,0,0,0,0,0,0,0,0,0,0,11,47,61,67,65,56,51,14,10,0,0,0,0,0
0,0,0,0,0,0,5,0,0,8,0,11,14,50,58,63,59,54,38,15,10,0,0,0,0,0
0,0,0,8,8,8,0,0,9,7,0,11,14,17,54,58,54,51,42,20,10,6,0,0,0,0
0,5,6,9,9,0,4,7,7,0,10,13,10,18,51,52,51,38,35,14,6,8,0,0,0,0
0,0,8,11,0,4,0,0,0,8,10,9,10,13,34,44,38,23,11,13,9,6,0,0,0,0
0,0,0,9,7,0,0,5,0,6,8,6,11,9,14,17,11,10,12,8,6,0,4,0,0,0
7,15,40,53,56,59,63,71,80,95,106,101,106,114,112,96,84,94,96,84,66,54,13,9,7,0
12,23,45,51,53,60,74,90,110,98,83,82,90,85,82,80,86,107,101,83,65,56,10,6,0,0
10,17,34,50,51,57,58,64,67,74,72,67,70,80,74,73,88,106,99,80,63,51,20,0,0,0
11,14,25,39,38,45,29,9,50,60,66,61,63,65,67,74,96,109,100,76,62,51,13,0,0,6
9,14,14,23,12,0,7,17,52,53,69,61,56,59,74,74,91,107,94,90,67,54,12,0,0,0
0,0,0,10,6,9,43,35,30,54,12,9,52,64,69,70,87,104,110,96,79,56,9,5,0,0
0,0,6,27,13,17,52,13,30,50,60,62,63,67,70,73,91,114,119,100,80,57,11,0,0,0
0,0,10,25,25,15,23,27,43,59,64,63,64,71,73,73,81,101,101,95,73,56,14,7,0,0
0,20,9,33,25,41,9,28,51,70,61,59,67,74,73,74,76,90,89,81,72,57,14,0,0,0
7,12,0,11,13,10,12,25,30,47,53,58,65,72,70,73,75,77,82,77,73,51,10,0,0,0
0,0,0,12,12,8,14,12,22,43,17,54,58,65,66,67,69,75,78,74,70,51,10,0,0,0
0,9,13,45,16,28,37,25,51,51,54,59,62,66,65,70,76,86,85,94,84,62,42,8,0,0
9,14,29,53,55,55,54,53,54,55,55,61,66,68,70,77,74,91,96,102,84,70,55,9,0,0
6,11,14,51,73,62,50,29,52,54,55,53,56,59,60,63,61,70,77,86,80,60,34,0,0,0
14,25,62,85,117,90,70,61,60,63,62,65,68,71,77,79,77,90,95,99,94,74,60,19,0,6
12,46,66,91,109,79,69,59,61,64,65,68,70,77,78,77,82,85,97,91,87,71,58,15,0,0
11,25,59,82,73,62,59,55,61,61,62,65,68,73,75,77,83,88,97,96,85,72,57,14,5,5
14,20,55,64,58,53,54,54,55,57,59,64,70,73,75,80,88,95,100,105,94,73,56,17,0,7
20,31,54,60,57,55,55,54,59,69,65,68,71,73,76,87,93,99,104,98,90,67,56,15,0,7
22,21,54,57,58,55,53,51,62,70,79,80,82,85,85,92,98,103,100,92,80,63,55,12,8,10
16,39,57,61,60,56,53,54,62,66,72,72,70,78,83,93,100,104,95,85,76,64,53,9,0,9
12,27,52,56,55,53,54,52,57,67,65,65,71,78,85,93,96,96,86,77,64,52,21,0,7,6
13,18,36,49,43,43,44,29,48,55,58,63,65,68,81,98,97,98,86,73,56,37,34,13,0,12
10,12,44,53,53,36,16,28,54,58,60,60,63,77,85,90,98,88,81,71,59,33,13,13,0,6
8,13,33,52,40,13,13,37,52,55,58,58,60,67,74,76,81,82,70,63,55,36,14,8,7,0
8,12,26,44,29,11,14,14,51,53,55,56,56,61,71,77,74,74,70,59,52,34,11,0,0,0
10,10,23,32,13,12,8,13,23,23,48,51,52,56,68,72,69,66,65,52,39,14,8,0,0,0
6,11,18,13,9,7,7,8,13,16,14,25,50,54,61,67,69,64,59,47,28,11,8,0,0,0
0,11,26,13,0,9,10,10,14,13,14,21,45,54,63,66,67,63,56,14,12,10,0,0,0,0
10,12,13,12,10,7,7,9,12,14,8,10,12,54,63,58,61,59,53,42,11,7,0,0,0,0
9,12,10,12,8,8,10,11,12,7,6,10,0,50,59,60,60,57,52,50,11,5,0,0,0,0
7,7,9,10,8,10,10,10,8,0,6,12,6,38,53,59,56,54,44,25,8,0,0,0,0,0
0,0,0,9,0,7,7,0,0,0,0,0,0,31,53,60,62,56,50,30,12,0,0,0,0,0
0,5,0,0,0,0,0,0,0,0,9,6,7,50,59,65,64,57,51,14,11,0,0,0,0,0
0,0,4,0,0,0,0,0,0,0,0,0,11,44,61,67,65,57,52,14,9,5,0,0,0,0
0,0,4,0,0,0,6,0,0,7,0,10,14,50,58,63,58,54,40,15,9,0,0,0,0,0
0,0,4,8,8,8,0,0,8,7,0,11,14,17,54,57,54,51,40,17,10,6,0,0,0,0
0,5,6,9,10,0,4,7,7,0,10,13,10,20,51,52,51,38,36,14,6,8,0,0,0,0
0,0,8,11,0,4,0,0,0,8,10,9,10,13,36,44,35,25,11,13,9,7,0,0,0,0
0,0,0,9,7,0,0,5,0,5,8,6,11,9,14,15,11,10,12,8,5,0,4,0,0,0
7,15,40,52,56,59,63,70,81,95,106,103,105,114,112,95,83,94,97,84,67,54,13,9,7,0
12,25,45,51,54,59,74,89,110,99,82,82,90,85,82,80,86,107,102,83,66,55,10,6,0,0
10,18,35,51,52,56,58,64,67,74,71,67,71,81,74,72,87,107,99,80,63,50,18,0,0,0
11,14,27,39,38,42,29,8,50,60,65,61,64,67,68,74,96,110,101,77,62,51,13,0,0,6
9,13,14,25,13,0,7,15,52,52,69,60,56,60,74,73,91,108,94,90,68,54,12,0,0,0
0,0,0,10,7,9,43,37,27,55,12,9,52,64,70,70,87,103,111,97,80,56,9,0,0,0
0,0,7,25,13,15,52,13,33,50,60,62,62,67,71,73,90,113,120,99,80,56,11,0,0,0
0,0,9,23,27,15,19,27,43,60,63,63,64,71,74,73,80,101,102,95,73,57,13,7,0,0
0,20,8,30,30,44,9,25,51,69,61,59,67,74,74,72,75,90,90,81,72,56,14,0,0,0
7,13,0,11,14,10,12,22,27,44,53,58,64,72,70,72,74,77,82,76,73,51,10,0,0,0
0,0,0,12,13,8,14,13,25,43,20,54,58,65,67,67,68,74,78,75,69,51,10,0,0,0
0,9,13,40,18,31,37,22,51,51,54,58,62,66,66,69,76,86,85,95,84,61,40,8,0,0
9,14,29,53,56,55,54,52,53,55,54,61,66,68,71,77,74,91,98,103,84,70,55,8,0,0
6,10,14,50,74,63,50,28,52,54,55,52,56,59,61,63,60,70,78,86,80,60,32,0,0,0
14,25,62,85,118,90,70,61,60,63,62,65,68,71,78,78,76,90,96,100,95,74,60,20,0,6
12,48,66,90,110,79,68,58,60,64,65,67,70,77,79,76,82,85,97,91,88,71,57,15,0,0
11,23,59,82,74,62,59,55,60,62,62,64,69,73,75,77,83,87,97,96,86,71,56,17,5,0
14,18,55,64,58,53,54,53,55,57,59,64,70,73,75,79,88,95,101,106,94,73,55,19,0,6
18,31,54,60,57,55,54,53,59,69,65,67,71,73,76,87,92,99,104,98,89,67,55,14,0,6
22,21,54,57,58,55,53,51,62,70,79,79,82,85,86,92,97,104,99,93,80,63,54,12,8,10
18,41,57,61,60,56,53,53,62,66,72,72,70,78,84,93,100,106,95,85,76,64,53,9,0,8
12,27,52,56,55,54,54,52,57,67,65,65,71,77,86,92,95,96,86,77,64,52,20,0,7,6
13,19,36,50,43,43,44,28,48,55,59,63,65,68,81,98,96,98,86,73,56,37,33,13,0,12
10,12,45,52,53,36,16,27,53,58,60,60,63,77,85,90,98,88,81,72,58,30,13,13,0,6
8,13,37,52,44,13,13,33,51,55,57,58,59,67,75,76,81,82,70,63,55,36,14,8,8,0
8,12,26,42,31,11,14,14,51,53,55,56,56,61,71,78,74,74,71,59,52,31,11,0,0,0
10,10,23,32,13,12,8,13,20,23,48,51,52,56,68,72,69,67,66,52,43,13,8,0,0,0
6,11,18,13,10,7,7,8,12,18,14,25,50,54,61,67,69,64,60,45,33,11,8,0,0,0
0,11,26,13,0,9,10,10,14,13,14,17,43,54,63,65,66,63,56,14,13,10,0,0,0,0
9,12,13,11,10,8,7,9,12,14,8,10,11,53,64,59,61,59,54,37,11,7,0,0,0,0
9,12,11,12,9,8,10,11,12,7,6,9,0,50,60,59,60,57,52,45,11,5,0,0,0,0
7,7,9,10,8,10,11,9,8,0,6,12,5,41,53,58,56,54,44,25,8,0,0,0,0,0
0,0,0,9,0,7,8,0,0,0,0,0,0,33,54,59,61,56,50,31,12,0,0,0,0,0
0,5,0,0,0,0,0,0,0,0,9,5,7,47,60,65,64,56,51,13,11,0,0,0,0,0
0,0,5,0,0,0,0,0,0,0,0,0,11,47,61,67,64,57,51,14,10,0,0,0,0,0
0,0,5,0,0,0,6,0,0,7,0,11,13,50,58,62,57,54,40,15,9,0,0,0,0,0
0,0,4,8,8,8,0,0,8,7,0,11,13,17,55,57,54,51,42,15,10,6,0,0,0,0
0,5,6,9,10,0,4,7,6,0,10,13,10,20,52,52,50,39,38,14,7,9,0,0,0,0
0,0,8,11,0,4,0,0,0,8,10,9,10,13,40,42,36,25,11,13,9,7,0,0,0,0
0,0,6,9,7,0,0,5,0,6,7,6,11,9,14,14,10,11,12,8,6,0,4,0,0,0
7,15,38,52,56,59,62,70,80,95,106,102,105,114,113,94,84,95,97,84,67,54,13,9,7,0
11,21,44,50,53,60,74,90,110,99,82,81,89,86,83,80,85,106,102,83,66,56,10,6,0,0
11,18,35,50,51,57,58,64,67,74,71,67,71,80,75,72,87,105,99,81,63,51,16,0,0,0
11,14,26,38,36,45,29,8,47,59,65,60,64,67,68,74,95,110,100,77,61,51,12,0,0,6
9,13,14,25,13,0,7,15,51,52,68,60,56,59,74,72,91,108,94,90,67,54,12,0,0,0
0,0,0,9,6,10,43,40,27,54,12,9,52,64,69,70,87,103,110,97,79,56,9,0,0,0
0,0,7,25,13,17,52,13,36,43,60,62,62,67,71,73,90,113,120,99,80,56,11,0,0,0
0,0,10,23,27,17,19,27,50,60,63,63,64,71,74,72,80,101,102,95,72,57,13,7,0,0
0,20,9,33,27,47,9,23,50,69,61,59,68,74,74,72,75,90,89,82,72,56,14,0,0,0
7,13,0,11,14,10,12,20,30,47,53,58,64,71,71,72,73,78,83,77,72,51,10,0,0,0
0,0,0,11,13,8,14,12,22,46,17,53,57,64,68,66,69,75,78,75,69,51,10,0,0,0
0,9,14,37,16,34,34,22,51,51,54,58,62,66,66,69,76,86,85,95,84,61,37,8,0,0
9,14,34,53,55,56,54,52,53,56,54,62,66,68,71,76,74,91,97,104,83,70,55,8,0,0
0,10,14,50,73,63,50,26,52,53,55,52,56,59,61,63,61,71,78,87,79,61,32,0,0,0
14,25,62,86,117,91,70,61,60,62,62,65,68,71,78,77,76,90,96,100,95,74,60,19,0,6
11,48,66,90,110,79,68,58,61,64,65,67,70,77,78,76,82,85,97,91,88,71,57,14,0,0
10,25,59,82,73,63,58,56,61,61,62,65,68,72,75,77,83,87,97,95,86,71,57,17,5,6
14,18,55,63,57,53,53,53,55,57,60,64,70,72,75,79,88,95,101,106,94,73,55,14,0,6
18,30,54,60,57,55,54,53,59,69,64,67,71,72,76,86,93,99,104,98,89,67,54,15,0,7
26,21,54,57,58,55,53,50,62,70,79,79,81,85,86,91,97,104,99,93,80,63,54,12,8,11
15,41,57,60,60,56,53,53,62,67,72,72,70,78,84,93,99,105,95,85,76,65,53,9,0,9
11,28,52,56,55,54,54,52,56,67,65,65,71,77,85,92,95,96,86,77,64,52,20,0,7,7
12,19,36,49,43,44,43,28,49,54,58,63,65,68,81,98,96,98,86,73,56,38,33,13,0,12
10,12,43,53,53,38,16,27,53,57,60,60,63,77,85,89,98,87,81,71,58,33,14,12,0,6
8,13,35,52,44,13,13,33,51,55,57,58,59,67,75,75,80,81,70,63,55,40,14,7,7,0
8,12,28,42,29,12,13,13,51,53,55,56,56,61,71,77,74,74,71,59,52,36,11,0,0,0
9,10,23,30,13,12,8,13,20,23,44,51,52,56,68,71,69,67,66,53,43,14,8,0,0,0
0,11,20,13,10,7,7,7,12,16,13,25,50,54,61,66,68,64,60,45,32,12,8,0,0,0
0,11,26,13,0,9,10,10,14,13,14,17,43,54,63,64,67,62,56,14,13,10,0,0,0,0
9,12,12,11,9,8,7,9,12,13,7,10,12,53,64,59,61,59,54,40,11,7,0,0,0,0
9,12,11,12,9,8,10,11,12,8,6,9,0,50,60,59,60,57,52,47,12,6,0,0,0,0
7,7,9,10,8,10,11,10,8,0,6,12,0,36,53,58,55,54,44,25,8,0,0,0,0,0
0,0,0,9,0,7,7,6,0,0,0,0,0,32,54,59,61,57,50,30,12,0,0,0,0,0
0,5,0,0,0,0,0,0,0,0,9,5,7,47,60,65,64,57,51,13,11,0,0,0,0,0
0,0,5,0,0,0,0,0,0,0,0,0,11,44,61,67,64,57,51,14,10,5,0,0,0,0
0,0,5,0,0,0,6,0,0,7,0,11,14,50,59,62,57,55,40,16,9,0,0,0,0,0
0,0,5,8,8,8,0,0,8,7,0,10,14,15,55,56,54,51,44,20,10,6,0,0,0,0
0,5,6,8,10,0,4,7,6,0,10,12,10,20,52,51,50,38,38,14,6,9,0,0,0,0
0,0,8,11,0,4,0,0,0,8,10,9,10,13,40,41,31,23,11,13,9,7,0,0,0,0
0,0,6,9,7,0,0,5,0,6,7,6,10,9,14,14,10,11,12,8,6,0,4,0,0,0
7,17,38,51,56,59,62,70,81,95,106,102,104,114,113,94,83,95,97,84,66,54,13,9,7,0
11,22,45,50,53,61,73,90,110,99,82,81,89,86,83,80,85,107,101,83,66,56,10,6,0,0
11,17,34,50,51,57,58,63,68,74,71,66,71,80,75,72,87,106,98,80,63,51,16,0,0,0
11,14,26,36,35,43,27,8,47,59,65,61,63,67,68,73,95,110,100,77,61,51,13,0,0,6
9,13,14,23,12,0,7,15,51,52,69,60,56,59,73,73,91,109,94,91,67,53,12,0,0,0
0,0,0,10,6,10,40,35,25,54,12,10,52,63,69,70,87,103,111,97,80,55,9,0,0,0
6,0,7,25,13,19,51,13,38,37,60,61,62,67,71,73,89,113,120,99,80,55,11,0,0,0
0,0,10,23,27,19,17,30,50,60,64,63,64,71,75,71,80,102,103,95,72,56,13,7,0,0
0,21,8,30,27,47,9,25,51,69,62,59,67,74,74,72,75,90,90,82,72,56,14,0,0,0
7,13,0,11,14,10,12,17,33,47,53,57,64,70,72,72,73,78,83,77,72,51,10,0,0,0
0,0,0,11,13,8,14,12,20,46,20,53,58,64,68,66,69,75,78,76,68,51,10,0,0,0
0,9,14,35,18,34,31,22,52,51,54,59,62,66,66,68,76,87,85,95,84,61,42,7,0,0
9,14,31,52,55,56,54,52,53,56,54,62,66,68,71,76,74,92,98,104,83,70,55,8,0,0
6,10,14,50,73,63,51,27,51,53,55,53,55,59,61,63,60,71,78,86,80,61,30,0,0,0
15,26,61,85,118,91,71,61,60,62,62,65,67,71,78,77,75,90,96,100,95,74,60,20,0,7
11,50,66,90,110,80,68,58,61,64,65,67,70,77,78,75,82,85,97,91,88,71,57,15,0,0
11,26,59,82,73,63,59,56,61,61,63,65,68,72,75,76,83,87,97,95,85,72,57,19,5,6
14,20,56,63,57,54,53,53,55,57,59,64,69,72,75,79,87,94,101,105,94,73,55,14,0,6
18,33,54,59,57,55,54,53,58,69,64,66,70,72,75,86,93,99,104,98,89,67,54,16,0,8
27,20,54,57,58,55,52,50,62,70,78,79,81,85,86,91,97,105,99,93,79,63,54,12,9,11
16,41,57,61,60,57,53,53,62,67,72,72,70,78,83,93,100,105,95,86,77,65,53,9,0,9
12,31,51,55,55,55,53,52,57,67,65,65,71,77,85,92,95,96,86,77,64,52,18,0,8,7
12,19,36,48,43,45,43,29,48,55,58,63,64,68,82,97,96,98,87,73,56,38,33,13,0,12
10,12,43,53,53,39,15,28,53,57,60,60,63,77,86,89,97,88,81,72,58,33,14,13,0,6
8,13,37,51,46,13,13,37,51,55,57,58,59,67,75,76,80,82,70,63,55,43,14,8,7,0
8,12,26,44,29,12,13,13,51,53,55,56,56,61,71,77,74,74,71,59,52,34,11,0,0,0
9,11,26,30,13,12,8,13,20,23,48,51,52,56,68,71,68,67,66,52,43,14,8,0,0,0
6,11,20,13,10,7,6,8,13,15,13,23,50,54,61,66,68,64,59,47,32,12,9,0,0,0
0,11,25,13,0,10,10,10,14,13,14,14,43,54,63,64,66,63,55,14,13,10,0,0,0,0
9,12,12,11,9,8,6,9,12,13,7,10,11,54,64,59,61,59,54,37,10,7,0,0,0,0
9,12,11,12,9,9,10,11,12,7,6,9,0,50,60,59,60,57,52,50,12,6,0,0,0,0
7,8,10,10,8,10,11,9,8,0,0,12,0,36,54,58,55,54,45,25,7,0,0,0,0,0
0,0,0,9,0,7,7,7,0,0,0,0,0,32,54,59,61,57,50,28,11,0,0,0,0,0
0,5,0,0,0,0,0,0,0,0,9,6,6,45,60,65,64,56,51,13,11,0,0,0,0,0
0,0,5,0,0,0,0,0,0,0,0,0,11,44,61,67,63,57,52,14,10,5,0,0,0,0
0,0,5,0,0,6,0,0,0,7,0,11,13,50,58,62,58,55,43,16,10,0,0,0,0,0
0,0,4,8,8,8,0,0,9,7,0,10,13,19,55,57,54,51,48,17,10,6,0,0,0,0
0,5,6,8,10,0,4,7,6,0,10,12,10,20,52,51,50,39,36,14,7,9,0,0,0,0
0,0,8,11,0,4,0,0,0,8,10,9,9,14,41,42,31,25,12,13,9,6,0,0,0,0
0,0,6,8,6,0,0,0,0,6,7,6,10,9,15,14,11,12,12,8,6,0,4,0,0,0
7,17,43,51,55,59,61,70,81,95,106,102,103,113,112,94,83,95,97,84,67,54,13,9,6,0
12,20,42,50,53,60,74,90,110,99,82,82,89,86,82,80,85,107,101,83,66,56,10,6,0,0
11,15,33,50,51,57,58,63,68,74,71,66,71,79,75,72,87,106,99,80,64,52,16,0,0,0
11,14,25,35,36,42,29,8,50,59,65,60,64,67,68,73,95,110,101,77,61,51,12,0,0,6
9,13,14,23,13,0,7,15,52,52,69,60,56,60,74,73,91,108,94,90,67,53,12,0,0,0
0,0,0,10,6,10,40,35,25,55,12,10,52,64,69,71,87,103,110,98,80,55,9,0,0,0
7,0,0,23,12,17,51,13,36,37,60,62,62,68,71,72,90,113,120,99,80,55,11,0,0,0
0,0,10,21,30,21,17,30,50,60,64,63,63,71,75,72,80,101,102,95,72,57,13,7,0,0
0,21,9,27,27,44,9,23,51,69,62,58,67,75,73,73,76,89,90,82,72,56,14,0,0,0
7,13,0,11,14,10,13,15,30,47,53,57,63,70,72,71,72,78,82,77,72,52,9,0,0,0
0,0,0,11,12,8,14,12,17,50,22,53,58,65,68,66,69,76,77,76,69,51,10,0,0,0
0,9,14,32,18,40,28,25,52,52,53,59,63,67,66,68,75,87,85,95,84,61,37,7,0,0
10,14,31,52,55,57,53,52,53,56,54,62,66,68,71,76,74,91,99,105,83,70,55,8,0,0
6,10,14,50,73,64,50,28,51,53,54,52,55,59,61,63,60,71,79,87,79,61,26,0,0,0
16,28,61,84,118,91,71,61,60,62,61,65,67,72,78,78,75,90,96,101,95,74,60,22,0,6
11,48,65,90,110,80,69,58,61,64,65,67,69,76,78,76,82,85,96,92,88,71,57,15,0,0
11,25,59,81,73,63,58,56,60,61,62,65,68,72,75,76,83,87,97,95,86,71,56,23,5,6
14,20,56,63,57,54,53,53,55,57,59,63,69,73,74,79,88,93,102,105,94,73,54,15,0,6
18,30,54,58,57,55,54,53,58,68,64,66,70,73,75,86,93,99,104,99,90,67,55,15,0,8
27,20,54,57,57,55,53,50,62,70,78,79,81,85,85,91,97,104,99,93,79,64,54,12,8,11
15,36,57,61,59,57,53,53,61,67,72,72,69,78,83,93,99,104,95,86,77,65,53,9,0,9
12,28,51,55,55,54,54,52,57,67,65,65,71,77,85,91,95,96,86,78,64,52,18,0,8,8
12,20,36,48,43,43,45,28,47,55,58,63,64,68,82,97,96,98,87,73,56,39,32,13,0,12
10,13,42,53,53,39,16,28,53,57,60,60,62,77,86,90,97,87,81,72,58,36,13,12,0,0
8,13,37,51,46,13,13,33,51,55,57,58,59,67,74,76,80,81,70,63,56,43,14,8,7,0
8,12,26,37,27,12,13,13,51,53,54,56,56,61,71,77,75,74,71,59,52,31,11,0,0,0
9,10,28,25,13,12,8,13,21,21,48,51,51,57,68,71,69,67,66,52,45,14,8,0,0,0
6,11,18,13,10,7,6,7,13,14,13,21,50,54,61,65,68,64,60,47,32,12,9,0,0,0
0,11,26,13,0,10,10,10,14,13,14,15,41,55,63,64,67,63,55,15,13,10,0,0,0,0
10,12,12,10,10,8,7,9,12,13,7,10,11,54,64,58,61,59,54,37,10,7,0,0,0,0
9,11,11,12,10,9,10,10,12,7,6,10,0,51,60,59,60,57,52,45,12,6,0,0,0,0
7,8,10,9,8,11,12,9,8,0,0,12,0,36,54,58,56,54,44,23,7,0,0,0,0,0
0,0,0,0,0,7,7,6,0,0,0,0,0,33,54,59,62,57,50,30,12,0,0,0,0,0
0,5,0,0,0,0,0,0,0,0,9,6,7,47,60,65,64,56,51,13,11,0,0,0,0,0
0,0,5,0,0,0,0,0,0,0,0,0,10,47,61,67,63,57,51,15,10,5,0,0,0,0
0,0,5,0,0,7,0,0,0,7,0,11,13,50,58,62,58,54,38,16,10,0,0,0,0,0
0,0,0,8,8,8,0,0,9,7,0,10,13,19,55,57,54,51,48,20,10,7,0,0,0,0
0,5,6,8,9,0,4,6,6,0,10,12,10,21,52,51,50,39,36,14,7,9,0,0,0,0
0,0,8,11,0,4,0,0,0,8,10,9,9,14,40,42,33,23,12,13,8,6,0,0,0,0
0,0,6,8,6,0,0,0,0,6,7,6,10,9,15,14,11,11,12,7,6,0,0,0,0,0
7,17,43,52,55,59,61,70,81,95,106,101,104,113,113,94,84,94,96,83,66,55,13,9,6,0
12,18,42,51,53,60,73,90,110,99,81,82,89,86,82,79,84,106,100,83,66,56,10,6,0,0
11,14,33,51,51,57,58,63,68,74,72,66,70,79,75,71,87,107,98,80,64,52,18,0,0,0
11,14,22,35,38,43,31,8,50,59,65,60,63,67,67,73,94,109,100,77,61,51,13,0,0,6
9,13,14,23,12,0,7,20,52,52,68,60,56,60,73,73,90,107,93,90,67,53,11,0,0,0
0,0,0,10,6,10,40,35,27,54,11,9,52,64,69,71,88,104,109,98,79,55,9,0,0,0
7,0,0,23,12,17,51,12,36,31,61,61,62,68,71,73,90,113,119,99,80,56,11,0,0,0
0,0,10,21,27,23,17,33,50,59,64,63,63,71,75,72,80,101,102,95,72,57,13,7,0,0
0,21,9,30,27,44,9,28,51,69,61,58,67,74,73,73,76,89,90,82,71,56,14,0,0,0
7,13,0,11,14,10,13,15,33,44,53,57,64,71,72,72,73,78,82,76,71,52,9,0,0,0
0,0,0,12,12,8,14,12,17,46,17,53,58,65,68,66,70,77,77,76,69,51,10,0,0,0
0,9,14,35,18,40,28,25,52,51,53,59,63,67,65,69,75,86,85,95,84,61,40,7,0,0
10,14,31,52,55,57,52,53,53,56,54,62,65,68,70,76,73,90,97,105,83,70,55,8,0,0
0,10,14,50,73,64,50,28,51,52,54,53,56,58,60,63,61,70,78,86,79,62,25,0,0,0
18,28,61,84,118,91,71,61,60,62,61,64,68,72,78,77,75,90,97,100,94,74,60,20,0,6
11,46,64,91,111,80,69,59,61,64,64,67,69,76,78,76,82,85,95,92,87,71,58,14,0,0
10,26,59,81,73,62,58,56,60,61,62,65,67,72,75,76,83,88,97,95,86,72,56,19,5,6
14,18,55,63,57,53,54,53,55,56,59,63,69,73,74,79,88,93,100,105,94,74,54,14,0,6
20,28,54,58,57,55,54,53,58,68,63,66,70,72,75,86,93,99,104,99,90,67,55,16,0,7
28,20,54,57,58,55,53,50,62,69,78,79,81,85,85,91,97,104,98,93,80,64,54,12,8,11
15,35,56,60,60,57,53,53,62,66,71,72,69,78,83,93,100,103,94,85,77,65,53,9,0,9
12,28,51,55,55,54,54,52,56,66,65,64,71,77,85,91,95,96,86,78,64,52,18,0,8,8
13,19,36,47,43,42,46,28,47,55,57,62,64,68,83,97,96,98,87,73,56,40,32,13,0,12
10,13,42,53,53,39,17,28,53,56,59,60,62,77,85,90,97,87,81,71,58,39,13,13,0,0
8,13,37,51,46,13,13,35,51,55,57,58,59,67,74,76,80,81,70,63,55,47,14,8,7,0
8,11,26,37,31,12,13,13,51,53,54,55,56,61,70,77,75,74,71,59,52,38,11,0,0,0
9,10,28,26,13,12,8,13,23,20,46,51,52,56,68,70,69,66,66,53,41,21,8,0,0,0
6,11,18,13,10,7,6,8,13,14,13,21,50,54,61,65,68,63,60,50,28,12,8,0,0,0
0,11,25,12,0,10,10,10,14,13,14,15,43,55,63,64,67,63,55,14,13,10,0,0,0,0
10,11,12,11,10,8,6,9,12,13,0,10,11,54,64,58,61,58,54,42,10,8,0,0,0,0
10,12,11,12,10,9,10,10,12,7,6,10,0,51,59,59,61,57,52,50,12,6,0,0,0,0
7,7,10,9,9,11,11,9,8,0,0,11,0,36,54,58,56,54,44,23,7,0,0,0,0,0
0,0,0,0,8,7,7,6,0,0,0,0,0,30,53,58,62,57,48,32,11,0,0,0,0,0
0,6,0,0,0,0,0,0,0,0,8,6,7,45,60,65,64,57,51,14,11,0,0,0,0,0
0,0,5,0,0,0,0,0,0,0,0,0,11,47,61,67,63,56,51,15,9,6,0,0,0,0
0,0,5,0,6,7,0,0,0,7,0,11,13,45,58,61,58,54,38,15,10,0,0,0,0,0
0,0,0,8,8,8,0,0,9,6,0,10,13,15,54,57,54,51,46,17,10,7,0,0,0,0
0,5,6,8,9,0,4,7,7,0,9,12,10,21,51,51,50,41,35,14,6,9,0,0,0,0
0,0,8,10,0,4,0,5,0,7,10,9,10,14,38,41,33,22,11,13,8,6,0,0,0,0
0,0,6,8,7,0,0,0,0,6,7,6,10,9,14,14,11,12,11,8,6,0,0,0,0,0
7,16,41,52,55,59,61,70,81,95,106,101,103,114,111,95,84,94,96,83,66,54,12,9,6,0
12,20,44,51,53,60,73,90,110,98,81,82,89,86,81,80,85,106,101,83,66,55,10,6,0,0
11,14,33,51,52,57,58,63,68,74,71,66,69,80,75,71,87,106,99,80,63,51,18,0,0,0
12,14,22,35,39,42,31,8,50,59,65,60,62,67,67,74,95,109,101,77,62,51,13,0,0,6
9,13,14,23,13,0,8,17,52,52,69,60,56,60,73,74,91,107,93,90,66,53,11,0,0,0
0,0,0,10,6,9,37,32,25,54,11,9,51,64,69,71,88,103,109,98,79,55,8,0,0,0
7,0,0,21,12,17,51,13,33,34,61,61,62,68,71,72,90,112,119,100,79,56,11,0,0,0
0,0,10,23,27,21,19,30,46,58,64,63,63,71,74,72,80,100,102,95,72,57,13,8,0,0
0,20,9,30,33,44,9,28,51,70,60,58,67,74,73,73,76,89,90,81,71,56,14,0,0,0
7,13,0,11,14,10,13,15,30,41,53,57,64,71,72,72,74,77,82,76,71,52,9,0,0,0
0,0,0,12,12,8,14,12,17,43,22,52,58,65,67,66,70,75,77,75,69,51,10,0,0,0
0,9,14,37,20,37,31,22,52,51,53,59,63,68,65,69,76,85,85,95,84,61,42,7,0,0
10,13,29,52,56,57,52,53,53,56,54,62,65,68,70,76,74,90,98,106,83,70,55,9,0,0
0,11,14,50,74,63,50,29,51,52,54,53,56,58,60,63,61,70,78,86,79,61,25,0,0,0
16,26,61,84,119,91,71,61,60,62,62,64,67,71,77,77,76,90,97,100,94,74,59,23,0,6
11,44,65,91,111,79,68,58,61,64,64,67,68,76,77,76,82,85,95,92,87,70,58,15,0,0
11,25,59,82,73,62,58,56,60,60,62,65,67,72,75,76,84,87,96,96,86,71,56,23,5,5
14,20,56,63,57,53,54,53,55,56,59,63,68,73,74,79,88,93,100,105,93,73,55,14,0,6
20,28,54,58,57,55,55,53,58,68,63,66,70,72,75,86,93,98,103,99,89,67,55,16,0,7
26,20,54,57,58,55,52,51,62,69,78,79,81,85,84,91,97,104,98,92,79,64,54,12,8,10
16,35,56,60,60,57,53,53,61,66,71,71,69,78,82,93,100,103,94,86,76,63,53,9,0,9
12,27,51,55,55,54,53,52,56,66,64,64,71,77,85,91,95,95,86,78,64,53,18,0,7,7
13,19,36,48,43,42,45,28,45,55,57,62,64,68,82,98,97,98,86,73,56,39,32,13,0,12
10,13,44,53,54,39,16,28,53,56,59,60,63,77,85,90,98,87,81,71,58,36,13,13,0,0
8,13,39,51,48,13,14,31,51,55,57,58,59,67,73,76,80,81,70,63,56,45,14,8,7,0
8,12,25,39,33,12,13,13,51,53,54,55,56,61,70,77,75,74,71,59,52,36,11,0,0,0
9,10,28,28,13,12,8,13,21,20,46,51,52,56,68,71,69,66,66,52,37,19,9,0,0,0
6,11,16,13,10,8,6,8,13,14,13,19,50,55,61,66,69,64,60,50,25,12,8,0,0,0
0,11,25,12,0,10,10,10,14,13,13,14,43,55,62,64,67,63,55,14,13,9,6,0,0,0
9,11,12,11,11,7,6,9,12,13,0,10,10,54,64,58,61,58,54,42,10,7,0,0,0,0
9,11,11,12,10,9,10,10,12,7,6,9,0,51,59,59,61,57,52,50,12,6,0,0,0,0
7,7,9,9,9,10,11,9,8,0,0,11,0,40,53,58,56,53,45,25,7,0,0,0,0,0
0,0,0,0,0,7,7,0,0,0,0,0,0,31,53,59,62,56,48,34,11,0,0,0,0,0
0,5,0,0,0,0,0,0,0,0,8,6,7,47,60,65,64,56,51,14,12,0,0,0,0,0
0,0,5,0,0,0,0,0,0,0,0,0,11,47,61,67,64,56,52,15,8,5,0,0,0,0
0,0,5,0,6,7,0,0,0,7,0,10,13,47,58,62,58,54,40,15,10,0,0,0,0,0
0,0,0,8,8,8,0,0,8,6,0,10,13,17,54,57,55,51,46,15,10,7,0,0,0,0
0,5,6,8,9,0,0,6,7,0,9,12,10,21,51,51,50,38,35,14,6,9,0,0,0,0
0,0,8,10,0,4,0,0,0,8,10,10,10,14,37,41,36,20,11,13,8,6,0,0,0,0
0,0,6,8,7,0,0,0,0,6,8,6,11,10,14,14,11,12,11,8,5,0,0,0,0,0
