7,13,13,23,52,60,62,75,90,114,125,121,116,82,66,73,57,57,60,56,52,33,12,10,0,0
11,13,20,24,53,65,73,96,114,116,99,105,130,97,78,69,60,57,54,41,50,13,12,6,0,0
12,33,24,42,53,64,78,91,83,93,117,123,137,104,83,61,59,54,25,12,14,21,13,0,0,0
11,20,31,40,52,62,70,76,98,108,131,121,127,100,86,71,56,50,51,51,50,10,8,0,0,0
10,19,35,52,51,54,81,102,126,117,105,117,102,112,105,82,70,56,43,47,14,9,8,0,0,0
9,12,13,32,52,74,111,125,141,134,91,84,115,131,125,101,78,77,61,62,56,30,7,7,7,0
12,13,13,52,65,101,126,141,143,140,104,83,105,130,126,117,85,76,80,71,62,50,10,0,7,7
10,10,13,52,73,108,126,128,130,131,109,78,80,100,108,108,86,76,81,70,61,25,14,6,0,0
9,11,13,53,69,106,117,117,114,117,95,69,78,81,74,81,75,76,79,60,53,11,8,0,0,0
0,9,9,47,64,97,109,111,104,86,70,65,69,68,51,22,50,52,54,43,12,0,0,0,0,0
0,0,8,41,57,82,96,102,92,75,62,58,60,61,56,30,36,12,47,34,9,10,0,0,0,0
0,0,0,50,61,70,85,81,79,71,63,58,62,62,51,53,14,22,38,14,15,7,6,0,0,0
0,12,12,57,65,77,89,82,81,71,62,63,69,62,61,61,59,58,63,66,59,50,33,8,0,0
0,0,13,50,59,70,92,80,83,79,70,61,61,59,62,66,66,69,77,84,72,60,12,0,0,0
7,33,50,62,73,86,112,87,81,85,89,88,92,91,86,91,89,92,92,98,87,65,52,16,7,9
23,38,50,66,82,108,108,109,93,92,105,95,100,111,105,90,87,82,77,79,70,64,57,13,0,10
30,53,55,66,87,104,114,124,118,118,118,128,112,107,106,106,84,75,82,81,70,66,59,47,8,7
20,52,56,67,83,107,127,133,130,125,123,122,129,104,95,94,81,70,76,84,77,65,54,13,8,8
42,51,55,71,88,120,141,142,145,138,122,110,127,103,93,85,73,69,78,80,79,72,55,20,10,8
33,53,56,65,82,116,142,143,145,131,129,113,108,101,85,75,69,71,77,81,81,65,55,39,22,12
36,53,57,66,78,107,135,134,139,125,110,97,90,91,84,72,72,73,81,85,82,68,53,14,13,14
23,51,56,63,73,90,120,120,119,105,92,83,82,80,74,75,66,65,70,73,71,57,48,11,0,10
15,25,36,52,54,73,97,93,92,85,79,75,75,65,60,69,52,55,62,65,59,39,27,17,7,0
11,21,29,50,58,75,75,75,78,77,71,69,74,69,63,57,61,54,64,69,58,32,12,10,7,0
10,13,12,27,53,60,66,69,75,70,67,65,61,61,57,53,54,57,60,65,55,25,13,7,0,6
9,10,13,23,41,56,60,66,70,67,63,63,59,56,53,53,51,58,65,59,52,14,11,6,0,0
0,10,9,13,26,53,53,61,62,62,59,58,54,52,50,43,39,50,62,59,37,8,0,0,0,0
6,8,7,12,21,51,53,56,59,58,60,56,53,51,19,47,39,54,71,56,50,11,8,0,0,0
0,0,8,11,13,37,51,55,56,55,54,53,52,50,14,35,20,47,55,51,34,8,6,0,0,0
0,0,7,9,10,29,50,54,54,53,52,51,50,35,8,11,14,50,51,53,41,9,7,0,0,0
0,7,7,9,12,13,23,51,53,52,50,27,43,14,10,13,14,30,50,54,50,13,6,0,0,0
0,7,7,9,12,13,27,28,51,52,50,14,20,15,12,14,7,10,16,22,20,33,11,0,0,0
0,0,0,0,0,19,28,17,25,40,39,13,17,18,10,16,9,9,13,14,10,0,7,0,0,0
0,7,0,0,0,13,10,12,32,47,25,11,12,14,8,12,10,7,7,11,6,0,0,0,0,0
0,6,0,0,7,14,0,35,52,51,40,14,10,8,0,13,12,9,7,8,0,0,0,0,0,0
0,5,0,5,9,14,9,50,52,51,40,13,6,9,0,12,12,11,10,10,7,0,0,0,0,0
0,0,0,0,10,11,11,51,52,50,10,9,7,10,0,12,11,11,10,8,8,0,0,0,0,0
0,10,0,0,9,5,10,27,40,13,17,6,13,12,4,12,10,10,11,10,8,0,0,0,0,0
0,0,0,0,0,10,8,30,42,9,11,6,14,11,0,8,6,9,10,8,6,0,0,0,0,0
0,0,0,8,7,10,11,31,16,5,9,12,11,10,0,10,6,7,10,8,0,0,5,0,0,0
7,13,13,23,51,59,62,75,91,114,126,119,116,82,66,73,57,57,60,56,52,36,12,10,0,0
10,13,21,24,53,65,73,95,113,117,99,104,130,97,78,69,59,57,54,41,50,14,12,6,0,0
11,32,24,42,53,64,78,91,83,93,116,123,137,105,84,61,59,54,25,12,14,23,13,0,0,0
11,21,31,40,52,62,70,76,98,107,132,121,127,100,86,71,55,47,51,51,50,11,8,0,0,0
10,19,32,51,52,54,81,101,125,117,105,116,102,113,105,82,69,57,43,50,14,10,8,0,0,0
9,12,13,30,52,74,111,125,141,133,91,84,115,131,125,102,77,78,61,62,56,30,7,7,7,0
12,13,12,51,64,101,126,141,143,140,104,83,104,130,126,118,85,76,80,70,63,50,9,0,7,7
10,11,13,52,72,108,127,128,129,131,108,77,80,100,108,108,86,76,81,70,62,27,14,6,0,0
9,11,12,54,70,106,117,118,114,117,94,70,77,81,74,81,75,76,79,60,53,11,8,0,0,0
0,9,9,42,63,98,109,111,105,86,69,65,68,69,51,17,51,52,54,34,12,0,0,0,0,0
0,0,8,38,57,81,96,102,93,75,62,58,60,61,56,30,36,12,41,34,10,10,0,0,0,0
0,0,6,47,61,70,85,81,79,71,62,59,62,61,51,53,14,17,36,14,14,8,6,0,0,0
0,12,12,57,66,76,88,82,81,71,61,63,68,62,61,61,59,58,64,65,59,50,30,8,0,0
0,0,13,50,59,69,92,80,82,79,70,61,61,60,62,66,66,69,77,83,72,60,11,0,0,0
6,33,51,62,73,85,111,87,80,85,89,88,92,92,86,92,90,91,91,98,87,65,51,15,7,8
19,40,50,66,83,108,108,109,92,93,104,96,100,112,106,90,87,82,78,80,70,64,57,13,0,10
28,53,55,66,87,103,114,124,117,119,118,128,112,107,106,107,84,75,81,81,70,66,59,45,8,7
18,52,56,67,83,107,126,133,129,124,123,121,129,104,95,94,82,70,76,84,77,66,54,13,9,7
42,51,55,71,88,119,141,142,144,138,123,110,126,102,94,85,73,70,78,80,79,72,55,22,10,7
33,53,56,65,82,115,142,143,144,131,129,113,107,101,85,75,69,71,77,81,81,65,54,39,20,12
33,54,56,65,77,106,135,134,138,125,110,97,90,90,84,72,72,73,81,85,81,69,53,14,13,13
20,51,56,63,72,89,119,121,119,105,91,82,82,80,74,75,66,65,71,73,71,57,46,11,0,10
15,25,36,53,54,73,97,92,92,84,78,75,74,65,60,69,52,56,62,65,59,40,27,17,8,0
11,20,29,50,58,75,75,75,77,76,71,69,74,68,63,57,61,54,63,69,58,32,12,10,7,0
10,13,12,25,53,60,65,69,75,69,67,65,61,60,57,52,54,57,60,65,55,29,12,7,0,5
9,9,12,23,41,56,60,65,70,67,63,63,59,56,53,53,51,59,65,59,52,20,11,6,0,0
0,10,8,13,25,53,53,61,62,62,59,58,54,52,50,45,37,50,62,59,39,8,0,0,0,0
6,8,7,12,20,51,53,56,58,58,60,55,53,51,21,47,39,55,71,56,50,12,8,0,0,0
0,0,7,11,13,35,51,55,56,54,54,53,52,50,15,35,18,47,55,51,31,8,6,0,0,0
0,0,7,9,10,29,50,54,54,53,52,50,50,37,8,11,14,50,51,52,41,10,7,0,0,0
0,7,7,10,12,13,23,51,53,51,50,25,40,15,10,13,14,27,50,54,50,13,6,0,0,0
0,7,6,9,12,13,29,25,50,52,50,14,19,18,13,14,7,11,14,21,20,33,11,6,0,0
0,0,0,0,0,19,26,16,26,41,39,12,16,18,10,16,9,9,13,13,11,0,7,0,0,0
0,7,0,0,0,13,9,12,35,47,23,11,12,14,8,12,10,7,7,11,7,0,0,0,0,0
0,6,0,0,6,14,0,30,52,51,42,14,10,8,0,13,12,9,7,8,0,0,0,0,0,0
0,5,0,5,10,14,10,50,53,51,42,13,6,9,6,12,12,11,10,10,7,0,0,0,0,0
0,0,0,0,10,11,11,51,52,50,10,10,7,11,0,12,11,11,10,8,8,0,0,0,0,0
0,9,0,0,9,5,10,27,40,13,17,6,13,12,4,12,10,10,11,10,8,4,0,0,0,0
0,5,0,0,0,9,8,28,40,9,10,6,13,12,0,8,6,9,10,8,5,0,0,0,0,0
0,0,0,8,7,9,11,30,15,5,10,12,11,10,0,10,6,7,10,8,0,0,5,0,0,0
6,13,13,23,51,59,62,74,91,114,125,120,115,82,65,73,58,57,60,56,52,33,12,10,0,0
10,13,20,24,53,65,73,95,113,116,100,105,131,97,78,69,60,58,54,41,50,14,11,6,0,0
11,30,24,39,53,64,78,91,83,93,116,124,137,105,83,61,59,54,33,12,14,21,12,0,0,0
11,20,31,38,52,62,71,75,97,107,132,121,127,100,86,71,55,50,52,51,50,10,8,0,0,0
10,19,32,51,51,54,81,102,125,117,105,116,101,113,105,82,69,57,50,50,14,9,8,0,0,0
8,12,13,32,52,74,111,125,140,133,91,84,115,130,125,102,78,78,61,61,55,33,7,8,6,0
12,13,13,51,64,101,126,141,142,140,104,83,103,130,126,118,86,76,81,70,62,50,9,0,7,7
9,11,13,52,73,108,127,128,129,131,108,77,79,100,108,108,86,76,81,70,61,27,14,6,0,0
8,11,13,54,70,106,116,117,113,117,95,70,77,80,74,80,75,76,79,60,52,11,8,0,0,0
0,9,9,40,63,98,109,111,104,86,71,64,69,68,51,20,51,52,55,34,12,0,0,0,0,0
0,0,8,38,57,81,97,102,92,76,61,58,60,61,56,38,38,12,41,34,9,11,0,0,0,0
0,0,6,45,61,69,84,82,79,71,62,59,62,61,51,53,15,22,38,15,14,8,6,0,0,0
0,12,11,56,65,76,89,82,81,71,61,63,68,62,61,61,58,58,64,66,59,50,30,8,0,0
0,0,13,50,59,69,93,80,82,78,70,61,61,60,62,66,67,69,77,84,72,61,10,0,0,0
6,31,50,62,73,86,110,87,80,85,89,88,92,92,86,92,90,92,91,99,87,65,51,16,7,9
19,40,50,66,82,108,108,108,92,92,104,96,100,112,106,90,87,82,78,80,70,64,57,13,0,10
28,53,55,66,87,104,114,125,117,119,119,128,112,107,106,107,84,75,82,81,70,66,60,45,8,7
20,52,56,66,83,106,127,133,129,123,123,121,128,103,95,94,81,70,76,85,77,66,54,13,9,7
42,51,55,71,88,119,140,142,145,138,123,110,126,102,94,85,72,70,78,81,79,72,55,22,11,7
33,53,55,65,82,115,141,143,145,130,129,113,108,101,85,76,69,71,77,81,81,65,54,39,20,12
33,54,56,65,77,105,135,134,138,124,111,97,90,90,83,73,72,73,81,85,81,68,53,14,13,13
20,51,56,63,72,89,119,120,119,105,92,82,82,80,74,74,66,65,71,74,71,58,46,11,0,10
15,25,34,53,54,72,96,92,91,84,79,74,74,65,60,68,52,55,62,66,58,40,27,17,7,0
11,20,27,48,57,75,75,75,77,76,71,69,73,69,63,57,60,55,64,69,58,32,12,10,7,0
10,13,12,23,53,60,65,68,75,69,67,65,60,60,57,53,54,57,60,65,55,27,12,7,0,6
9,10,12,21,41,56,59,65,70,67,63,63,58,56,53,53,51,59,65,59,52,20,11,6,0,0
0,10,8,13,25,53,53,61,62,62,59,58,54,52,50,45,35,50,62,59,39,8,0,0,0,0
6,8,7,12,20,51,53,56,58,58,60,55,53,50,19,50,37,55,71,56,48,12,8,0,0,0
0,0,7,11,13,35,51,55,55,54,54,52,52,50,15,35,18,47,55,52,29,8,6,0,0,0
0,0,7,9,11,27,50,54,54,53,52,51,50,37,7,11,13,50,51,52,41,10,7,0,0,0
0,6,7,9,12,12,23,51,52,52,50,25,38,17,10,13,14,27,50,54,47,14,0,0,0,0
0,7,6,9,12,13,27,25,50,51,50,14,19,20,12,15,8,11,16,20,19,33,11,6,0,0
0,0,0,0,0,16,28,16,25,40,40,12,17,18,10,17,10,9,13,13,10,0,7,0,0,0
0,7,0,0,0,13,9,12,27,47,25,12,12,14,7,12,9,7,8,11,6,0,0,0,0,0
0,6,0,0,6,14,0,27,51,50,42,14,9,8,0,13,12,9,7,8,0,0,0,0,0,0
0,0,0,5,10,14,9,50,52,51,42,13,6,9,0,12,12,11,10,10,7,0,0,0,0,0
0,0,0,0,10,11,11,50,52,50,10,10,7,10,0,13,11,11,11,8,7,0,0,0,0,0
0,10,0,0,9,5,10,27,39,13,17,6,13,12,5,13,11,10,11,10,8,4,0,0,0,0
0,5,0,0,0,9,8,25,39,9,11,6,13,12,0,8,7,9,10,8,5,0,0,0,0,0
0,0,0,8,6,9,11,30,14,5,9,12,11,10,0,10,5,7,9,8,0,0,5,0,0,0
6,13,13,23,51,59,63,75,91,114,124,120,114,82,65,73,58,57,60,55,52,41,12,10,0,0
10,14,20,24,53,66,72,95,112,116,99,104,131,96,77,69,60,58,54,41,50,14,11,6,0,0
11,29,23,39,54,64,77,91,83,93,116,123,136,105,83,61,59,54,33,12,14,23,12,0,0,0
11,20,32,39,52,62,70,75,97,106,131,121,126,100,86,71,55,47,52,51,50,11,8,0,0,0
10,17,30,51,51,55,81,102,125,117,105,115,101,112,105,83,69,56,50,50,14,10,8,0,0,0
8,12,13,30,51,75,111,125,140,133,90,84,114,130,125,102,78,78,61,61,55,36,7,8,7,0
12,13,13,52,63,101,126,141,142,140,104,83,103,129,126,118,86,76,81,70,62,51,10,0,0,8
9,11,13,53,73,109,126,128,129,132,107,77,79,101,109,108,87,76,81,70,61,27,14,6,0,0
8,11,13,54,70,107,116,117,113,117,94,69,76,78,74,80,75,76,78,60,52,11,8,0,0,0
0,9,8,40,63,98,108,110,104,86,71,64,68,67,51,17,51,51,55,31,12,0,0,0,0,0
0,0,7,38,56,82,96,102,93,75,61,57,60,61,56,38,40,11,44,31,9,11,0,0,0,0
0,0,7,45,61,69,83,81,79,70,61,59,61,61,51,53,15,17,38,14,14,8,6,0,0,0
0,12,12,56,66,77,88,82,81,70,60,63,68,60,61,61,58,58,64,65,58,50,33,8,6,0
0,6,13,50,59,69,92,80,82,78,69,61,61,60,61,66,67,69,77,84,73,61,11,0,0,0
6,33,50,63,73,86,109,87,80,85,89,89,92,92,86,92,90,92,91,99,87,65,51,16,7,10
21,44,46,66,83,108,107,108,92,92,104,96,100,112,106,90,87,82,78,79,70,64,57,13,0,10
30,53,55,66,87,104,113,125,117,118,118,127,113,106,106,106,84,75,82,81,70,66,60,45,7,8
21,52,56,66,84,106,127,133,129,122,123,121,127,103,95,94,81,70,76,84,77,66,54,13,9,7
40,51,55,71,88,119,140,142,145,137,123,110,126,102,94,85,73,70,79,80,79,72,54,25,10,8
32,53,55,65,82,116,141,143,144,130,128,113,107,101,85,76,69,71,77,81,81,65,54,37,19,11
33,54,56,65,77,106,135,134,138,124,111,97,89,90,83,73,72,73,81,85,81,68,54,13,12,13
20,51,56,63,73,90,118,120,119,105,91,82,82,79,74,74,66,65,71,73,71,58,48,11,0,11
15,25,35,53,54,72,96,91,91,84,79,74,74,65,59,68,53,55,62,66,58,41,27,18,7,0
11,18,28,48,57,75,74,75,76,76,70,68,73,68,63,57,60,54,64,69,58,33,12,9,7,0
10,13,12,23,53,60,64,68,75,69,66,65,60,60,57,53,55,57,60,64,54,23,12,7,0,6
9,10,12,21,43,56,59,64,69,66,63,62,58,56,53,53,51,59,65,59,51,18,10,6,0,0
0,10,8,12,23,53,53,60,62,62,59,57,54,52,50,47,33,50,62,59,37,8,0,0,0,0
6,8,7,11,18,51,53,56,58,58,59,55,53,50,17,47,37,55,71,56,48,12,8,0,0,0
0,0,7,11,13,37,51,55,55,54,54,52,52,50,15,35,20,47,56,52,29,8,6,0,0,0
0,0,7,9,11,27,50,54,54,53,52,51,50,35,7,11,13,50,51,53,41,10,7,0,0,0
0,7,7,9,12,13,20,51,52,51,50,25,31,15,9,13,14,25,50,54,47,14,6,0,0,0
0,7,6,9,12,14,26,21,50,51,50,14,19,15,12,14,8,11,17,19,19,33,12,0,0,0
0,0,0,0,0,17,28,16,22,40,38,12,19,15,10,19,10,9,13,13,10,0,7,0,0,0
0,7,0,0,0,13,9,12,30,42,23,12,12,14,7,13,9,7,8,11,6,0,0,0,0,0
0,6,0,0,6,15,0,25,51,50,37,14,9,8,0,13,12,8,7,8,0,0,0,0,0,0
0,5,0,5,10,14,9,50,52,51,40,13,6,9,0,12,12,11,10,10,6,0,0,0,0,0
0,0,0,0,10,12,11,50,52,50,9,10,7,10,0,13,11,11,11,9,7,0,0,0,0,0
0,10,0,0,9,5,10,26,40,13,15,6,13,12,4,13,11,10,10,10,8,4,0,0,0,0
0,5,0,0,0,10,8,23,37,9,11,6,13,12,0,8,6,9,10,8,5,0,0,0,0,0
0,0,0,8,6,9,11,30,14,5,9,12,11,10,0,10,5,8,9,8,0,0,4,0,0,0
6,14,13,25,51,59,62,75,91,114,124,121,114,82,65,73,58,57,60,55,52,36,12,10,0,0
10,14,20,23,52,66,72,95,112,116,99,104,131,96,77,69,60,58,54,41,50,13,11,6,0,0
11,29,23,41,54,64,78,90,83,93,115,123,136,105,83,62,60,54,36,12,13,19,12,0,0,0
11,20,31,39,52,62,70,75,97,107,131,121,126,100,86,71,56,47,52,51,50,11,8,0,0,0
10,17,27,51,51,54,81,101,125,117,105,116,102,112,105,83,69,56,50,50,14,9,8,0,0,0
8,12,13,32,51,74,111,124,140,133,90,84,115,131,125,101,77,78,61,61,55,30,7,7,6,0
12,13,13,52,64,101,126,141,142,140,104,83,103,129,126,117,85,76,81,70,62,51,10,0,7,8
9,11,13,53,72,109,126,128,129,132,107,77,79,100,109,108,87,77,82,69,61,25,14,6,0,0
7,12,13,54,71,107,116,117,113,117,94,70,76,77,73,80,74,76,79,60,52,10,8,0,0,0
0,9,9,37,63,98,108,111,104,87,71,64,68,68,50,20,51,51,55,28,12,0,0,0,0,0
0,0,7,36,56,82,96,102,92,76,61,58,60,61,55,38,40,12,50,25,9,11,0,0,0,0
0,0,6,42,62,69,83,81,79,70,61,59,62,61,51,53,17,20,38,14,14,8,6,0,0,0
0,12,12,56,66,77,88,82,81,71,60,62,68,60,60,61,59,58,65,66,58,50,33,8,6,0
0,0,13,50,59,69,93,81,82,79,69,61,61,60,61,66,66,69,77,84,73,61,12,0,0,0
6,28,50,63,73,86,109,86,80,85,89,89,92,92,86,92,90,92,91,99,87,65,51,16,7,10
21,44,46,66,83,108,106,108,92,92,103,97,100,112,105,90,87,82,78,79,70,64,58,12,0,10
32,53,55,65,87,104,113,125,116,119,118,128,113,106,106,106,84,75,83,81,70,66,60,45,7,8
23,52,56,67,83,105,126,133,129,122,123,121,128,103,95,93,81,70,77,85,77,66,54,13,9,7
42,51,55,70,88,120,140,142,145,137,123,110,126,102,94,84,73,70,79,80,79,72,54,23,10,8
34,53,55,65,81,116,140,143,144,130,128,114,107,101,85,75,69,71,77,81,80,65,54,37,20,12
33,54,56,65,77,105,135,135,136,124,110,97,90,90,83,73,72,73,81,85,81,68,54,13,12,13
19,51,56,62,72,89,118,120,119,105,91,82,82,79,74,74,66,65,71,73,70,58,48,11,0,11
14,25,34,52,53,72,95,91,91,85,79,74,75,65,59,68,53,56,62,66,58,40,27,19,7,0
11,18,28,48,57,74,73,75,76,76,70,68,73,68,62,57,60,55,63,69,57,33,12,9,7,0
10,13,12,21,52,61,64,67,75,69,66,65,60,60,57,53,55,57,61,64,54,21,12,7,0,6
9,10,12,21,45,56,58,63,69,66,62,62,58,55,53,53,51,59,65,59,51,16,10,6,0,0
0,10,8,12,23,53,53,60,61,62,58,57,54,52,48,47,31,51,62,59,37,8,0,0,0,0
6,8,7,12,16,51,52,56,57,58,59,55,53,50,17,47,43,55,71,56,50,12,8,0,0,0
0,0,7,11,12,37,51,55,55,54,53,52,52,50,14,32,20,50,55,52,27,8,0,0,0,0
0,0,8,9,11,29,50,54,54,53,51,50,50,35,7,11,14,50,51,53,39,9,0,0,0,0
0,7,7,9,11,13,18,51,52,51,45,23,34,14,9,13,14,27,50,53,45,13,6,0,0,0
0,8,6,9,11,14,27,23,50,51,50,14,19,15,12,14,8,11,17,19,18,33,12,0,0,0
0,0,0,0,0,16,26,15,23,41,37,12,17,18,9,19,11,9,13,13,10,7,0,0,0,0
0,7,0,0,0,13,9,12,27,42,19,12,12,14,7,13,9,7,8,11,5,0,0,0,0,0
0,6,0,0,0,15,0,22,51,50,35,14,9,8,0,12,12,9,7,8,0,0,0,0,0,0
0,0,0,5,10,14,10,50,52,51,37,13,6,10,0,12,12,11,10,10,6,0,0,0,0,0
0,0,0,0,10,12,11,50,52,50,9,10,7,10,0,13,11,11,11,8,7,0,0,0,0,0
0,10,0,0,8,5,10,23,40,13,14,6,13,12,4,13,11,10,10,10,8,0,0,0,0,0
0,0,0,0,0,9,7,23,35,9,10,6,13,12,0,8,6,9,10,8,5,0,0,0,0,0
0,0,0,8,5,9,11,27,14,5,9,12,11,10,0,10,6,8,9,7,0,0,4,0,0,0
6,14,13,23,52,59,63,75,90,113,124,121,114,82,65,73,58,57,60,55,52,33,12,10,0,0
10,14,18,22,53,65,71,96,112,116,99,104,131,97,77,69,61,57,55,44,50,14,12,6,0,0
11,29,24,39,54,64,77,90,83,93,115,123,136,105,82,62,59,54,38,13,13,19,12,0,0,0
11,20,30,39,52,62,70,75,97,107,131,121,126,100,86,70,55,47,52,51,47,11,8,0,0,0
10,19,30,51,51,54,81,102,125,117,105,116,102,112,105,83,68,56,50,50,14,9,8,0,0,0
8,12,13,32,51,74,110,125,140,134,90,84,115,132,124,101,77,77,61,60,55,30,7,7,0,0
12,13,13,53,64,101,126,141,143,140,104,83,104,130,126,117,84,75,80,71,62,52,10,0,7,8
10,11,13,53,72,109,126,128,130,132,107,78,79,100,108,108,86,76,82,70,61,27,14,6,0,0
8,12,13,54,71,107,116,117,113,117,95,70,77,77,74,80,74,77,77,60,52,11,8,0,0,0
0,9,9,37,64,97,108,111,104,86,71,64,69,67,50,17,50,50,55,37,12,0,0,0,0,0
0,0,7,33,56,82,96,102,92,76,60,58,61,62,56,38,40,12,50,28,9,10,0,0,0,0
0,0,6,42,62,69,83,81,79,71,62,59,62,60,51,52,15,27,41,14,14,8,6,0,0,0
0,12,12,56,66,77,89,81,81,70,60,62,69,60,59,60,58,58,65,66,57,50,27,8,7,0
0,0,13,50,58,70,93,81,82,79,69,61,61,60,61,66,65,69,77,84,73,61,11,0,0,0
6,28,50,63,73,86,110,87,80,84,89,89,92,92,86,92,90,93,92,99,87,66,52,17,7,10
25,42,46,66,83,108,106,108,92,92,104,96,100,112,105,90,87,82,78,80,69,64,58,12,0,10
35,53,54,65,87,104,113,126,116,119,118,128,114,106,106,106,84,75,83,81,70,66,60,45,8,8
26,52,56,67,83,105,126,133,129,123,123,122,128,103,95,93,80,70,77,85,77,66,54,13,9,8
42,51,55,71,88,119,139,142,145,138,123,110,128,102,94,85,73,70,79,80,79,72,54,25,10,9
35,53,56,65,81,116,141,143,144,130,127,114,107,101,85,75,69,70,77,82,80,65,54,37,23,13
35,54,56,66,77,105,134,135,137,124,110,97,89,90,82,73,71,73,82,85,81,68,54,13,12,14
22,51,56,62,72,89,118,120,119,105,91,83,82,79,74,74,65,65,72,74,70,57,48,11,0,11
14,25,34,52,53,71,96,91,91,85,79,74,75,65,59,68,52,55,62,66,58,39,28,18,7,0
11,20,28,48,57,74,73,75,76,75,70,68,73,68,62,57,60,54,64,69,57,32,12,9,7,0
10,13,12,21,51,60,64,67,74,69,66,65,60,60,57,53,54,57,61,64,54,20,12,7,0,6
9,10,12,21,45,56,58,63,69,66,62,62,58,55,53,53,51,59,66,59,52,16,10,6,0,0
0,10,8,12,23,53,53,60,61,62,59,58,54,52,48,45,27,50,62,59,41,8,0,0,0,0
6,8,7,11,18,51,52,56,58,58,58,56,53,47,15,43,39,54,71,56,50,11,8,0,0,0
0,0,7,10,13,37,51,55,55,54,54,53,52,50,14,30,20,47,56,52,31,7,0,0,0,0
0,0,8,9,11,29,50,54,54,53,51,51,50,35,7,11,14,50,52,53,41,9,0,0,0,0
0,7,7,8,12,13,16,51,52,51,47,23,34,14,9,13,14,27,51,53,47,13,6,0,0,0
0,7,6,9,11,14,27,25,50,51,48,16,20,14,12,14,7,11,20,20,19,33,12,0,0,0
0,0,0,0,0,15,25,16,23,40,38,12,19,18,9,20,10,9,13,13,10,7,0,0,0,0
0,7,0,0,0,13,9,13,22,42,21,12,12,13,7,13,9,8,8,11,5,0,0,0,0,0
0,6,0,0,6,15,0,27,51,51,32,14,9,8,0,13,12,9,7,8,0,0,0,0,0,0
0,0,0,5,9,14,10,50,52,51,37,14,6,9,0,12,11,11,10,10,6,0,0,0,0,0
0,0,0,0,10,11,11,50,52,50,10,10,8,10,0,12,11,11,11,7,7,0,0,0,0,0
0,10,0,0,8,5,10,23,39,13,15,6,13,12,4,12,11,11,10,10,8,0,0,0,0,0
0,5,0,0,0,9,7,23,35,9,10,7,13,12,0,8,6,9,10,8,6,0,0,0,0,0
0,0,0,8,5,9,11,28,14,5,9,12,11,10,0,9,5,8,9,8,0,0,4,0,0,0
6,14,13,21,51,59,62,75,90,114,125,122,114,82,65,72,58,56,61,55,52,33,11,10,0,0
11,14,18,22,52,65,72,96,112,117,98,104,130,97,77,69,60,57,55,44,50,14,12,6,0,0
11,27,23,39,54,63,78,90,83,93,115,123,136,105,82,62,59,54,38,13,14,21,12,0,0,0
11,20,30,39,51,62,70,75,97,108,131,121,126,99,86,70,55,45,52,51,50,12,8,0,0,0
10,19,27,51,51,55,81,102,125,118,105,117,102,112,105,83,68,56,47,50,14,10,8,0,0,0
8,13,13,32,52,74,110,125,140,134,90,84,115,132,124,101,77,77,61,61,55,30,7,7,7,0
12,13,12,52,63,100,126,142,142,140,104,84,104,129,126,117,84,75,80,71,63,52,10,0,8,7
9,11,13,53,73,109,125,128,129,132,107,78,79,100,108,108,86,76,82,69,62,27,15,6,0,0
8,12,13,54,70,106,116,118,113,116,94,69,77,76,74,80,73,77,77,60,53,10,9,0,0,0
0,9,8,37,64,97,108,111,104,86,69,63,68,67,50,17,50,50,55,37,12,0,0,0,0,0
0,0,7,27,56,83,96,102,92,76,61,58,60,62,56,41,38,12,47,28,9,10,0,0,0,0
0,0,7,47,62,69,83,81,80,71,61,58,62,60,51,52,14,25,38,14,14,8,6,0,0,0
0,13,12,56,66,76,88,81,81,71,61,62,69,60,59,61,58,58,65,66,58,50,27,8,6,0
0,0,13,50,58,70,93,81,82,79,69,61,61,60,61,66,65,69,78,84,73,61,12,0,0,0
6,30,50,63,73,86,111,87,80,85,89,89,92,92,86,92,90,93,92,99,88,66,52,16,6,10
25,42,44,66,83,108,106,108,92,92,104,95,101,113,104,90,87,82,78,79,70,64,59,12,0,10
35,53,54,66,87,103,113,126,116,119,117,129,113,106,106,106,83,75,83,81,71,66,60,42,8,8
25,52,56,67,83,105,126,133,130,123,123,122,128,104,95,93,80,70,77,85,77,67,54,13,9,7
40,51,55,70,89,119,140,142,145,139,122,110,128,103,93,84,73,70,79,80,80,72,55,26,9,9
34,53,56,65,82,115,141,143,145,131,127,114,107,100,84,75,69,70,77,81,81,65,54,37,25,12
36,54,56,66,77,104,134,135,137,125,110,97,89,91,82,73,72,73,81,85,81,68,54,12,12,14
20,51,55,62,72,89,117,119,118,105,90,83,82,79,74,74,66,65,72,73,71,58,48,11,0,11
14,25,34,51,53,71,95,90,91,85,78,74,75,65,58,68,52,55,62,65,59,38,28,19,7,0
11,20,29,48,56,74,72,74,76,76,70,68,73,68,62,56,60,54,64,69,57,32,12,9,7,0
10,13,12,21,51,60,64,67,74,69,65,65,61,60,56,53,54,57,61,64,55,23,12,7,0,6
8,10,12,21,47,56,58,63,68,66,61,62,58,55,53,53,51,59,66,59,52,18,10,6,0,0
0,10,8,12,23,53,53,60,61,62,58,57,54,53,50,43,27,51,63,59,43,8,0,0,0,0
6,8,7,11,18,51,52,56,58,58,58,56,53,47,15,45,37,54,71,56,51,11,7,0,0,0
0,0,7,10,13,35,51,55,55,54,53,53,52,50,14,30,20,45,55,52,34,8,0,0,0,0
0,0,8,9,11,31,50,54,54,53,51,50,50,35,8,10,14,50,51,53,41,9,0,0,0,0
0,7,7,8,11,13,15,51,51,51,43,23,36,14,9,13,13,27,50,53,50,14,6,0,0,0
0,7,6,9,11,14,29,25,50,51,48,16,20,14,12,13,7,11,20,21,20,33,11,0,0,0
0,0,0,0,0,15,23,16,22,40,37,12,17,16,9,20,9,8,13,13,10,7,0,0,0,0
0,7,0,0,0,13,9,13,20,42,17,12,12,14,7,12,9,7,8,11,6,0,0,0,0,0
0,6,0,0,0,14,0,30,51,51,30,14,9,8,0,13,11,8,7,8,0,0,0,0,0,0
0,5,0,5,9,13,10,50,52,50,35,14,6,9,0,12,11,11,10,10,6,0,0,0,0,0
0,0,0,0,10,11,11,50,52,50,9,11,7,10,0,12,10,11,11,7,7,0,0,0,0,0
0,9,0,0,8,5,10,26,39,13,16,6,13,12,4,12,10,10,10,10,8,0,0,0,0,0
0,5,0,0,0,9,7,25,35,9,10,7,13,12,0,8,6,9,10,8,6,0,0,0,0,0
0,0,0,8,0,9,11,30,14,5,9,12,11,11,0,9,5,7,9,7,0,0,4,0,0,0
6,14,13,23,51,60,62,75,90,114,125,123,114,82,65,72,58,57,61,55,52,33,12,10,0,0
11,14,18,23,53,65,72,95,113,117,99,105,130,97,78,69,60,57,55,44,50,14,12,6,0,0
11,30,23,41,54,64,78,90,83,92,115,124,136,105,82,62,59,54,36,13,14,19,12,0,0,0
11,22,30,39,52,62,70,75,97,107,131,121,126,99,86,70,55,47,52,51,50,11,8,0,0,0
10,20,32,51,51,54,81,102,126,118,105,117,102,112,105,82,69,56,47,50,14,10,8,0,0,0
8,13,13,35,52,74,110,125,140,134,90,84,115,132,124,100,76,77,61,61,55,27,7,8,6,0
13,13,12,52,64,100,126,142,143,141,104,84,105,129,126,116,84,76,80,71,63,52,10,0,9,8
9,11,13,53,73,109,125,128,129,132,107,78,79,100,107,108,85,76,81,69,62,25,14,6,0,0
8,12,13,53,70,106,116,117,113,116,95,70,77,76,74,79,73,77,77,60,52,11,9,0,0,0
0,9,8,40,64,96,109,111,104,86,69,64,68,67,50,20,50,51,55,34,12,0,0,0,0,0
0,0,7,27,56,82,96,102,92,77,61,59,60,61,56,38,38,12,44,31,9,10,0,0,0,0
0,0,6,45,61,70,83,81,80,71,62,59,62,60,51,52,15,30,38,14,14,8,6,0,0,0
0,13,12,56,66,75,88,81,81,70,61,62,68,61,59,61,59,58,64,66,58,51,27,8,6,0
0,0,13,50,58,69,93,81,82,79,69,61,60,60,61,66,65,69,78,85,73,61,12,0,0,0
6,31,50,62,73,86,111,87,80,85,89,89,92,92,86,92,90,93,92,100,88,66,52,17,6,10
23,44,46,67,84,107,107,108,92,92,104,96,100,113,104,89,87,82,78,79,70,65,58,12,0,10
33,53,54,66,87,103,113,125,116,120,117,129,113,106,106,106,83,76,83,81,70,66,60,42,8,9
23,52,55,67,83,104,126,133,130,124,123,122,129,104,95,93,80,70,77,85,78,67,54,13,9,7
39,51,55,70,88,119,140,142,145,139,122,110,128,103,93,83,73,70,79,80,80,72,55,23,10,9
34,53,56,65,82,115,141,144,144,131,128,115,107,101,84,75,68,70,77,82,81,65,54,37,25,13
33,54,56,65,77,103,134,135,137,125,110,97,89,91,82,72,71,73,81,85,82,68,54,12,12,15
22,51,55,62,72,88,117,119,118,106,90,83,82,79,73,73,66,65,71,74,71,58,46,11,0,11
14,26,34,51,53,72,95,90,91,85,78,74,75,65,59,68,51,55,62,66,59,38,28,19,8,0
11,20,27,48,56,74,73,74,76,75,70,68,73,68,63,56,60,55,64,69,57,32,12,9,7,0
10,14,12,20,51,60,64,67,74,69,66,64,60,60,56,52,54,57,61,65,55,25,12,7,0,6
8,10,12,19,45,56,58,62,69,66,61,62,59,55,53,52,50,59,66,60,52,20,10,6,0,0
0,10,7,13,23,53,53,60,62,62,58,57,54,53,50,43,29,51,62,59,45,8,6,0,0,0
6,8,7,11,18,51,52,56,58,58,58,56,53,47,15,45,39,55,71,56,51,12,7,0,0,0
0,0,7,10,13,33,51,55,55,54,53,52,52,50,14,32,18,50,55,52,36,8,0,0,0,0
0,0,7,9,11,34,47,54,53,53,51,50,50,35,8,11,14,50,51,52,41,10,0,0,0,0
0,7,7,9,11,13,18,51,52,51,43,21,38,15,9,13,13,27,50,53,50,14,6,0,0,0
0,7,6,9,11,15,29,23,50,51,50,16,20,16,12,13,7,11,21,22,20,34,11,0,0,0
0,0,0,0,0,15,23,15,26,39,38,12,16,18,8,17,9,9,14,14,10,7,0,0,0,0
0,7,0,0,0,13,9,13,20,47,19,11,12,13,7,12,9,8,8,11,6,0,0,0,0,0
0,6,0,0,0,14,0,32,51,51,35,14,10,8,0,13,11,8,7,8,0,0,0,0,0,0
0,5,0,5,9,13,10,50,52,50,35,14,6,9,0,11,11,11,10,10,6,0,0,0,0,0
0,0,0,0,10,11,11,50,52,50,10,11,7,10,0,12,10,11,11,7,7,0,0,0,0,0
0,10,0,0,8,5,10,25,39,13,16,6,13,12,4,12,10,10,11,11,8,0,0,0,0,0
0,5,0,0,0,9,8,25,37,9,10,7,13,12,0,8,6,9,10,9,6,0,0,0,0,0
0,0,0,8,0,9,11,28,14,5,9,12,11,11,0,9,5,7,9,7,0,0,4,0,0,0
6,14,13,23,51,60,62,75,90,114,125,123,115,81,64,73,57,56,61,55,52,30,11,10,0,0
11,14,18,24,53,65,72,96,113,117,99,105,131,96,77,69,60,56,55,41,50,14,12,6,0,0
11,27,23,41,54,64,77,90,83,93,115,123,136,105,82,61,58,54,36,13,14,23,12,0,0,0
11,22,28,40,53,62,70,75,97,108,131,121,126,100,86,70,54,45,53,51,50,12,8,0,0,0
10,20,30,51,52,54,81,103,126,118,105,117,102,112,105,82,69,56,50,50,14,10,8,0,0,0
8,12,13,37,52,74,110,125,140,134,90,83,115,131,124,101,77,77,61,61,56,36,6,9,7,0
13,13,12,51,64,101,126,142,143,141,103,84,105,129,126,116,84,75,80,71,63,51,10,0,10,8
9,11,12,54,73,108,125,128,128,132,107,77,80,100,107,108,86,76,82,70,62,27,14,6,0,0
8,12,13,53,70,106,116,118,113,116,95,70,77,76,73,80,73,76,77,60,52,11,9,0,0,0
0,9,8,37,64,96,109,112,105,87,69,63,68,67,50,15,46,50,55,37,12,0,0,0,0,0
0,0,7,30,57,82,96,102,92,77,60,58,61,60,56,41,36,11,47,34,9,11,0,0,0,0
0,0,6,45,61,70,83,81,79,71,61,59,62,60,51,52,15,27,44,14,14,9,6,0,0,0
0,13,12,56,66,75,88,82,81,71,61,62,69,61,59,61,59,57,65,66,58,51,27,8,6,0
0,0,12,51,58,70,92,81,82,78,69,61,61,59,61,66,65,68,78,85,73,61,12,0,0,0
6,33,50,63,73,86,111,87,80,85,89,89,92,92,86,92,90,93,93,100,88,66,52,17,6,10
23,44,44,67,84,108,107,108,92,92,104,95,101,112,104,90,87,82,78,80,70,65,58,12,0,10
32,53,54,66,87,103,113,125,116,120,118,128,113,106,106,106,83,76,83,81,71,66,60,42,8,8
23,52,55,67,84,105,126,134,130,124,124,122,130,104,95,93,80,70,77,85,78,67,54,14,9,7
39,51,55,71,88,118,140,143,145,139,123,110,128,102,93,84,72,70,79,80,81,73,56,23,10,9
34,52,56,65,82,115,141,143,144,132,129,114,108,101,84,75,68,70,77,82,81,65,54,37,23,12
33,53,55,65,77,103,134,134,137,125,110,97,89,91,82,72,71,73,82,85,82,68,54,12,12,16
20,51,55,62,72,88,117,119,118,106,91,83,82,79,74,74,65,64,72,74,71,58,46,11,0,11
14,26,33,51,53,72,95,90,91,86,78,73,74,65,58,68,51,55,63,66,59,40,28,19,8,0
11,18,27,50,56,74,73,74,76,75,69,68,73,68,62,56,59,54,64,69,58,32,12,9,7,0
10,14,12,21,52,60,64,67,74,69,66,64,61,60,56,52,54,57,61,65,55,25,12,6,0,6
8,10,12,19,45,56,59,63,69,66,61,62,58,55,53,52,50,59,66,60,52,20,10,6,0,0
0,10,7,13,25,53,52,60,61,62,58,57,54,52,50,43,29,50,62,59,43,9,6,0,0,0
6,8,6,11,20,51,52,56,58,57,58,55,53,50,15,47,37,54,71,56,51,11,7,0,0,0
0,0,7,10,13,29,51,55,55,54,54,52,52,50,14,35,18,45,56,52,38,9,0,0,0,0
0,0,7,9,11,36,47,54,53,53,52,50,50,35,7,11,14,50,52,52,43,10,0,0,0,0
0,7,7,8,11,13,16,51,52,51,47,23,38,15,9,13,13,23,51,53,50,14,6,0,0,0
0,7,6,9,12,14,30,23,50,51,50,16,20,18,12,13,7,10,22,22,21,35,11,6,0,0
0,0,0,0,0,15,23,15,25,41,38,12,15,16,8,17,9,9,14,14,11,7,0,0,0,0
0,7,0,0,0,13,9,13,17,50,21,11,12,13,7,12,9,8,8,11,6,0,0,0,0,0
0,6,0,0,6,14,0,32,51,51,37,14,10,7,0,13,12,8,7,8,0,0,0,0,0,0
0,5,0,5,9,14,10,50,52,51,37,14,6,9,0,11,10,11,10,10,7,0,0,0,0,0
0,0,0,0,10,11,11,50,52,50,10,10,7,9,0,13,10,11,11,8,8,0,0,0,0,0
0,9,0,0,8,5,10,26,39,13,17,6,13,11,4,12,10,10,11,11,9,4,0,0,0,0
0,5,0,0,0,9,8,26,37,9,11,7,13,12,0,8,6,9,10,9,6,0,0,0,0,0
0,0,0,8,6,9,11,28,14,5,9,12,11,11,0,9,5,7,9,7,0,0,4,0,0,0
6,14,13,23,51,60,62,75,90,114,125,123,115,82,64,72,58,56,61,56,52,36,12,10,0,0
11,14,17,24,53,65,72,96,113,117,98,106,131,97,77,69,60,56,55,44,50,14,12,6,0,0
11,27,21,42,54,64,78,91,83,92,115,123,136,105,83,61,59,54,36,13,14,25,12,0,0,0
11,22,30,40,53,62,70,75,97,108,131,121,126,100,86,70,55,45,53,51,50,12,8,0,0,0
10,19,32,51,51,55,81,102,126,119,105,117,102,112,105,82,69,56,50,50,14,10,8,0,0,0
8,12,12,35,52,74,110,125,141,134,89,83,116,130,124,101,77,77,61,61,55,38,6,9,7,0
13,13,12,52,63,100,126,142,143,141,103,84,105,129,126,117,85,75,80,71,62,51,10,0,10,8
9,11,12,53,72,109,125,128,129,132,107,77,80,99,107,108,86,76,81,70,61,27,14,6,0,0
8,12,12,54,69,106,116,118,113,116,94,70,77,76,73,79,74,75,77,61,52,11,9,0,0,0
0,9,8,37,63,97,109,112,105,87,70,63,68,68,46,15,50,51,55,34,12,0,0,0,0,0
0,0,7,30,57,83,96,102,93,77,60,58,61,60,55,41,36,11,47,34,9,11,0,0,0,0
0,0,6,42,60,70,83,81,79,71,61,59,62,61,51,52,15,25,44,14,14,8,0,0,0,0
0,14,11,56,65,76,89,82,81,71,61,62,68,61,60,61,59,58,65,66,59,51,36,9,6,0
0,0,13,50,58,70,92,81,82,78,69,61,61,59,61,66,65,68,79,85,73,62,12,0,0,0
7,33,50,63,73,87,111,87,81,85,89,89,92,92,86,92,90,92,93,100,88,66,52,16,6,10
19,44,44,67,84,108,107,108,92,92,104,96,101,113,104,90,88,81,78,80,71,65,58,13,0,10
32,53,55,66,87,104,114,125,117,119,118,128,113,107,106,107,84,75,83,81,71,66,59,40,8,9
23,52,55,67,84,105,126,133,131,124,124,122,130,104,95,94,80,70,77,84,78,66,54,13,9,8
37,51,55,71,88,119,141,143,146,140,122,110,128,103,93,84,72,69,79,80,81,73,55,22,10,9
34,52,55,65,82,115,141,143,144,132,129,114,108,101,84,75,69,70,78,81,81,65,54,37,23,12
32,53,55,65,77,103,134,134,137,126,110,97,89,91,82,72,71,73,82,85,82,68,54,12,12,17
17,51,55,62,72,88,117,118,118,106,91,83,82,79,73,74,66,64,71,73,71,58,44,11,0,11
14,26,33,51,53,72,95,90,91,85,78,73,74,65,58,68,52,55,62,66,59,40,27,18,8,0
11,18,26,50,56,73,73,74,76,75,69,68,72,68,62,56,60,54,64,69,57,33,13,9,7,0
10,14,12,23,51,60,63,67,74,69,66,64,60,60,56,52,54,57,61,65,54,27,12,7,0,6
8,10,12,19,45,55,59,62,69,66,61,61,58,55,53,53,50,59,66,60,52,20,10,6,0,0
0,10,8,13,23,53,52,60,61,62,58,57,53,52,50,43,33,50,62,59,39,8,0,0,0,0
6,8,6,11,20,51,52,56,57,57,58,55,52,50,14,45,39,54,71,56,50,11,7,0,0,0
0,0,7,10,13,29,50,55,55,54,54,52,52,50,14,35,20,45,56,52,34,9,0,0,0,0
0,0,7,10,11,36,47,53,53,53,52,50,50,37,7,11,14,50,51,53,43,10,0,0,0,0
0,7,7,9,11,13,18,50,52,51,47,21,38,15,9,13,13,21,51,54,50,14,0,0,0,0
0,7,6,9,12,14,30,20,50,51,50,16,19,18,11,13,7,10,21,23,19,36,11,0,0,0
0,0,0,0,0,17,25,14,25,41,38,12,15,18,0,16,9,8,14,13,11,7,0,0,0,0
0,7,0,0,0,13,9,12,17,50,21,11,12,13,7,12,10,7,9,11,6,0,0,0,0,0
0,6,0,0,0,14,0,30,51,51,37,14,9,8,0,12,12,7,7,8,0,0,0,0,0,0
0,5,0,5,9,14,10,50,52,50,35,14,6,9,6,11,11,11,10,10,7,0,0,0,0,0
0,0,0,0,10,11,11,50,51,50,10,10,7,10,0,13,10,11,11,9,8,0,0,0,0,0
0,9,0,0,8,5,10,26,40,13,19,6,13,11,4,12,10,10,11,11,8,0,0,0,0,0
0,5,0,0,0,9,8,25,37,9,11,6,13,11,0,8,6,9,10,9,5,0,0,0,0,0
0,0,0,9,6,10,11,30,14,5,9,11,11,11,0,9,6,7,9,8,0,0,4,0,0,0
6,14,13,26,52,60,62,75,90,115,126,122,115,82,64,73,58,57,60,56,52,38,12,10,0,0
11,14,18,25,53,66,72,95,113,117,98,105,131,97,77,69,61,57,55,44,50,14,12,7,0,0
11,27,21,42,54,64,78,91,84,92,115,123,136,105,82,61,58,54,33,13,14,25,12,0,0,0
11,23,28,42,53,62,71,75,98,108,132,121,127,100,86,70,55,45,53,51,50,12,8,0,0,0
10,19,32,51,51,55,81,101,126,119,104,117,102,113,105,82,69,56,50,50,14,10,8,0,0,0
8,12,12,35,51,74,111,125,142,133,89,82,116,130,123,100,76,77,61,61,56,36,6,9,7,0
13,13,12,52,64,101,126,142,143,141,103,83,105,130,126,117,85,75,81,72,63,51,10,0,11,9
9,11,12,54,72,109,125,128,130,132,107,77,80,100,107,108,86,76,81,71,61,27,14,6,0,0
8,11,12,54,69,106,117,117,114,117,95,70,78,77,73,79,74,75,77,61,52,11,9,0,0,0
0,9,8,40,63,96,109,112,105,87,70,64,68,68,50,14,50,51,55,31,12,0,0,0,0,0
0,0,7,36,57,83,96,102,94,76,60,58,61,60,55,44,38,12,50,37,10,11,0,0,0,0
0,0,0,42,60,70,83,81,79,71,61,60,63,62,50,52,17,27,50,14,14,8,6,0,0,0
0,13,11,56,66,76,90,81,81,71,61,62,68,61,60,61,59,58,65,66,59,51,38,9,6,0
0,7,13,50,59,70,92,81,83,79,69,61,61,59,62,66,66,68,79,85,73,62,12,0,0,0
7,33,50,63,73,87,111,87,81,85,89,89,93,92,86,92,90,92,94,100,88,66,52,17,6,10
17,46,46,67,84,108,107,108,93,93,104,95,101,114,105,90,88,82,78,80,71,65,58,13,0,10
32,53,55,66,87,104,113,125,118,119,119,128,114,107,106,106,84,75,83,81,70,67,59,40,8,9
25,52,56,68,84,105,126,133,131,124,123,121,131,104,95,93,80,70,76,85,77,66,55,13,9,8
37,51,55,71,89,120,141,144,146,140,122,110,128,102,94,83,73,69,79,80,80,73,55,22,10,9
34,53,56,65,82,114,140,143,144,132,129,114,108,101,85,75,69,71,78,82,81,65,54,37,23,12
31,53,55,65,77,104,134,134,138,126,111,97,90,92,82,72,71,73,82,85,82,68,53,12,12,19
19,51,55,62,72,88,117,119,118,106,91,83,83,79,74,73,66,64,71,74,71,58,46,11,0,11
14,26,33,51,53,72,95,91,91,85,78,73,74,65,58,68,52,55,62,66,58,41,27,18,8,0
10,18,27,50,56,73,72,74,76,75,69,67,72,68,62,57,60,54,64,69,57,33,13,9,7,0
10,14,11,25,52,60,63,67,74,69,65,64,60,60,56,52,54,57,61,65,55,21,12,7,0,6
9,10,12,17,43,56,59,62,69,66,61,61,58,55,53,53,51,59,66,60,52,18,10,6,0,0
0,10,8,13,23,53,51,60,62,62,58,57,54,52,50,43,33,50,61,60,37,9,0,0,0,0
6,8,6,12,21,50,51,56,58,57,58,55,52,50,14,45,43,54,71,56,50,11,8,0,0,0
0,0,7,10,14,29,50,55,56,54,54,52,52,50,14,30,21,47,55,51,34,9,0,0,0,0
0,0,7,10,11,36,42,53,53,53,52,50,50,37,7,11,14,50,51,53,43,10,0,0,0,0
0,7,7,9,11,13,18,50,52,52,50,21,38,14,9,14,13,21,51,54,50,14,6,0,0,0
0,7,6,9,12,14,29,20,51,51,50,16,20,20,12,13,7,10,18,22,19,36,12,0,0,0
0,0,0,0,0,16,26,15,26,41,37,12,17,20,0,16,9,8,13,13,11,7,7,0,0,0
0,7,0,0,0,13,9,12,22,50,23,10,12,13,7,12,10,7,9,10,6,0,0,0,0,0
0,6,0,0,6,14,0,27,51,51,37,14,10,7,0,12,12,8,8,8,0,0,0,0,0,0
0,5,0,5,10,14,10,50,52,50,35,14,6,10,6,11,11,11,11,10,6,0,0,0,0,0
0,0,0,0,10,11,11,50,51,50,10,10,7,10,0,13,11,11,11,9,8,0,0,0,0,0
0,9,0,0,8,5,10,23,42,13,19,6,13,12,0,12,11,10,11,11,8,0,0,0,0,0
0,5,0,0,0,9,8,25,39,9,11,6,13,12,0,8,6,9,10,9,5,0,0,0,0,0
0,0,0,9,6,10,11,28,16,5,9,12,11,11,0,9,6,7,10,8,0,0,4,0,0,0
6,14,12,25,51,60,62,75,89,115,126,121,115,83,64,73,58,57,60,56,52,33,13,10,0,0
11,14,17,24,52,66,72,96,112,117,98,105,131,97,77,69,60,57,55,44,50,14,13,7,0,0
11,26,21,41,53,64,78,91,84,92,116,123,137,105,82,61,58,53,33,14,14,23,13,0,0,0
11,23,27,40,52,62,70,75,98,108,132,121,126,100,86,70,55,43,53,52,50,12,9,0,0,0
10,19,32,51,51,55,81,102,126,119,103,118,102,113,104,82,69,56,50,50,14,10,9,0,0,0
8,12,12,32,51,74,111,125,141,133,89,83,115,130,123,100,76,77,61,62,56,33,6,9,7,0
12,13,12,53,63,101,126,142,143,141,103,83,105,130,125,117,84,76,81,72,63,51,10,0,11,8
9,11,12,53,71,109,125,128,130,132,107,78,79,100,107,108,86,76,81,71,61,25,14,6,0,0
9,11,12,53,68,106,116,118,114,117,94,70,78,77,74,80,74,76,77,61,52,10,9,0,0,0
0,9,8,37,63,97,109,112,105,87,70,64,68,68,51,14,50,50,55,37,13,0,0,0,0,0
0,0,7,33,56,83,96,102,94,76,60,58,62,61,55,47,38,12,50,37,10,11,0,0,0,0
0,0,0,45,60,70,83,81,79,71,61,59,63,62,50,52,15,22,50,14,14,8,6,0,0,0
0,12,11,56,65,76,89,81,82,71,61,62,69,61,60,61,59,58,65,67,59,51,38,9,7,0
0,0,13,50,59,70,92,81,83,78,69,61,61,59,62,66,66,68,79,86,73,62,12,0,0,0
7,31,50,63,73,87,110,87,81,85,89,89,93,92,86,93,90,92,94,100,88,66,52,16,7,9
15,46,46,66,83,108,106,108,93,93,105,95,101,114,105,90,88,82,79,80,71,65,58,13,0,10
32,53,55,66,86,103,113,125,117,118,119,129,113,107,106,107,84,75,83,81,70,66,60,45,8,8
25,52,55,68,84,105,126,134,130,124,124,122,130,104,95,94,80,69,77,85,76,66,55,13,9,7
37,51,55,71,89,120,141,143,146,139,122,110,128,103,94,84,72,70,79,80,80,73,55,23,10,9
33,53,55,64,82,115,140,143,144,132,129,113,108,100,85,75,69,70,78,82,80,65,54,41,25,12
32,53,55,65,76,104,133,134,138,125,111,97,89,92,82,72,71,73,82,85,82,68,53,12,13,15
17,51,55,62,72,88,117,119,118,105,91,83,83,79,74,74,65,64,72,74,71,57,50,11,0,10
14,26,33,51,53,72,95,91,91,85,78,73,74,65,58,68,52,55,62,66,58,41,28,17,8,0
11,18,28,48,55,73,72,74,76,75,69,67,72,68,62,57,59,54,64,69,57,33,13,9,7,0
11,13,11,25,52,60,63,67,74,68,65,64,60,60,56,52,54,57,61,65,55,21,12,6,0,5
8,10,12,17,41,56,59,62,69,66,61,61,58,56,53,53,51,59,66,60,52,18,10,6,0,0
0,10,8,13,22,53,51,60,61,62,58,57,54,52,46,43,31,50,61,60,35,8,6,0,0,0
6,8,6,12,20,50,51,56,58,57,58,55,53,50,14,45,43,54,71,57,50,11,8,0,0,0
0,0,8,11,13,29,50,55,56,54,54,52,52,50,14,30,20,45,55,52,36,8,0,0,0,0
0,0,7,10,11,31,40,54,53,53,52,50,50,37,7,11,14,50,51,52,41,9,0,0,0,0
0,7,7,9,11,12,16,50,52,51,50,21,40,14,9,13,13,23,51,53,50,14,6,0,0,0
0,7,6,9,12,14,30,20,51,51,50,16,20,18,12,13,8,10,17,23,20,37,12,6,0,0
0,0,0,0,0,17,26,16,25,40,37,12,17,20,8,16,10,8,13,13,11,8,7,0,0,0
0,7,0,0,0,13,9,12,25,50,21,10,12,14,7,12,9,7,8,11,6,0,0,0,0,0
0,6,0,0,6,14,0,27,51,51,35,14,10,8,0,12,12,8,7,8,0,0,0,0,0,0
0,5,0,5,9,14,10,50,52,50,35,14,6,10,6,11,11,11,11,10,6,0,0,0,0,0
0,0,0,0,10,11,11,50,51,50,10,10,7,10,0,13,10,11,11,9,8,0,0,0,0,0
0,9,0,0,8,5,10,25,40,13,19,6,13,11,0,12,10,10,11,11,8,0,0,0,0,0
0,5,0,0,0,9,7,26,40,9,11,6,13,11,0,8,6,9,10,9,5,0,0,0,0,0
0,0,0,8,6,10,11,30,19,5,9,12,11,11,0,10,6,7,9,8,0,0,5,0,0,0
