0,52,54,61,64,77,106,136,156,159,142,132,121,99,85,60,54,23,13,0,5,12,15,7,12,11
12,14,54,64,70,104,118,133,155,155,146,143,131,113,102,62,56,31,25,0,5,8,14,11,0,7
59,60,75,76,104,111,124,131,140,149,145,149,133,113,105,80,67,69,31,0,0,15,21,11,9,10
75,70,70,82,107,114,125,126,130,132,134,136,134,119,108,65,56,35,40,0,0,12,24,13,7,11
80,84,89,91,91,114,120,117,114,113,130,125,131,111,102,76,64,47,30,0,0,12,14,12,11,22
69,90,83,94,96,93,105,109,106,115,123,129,124,116,107,70,61,50,43,0,0,9,11,13,13,18
68,77,102,87,100,81,72,71,89,109,108,115,124,114,114,82,68,51,40,0,0,17,27,11,13,13
55,72,91,90,82,76,56,67,95,110,122,134,138,130,123,111,77,59,51,0,0,10,10,0,11,12
31,61,75,76,72,62,14,84,101,108,124,132,134,131,127,106,75,58,54,0,0,12,10,10,9,8
14,58,71,67,71,50,21,75,102,106,119,120,131,133,131,115,75,62,53,0,0,10,13,9,8,13
9,28,46,57,59,33,13,67,98,104,115,127,129,119,125,112,77,66,14,0,0,0,10,5,5,8
11,19,31,51,65,8,14,82,101,102,111,114,130,127,124,111,81,91,55,0,0,5,6,10,9,7
8,14,32,51,34,14,70,97,104,111,116,114,129,119,125,115,92,97,62,0,0,10,13,6,10,11
10,13,46,15,46,50,77,101,105,111,115,113,130,120,125,113,103,102,65,0,0,11,13,10,8,9
12,19,57,55,18,63,85,101,106,111,111,113,132,125,131,112,110,105,70,0,4,10,13,11,10,10
10,50,57,40,52,78,89,98,105,111,117,114,134,133,142,127,110,111,75,0,0,13,19,14,9,14
14,53,53,75,81,86,100,103,113,120,136,135,165,153,169,153,122,111,94,0,6,26,21,13,9,18
50,60,72,72,80,86,89,99,121,126,145,164,189,159,161,137,124,108,77,0,9,14,14,13,12,20
54,63,77,84,93,104,101,117,123,138,137,153,170,169,146,135,124,100,77,0,10,32,31,10,12,10
55,72,91,98,106,113,116,123,132,138,148,167,182,166,147,136,114,84,68,0,8,44,48,14,13,15
66,88,106,103,116,112,117,122,133,134,130,139,169,157,132,121,96,90,69,0,8,16,53,13,21,25
71,97,95,105,113,105,110,115,123,124,127,137,137,127,111,110,85,76,71,0,0,13,13,14,12,11
74,83,80,95,84,80,91,102,100,110,106,105,105,101,90,79,66,60,54,0,0,10,20,10,10,13
69,77,76,64,63,63,64,72,70,79,73,77,77,70,72,62,60,51,50,0,0,9,13,10,9,11
58,70,76,65,56,56,57,54,65,66,61,65,68,60,61,57,53,29,25,0,0,7,12,9,6,10
56,63,72,66,54,52,51,51,58,56,52,59,55,55,58,51,45,11,14,0,0,8,6,0,7,7
54,70,68,68,57,53,40,54,56,55,53,60,53,57,55,54,41,13,13,0,0,0,10,0,3,9
13,56,74,67,62,54,39,56,58,52,53,61,51,50,50,51,36,25,13,0,0,7,10,7,4,8
11,20,58,69,63,55,56,54,59,43,55,61,14,53,55,50,19,15,12,0,3,8,11,9,5,7
7,14,50,60,68,72,61,54,58,51,52,57,20,50,55,53,25,12,11,0,0,7,11,10,0,5
8,12,22,43,72,65,62,57,57,53,54,58,50,40,55,54,25,11,0,0,0,7,7,7,0,5
9,12,13,0,25,62,81,63,54,52,56,57,52,13,53,50,13,8,7,0,0,7,10,0,6,8
7,8,6,5,21,51,74,64,57,53,51,59,52,16,52,25,9,9,5,0,0,8,9,5,4,5
7,5,0,7,19,14,45,51,66,60,55,57,52,12,50,23,10,10,0,0,0,4,5,5,6,0
0,0,0,8,7,12,13,23,55,61,58,60,51,11,27,28,13,9,4,0,0,5,6,5,5,0
5,0,0,9,7,12,8,16,54,60,61,59,53,12,13,13,8,9,6,0,0,0,8,5,0,0
4,0,10,4,7,5,6,12,61,54,61,53,50,25,13,14,12,7,0,0,0,4,8,8,0,6
0,0,8,0,0,10,0,10,47,74,53,31,50,11,16,13,10,10,0,0,0,0,5,5,5,6
0,7,7,5,10,11,9,10,43,66,52,32,25,10,11,14,9,9,6,0,0,6,0,5,7,4
10,13,12,10,18,13,12,13,69,70,42,29,41,30,21,28,13,7,10,0,0,0,5,5,7,6
0,52,55,62,65,77,106,135,156,158,142,133,122,102,85,60,54,12,13,0,6,10,15,7,12,11
11,14,54,65,70,104,118,133,155,155,146,143,132,115,102,62,55,12,21,0,5,7,15,11,0,7
59,61,77,79,104,111,124,131,140,149,145,149,134,115,105,80,67,12,31,0,0,13,21,11,9,10
74,71,70,81,107,113,125,126,130,132,134,136,134,121,109,65,56,7,40,0,0,10,24,13,7,11
82,84,89,91,90,114,120,117,114,113,130,125,131,113,102,76,64,13,30,0,0,10,14,12,11,20
70,91,83,93,95,92,105,109,107,115,123,129,124,118,108,70,62,10,43,0,0,8,12,13,13,19
69,78,101,86,99,80,72,72,90,109,108,115,124,117,115,82,68,12,40,0,0,12,27,12,13,13
55,73,91,90,82,76,56,67,96,110,122,134,138,131,123,111,77,17,52,0,0,9,10,0,11,13
31,62,75,77,72,62,14,85,101,109,124,132,134,132,127,106,75,52,54,0,0,10,10,10,9,8
14,59,71,67,71,51,21,78,102,107,120,120,131,134,131,115,75,55,53,0,0,7,13,10,8,13
10,37,50,59,60,33,14,70,100,104,115,127,129,120,125,112,76,57,14,0,0,0,10,5,5,7
11,23,34,53,66,8,14,85,101,103,111,114,130,128,124,111,81,78,55,0,0,4,6,10,9,8
9,14,39,52,37,15,72,100,104,112,117,114,129,120,125,115,92,83,61,0,0,9,13,6,10,11
11,13,51,17,46,51,80,101,105,111,116,113,130,121,125,113,103,97,63,0,0,10,13,10,8,9
12,24,59,56,20,65,87,101,106,112,111,114,133,126,132,112,109,101,70,0,4,9,13,11,10,11
11,53,59,45,53,79,90,100,105,112,117,114,134,134,142,127,110,107,75,0,0,11,19,14,9,15
14,55,54,75,82,86,100,103,113,120,137,135,165,156,169,153,122,108,94,0,7,14,21,13,9,19
50,62,74,73,80,86,89,100,121,126,146,164,190,163,161,137,124,104,77,0,9,13,14,13,12,22
54,65,78,85,93,104,100,117,123,138,137,153,171,173,146,135,123,93,77,0,10,15,31,10,12,11
55,74,92,98,106,113,115,124,132,139,149,168,183,169,147,136,114,77,68,0,9,26,48,14,13,17
66,89,106,103,116,112,117,123,133,134,130,139,170,160,132,121,96,81,69,0,8,13,53,14,21,25
71,98,95,105,113,105,110,115,123,124,127,137,137,129,111,110,85,67,72,0,0,11,13,14,12,12
74,84,80,95,84,80,92,102,100,111,106,106,105,103,90,79,66,54,54,0,0,9,16,11,10,13
68,78,77,64,63,63,64,74,70,79,73,77,77,72,72,62,60,27,50,0,0,7,14,10,9,11
59,71,76,66,56,56,57,55,65,66,62,65,68,61,61,56,52,12,25,0,0,5,11,9,6,10
57,64,73,66,54,52,52,52,58,57,53,59,56,57,58,51,43,0,14,0,0,7,6,0,7,7
54,71,69,68,58,53,43,55,57,56,53,60,53,59,55,54,39,6,13,0,0,0,10,0,3,9
13,57,74,67,62,54,41,56,58,53,53,61,51,52,50,51,35,9,13,0,0,5,10,7,4,8
11,23,59,69,63,55,57,54,60,45,56,61,15,55,55,50,17,9,12,0,3,7,11,9,6,7
7,16,51,60,68,72,61,54,58,51,52,57,20,52,55,52,23,7,11,0,0,6,11,10,0,5
8,12,25,47,72,65,63,58,57,53,54,58,51,50,55,54,23,6,0,0,0,4,7,7,0,5
9,12,14,7,27,62,81,64,55,53,56,57,52,15,53,47,13,0,6,0,0,5,10,0,5,9
7,9,7,5,21,52,75,65,58,53,52,58,52,23,51,25,9,4,5,0,0,6,9,5,4,5
8,7,0,7,20,18,50,52,67,60,56,57,53,13,51,23,9,0,0,0,0,0,4,5,6,0
5,0,0,8,8,12,13,27,57,62,58,60,51,11,29,26,13,0,4,0,0,0,6,5,5,0
6,0,0,9,7,13,9,21,55,60,61,59,53,13,13,13,8,5,6,0,0,0,8,5,0,0
5,0,10,5,8,6,7,14,62,55,61,53,50,33,13,14,12,0,0,0,0,0,8,8,0,6
0,4,8,0,0,10,0,11,50,75,54,35,50,11,16,13,10,5,5,0,0,0,5,5,5,6
0,7,7,5,10,10,8,10,46,66,53,33,29,10,11,14,9,4,6,0,0,4,0,5,7,4
10,13,12,10,18,13,12,14,73,73,46,30,36,35,21,26,12,0,10,0,0,0,5,5,6,7
0,52,55,62,65,77,106,135,156,159,142,133,122,103,85,60,54,12,13,0,5,5,15,7,12,11
11,14,55,67,70,104,118,133,155,155,146,143,132,116,103,62,55,12,25,0,5,0,15,11,0,7
59,61,78,80,103,111,124,131,140,149,145,149,134,116,105,80,66,12,28,0,0,10,21,11,9,10
74,71,70,82,107,113,125,126,130,132,134,136,134,122,108,65,56,7,40,0,0,8,24,13,7,11
82,85,90,90,91,114,120,117,114,113,130,125,132,114,102,76,64,12,30,0,0,8,14,12,11,20
71,91,83,93,95,92,105,109,107,115,123,129,124,120,108,70,62,10,43,0,0,5,12,13,13,19
69,78,100,86,99,80,72,72,90,110,109,115,124,118,115,82,68,12,40,0,0,9,27,12,13,13
56,73,91,90,82,76,57,67,96,110,122,134,138,133,124,111,77,15,52,0,0,5,10,0,11,13
30,61,75,77,72,62,15,86,101,109,124,132,134,133,127,106,75,52,54,0,0,6,10,10,9,8
15,59,71,67,71,51,23,78,102,107,120,120,131,136,131,115,75,54,53,0,0,0,13,10,8,13
10,37,51,59,60,33,14,70,100,104,115,127,129,122,125,112,76,57,14,0,0,0,10,5,5,7
12,25,34,54,66,8,14,85,101,103,111,114,130,129,124,111,81,76,55,0,0,0,6,10,9,8
9,15,42,52,37,17,73,100,104,112,117,114,129,121,125,115,92,82,61,0,0,8,12,6,10,11
11,13,51,17,50,51,80,101,105,111,116,113,130,122,125,113,103,95,63,0,0,9,13,10,8,9
12,29,59,57,21,67,87,101,106,112,112,115,133,128,131,112,109,101,70,0,4,8,13,12,10,11
11,54,60,47,54,80,91,100,105,112,117,115,134,135,142,127,110,106,75,0,0,9,19,14,9,15
14,56,55,76,83,86,100,103,114,120,137,136,166,158,169,154,122,107,94,0,7,14,21,13,9,19
51,63,75,73,80,86,90,100,122,126,146,165,190,165,161,137,123,104,77,0,9,12,14,13,12,22
55,66,78,85,93,104,101,117,124,138,137,154,172,175,147,135,123,91,77,0,10,13,31,10,12,11
56,75,93,98,106,113,115,124,133,139,149,169,183,172,147,136,114,77,68,0,9,19,48,14,13,17
67,90,106,103,116,112,117,123,134,135,131,140,170,162,133,121,96,80,69,0,8,12,54,14,21,25
71,98,95,105,113,105,111,115,123,124,127,138,137,130,111,110,85,67,72,0,0,10,13,14,12,12
74,84,80,95,84,80,92,102,100,111,107,106,105,104,90,79,65,53,53,0,0,8,16,11,10,13
69,78,77,65,63,63,64,74,71,79,74,78,77,74,72,62,60,25,50,0,0,7,14,10,9,11
59,71,76,66,57,56,57,56,66,67,62,65,68,62,62,56,52,13,25,0,0,0,11,9,6,10
57,64,73,66,55,53,52,53,59,57,54,59,57,59,59,51,43,0,14,0,0,6,6,0,7,7
55,71,69,68,58,54,44,55,57,56,52,61,53,61,55,54,39,6,13,0,0,0,10,0,3,9
13,58,74,68,63,54,43,57,58,53,53,62,51,53,50,51,34,9,13,0,0,5,10,7,4,8
11,25,59,69,63,55,57,54,60,47,57,62,15,56,55,50,17,9,12,0,3,6,11,9,6,7
7,17,51,60,68,72,61,54,58,51,53,58,22,53,55,52,21,7,11,0,0,5,11,10,0,5
8,13,27,47,72,65,63,58,58,54,55,58,51,51,55,54,21,5,0,0,0,0,7,7,0,5
9,12,14,8,29,62,82,64,56,53,56,57,53,22,53,50,12,0,6,0,0,4,10,0,5,9
7,9,8,6,23,52,75,66,58,53,52,59,52,30,51,25,9,4,5,0,0,6,9,5,4,5
8,7,5,8,22,21,50,53,68,61,56,57,53,14,51,21,9,0,0,0,0,0,4,5,6,0
6,0,0,9,8,13,13,30,57,63,58,60,52,12,29,26,13,0,4,0,0,0,6,5,5,0
6,0,0,9,7,13,9,21,56,60,61,59,53,13,13,13,8,5,6,0,0,0,8,5,0,0
5,0,10,5,8,7,7,14,62,56,62,54,51,37,13,14,11,0,0,0,0,0,8,8,0,6
0,4,8,0,0,10,0,11,51,75,55,37,50,12,16,13,10,5,5,0,0,0,5,5,5,6
0,7,7,5,10,10,8,11,46,67,53,34,34,10,11,14,9,4,6,0,0,3,0,5,7,4
10,14,12,10,18,13,12,14,73,73,47,32,30,38,21,26,12,0,10,0,0,0,4,5,6,7
0,53,55,62,65,77,107,135,157,159,143,133,122,104,86,60,54,12,13,0,4,0,15,7,12,11
11,14,55,65,72,104,118,133,155,156,146,143,132,116,103,62,55,12,21,0,4,0,15,11,4,7
60,61,77,80,104,111,124,131,140,149,146,149,134,116,105,80,66,11,28,0,0,10,21,11,9,10
75,71,71,82,107,113,125,126,131,132,134,136,134,122,109,65,56,7,42,0,0,7,24,13,7,11
82,85,89,90,91,114,120,117,115,113,131,125,132,115,103,77,64,12,30,0,0,7,14,12,11,20
70,92,83,93,95,92,105,109,107,115,123,129,124,120,108,70,61,9,40,0,0,5,12,13,13,19
69,78,100,86,99,80,72,72,90,109,109,116,124,119,115,82,69,12,43,0,0,8,26,12,13,13
56,74,91,89,82,77,57,67,96,110,122,134,138,134,123,111,77,14,51,0,0,5,10,0,11,12
30,60,75,77,73,62,14,86,101,109,124,132,134,134,127,106,74,52,54,0,0,5,10,10,9,8
15,59,72,68,72,52,23,79,103,107,120,120,131,136,131,115,75,54,53,0,0,0,13,10,8,13
11,40,51,59,61,33,14,71,100,104,115,127,129,122,125,112,76,57,14,0,0,0,10,5,5,7
12,25,37,54,66,9,14,85,101,103,111,114,130,129,124,111,80,76,55,0,0,0,6,10,9,8
9,15,42,52,40,17,75,100,104,112,117,114,129,121,125,115,92,82,61,0,0,7,12,6,10,11
11,13,52,17,50,51,80,101,105,111,116,113,130,122,125,113,103,93,65,0,0,7,13,10,8,9
13,33,60,59,23,67,89,101,107,112,112,115,133,128,131,112,110,100,70,0,0,6,13,12,10,10
11,54,60,47,55,80,91,100,105,112,117,115,134,135,142,127,109,106,74,0,0,6,19,14,9,15
15,56,56,76,83,86,100,103,114,120,137,136,166,159,169,154,122,107,93,0,0,13,23,13,9,19
51,63,75,74,81,86,90,100,122,127,147,165,190,166,161,137,123,104,76,0,7,12,14,13,12,22
55,66,79,85,93,104,101,118,124,139,138,154,172,176,146,135,123,91,76,0,8,13,31,10,12,11
57,75,93,98,106,113,116,124,133,140,150,169,184,173,147,136,113,76,67,0,6,16,48,14,13,17
67,90,106,103,117,112,117,123,134,135,131,140,171,163,133,121,96,79,69,0,6,12,55,14,23,23
71,98,95,105,113,105,111,115,124,125,128,138,137,130,112,111,85,65,72,0,0,10,13,14,12,12
74,84,80,94,84,81,92,103,100,111,107,106,105,104,91,79,65,53,53,0,0,7,16,10,10,13
69,78,77,64,63,63,64,75,72,80,74,78,77,74,72,62,60,23,50,0,0,6,14,10,9,11
59,71,76,66,57,57,58,56,66,67,62,65,68,63,62,56,52,13,25,0,0,0,11,9,6,10
58,64,73,66,55,53,53,53,59,58,54,59,57,60,59,51,41,0,14,0,0,6,6,0,7,7
55,71,69,68,58,54,45,56,57,56,53,61,53,61,56,54,37,6,13,0,0,0,10,0,3,9
14,58,74,68,63,55,43,57,59,53,54,62,51,54,50,51,34,9,13,0,0,5,10,7,4,8
11,28,60,69,63,55,57,54,60,50,58,62,17,57,55,50,17,9,12,0,0,6,11,9,6,7
7,17,52,60,68,72,61,55,58,51,54,58,22,54,55,53,21,7,11,0,0,5,11,11,0,5
9,13,30,47,73,65,63,59,58,54,55,59,51,52,55,54,21,5,0,0,0,0,7,7,0,6
9,12,14,8,29,62,82,65,56,54,56,57,53,25,53,50,12,0,6,0,0,0,10,0,5,9
7,10,8,6,23,52,75,66,58,54,52,58,53,32,51,25,9,4,5,0,0,6,9,5,4,5
9,7,5,8,25,27,50,54,69,61,56,57,53,14,51,23,9,0,0,0,0,0,5,5,6,0
6,0,0,9,8,13,14,33,58,63,59,60,52,12,29,28,13,0,4,0,0,0,6,6,5,0
7,0,0,9,7,13,10,22,56,61,62,59,53,14,14,13,9,5,6,0,0,0,8,5,0,0
5,0,10,5,9,7,8,14,63,56,63,54,51,39,13,14,11,0,0,0,0,0,8,8,0,6
0,4,9,0,0,10,0,12,51,77,55,37,50,12,17,13,10,5,5,0,0,0,5,5,5,6
0,7,7,5,11,10,8,11,47,67,54,33,34,10,11,14,9,4,7,0,0,3,0,5,7,4
10,14,12,10,19,13,12,16,73,74,47,33,28,39,22,26,12,0,10,0,0,0,5,5,6,7
0,52,55,62,65,77,107,135,157,159,143,133,122,104,87,60,54,12,13,0,12,5,15,7,12,11
11,14,55,68,72,104,118,133,156,156,146,143,133,117,103,62,55,12,21,0,9,0,15,11,4,8
60,62,77,80,104,111,124,131,140,149,146,149,134,118,105,80,66,11,28,0,0,10,21,11,9,10
75,72,71,82,108,114,125,126,131,132,134,136,134,123,109,66,57,6,40,0,9,7,24,13,7,11
81,86,90,92,90,114,120,117,115,113,131,125,132,116,103,77,63,12,30,0,7,7,14,12,11,20
70,92,83,93,95,92,105,109,107,115,123,130,124,121,108,70,62,9,43,0,0,5,11,12,13,19
69,78,100,85,99,80,72,72,90,109,109,116,124,120,115,83,69,12,43,0,8,8,26,12,13,13
56,74,91,89,82,78,56,66,97,110,122,134,138,135,124,111,78,14,51,0,8,5,9,0,11,13
29,60,75,76,73,62,14,86,101,108,123,132,134,134,127,107,75,51,54,0,7,5,10,10,9,8
15,59,72,68,72,53,23,79,103,106,120,120,131,136,131,115,76,53,53,0,0,0,13,10,8,13
11,40,52,59,61,37,14,71,100,104,115,127,128,122,125,112,76,56,14,0,0,0,10,5,5,7
12,30,37,54,66,9,14,86,101,103,111,114,129,129,124,111,80,75,55,0,0,0,6,10,9,8
9,17,46,53,43,17,76,100,104,112,117,114,129,122,125,115,92,80,61,0,8,7,12,6,10,11
11,13,52,17,50,52,80,101,105,111,116,113,130,123,125,113,103,92,65,0,5,7,13,10,8,9
13,33,60,59,25,68,89,101,107,113,112,115,133,129,132,112,110,100,69,0,8,6,13,12,10,11
11,54,61,47,56,80,93,100,105,112,118,115,134,136,142,127,109,106,74,0,9,6,19,14,9,15
16,56,56,76,83,86,100,103,114,120,137,136,166,160,169,154,121,106,93,0,12,13,21,13,9,18
51,63,76,74,81,86,90,100,122,127,147,166,191,167,161,137,123,103,76,0,14,12,14,13,12,23
55,68,79,85,93,104,101,118,124,138,138,154,173,178,147,135,123,90,76,0,15,13,29,10,12,11
57,75,92,98,106,113,116,124,133,140,150,169,185,174,147,136,113,76,67,0,14,16,48,14,13,18
68,90,106,103,117,113,117,123,134,135,131,140,171,165,133,121,96,78,69,0,13,12,54,14,21,23
72,98,95,104,113,105,111,116,124,125,128,138,137,131,112,111,85,65,71,0,9,10,13,14,12,12
74,83,80,94,84,81,92,103,101,112,107,106,106,105,91,79,65,53,53,0,8,8,15,10,10,14
68,78,77,64,63,63,64,75,72,79,74,78,77,75,72,62,60,23,50,0,0,6,14,10,9,11
59,71,77,66,57,57,58,56,66,67,62,65,68,64,63,56,53,13,25,0,5,0,11,9,6,11
58,64,73,66,55,53,53,53,60,58,55,59,57,60,59,51,43,0,14,0,0,6,6,0,7,7
56,71,69,68,58,54,45,56,58,56,52,61,53,62,56,54,37,6,13,0,0,0,10,0,3,9
14,58,74,67,63,55,43,57,59,53,54,62,51,54,50,51,33,9,13,0,0,5,10,7,4,8
11,28,60,68,64,56,57,54,60,50,59,62,15,58,55,50,15,9,12,0,8,6,11,9,6,7
7,18,52,61,68,72,62,55,58,52,55,58,22,54,55,53,19,7,11,0,4,5,11,10,0,5
9,13,32,47,73,65,63,59,58,54,55,59,51,53,55,54,21,5,0,0,0,0,7,7,0,6
9,12,14,8,31,62,82,65,56,54,55,57,53,29,53,50,12,0,6,0,0,0,10,0,5,9
7,10,8,6,25,52,76,67,59,54,52,58,53,35,52,25,9,0,5,0,0,6,9,5,4,5
9,8,5,8,23,32,50,54,70,61,57,57,54,14,51,23,9,0,0,0,5,0,5,5,6,0
6,0,0,9,9,13,14,33,58,63,59,60,52,12,29,28,13,0,0,0,0,0,6,6,5,0
7,0,6,9,7,14,10,22,57,62,62,59,53,14,13,13,9,5,6,0,0,0,8,5,0,0
5,0,10,5,9,8,8,15,63,57,63,54,51,39,13,14,11,0,0,0,0,0,8,8,0,7
0,4,9,0,0,11,0,12,52,77,55,39,50,12,17,13,10,5,5,0,0,0,5,5,5,6
0,7,8,5,11,10,8,11,48,68,54,34,36,10,12,14,10,5,7,0,0,3,0,5,7,4
10,14,12,10,19,13,12,17,74,74,48,33,28,40,21,25,12,0,10,0,0,0,4,5,6,7
0,52,55,62,65,77,106,136,156,159,143,134,122,105,87,60,54,14,14,0,11,10,15,7,12,11
11,14,56,68,73,104,118,133,156,156,146,143,133,118,103,62,55,22,25,0,8,6,15,11,4,8
61,62,77,82,104,111,124,131,140,149,146,149,134,118,105,80,66,60,28,0,0,10,21,11,9,10
75,72,73,82,107,114,125,126,131,132,134,136,134,124,109,66,56,19,37,0,7,10,24,13,7,11
82,86,90,92,90,114,120,117,115,113,131,125,132,116,103,77,63,30,30,0,6,10,14,13,11,20
70,91,83,92,94,92,105,109,106,115,123,130,124,122,109,71,62,35,43,0,0,7,11,13,13,19
69,78,100,85,98,80,74,71,89,109,109,117,124,121,116,83,69,43,47,0,6,12,26,12,13,13
56,74,89,88,82,78,56,67,96,110,123,134,138,135,124,112,77,56,51,0,7,8,9,0,11,12
29,60,76,76,72,62,14,86,101,108,123,132,134,134,127,107,74,55,54,0,0,10,10,10,9,8
15,59,72,68,73,54,25,80,102,106,120,120,131,137,131,115,75,59,52,0,0,7,13,10,8,13
11,40,52,57,62,37,14,72,100,104,115,126,128,123,125,113,75,61,14,0,0,0,10,6,5,7
12,30,37,53,66,9,14,86,101,103,111,113,129,130,124,111,79,82,55,0,0,0,6,10,9,8
9,20,46,54,46,20,76,100,104,112,117,113,129,122,126,115,92,88,61,0,6,8,12,7,10,11
11,14,54,17,50,52,82,101,105,111,116,113,130,124,125,114,103,100,66,0,0,9,13,10,8,9
13,37,61,60,28,70,90,101,107,113,112,115,133,130,132,113,110,102,69,0,7,7,13,12,10,11
12,53,62,47,56,82,94,100,105,112,118,115,134,137,142,128,109,108,74,0,8,8,19,14,9,15
20,56,57,78,84,87,101,104,114,121,138,137,167,162,170,154,121,109,93,0,11,14,21,14,9,18
51,64,76,74,81,87,90,100,123,127,147,167,191,169,161,137,122,105,76,0,13,13,14,13,12,22
55,69,79,85,93,105,101,118,124,139,138,155,173,179,147,135,122,94,76,0,13,15,31,10,12,11
58,76,92,98,106,114,116,125,133,140,151,169,185,175,147,136,112,80,68,0,12,17,48,14,13,16
68,90,106,103,116,113,118,124,134,136,132,141,172,165,133,121,95,84,69,0,12,13,54,14,23,25
72,98,95,104,113,106,111,116,124,125,128,138,138,131,111,110,85,72,73,0,7,12,13,15,12,12
75,83,79,94,84,81,92,103,101,112,107,106,106,105,91,79,65,57,54,0,7,9,15,10,10,14
68,78,76,64,63,64,64,75,72,80,74,78,77,75,72,62,59,45,50,0,0,8,13,10,9,11
59,71,76,67,56,57,58,56,66,67,63,65,68,64,63,56,52,37,25,0,0,5,11,9,6,11
59,65,73,66,55,53,53,53,60,57,55,59,57,61,59,51,41,10,15,0,0,7,6,0,7,7
56,71,69,68,59,55,46,56,58,56,53,61,52,62,56,54,35,12,13,0,0,0,10,0,4,9
14,59,74,68,63,55,43,57,59,53,56,62,51,55,50,51,32,16,13,0,0,5,10,7,4,8
11,31,60,68,64,56,57,55,60,50,60,63,15,59,55,50,15,13,12,0,7,7,11,9,6,7
8,20,52,61,68,73,62,55,58,52,55,58,22,56,55,53,19,10,11,0,0,5,11,11,0,5
9,13,32,50,73,66,64,59,58,54,55,58,51,54,55,54,21,9,0,0,0,4,7,7,0,6
10,12,14,9,31,63,83,66,57,55,55,57,53,31,52,50,12,6,7,0,0,4,10,0,5,9
7,10,8,6,30,53,76,67,59,54,53,58,53,40,51,25,9,7,5,0,0,6,9,5,4,5
9,8,5,8,23,37,51,55,70,62,57,57,54,14,51,25,8,8,0,0,4,0,5,5,6,0
7,0,0,9,9,14,14,38,58,63,59,61,52,13,29,28,13,7,0,0,0,0,6,6,6,0
7,0,6,9,7,14,10,25,57,62,62,59,53,14,14,14,9,8,6,0,0,0,8,5,0,0
5,0,11,5,9,8,9,16,63,58,64,54,51,42,13,14,11,7,0,0,0,0,8,8,0,7
0,4,9,0,0,11,0,12,52,77,56,37,47,12,17,13,10,9,5,0,0,0,5,5,5,6
0,8,8,5,11,11,8,11,50,69,54,35,38,11,12,14,10,9,7,0,0,3,0,5,7,4
10,14,12,10,18,13,12,19,74,75,50,34,30,41,21,26,12,0,10,0,0,0,4,5,7,7
0,52,55,62,65,77,106,136,156,159,143,134,122,105,87,60,54,14,14,0,12,7,15,7,12,11
11,14,56,69,73,104,118,133,156,155,146,143,133,118,103,61,55,22,25,0,9,4,15,11,4,8
61,63,77,82,104,111,124,131,140,149,146,149,134,119,105,80,67,61,28,0,0,8,21,11,9,10
75,72,72,82,107,114,124,126,130,132,134,136,134,124,109,66,56,21,37,0,9,8,24,13,7,11
82,87,90,92,90,114,120,117,115,113,131,125,132,116,103,77,63,30,30,0,7,8,14,12,11,20
70,90,83,92,94,92,105,109,107,115,124,129,124,122,109,71,62,37,43,0,0,5,12,12,13,19
69,78,100,85,98,80,73,72,90,109,109,116,125,121,115,82,69,45,45,0,8,9,26,12,13,14
56,73,89,88,81,78,56,67,97,110,123,134,139,135,124,112,77,56,52,0,9,6,9,0,11,13
30,60,75,76,71,62,14,86,101,108,124,132,134,134,128,107,75,55,54,0,7,8,10,10,9,8
15,59,71,68,72,54,23,80,102,107,120,120,130,137,131,115,76,59,51,0,0,0,13,10,8,13
12,40,51,58,62,41,14,73,100,104,115,126,128,123,125,113,76,62,14,0,0,0,10,6,5,7
12,35,37,54,66,9,15,87,101,103,111,114,129,130,124,111,80,82,55,0,0,0,6,10,9,8
10,20,46,54,43,20,77,100,104,112,117,113,128,123,126,115,92,88,61,0,8,7,13,7,10,11
11,13,53,17,50,52,83,102,105,111,116,113,131,124,125,114,103,100,65,0,5,8,13,10,8,9
13,41,61,60,28,70,90,102,107,113,112,116,133,131,132,113,109,103,69,0,9,7,13,12,10,11
12,54,62,50,56,82,94,100,106,113,118,115,134,137,142,128,109,109,73,0,10,8,19,14,10,15
20,57,56,78,84,86,101,104,115,121,138,137,167,162,170,154,121,109,93,0,13,12,21,14,9,19
52,64,76,74,81,87,90,101,123,127,147,167,191,169,162,138,123,106,76,0,14,11,14,13,12,23
56,69,79,85,93,105,101,118,125,139,139,155,173,180,147,135,122,94,76,0,14,12,31,10,12,11
58,76,93,97,106,114,116,125,134,140,151,169,185,175,147,136,112,81,67,0,13,12,48,14,13,15
69,90,106,102,117,113,118,124,134,136,132,141,172,166,133,121,95,85,69,0,13,11,53,14,23,26
73,98,95,104,113,106,111,116,125,125,128,138,138,132,111,110,85,72,73,0,9,10,13,14,12,12
74,83,79,93,84,80,92,103,101,112,107,107,106,106,91,78,65,57,54,0,8,7,16,11,10,14
69,78,76,64,63,64,65,76,72,80,74,77,77,75,72,61,60,47,50,0,0,6,14,10,9,11
59,71,76,66,56,57,58,57,66,67,63,65,68,64,63,56,53,37,25,0,5,0,11,9,6,11
59,65,72,66,55,53,53,53,60,57,55,59,57,61,59,51,41,10,15,0,0,5,6,0,7,7
56,72,69,68,58,55,47,56,58,56,54,61,53,63,56,54,37,12,13,0,0,0,10,0,4,9
15,60,74,67,63,55,45,57,59,53,57,62,51,56,50,51,32,17,13,0,0,0,10,7,4,8
12,31,59,68,64,56,57,55,60,47,60,63,14,59,55,50,17,13,12,0,8,5,11,9,6,7
8,21,52,61,68,73,62,55,58,52,55,58,25,56,56,53,21,10,11,0,4,4,11,11,0,5
9,13,32,50,73,66,63,59,59,54,55,59,52,54,55,54,21,9,0,0,0,0,7,7,0,6
10,12,14,9,31,63,83,66,57,55,55,57,53,33,52,50,12,6,7,0,0,0,10,0,5,9
7,10,8,6,30,53,76,68,60,55,53,58,53,40,51,23,9,8,5,0,0,5,9,5,4,5
9,8,5,8,23,35,51,55,71,62,57,57,54,14,51,25,9,8,0,0,5,0,5,5,6,0
7,6,0,9,9,13,14,41,58,63,60,61,52,13,34,28,13,7,0,0,0,0,6,6,6,0
7,0,6,9,7,14,10,27,57,63,62,59,53,14,14,14,9,9,6,0,0,0,8,5,0,0
5,0,10,5,9,8,9,17,64,58,64,54,51,42,13,14,10,7,0,0,0,0,8,8,0,7
0,5,9,0,0,11,0,12,52,77,57,37,45,12,17,13,10,9,0,0,0,0,5,5,5,6
0,8,7,5,11,11,8,12,50,69,55,35,40,11,12,14,10,9,7,0,0,0,0,5,7,4
10,14,12,10,19,13,12,19,75,75,50,34,32,41,21,25,12,0,10,0,0,0,4,5,6,7
0,52,55,62,66,77,106,135,156,159,143,134,123,106,87,60,53,14,14,0,14,6,15,8,12,11
11,14,56,67,73,104,118,133,155,155,146,144,133,118,103,62,55,20,21,0,11,4,15,11,4,8
61,62,77,80,103,111,124,131,140,149,146,149,135,119,105,80,67,61,25,0,6,8,21,11,9,10
75,73,71,81,107,113,124,126,130,131,134,136,135,125,109,66,56,21,37,0,13,7,25,13,7,11
82,87,89,90,90,114,120,117,114,113,131,126,132,116,103,77,63,33,30,0,11,7,14,12,11,20
70,92,83,92,94,92,105,109,107,115,124,129,124,122,109,71,62,40,43,0,0,5,12,13,13,19
69,78,100,84,98,80,74,72,89,109,110,117,125,121,116,83,69,47,43,0,13,8,27,12,13,14
56,73,89,87,82,77,57,67,96,110,123,134,139,136,124,112,77,57,52,0,12,6,9,0,11,13
31,60,75,76,72,63,14,86,101,108,125,132,134,135,128,107,75,55,54,0,11,7,10,11,9,8
15,59,71,68,72,54,25,80,102,107,120,120,131,137,131,116,76,59,51,0,7,0,13,10,8,13
11,43,53,58,62,41,14,73,100,104,115,126,128,123,125,113,75,63,14,0,6,0,10,6,5,7
12,40,37,53,67,10,15,89,101,102,111,114,129,130,124,111,80,83,55,0,9,0,7,10,9,8
9,20,46,54,46,20,76,100,104,112,117,113,128,123,126,115,91,88,61,0,12,7,13,7,10,11
12,14,53,17,51,53,85,102,105,111,116,113,130,124,125,113,103,100,63,0,9,7,13,10,8,9
13,41,61,60,28,70,91,102,107,113,113,116,133,131,132,113,109,103,70,0,12,6,13,12,10,11
12,53,62,50,55,82,94,100,106,113,118,115,134,138,142,128,109,109,73,0,18,7,19,14,10,15
20,58,57,78,85,86,101,104,115,121,139,137,167,163,170,154,121,109,92,0,25,12,23,14,10,19
52,65,76,74,81,87,90,101,123,127,148,168,192,169,162,138,122,105,76,0,42,10,14,13,12,20
56,69,79,85,94,105,101,118,125,140,139,157,174,180,147,136,122,94,76,0,47,11,31,10,12,11
58,76,93,97,106,114,116,125,134,140,151,169,185,176,147,136,112,81,67,0,27,11,50,14,13,15
69,90,106,102,117,113,118,124,134,136,132,141,173,166,133,121,95,85,69,0,42,10,54,14,25,26
72,99,95,104,113,106,111,116,124,125,128,139,138,132,111,110,85,73,73,0,13,9,14,14,12,12
74,83,79,93,84,81,92,103,101,112,108,107,106,106,91,79,65,57,54,0,12,6,16,10,10,14
69,78,76,64,63,64,65,75,72,80,74,78,77,76,72,61,60,50,50,0,8,5,14,10,9,11
59,71,76,66,57,57,59,57,66,67,63,66,69,64,63,56,53,39,23,0,9,0,11,9,6,11
59,65,73,66,55,53,54,54,60,57,55,59,58,61,59,51,41,10,15,0,7,4,6,0,7,7
56,72,70,68,58,55,47,57,58,56,55,61,53,63,57,54,35,12,13,0,0,0,10,0,3,9
18,60,74,68,63,55,47,57,59,53,57,62,51,56,50,51,32,19,13,0,7,0,10,7,4,8
12,34,60,68,64,56,57,56,60,47,60,63,14,59,55,50,19,13,12,0,10,4,11,9,6,7
8,21,52,61,68,73,62,56,58,52,56,58,27,56,55,53,23,10,11,0,7,0,11,11,0,5
9,13,32,50,73,66,64,60,58,54,55,59,52,54,55,54,21,9,0,0,6,0,7,7,0,6
9,12,14,9,33,64,83,67,57,54,56,57,53,33,52,50,12,6,7,0,4,0,10,0,5,9
7,10,9,6,30,53,77,68,60,55,53,58,53,40,51,23,9,8,4,0,4,4,9,5,4,5
9,8,6,8,25,37,51,56,71,62,57,57,54,14,51,27,9,8,0,0,7,0,5,5,6,0
6,6,0,9,9,14,14,44,58,63,60,61,52,13,31,28,13,7,0,0,0,0,6,5,6,0
7,0,6,9,7,15,11,27,56,62,63,59,53,14,14,14,9,9,6,0,0,0,8,5,0,0
5,0,10,5,9,9,9,19,64,58,65,54,51,44,13,14,10,7,0,0,0,0,8,8,0,7
0,5,9,0,0,11,0,13,51,77,57,35,45,12,17,13,10,9,0,0,0,0,5,5,5,6
0,8,7,5,11,11,8,12,48,68,55,35,40,11,12,14,10,9,7,0,0,0,0,5,7,4
10,14,12,10,19,13,12,20,75,75,50,35,33,41,22,26,13,0,10,0,6,0,4,5,6,7
0,53,55,62,65,77,107,136,156,160,143,134,123,106,87,60,53,14,13,0,14,5,15,8,12,11
11,14,57,65,72,104,118,133,155,156,146,144,133,118,103,62,55,20,21,0,11,0,15,11,4,7
61,62,78,79,103,112,124,131,140,149,146,149,135,119,105,80,67,61,28,0,0,7,22,11,9,10
76,73,72,81,107,114,125,126,130,132,134,136,135,125,109,66,56,21,35,0,13,6,25,13,7,11
83,88,90,90,90,114,120,117,115,113,131,126,132,116,103,77,64,33,27,0,10,7,15,12,11,20
70,92,84,92,93,92,105,109,107,115,124,129,125,122,109,71,62,40,43,0,0,0,12,13,13,19
69,77,100,84,98,80,73,72,90,109,109,117,125,122,116,83,69,47,40,0,12,6,27,12,13,13
56,73,89,87,82,78,58,67,97,110,123,135,140,136,125,112,77,57,52,0,11,5,10,0,11,13
33,60,76,76,72,63,15,86,101,108,125,133,134,136,128,107,75,55,54,0,11,6,10,10,9,9
20,59,73,70,71,54,25,80,103,107,120,120,131,138,131,116,76,59,52,0,7,0,13,10,9,13
11,43,54,58,61,41,15,73,100,104,115,126,128,123,125,113,75,62,14,0,6,0,10,6,5,7
12,45,37,53,66,10,15,89,101,103,111,114,130,130,124,111,80,83,55,0,8,0,7,10,9,8
10,20,50,54,43,22,77,100,104,112,117,113,129,123,125,115,91,90,59,0,11,6,13,7,10,11
12,13,53,17,51,55,86,102,105,111,116,113,130,124,125,113,102,100,63,0,9,7,13,10,8,9
13,45,63,61,25,70,91,102,107,113,113,116,133,130,132,113,109,102,69,0,11,6,13,12,10,11
12,54,63,50,55,82,94,100,106,113,118,115,134,138,142,128,109,109,73,0,16,6,20,14,9,15
22,58,57,77,84,87,101,104,115,121,139,137,167,163,170,154,121,109,92,0,21,12,23,14,9,19
52,65,77,74,81,87,90,101,123,127,148,168,192,169,162,138,122,105,76,0,38,10,14,13,12,20
56,69,80,85,94,104,101,118,125,140,139,156,174,180,147,136,121,94,76,0,42,11,34,10,12,11
58,76,95,97,106,114,116,125,134,140,151,170,185,176,147,136,112,81,67,0,25,10,50,14,13,16
69,90,106,102,116,114,118,124,135,136,132,141,173,166,133,121,95,85,69,0,37,10,54,14,25,25
73,98,95,104,113,106,111,116,125,125,128,139,139,132,111,111,85,72,72,0,12,8,14,14,12,12
74,83,80,93,84,81,92,104,102,112,108,107,106,106,91,79,65,57,54,0,12,5,16,10,10,14
69,78,76,64,63,64,65,75,72,80,74,78,78,76,72,61,60,50,50,0,8,4,14,10,9,11
59,71,76,66,57,58,59,57,66,67,63,66,69,64,63,56,53,39,23,0,8,0,11,9,6,11
59,65,73,66,55,53,54,54,60,58,55,59,58,62,59,51,41,10,15,0,7,4,6,4,7,7
57,72,70,68,58,55,48,57,58,57,55,61,53,63,57,55,35,12,13,0,0,0,10,0,3,9
18,60,75,67,63,55,47,57,59,53,58,62,51,56,50,51,32,19,13,0,6,0,10,7,4,8
12,37,60,68,64,56,57,56,60,47,60,62,15,59,55,50,17,13,12,0,10,0,11,9,6,7
8,21,52,61,68,73,62,56,59,52,55,58,29,56,55,53,23,10,11,0,7,0,11,11,0,5
9,13,32,50,73,66,64,60,59,54,55,59,52,54,55,53,19,9,0,0,5,0,7,7,0,6
9,12,15,9,33,64,83,67,57,54,55,57,54,35,52,50,12,6,7,0,0,0,10,0,5,9
7,10,9,6,27,53,77,68,60,55,53,58,53,37,51,23,9,8,4,0,0,4,9,5,4,5
9,8,6,8,25,37,51,56,71,62,57,57,54,14,51,25,9,8,0,0,7,0,5,5,6,0
6,6,0,9,9,14,14,44,58,63,60,61,53,13,31,28,12,8,0,0,0,0,6,5,5,0
7,0,6,9,7,14,11,27,57,62,63,59,53,14,14,14,9,9,6,0,0,0,8,5,0,0
5,0,11,5,9,9,9,19,64,58,64,54,51,46,13,14,10,7,0,0,0,0,8,8,0,7
0,5,9,0,0,11,0,13,52,78,57,35,45,12,17,13,10,9,0,0,0,0,5,5,5,6
0,7,7,5,11,11,8,12,48,68,55,35,40,11,12,14,10,9,7,0,0,0,0,5,7,4
10,14,12,10,19,13,12,20,75,75,50,35,35,41,21,25,13,0,10,0,5,0,4,5,6,7
0,53,55,62,65,77,107,136,157,160,143,134,124,106,87,61,54,15,14,0,13,5,16,8,12,11
11,14,56,65,72,104,118,133,155,156,146,144,134,119,103,62,55,20,21,0,11,4,15,11,4,7
61,62,77,79,103,112,124,131,140,149,146,149,135,119,105,81,68,62,28,0,0,10,23,11,9,10
77,73,71,81,107,113,125,126,130,132,134,136,135,125,109,67,57,23,37,0,12,6,26,13,7,11
83,87,89,90,90,113,120,117,115,113,131,126,133,117,104,77,64,33,30,0,10,7,15,12,11,20
71,92,84,93,94,91,105,108,107,115,124,130,125,122,109,71,62,42,40,0,0,4,12,13,14,19
69,77,100,85,98,80,72,72,90,110,109,117,126,122,116,83,69,47,40,0,12,7,27,12,13,13
56,74,89,87,82,78,58,67,97,110,123,135,140,136,125,112,78,57,52,0,10,5,10,0,11,13
34,60,76,76,73,64,17,85,102,108,125,133,135,136,128,107,76,56,54,0,10,6,10,11,9,9
20,59,73,70,71,54,25,81,103,107,120,120,132,137,131,116,76,59,52,0,6,0,13,10,9,13
12,43,55,59,61,41,17,75,100,105,115,127,129,124,126,113,76,63,15,0,0,0,10,6,5,7
12,45,37,53,65,10,17,89,101,103,112,114,130,130,124,111,80,85,55,0,7,0,7,10,9,8
10,20,50,54,43,20,79,100,104,112,117,114,129,123,125,115,92,88,59,0,11,6,13,7,10,11
12,13,53,20,52,55,86,102,105,111,116,113,130,124,125,113,102,100,63,0,8,6,13,10,8,9
13,50,63,61,28,70,93,102,107,113,113,116,133,130,132,113,109,103,69,0,11,6,13,12,10,11
12,54,63,50,56,82,93,100,106,113,118,115,134,138,142,128,109,109,73,0,15,6,20,14,9,15
22,58,57,77,84,86,101,104,115,121,138,137,167,163,170,155,121,109,92,0,17,11,23,14,10,19
53,65,77,74,82,87,91,100,123,127,148,168,192,169,162,138,123,106,76,0,32,10,14,13,12,22
56,69,80,85,94,104,101,118,125,140,139,156,174,180,147,136,122,95,76,0,37,11,34,10,12,11
59,77,95,97,106,114,117,125,134,140,151,170,186,176,147,136,112,82,67,0,19,10,51,14,13,17
69,90,106,102,117,114,118,124,135,136,132,141,174,167,133,121,96,86,69,0,30,10,55,14,25,26
73,99,95,104,113,106,112,116,125,125,128,139,139,132,112,111,86,73,72,0,11,8,14,14,12,12
75,83,80,93,84,81,93,103,102,113,108,107,106,106,91,79,65,58,53,0,11,6,18,10,10,14
69,78,76,64,63,64,66,75,72,80,74,78,78,76,72,61,60,50,50,0,7,4,14,10,9,11
59,72,76,66,57,58,59,57,66,67,63,66,69,64,63,56,53,43,25,0,8,0,12,9,7,11
59,65,73,66,55,53,54,54,61,58,56,59,59,62,59,51,41,11,15,0,6,4,6,4,7,7
57,72,70,68,58,55,48,56,58,57,55,61,53,64,57,55,35,12,13,0,0,0,10,0,3,9
21,60,75,67,63,55,50,57,59,53,58,62,52,56,50,51,33,20,13,0,6,0,10,7,4,8
12,37,60,68,64,56,58,56,60,47,60,63,17,59,55,50,19,13,12,0,9,4,11,9,6,7
9,21,52,61,68,73,62,56,59,52,55,58,31,56,55,53,23,10,11,0,6,0,11,11,0,5
9,13,32,50,73,66,64,60,59,54,55,59,52,54,55,54,19,9,0,0,5,0,7,7,0,5
10,12,15,10,33,64,83,67,57,55,55,57,54,35,52,50,12,6,7,0,0,0,10,0,5,9
8,10,9,6,27,53,77,68,60,55,53,58,53,37,51,23,9,8,4,0,0,5,9,5,4,5
9,8,6,8,27,35,52,56,72,62,58,58,55,14,51,25,9,9,0,0,7,0,5,5,6,0
6,6,0,9,9,14,14,44,59,64,60,61,53,13,31,30,13,8,0,0,0,0,6,6,5,0
7,0,6,9,7,14,11,27,57,62,63,59,54,15,14,14,9,9,6,0,0,0,8,5,0,0
6,0,10,5,9,8,9,19,64,58,64,55,51,46,13,14,10,7,0,0,0,0,8,8,0,7
0,5,9,0,0,11,0,13,51,78,57,33,45,12,18,13,10,10,0,0,0,0,5,5,5,6
0,7,7,5,11,11,8,12,50,68,56,35,43,11,12,14,10,9,7,0,0,0,0,5,7,4
10,14,12,10,20,13,12,20,75,75,50,35,36,41,21,25,13,0,10,0,5,0,5,5,6,7
0,53,55,62,65,77,107,136,157,160,143,134,124,106,87,61,54,15,14,0,11,8,16,8,12,11
11,14,56,65,72,104,118,133,155,155,146,144,134,119,103,62,55,20,21,0,7,5,16,11,4,7
62,62,78,79,104,112,124,131,140,149,146,150,135,119,106,81,67,64,31,0,0,11,23,11,9,10
77,73,72,81,107,113,125,126,130,132,134,137,135,125,109,67,56,23,40,0,6,7,26,13,7,11
83,86,89,90,91,113,120,117,115,113,131,126,133,117,104,77,64,36,30,0,0,8,15,12,11,20
71,93,85,93,94,91,105,108,107,115,124,130,125,123,109,71,62,42,40,0,0,6,12,13,14,19
69,77,100,84,99,80,73,72,89,110,109,118,126,122,117,84,69,47,40,0,11,8,27,12,13,13
56,74,89,87,82,78,58,67,96,110,122,135,140,137,125,112,78,58,52,0,10,6,10,0,11,13
34,60,76,76,74,64,20,85,102,108,125,133,135,135,128,108,75,56,54,0,8,8,11,11,8,8
25,60,73,68,72,55,28,81,103,107,120,120,132,138,131,116,76,59,53,0,0,5,13,10,8,13
12,43,56,59,61,41,17,75,100,104,115,127,129,124,126,113,76,63,15,0,0,0,10,6,5,7
12,45,34,54,65,10,17,89,101,103,111,114,130,130,124,111,79,83,55,0,0,0,7,10,9,8
10,20,50,54,43,22,79,100,104,112,117,113,129,122,125,115,91,88,61,0,5,7,13,7,10,11
12,14,54,20,52,55,85,101,105,111,116,113,130,123,125,113,102,100,63,0,7,8,13,10,8,9
13,50,63,61,28,70,93,102,107,113,113,116,133,130,132,113,108,103,69,0,10,7,13,12,10,11
12,54,63,50,56,82,93,100,106,113,118,115,135,138,142,128,109,109,73,0,12,8,20,14,9,14
23,58,57,78,84,87,101,104,115,121,139,137,168,164,170,155,121,109,92,0,14,13,23,14,10,19
53,66,77,75,82,87,92,100,123,127,147,168,193,170,162,138,122,106,76,0,22,11,14,14,12,23
57,70,80,85,94,104,101,118,125,140,139,157,175,180,147,137,121,95,76,0,21,12,34,10,12,11
59,77,95,97,106,114,117,125,134,140,150,171,186,176,147,136,112,82,68,0,14,12,50,14,13,17
70,90,106,102,116,113,118,124,135,136,131,141,174,167,133,121,95,86,69,0,15,11,55,14,25,27
73,99,95,104,113,106,112,116,125,126,128,139,139,132,112,111,86,73,72,0,9,9,14,14,12,12
75,85,80,93,84,81,93,103,102,113,108,108,106,106,91,79,65,58,53,0,9,7,18,10,10,14
69,78,76,65,63,64,66,75,72,80,74,78,78,76,71,61,60,50,50,0,5,6,14,10,9,11
59,72,76,66,57,58,59,57,66,67,64,66,69,64,63,56,53,43,25,0,0,0,12,9,6,11
59,65,73,67,55,53,54,54,61,58,55,59,59,62,59,51,43,11,15,0,6,5,6,4,7,7
57,72,70,68,59,54,48,56,58,57,55,61,54,64,57,55,35,12,13,0,0,0,10,0,3,9
25,60,75,68,63,55,50,57,59,53,58,62,52,56,50,51,32,20,13,0,5,4,10,7,4,8
12,40,60,68,64,56,58,56,60,50,60,63,17,59,55,50,19,13,12,0,9,5,11,9,6,8
9,21,53,61,68,73,62,56,59,52,55,59,34,56,55,53,21,10,11,0,6,5,11,11,0,5
9,13,35,50,73,66,64,59,58,54,55,59,53,54,55,54,17,8,0,0,4,0,7,7,0,6
10,12,17,10,33,63,84,67,57,55,55,57,54,33,52,50,12,6,7,0,0,0,10,0,5,9
8,10,9,6,25,53,77,68,60,55,53,59,54,37,51,25,9,8,4,0,0,6,9,5,4,5
9,8,6,8,27,35,52,56,72,62,58,58,55,14,50,25,9,8,0,0,6,0,5,5,6,0
6,6,0,9,9,14,14,44,59,64,60,61,54,13,29,30,12,8,0,0,0,0,6,5,5,0
7,0,6,9,7,15,11,27,57,62,64,60,54,14,14,14,9,9,6,0,0,0,8,5,0,0
6,0,10,5,9,9,10,17,64,58,64,55,51,46,13,14,10,7,0,0,0,0,8,8,0,7
0,5,9,0,0,11,0,13,51,78,56,33,43,12,18,14,9,10,0,0,0,0,5,5,5,6
0,7,8,5,11,11,8,12,50,68,55,36,43,11,12,14,10,9,7,0,0,3,0,5,7,4
11,14,12,10,20,13,12,20,75,75,50,35,38,41,22,25,13,0,10,0,0,0,5,5,6,7
0,53,55,62,65,77,107,136,157,160,143,134,124,105,87,60,54,15,14,0,4,7,16,8,12,11
11,14,56,67,70,104,118,133,155,155,146,144,134,119,103,62,55,22,25,0,6,5,15,11,4,8
62,62,78,80,104,112,124,131,140,149,146,150,135,119,106,80,67,62,31,0,0,12,23,11,9,10
77,73,71,80,107,113,125,126,131,132,134,137,135,125,109,67,56,25,40,0,0,8,25,13,7,11
84,85,90,90,90,113,120,117,115,113,131,126,133,117,104,77,64,36,30,0,0,9,14,12,11,20
72,91,85,93,94,91,105,108,107,115,124,130,125,122,109,71,62,42,40,0,0,6,12,13,14,19
69,77,100,84,98,80,73,72,90,110,109,118,126,122,117,83,69,45,40,0,8,9,27,12,13,13
56,73,89,88,81,78,58,67,97,111,122,135,140,136,125,112,78,58,52,0,7,6,10,0,11,13
34,59,76,76,73,64,22,85,102,108,125,133,135,135,128,108,75,56,54,0,0,8,10,11,9,8
28,60,74,68,72,54,25,80,103,107,120,120,132,138,131,116,75,59,53,0,0,5,13,10,8,13
12,43,55,59,61,41,17,73,100,104,115,127,129,124,126,113,76,64,14,0,0,0,10,6,5,7
13,45,34,54,64,10,19,89,101,103,111,115,130,130,124,111,80,85,56,0,0,0,7,10,9,8
10,17,50,54,43,22,79,100,104,112,117,114,129,122,126,115,91,90,61,0,0,7,13,7,10,11
12,14,53,20,52,55,85,101,105,111,116,113,131,124,125,113,102,100,65,0,0,7,13,10,8,9
13,50,63,61,28,70,91,102,107,113,113,116,134,130,132,113,108,103,68,0,0,4,13,12,10,11
12,54,64,50,57,82,93,100,106,113,118,115,135,137,142,128,109,109,73,0,0,0,20,14,9,15
25,58,57,78,84,87,101,104,115,121,139,137,168,163,170,155,121,109,93,0,7,14,23,14,10,19
53,65,77,75,82,87,92,101,123,128,147,167,193,170,162,138,122,106,76,0,8,12,14,14,12,23
57,70,80,85,94,104,101,118,125,140,139,156,175,180,147,136,121,95,76,0,12,14,36,10,12,11
59,77,93,97,106,114,117,125,134,140,150,171,187,176,147,136,112,82,68,0,9,14,50,14,13,17
70,90,106,102,116,113,118,124,135,137,131,141,174,167,133,121,95,86,69,0,7,12,55,14,25,26
73,98,95,104,113,106,111,116,125,126,128,139,139,132,112,111,86,72,72,0,4,11,14,14,12,12
75,84,80,93,84,81,93,103,102,112,108,108,107,106,91,80,65,58,53,0,0,8,18,11,10,14
69,78,76,65,64,64,66,75,72,80,75,79,78,76,72,62,60,50,50,0,0,7,14,10,9,11
59,72,76,66,57,58,59,57,66,68,64,66,69,64,63,55,53,43,27,0,0,5,12,9,7,11
59,65,73,67,55,53,54,54,61,58,55,59,59,62,60,51,43,11,15,0,0,7,6,4,7,7
58,72,70,68,59,55,47,56,58,57,55,61,54,64,57,55,35,12,13,0,0,0,10,0,4,9
26,60,75,68,63,55,47,57,59,53,58,62,52,56,50,51,32,20,13,0,0,6,10,7,4,8
12,37,60,69,64,56,58,55,60,50,60,63,17,59,55,50,17,13,12,0,6,7,11,9,6,7
9,21,53,61,68,73,62,56,59,52,55,59,34,56,56,53,23,10,11,0,0,6,11,11,0,5
9,13,35,50,73,66,64,59,58,55,55,59,53,54,55,54,17,8,0,0,0,5,7,7,0,6
10,12,17,10,33,63,84,67,57,55,54,57,54,33,53,50,12,6,7,0,0,5,10,0,5,9
8,10,9,6,25,53,77,68,60,55,53,59,54,35,52,23,9,8,4,0,0,7,9,5,4,5
10,8,6,8,27,35,52,56,73,62,58,58,55,14,50,25,9,9,0,0,0,0,5,5,6,0
7,6,0,9,9,14,14,44,59,64,60,61,54,13,29,28,12,8,0,0,0,0,6,6,5,0
7,0,6,9,7,14,11,27,57,63,64,60,54,14,14,14,9,9,6,0,0,0,8,5,0,0
6,0,10,5,9,9,10,19,64,59,64,55,50,46,14,14,10,8,0,0,0,0,8,8,0,7
0,4,9,0,0,11,0,13,51,78,56,31,40,12,19,13,9,10,0,0,0,0,5,5,5,6
0,7,8,5,11,11,8,12,50,68,55,36,43,11,12,14,10,9,7,0,0,4,0,5,7,4
11,14,13,10,19,13,12,20,75,75,51,35,38,41,22,25,13,0,10,0,0,0,5,5,6,7
0,53,55,62,65,77,107,136,157,160,143,134,124,105,87,60,54,15,14,0,0,9,17,8,12,11
11,14,56,67,72,104,118,133,156,156,146,143,134,118,103,62,55,25,25,0,0,6,15,11,4,8
61,62,78,82,104,111,124,132,140,149,146,150,135,119,106,81,68,62,31,0,0,13,23,12,9,10
76,73,71,80,107,114,125,126,130,132,134,137,135,125,109,66,56,25,42,0,0,9,25,13,7,11
84,85,89,90,90,113,120,117,115,113,131,126,133,117,104,77,64,36,32,0,0,10,14,12,11,20
72,91,84,93,94,91,105,108,107,115,124,130,125,122,109,71,62,42,40,0,0,8,12,13,14,18
69,77,100,84,98,80,73,72,90,110,109,118,125,121,116,83,69,45,40,0,7,11,27,12,13,13
56,73,89,88,82,78,58,67,97,111,122,135,140,136,125,112,78,57,52,0,6,8,10,0,11,13
34,60,75,76,74,64,20,86,102,108,125,133,135,135,128,107,75,56,55,0,0,10,11,11,9,8
25,60,73,70,73,54,28,80,103,107,120,121,132,138,131,116,75,59,53,0,0,7,13,10,8,13
12,43,55,59,62,45,17,75,100,104,116,127,129,124,126,113,76,64,14,0,0,0,10,6,5,7
13,45,31,54,65,10,19,89,101,103,111,114,130,130,125,111,80,85,56,0,0,0,7,10,9,8
10,20,50,54,46,20,80,100,104,112,117,114,129,122,125,115,91,90,62,0,0,8,13,7,10,11
12,14,53,17,52,56,85,101,105,111,116,113,131,124,125,113,102,100,65,0,0,8,13,10,8,9
13,45,63,61,31,71,93,102,107,113,113,116,134,130,132,113,108,103,69,0,0,5,13,12,10,11
13,53,63,50,57,82,93,100,106,113,118,115,134,137,142,128,109,109,73,0,0,0,20,14,9,15
25,58,57,78,85,87,101,104,115,121,139,137,167,163,170,155,121,109,93,0,6,20,23,14,10,19
53,65,77,75,82,87,92,101,124,128,148,167,193,170,162,137,122,106,76,0,7,13,14,14,12,25
57,70,80,86,94,104,101,118,125,140,139,156,175,180,147,135,121,95,76,0,10,25,34,10,12,11
59,77,93,97,106,115,117,125,134,140,150,171,187,176,147,136,112,81,68,0,6,20,50,14,13,17
70,90,106,102,117,113,118,124,135,137,132,141,175,167,133,121,95,87,69,0,5,14,55,14,25,27
73,98,94,104,113,106,112,116,125,126,128,139,139,132,112,111,86,73,72,0,0,12,14,14,12,12
75,85,80,93,84,81,93,103,102,113,108,108,106,106,91,79,65,58,54,0,0,9,18,11,10,14
69,78,76,65,64,64,66,75,72,80,75,78,78,76,72,61,60,50,50,0,0,9,14,10,9,11
59,72,76,66,57,58,59,57,66,68,64,66,69,64,63,55,53,45,25,0,0,7,12,9,7,11
59,64,73,67,55,53,54,54,61,58,55,59,59,62,60,51,43,11,15,0,0,8,6,0,7,7
58,72,69,68,59,55,48,56,59,57,54,61,54,64,57,55,35,12,13,0,0,0,10,0,4,9
26,60,75,68,64,55,47,57,59,53,58,62,51,56,50,51,32,20,13,0,0,7,10,7,4,8
12,37,59,69,64,56,58,56,60,50,60,63,20,59,55,50,17,13,12,0,4,8,11,9,6,7
9,21,53,61,69,74,62,56,59,52,56,59,31,56,56,53,23,10,11,0,0,7,11,11,0,5
9,13,35,50,74,66,64,60,59,55,55,59,53,54,55,54,19,8,0,0,0,6,7,7,0,6
10,12,17,11,35,63,84,67,57,55,54,58,54,31,53,50,12,6,7,0,0,6,10,0,5,9
8,10,9,6,27,53,77,68,60,55,54,59,54,35,52,23,9,8,4,0,0,7,9,5,4,5
9,8,6,8,27,35,52,56,73,63,58,58,55,14,50,25,9,9,0,0,0,0,5,5,6,0
7,6,0,9,9,14,14,44,59,65,61,61,54,13,31,30,12,8,0,0,0,0,6,6,5,0
8,0,6,9,8,15,11,27,58,63,65,60,54,14,14,14,9,9,6,0,0,0,8,5,0,0
6,0,10,5,9,9,10,19,64,59,65,55,50,46,14,14,10,8,0,0,0,3,8,8,0,7
0,4,9,0,0,11,0,13,51,78,56,33,38,12,19,13,9,10,0,0,0,0,5,5,5,6
0,7,8,5,11,11,8,12,50,69,55,35,40,11,12,14,10,9,7,0,0,5,0,5,7,4
11,14,12,10,20,13,12,20,75,75,51,35,39,41,23,25,13,0,10,0,0,0,5,5,6,7
0,52,55,62,65,77,107,136,158,160,143,134,124,105,87,60,54,15,13,0,0,10,16,8,12,11
11,14,56,67,72,104,118,134,156,156,146,143,134,118,103,62,55,25,21,0,0,7,15,11,0,8
61,62,78,83,104,111,124,132,140,150,146,150,135,119,106,80,67,64,31,0,0,14,22,11,9,10
76,73,71,80,107,114,125,126,130,132,134,136,135,124,109,66,55,25,42,0,0,10,25,13,7,11
84,85,89,90,90,113,120,117,115,113,131,126,133,117,104,77,64,36,30,0,0,12,14,12,11,21
71,91,84,93,94,92,105,109,107,115,124,130,125,122,108,71,62,42,43,0,0,9,12,13,14,19
69,77,100,84,98,80,73,72,90,110,109,118,125,121,116,83,69,50,40,0,0,13,27,12,13,13
56,73,89,87,81,79,58,67,98,111,123,135,140,136,125,112,77,58,52,0,5,9,10,0,11,13
33,60,75,76,74,63,20,86,102,109,125,133,135,135,128,107,75,56,54,0,0,11,10,11,8,8
25,60,73,70,73,55,28,81,103,107,120,121,132,137,131,116,75,60,53,0,0,8,13,10,8,13
12,46,55,59,62,45,17,75,101,104,116,127,129,124,126,113,76,65,14,0,0,0,10,6,5,7
13,45,31,54,66,10,19,89,101,103,111,114,130,130,125,111,80,86,56,0,0,4,7,10,9,8
10,20,50,54,46,22,80,100,104,113,117,114,129,122,125,115,91,91,62,0,0,9,13,7,10,11
12,14,53,17,52,57,86,101,106,111,116,113,131,124,125,114,102,100,65,0,0,9,13,10,8,9
13,50,63,61,31,71,93,102,107,113,113,116,134,130,132,113,108,103,68,0,0,6,13,12,10,11
13,53,64,50,59,82,93,100,106,113,118,115,134,137,142,127,109,109,72,0,0,0,20,14,9,15
26,58,57,77,85,87,101,104,115,121,139,137,167,163,170,154,121,109,92,0,0,32,21,14,10,19
53,65,77,74,82,87,92,101,124,128,148,167,192,170,161,137,122,106,76,0,5,14,14,14,12,25
57,70,80,86,94,105,101,119,125,140,139,156,175,180,147,135,121,96,76,0,8,37,34,10,12,11
59,77,92,98,106,115,117,125,134,141,151,171,187,176,147,135,112,81,68,0,0,32,48,14,13,17
70,90,106,102,117,113,119,124,135,137,132,141,174,167,133,121,95,87,69,0,0,15,54,14,25,27
73,98,94,104,113,106,112,116,125,126,128,139,139,132,112,111,86,73,72,0,0,14,13,14,12,12
75,84,80,93,84,81,93,104,102,113,108,108,106,106,91,79,65,58,54,0,0,11,16,11,10,14
69,78,76,65,64,64,66,76,73,81,75,78,78,76,72,61,60,50,50,0,0,10,14,10,9,11
59,72,76,66,57,58,59,57,67,68,64,66,69,65,64,55,53,45,25,0,0,8,12,9,6,11
59,64,73,67,55,54,54,54,61,58,55,59,59,62,60,50,43,11,15,0,0,9,6,0,7,7
58,73,70,68,59,55,48,57,59,57,54,61,54,63,57,54,35,12,13,0,0,0,10,0,3,9
26,61,74,68,64,55,47,57,59,53,58,62,51,56,50,51,31,22,13,0,0,8,10,7,4,8
12,37,59,69,64,56,58,56,60,47,60,63,20,59,55,50,17,14,12,0,3,9,11,9,6,8
9,22,53,61,69,74,62,56,59,52,56,59,31,56,55,52,21,10,11,0,0,8,11,11,0,5
9,13,35,50,74,66,64,60,59,55,55,59,53,54,55,54,17,8,0,0,0,7,7,7,0,6
10,12,17,11,35,64,84,68,57,55,54,58,54,31,53,50,12,6,7,0,0,7,10,0,5,9
8,10,9,6,27,53,77,69,61,55,54,59,54,35,52,23,9,8,4,0,0,8,9,5,4,5
9,8,6,8,27,37,52,57,73,63,58,58,55,14,50,25,9,9,0,0,0,5,5,5,6,0
7,6,0,9,9,14,14,47,59,65,61,61,54,13,31,28,12,8,0,0,0,5,6,6,5,0
8,0,6,9,8,17,11,29,58,63,64,60,54,14,14,14,9,9,6,0,0,0,8,5,0,0
6,0,10,5,9,9,10,19,64,59,65,55,50,48,14,14,9,8,0,0,0,4,8,8,0,7
0,4,9,0,0,11,0,13,52,79,57,33,40,12,19,13,9,10,0,0,0,4,5,5,5,6
0,7,8,5,11,11,8,12,50,69,55,35,40,11,12,14,10,9,7,0,0,6,0,5,7,4
11,14,12,10,20,13,12,21,75,75,51,35,39,41,23,23,13,0,10,0,0,0,4,5,6,7
0,52,55,62,66,77,107,136,158,161,144,134,123,105,87,60,54,17,13,0,0,12,16,8,12,11
11,14,56,67,70,104,118,133,157,156,146,143,134,118,103,62,55,25,21,0,0,8,15,11,0,8
61,62,78,82,104,111,124,132,140,149,146,150,135,119,106,80,68,64,31,0,0,19,22,11,9,10
77,73,70,80,107,114,125,126,131,132,134,136,135,124,109,66,55,25,40,0,0,12,25,13,7,11
84,86,89,90,90,113,120,117,115,113,131,126,133,117,104,77,63,36,30,0,0,13,14,12,11,21
71,91,83,92,94,92,105,109,107,115,124,130,125,122,109,71,62,42,40,0,0,10,12,13,14,19
69,77,100,84,98,80,73,72,91,110,110,117,125,121,116,83,68,50,40,0,0,19,27,12,13,13
56,73,88,86,81,79,57,67,99,111,123,136,140,136,125,112,77,58,52,0,0,10,10,0,11,13
33,60,75,76,73,63,20,86,102,109,125,133,135,135,128,107,74,56,54,0,0,12,10,11,8,8
20,60,73,68,73,55,28,81,103,107,120,121,132,137,131,115,74,60,52,0,0,10,13,10,8,13
12,46,54,59,62,45,19,75,101,104,116,127,129,124,126,112,76,64,14,0,0,0,10,6,5,7
13,45,31,53,67,10,17,89,101,103,111,114,130,130,125,111,80,86,55,0,0,5,7,11,9,8
10,20,50,54,46,22,79,100,104,112,117,113,129,122,126,115,91,90,61,0,0,10,13,7,10,11
12,13,53,17,54,57,86,101,106,111,116,113,131,124,125,114,103,101,65,0,0,10,13,10,8,9
13,50,63,61,31,73,93,102,107,113,113,116,134,131,132,113,109,103,68,0,0,7,13,12,10,11
13,53,63,50,59,82,93,100,106,113,118,115,134,137,142,127,109,109,72,0,0,0,20,14,9,16
27,58,57,77,85,87,101,104,115,121,139,137,167,163,170,154,121,109,92,0,0,42,23,14,10,19
53,65,77,74,82,87,91,101,124,128,148,167,192,169,161,137,122,106,76,0,0,27,14,14,12,23
57,70,80,86,94,105,101,119,126,140,139,156,175,180,147,135,121,95,76,0,6,50,34,10,12,11
60,77,92,97,106,114,117,125,134,141,151,170,187,176,147,136,112,81,68,0,0,44,48,14,13,17
69,90,106,102,117,113,119,124,135,137,132,141,174,167,133,121,95,87,69,0,0,27,54,14,25,26
73,98,94,104,113,106,112,116,125,126,128,139,139,132,112,111,87,73,72,0,0,20,13,14,12,12
75,83,80,93,84,81,93,104,102,113,108,108,106,106,91,79,65,58,54,0,0,12,16,11,10,14
68,78,76,65,64,64,66,76,73,81,75,78,78,76,72,62,60,50,50,0,0,11,14,10,9,11
59,72,76,66,57,58,59,57,67,67,64,66,69,65,64,55,53,45,23,0,0,10,12,9,6,11
59,64,73,66,55,54,54,54,61,58,55,59,59,62,60,50,43,11,15,0,0,10,6,0,7,7
58,73,70,68,59,55,48,57,59,57,55,61,53,63,58,54,33,13,13,0,0,7,10,0,4,9
26,61,75,67,64,56,47,57,59,53,59,62,51,56,50,51,31,22,13,0,0,9,10,7,4,8
12,37,59,69,64,56,58,56,60,47,60,63,20,59,55,50,15,14,12,0,0,10,11,9,6,7
9,22,53,61,69,74,62,56,59,52,56,58,31,56,55,53,21,10,11,0,0,9,11,11,0,5
10,13,32,50,74,66,64,60,59,55,55,59,53,54,55,54,19,8,0,0,0,9,7,7,0,6
10,12,17,11,37,64,84,67,58,55,54,58,54,31,53,50,12,6,7,0,0,8,10,0,5,9
8,10,9,6,27,53,77,69,61,55,54,58,54,35,52,23,9,8,4,0,0,9,9,5,4,5
10,8,6,8,30,37,51,57,73,63,58,58,55,15,50,25,9,9,0,0,0,6,5,5,6,0
7,6,0,9,9,14,14,47,59,65,61,61,54,14,31,28,12,8,0,0,0,6,6,6,6,0
8,0,6,9,8,17,11,29,58,64,65,60,54,15,15,14,10,9,6,0,0,5,8,5,0,0
6,0,10,5,9,9,10,19,64,60,66,55,50,48,14,14,9,8,0,0,0,5,8,9,0,7
0,4,9,0,0,11,0,13,52,79,57,31,43,12,19,13,9,10,0,0,0,5,5,5,5,6
0,7,8,5,11,11,8,12,50,69,55,34,40,11,12,14,10,9,7,0,0,7,0,5,7,4
11,14,12,10,20,13,12,21,76,75,51,36,41,41,22,23,13,0,10,0,0,0,4,5,6,7
0,52,55,62,66,77,107,136,159,161,144,134,124,106,87,60,54,17,13,0,5,14,16,8,12,12
11,14,56,67,70,104,118,133,157,156,147,143,134,119,103,62,55,25,25,0,0,10,15,11,0,8
61,62,78,83,104,111,124,132,140,149,146,150,135,119,106,80,68,65,28,0,0,24,22,11,9,10
77,73,71,81,107,114,125,126,131,132,134,136,135,125,109,66,56,25,40,0,0,13,25,13,7,11
84,86,89,90,90,114,120,117,115,113,131,126,133,117,104,78,64,38,30,0,4,14,14,12,11,20
72,91,83,92,94,92,105,109,107,116,125,130,125,123,109,72,62,42,43,0,0,11,12,13,14,19
69,77,100,84,98,80,73,72,90,110,110,117,125,122,116,83,69,50,40,0,0,30,27,12,13,13
56,73,88,86,81,79,58,67,99,111,123,135,140,136,125,112,77,58,52,0,0,12,10,0,11,13
33,60,75,75,73,63,17,86,102,108,125,133,135,135,128,107,75,56,54,0,0,14,10,10,8,8
20,60,72,70,72,56,28,84,103,107,120,121,132,138,131,115,75,60,53,0,0,12,13,10,8,13
12,46,55,59,62,50,19,75,101,104,115,127,129,124,126,113,76,65,14,0,0,5,10,6,5,7
13,40,31,53,67,10,17,89,101,103,111,114,129,130,125,111,80,86,55,0,0,7,7,11,9,8
10,20,50,54,46,25,79,100,105,112,117,113,129,122,125,115,92,90,59,0,0,12,13,7,10,11
12,13,54,17,52,57,86,102,106,111,116,113,131,124,125,114,103,101,63,0,0,12,13,10,8,9
13,51,63,62,31,73,93,102,107,113,113,116,134,131,132,113,109,103,68,0,4,12,13,12,10,11
12,54,63,51,59,82,93,100,106,113,118,115,135,138,142,127,108,109,72,0,0,20,20,14,9,15
27,58,57,77,85,88,101,104,116,122,139,137,167,164,170,154,121,109,92,0,6,41,21,14,10,19
53,65,77,74,81,87,91,101,124,128,148,167,192,170,161,137,122,106,76,0,8,25,14,14,12,23
57,70,80,86,94,105,101,119,126,140,139,156,175,181,147,135,121,95,76,0,9,50,34,10,12,11
60,77,92,98,106,115,117,125,135,141,152,171,187,177,147,136,112,81,68,0,5,42,48,14,13,18
70,90,106,102,116,113,119,124,135,137,132,141,175,168,133,121,96,88,69,0,7,25,54,14,25,26
73,98,94,104,113,106,112,116,125,126,129,139,139,132,112,111,87,74,72,0,0,17,13,14,12,12
75,83,80,93,84,81,93,104,102,113,108,108,106,107,91,80,65,59,54,0,0,12,16,11,10,14
69,78,76,64,64,64,66,76,73,80,75,78,78,77,72,61,60,50,50,0,0,11,14,10,9,11
59,72,76,66,57,58,59,58,68,67,64,66,69,65,64,55,53,47,23,0,0,10,12,9,6,11
59,65,73,67,55,54,54,54,61,58,56,59,59,62,60,50,43,11,15,0,0,10,6,0,7,7
58,73,70,68,59,55,48,57,59,57,55,61,54,64,58,54,35,13,13,0,0,6,10,0,4,9
26,61,75,67,64,56,50,58,60,53,59,62,51,56,50,51,32,22,13,0,0,9,10,7,4,8
12,37,60,69,64,56,58,56,60,47,60,63,20,59,55,50,17,14,12,0,0,10,11,9,6,7
9,22,53,61,69,74,62,56,59,52,56,58,31,57,55,53,21,10,11,0,0,9,11,11,0,5
9,13,35,50,74,66,64,60,59,55,55,59,53,55,55,54,19,8,0,0,0,8,7,7,0,6
10,12,19,11,35,64,84,68,58,55,55,57,54,31,52,50,12,6,7,0,0,8,10,0,5,9
8,10,9,6,27,53,77,69,61,55,54,58,54,37,52,23,10,8,4,0,0,9,9,5,5,5
10,9,6,8,30,37,51,57,74,63,58,58,55,15,50,25,9,9,0,0,0,5,5,5,6,0
7,6,0,9,9,14,14,50,59,65,61,61,54,14,34,30,13,8,0,0,0,6,6,6,6,0
8,0,6,10,8,17,11,29,59,64,65,60,54,16,15,14,10,10,6,0,0,5,8,5,0,0
6,0,11,5,9,9,10,19,64,60,66,55,50,50,14,14,9,9,0,0,0,5,8,8,0,7
0,5,9,0,0,11,0,13,52,79,58,33,47,12,19,13,9,10,0,0,0,4,5,5,5,6
0,7,8,5,11,11,8,12,50,69,56,35,38,11,12,14,10,9,7,0,0,6,0,5,7,4
11,14,12,10,19,13,12,21,76,76,51,36,41,41,22,23,13,0,10,0,0,0,4,5,7,7
0,53,55,62,66,77,107,136,159,161,144,134,124,106,87,60,54,17,13,0,8,15,16,8,12,12
12,14,57,67,70,104,118,133,157,157,147,144,134,119,103,62,55,25,25,0,7,10,15,11,0,8
61,62,79,82,104,111,124,132,141,149,146,150,135,119,106,80,67,65,31,0,0,24,22,11,9,10
78,75,72,81,107,113,125,126,131,132,134,136,135,125,109,67,56,28,40,0,0,13,25,13,7,11
84,87,90,90,90,114,120,117,115,114,131,126,133,117,104,78,64,38,30,0,5,14,14,12,11,20
72,91,84,92,94,92,105,109,107,116,125,130,125,123,109,72,62,45,43,0,0,11,11,13,14,19
69,78,100,84,98,80,73,71,90,110,110,118,125,122,116,84,69,51,38,0,0,30,26,12,13,13
56,73,88,86,81,78,58,66,99,111,123,135,140,136,125,112,77,58,52,0,4,12,10,0,11,13
33,60,75,75,73,63,17,86,102,108,125,133,135,135,128,107,75,56,54,0,0,14,10,10,8,8
20,60,73,68,72,56,28,84,103,107,120,121,132,138,131,116,75,60,53,0,0,12,13,10,8,13
12,50,55,59,62,45,17,75,101,104,115,126,129,124,126,113,76,65,14,0,0,5,10,6,5,7
13,45,34,54,67,10,17,89,101,103,111,114,129,130,125,111,80,86,55,0,0,7,7,11,9,8
10,22,50,54,46,25,79,100,105,112,116,113,129,123,126,115,92,91,59,0,0,12,12,7,10,11
12,14,55,17,54,57,86,102,106,111,116,113,131,124,125,114,103,101,63,0,0,12,13,10,8,9
13,51,63,62,31,73,93,102,107,113,113,116,134,131,133,113,109,103,69,0,5,12,13,12,10,11
12,54,64,52,59,82,93,100,106,113,118,115,135,138,142,127,108,109,72,0,0,20,20,14,10,15
28,59,57,77,85,87,101,104,116,122,139,137,167,164,170,154,121,109,92,0,7,41,21,14,10,19
53,66,77,74,81,87,91,101,124,128,148,168,192,170,161,137,122,106,76,0,10,25,14,14,12,23
57,70,81,86,94,105,101,119,126,140,139,156,175,181,147,136,121,96,76,0,10,50,34,10,12,11
60,77,92,97,106,115,117,125,135,141,152,171,188,177,147,136,112,82,68,0,8,44,48,14,13,17
70,91,106,102,116,113,119,124,135,137,132,141,175,168,133,121,95,88,69,0,9,23,53,14,25,26
73,98,94,104,113,106,112,116,126,126,129,139,139,132,112,111,86,73,72,0,0,17,13,14,12,12
75,83,80,93,84,81,93,104,103,113,108,108,106,107,91,80,65,59,54,0,0,12,16,11,10,14
69,78,76,64,64,64,66,76,73,81,75,78,78,77,72,62,60,50,50,0,0,11,14,10,9,11
59,73,77,66,57,58,59,58,68,68,64,66,69,65,64,55,53,47,23,0,0,10,12,9,6,11
60,65,73,67,55,54,54,54,61,58,56,59,59,62,60,51,43,11,15,0,0,10,6,4,7,7
58,73,70,69,59,55,48,57,59,57,55,61,54,64,58,55,35,13,13,0,0,6,10,0,4,9
28,61,75,68,63,56,50,58,59,53,59,62,51,56,50,51,32,22,13,0,0,9,10,7,4,8
12,40,60,69,64,56,58,56,61,47,60,63,20,59,55,50,15,14,12,0,4,10,11,9,6,7
9,23,53,61,69,74,62,56,60,52,56,58,34,57,55,53,21,10,11,0,0,9,11,11,0,5
10,13,37,50,73,66,64,60,59,55,55,59,53,55,54,54,17,8,0,0,0,8,7,7,0,6
10,12,19,11,37,64,84,68,58,55,55,57,55,31,52,50,12,6,7,0,0,8,10,0,5,9
8,10,9,6,27,53,77,69,62,56,54,58,54,37,51,23,10,8,4,0,0,9,9,5,5,5
10,9,6,8,30,37,52,57,74,63,58,58,55,15,50,25,9,9,0,0,3,5,5,5,6,0
7,6,0,9,9,14,14,50,60,65,61,61,54,14,31,30,13,8,0,0,0,6,6,6,6,0
8,0,7,9,8,17,11,29,59,64,65,60,54,16,15,14,10,10,6,0,0,5,8,5,0,0
6,0,11,5,9,9,10,19,65,61,66,55,47,50,14,14,9,9,0,0,0,5,8,8,0,7
0,5,9,0,0,11,0,13,52,79,58,33,47,12,19,13,9,10,0,0,0,5,5,5,5,6
0,7,8,5,11,11,8,12,50,69,56,35,38,11,12,14,10,10,7,0,0,6,0,5,7,4
11,14,13,10,19,13,12,21,76,76,51,37,42,41,22,23,12,0,11,0,0,0,4,5,7,7
0,52,55,62,65,77,107,136,158,162,144,134,124,106,87,60,54,17,13,0,10,15,16,8,12,12
12,14,57,68,69,104,118,133,157,157,147,144,134,119,103,62,55,31,25,0,8,10,15,11,0,8
61,62,79,83,104,111,124,132,140,150,146,150,135,119,106,80,67,65,28,0,0,24,23,11,9,10
78,73,72,81,107,113,125,126,130,132,134,136,135,125,109,67,56,28,40,0,7,13,25,13,7,11
84,86,90,90,90,114,120,117,115,114,131,126,133,117,104,78,64,38,30,0,7,14,14,12,11,20
72,91,83,92,94,91,105,109,107,116,124,130,125,123,109,72,62,42,43,0,0,12,11,13,14,19
69,77,100,84,98,80,73,71,90,110,110,118,125,122,116,84,69,51,40,0,6,30,27,12,13,13
56,73,88,86,82,79,58,66,98,111,123,135,140,136,125,112,78,58,52,0,7,12,10,0,11,13
33,60,76,76,73,63,17,86,102,108,125,134,135,135,129,107,75,57,54,0,0,14,10,11,8,8
25,59,73,70,72,56,28,82,103,107,120,121,132,138,131,115,75,61,54,0,0,12,13,10,8,13
12,46,55,59,62,50,17,75,101,104,115,127,129,124,126,113,76,65,14,0,0,5,10,6,5,7
13,45,34,54,67,10,17,89,101,103,111,114,129,130,125,111,80,86,55,0,0,7,7,11,9,8
10,22,50,54,46,25,79,100,104,112,116,113,129,123,126,115,92,91,59,0,7,12,12,7,10,11
12,13,54,17,52,57,85,102,106,111,116,113,131,124,125,114,103,101,65,0,0,13,13,10,8,9
13,51,63,63,31,73,93,102,107,113,113,116,134,131,133,113,108,103,70,0,7,12,13,12,10,11
12,54,64,52,59,82,94,100,106,113,118,115,135,138,142,127,109,109,72,0,7,21,20,14,10,15
28,59,57,78,85,87,101,104,115,121,139,138,168,164,170,154,120,109,92,0,10,41,23,14,10,19
53,65,77,74,82,87,91,101,124,128,148,168,193,170,161,137,122,106,76,0,13,25,14,14,12,23
57,70,80,86,94,105,101,119,126,141,139,157,175,180,147,135,121,95,76,0,13,50,34,10,12,11
60,77,92,98,106,115,117,126,134,141,152,171,188,177,148,136,112,82,68,0,11,46,48,14,13,18
70,91,106,102,116,114,119,124,135,137,132,142,175,168,133,121,95,88,69,0,12,23,54,14,25,26
73,98,94,104,113,106,112,116,125,126,129,139,139,132,112,111,86,73,72,0,6,17,13,14,12,12
75,83,80,93,84,81,94,104,103,113,108,108,106,107,91,80,65,59,54,0,7,12,16,11,10,14
69,78,76,64,64,64,66,76,73,81,75,79,78,77,72,61,60,50,50,0,0,11,14,10,9,11
59,72,77,66,57,58,58,58,68,68,64,66,69,65,64,55,53,47,23,0,0,10,12,9,6,11
59,65,73,67,55,54,54,54,61,58,56,59,59,62,60,51,43,12,15,0,0,10,6,4,7,7
58,73,70,69,59,55,50,57,59,57,55,61,54,64,58,55,33,13,13,0,0,7,10,0,4,9
28,61,75,68,63,56,50,58,60,53,59,62,51,56,50,51,31,22,13,0,0,9,10,7,4,8
12,40,60,69,64,56,58,56,61,50,60,63,20,60,55,50,17,14,12,0,6,10,11,9,6,7
9,23,53,61,69,74,63,56,59,52,56,59,34,57,55,53,23,10,11,0,0,9,11,11,0,5
10,13,37,50,73,66,64,60,59,55,55,59,53,55,54,54,19,8,0,0,0,9,7,7,0,6
10,12,19,11,37,64,84,68,58,56,54,57,55,31,52,50,12,6,7,0,0,8,10,0,5,9
8,10,9,6,27,53,77,69,62,56,53,59,54,37,52,23,9,8,4,0,0,9,9,5,5,5
9,9,6,9,30,40,52,56,74,63,58,58,55,15,50,25,9,9,0,0,5,5,5,5,6,0
7,6,0,9,9,14,14,50,59,65,60,61,54,14,31,30,13,8,0,0,0,6,6,6,6,0
8,0,7,9,8,17,11,29,59,64,65,60,54,16,16,14,10,10,6,0,0,5,8,5,0,0
6,0,11,5,9,9,10,20,64,61,66,55,43,50,14,14,10,9,0,0,0,5,8,8,0,7
0,5,9,0,0,11,0,13,52,80,58,33,47,12,20,13,9,10,0,0,0,5,5,5,5,6
0,7,8,6,11,11,8,12,50,69,56,36,38,11,12,14,10,10,7,0,0,7,0,5,7,4
11,14,13,10,19,13,12,22,76,76,51,37,44,40,22,23,12,0,11,0,0,0,5,5,7,7
0,52,55,62,65,77,107,136,159,161,144,135,124,106,87,60,54,17,13,0,13,15,16,8,12,12
12,14,58,67,69,104,118,134,157,157,147,144,134,119,103,62,55,34,25,0,11,10,15,11,0,8
62,62,79,83,104,111,124,132,140,150,146,150,135,119,106,80,67,66,28,0,0,25,22,11,9,10
78,73,72,81,107,114,125,126,130,132,134,137,135,125,110,67,57,32,40,0,12,13,25,13,7,11
85,86,90,90,90,114,120,117,115,114,131,126,133,117,104,77,64,41,32,0,10,14,14,12,11,20
72,92,83,93,94,91,105,110,107,116,124,130,125,123,109,71,62,45,43,0,0,12,11,13,13,19
69,77,100,84,99,80,73,71,90,110,109,118,125,122,116,84,69,50,40,0,11,30,26,12,13,13
57,73,89,86,82,79,58,66,97,111,123,135,140,137,125,112,78,58,52,0,10,12,10,0,10,13
33,60,76,76,73,64,15,86,102,108,126,134,135,135,129,107,75,57,54,0,9,14,10,11,8,8
28,59,73,68,72,57,25,82,103,107,120,121,132,138,131,116,76,61,53,0,6,12,13,10,9,13
13,50,55,59,63,50,17,73,100,104,115,127,129,124,126,113,76,66,14,0,0,5,10,6,5,7
13,45,34,54,66,10,17,90,101,103,111,114,130,130,125,111,81,87,55,0,7,7,8,11,9,8
10,22,50,54,46,25,79,100,104,112,116,113,129,123,126,115,93,92,61,0,10,12,13,7,10,11
12,14,55,20,52,57,85,102,106,112,116,113,131,125,126,114,103,101,65,0,8,13,13,10,8,9
13,51,61,62,31,73,93,102,107,113,113,116,134,132,133,113,108,103,70,0,10,12,13,12,10,11
13,54,64,52,59,83,94,100,106,113,118,115,135,138,142,127,109,109,72,0,14,21,21,14,10,15
29,59,57,78,85,87,101,104,115,122,139,138,167,164,170,154,121,110,92,0,14,42,23,14,10,19
54,66,77,74,82,88,91,101,124,128,148,168,192,170,162,137,122,106,76,0,26,25,14,14,12,23
58,71,81,85,94,104,101,119,126,141,139,157,175,180,147,135,121,96,76,0,35,50,34,10,12,11
60,77,93,98,106,115,117,126,135,141,152,171,188,177,148,136,112,82,68,0,19,50,48,14,13,18
71,91,106,102,117,114,119,124,135,137,132,142,175,168,134,121,96,88,69,0,23,23,54,14,25,26
73,98,94,104,113,106,112,117,125,126,129,140,139,133,112,111,87,73,72,0,11,15,13,15,12,12
76,84,80,93,83,81,94,104,103,114,108,108,107,107,91,80,65,59,53,0,11,12,16,11,10,14
69,78,76,64,64,64,66,76,73,81,75,79,78,77,72,61,60,50,50,0,7,11,14,10,9,11
60,72,77,66,57,58,58,58,68,68,64,66,69,65,64,55,54,50,23,0,8,10,12,9,6,11
60,64,73,67,55,54,54,54,61,58,56,59,59,62,60,51,45,12,15,0,6,10,6,4,7,7
58,73,70,69,59,55,48,57,59,57,55,61,54,64,58,55,35,13,13,0,0,7,10,0,4,9
29,61,75,68,63,56,47,58,59,53,59,62,51,56,51,51,32,23,13,0,6,9,10,7,4,8
12,40,60,69,64,56,57,56,61,50,60,63,20,60,55,50,17,14,12,0,9,10,11,9,6,7
10,23,53,61,69,74,62,56,59,52,56,59,34,57,55,53,23,10,11,0,6,9,11,11,0,6
10,13,37,50,73,66,64,60,59,55,55,59,53,56,55,54,19,8,0,0,5,9,7,7,0,6
10,12,19,11,37,64,84,68,58,56,54,58,55,31,52,50,12,6,7,0,0,8,10,0,5,9
8,10,9,6,25,54,77,69,62,56,54,59,54,37,52,23,10,8,4,0,0,9,9,5,5,5
10,9,6,9,30,40,52,57,74,64,58,58,55,15,50,21,9,9,0,0,7,5,5,5,6,0
7,6,0,9,9,14,14,50,59,65,61,61,54,14,31,28,13,8,0,0,0,6,6,6,6,0
8,0,7,9,8,17,11,31,59,64,65,61,54,18,16,14,10,10,6,0,0,5,8,5,0,0
6,0,11,5,9,9,10,22,65,61,66,55,38,50,14,14,10,9,0,0,0,5,8,8,0,7
0,5,9,0,0,11,0,13,52,80,58,33,47,12,21,13,9,10,0,0,0,5,5,5,5,6
0,7,8,5,11,11,8,12,50,69,56,36,36,11,12,14,10,10,7,0,0,7,0,5,7,4
11,14,13,10,19,13,11,23,76,76,51,37,42,40,22,23,13,7,11,0,5,0,5,5,7,7
