0,53,56,62,71,72,96,63,137,155,160,147,130,111,87,60,52,21,13,0,3,0,23,8,12,11
18,59,82,92,98,106,113,69,137,159,160,159,142,128,105,64,55,37,30,0,4,0,20,10,5,8
45,50,67,71,94,105,112,54,127,148,152,160,142,128,107,77,62,53,21,0,0,4,20,10,8,9
37,20,53,60,73,92,104,18,116,130,136,142,140,128,106,62,45,14,17,0,0,0,21,12,6,9
15,20,37,53,52,62,88,9,106,115,130,131,135,119,97,67,52,14,13,0,0,0,12,10,9,13
38,36,36,38,53,56,59,8,108,115,131,136,128,127,100,62,51,15,14,0,0,0,10,11,12,13
53,43,59,43,62,56,57,9,95,118,120,127,131,127,107,72,57,39,34,0,0,0,23,11,12,12
13,51,57,58,51,25,53,0,102,120,132,142,144,137,111,102,60,53,45,0,0,0,11,0,10,11
14,27,51,53,33,21,12,5,104,115,136,141,137,134,113,96,60,52,50,0,0,0,9,10,6,7
13,19,21,32,25,11,12,0,107,114,132,130,135,138,122,106,57,55,36,0,0,0,14,10,8,12
8,13,25,25,14,10,13,0,102,112,129,139,135,130,119,106,57,50,11,0,0,0,11,6,6,7
11,14,13,14,13,8,17,0,103,111,123,128,141,140,121,109,62,68,51,0,0,0,10,11,10,8
8,9,11,7,0,8,59,5,62,116,125,124,136,130,121,111,70,71,51,0,0,6,12,7,11,10
11,11,13,8,10,14,63,0,67,114,122,121,137,131,118,109,76,78,54,0,0,5,13,10,8,10
7,6,7,7,0,9,15,0,19,108,112,114,131,126,111,87,50,41,22,0,0,0,12,9,8,8
14,23,38,18,17,32,69,6,74,117,126,125,140,135,127,109,77,82,59,0,0,0,24,13,10,14
30,45,40,58,50,44,76,11,85,118,137,136,167,160,145,131,88,81,71,0,0,8,21,13,10,15
16,20,43,52,59,53,60,14,65,110,140,153,185,163,135,113,70,69,0,0,0,4,10,11,9,13
51,45,52,58,66,68,68,32,68,119,132,152,177,185,131,117,89,77,64,0,0,6,14,8,10,8
51,44,62,63,73,71,74,30,72,121,140,168,184,175,133,120,88,65,56,0,0,8,29,12,11,12
59,61,66,64,73,65,74,19,100,125,128,145,170,175,128,117,86,73,56,0,0,4,41,12,13,14
60,67,67,72,77,68,74,69,98,124,131,143,155,150,115,113,86,72,60,0,0,4,13,13,11,10
59,57,59,60,57,57,63,71,75,122,122,137,135,138,103,93,67,57,50,0,0,0,15,10,10,13
54,53,55,53,52,53,56,69,68,102,107,125,122,124,90,82,58,52,40,0,0,0,17,11,10,12
40,51,52,51,37,50,53,66,69,96,107,110,115,108,80,66,56,51,21,0,0,0,13,10,8,12
39,26,48,50,29,40,52,58,63,90,105,102,105,100,69,57,45,18,17,0,0,0,7,5,8,8
22,46,50,50,37,35,47,57,62,89,94,95,92,86,63,56,28,33,12,0,0,0,12,0,4,9
11,19,36,48,41,27,51,51,60,93,104,99,87,75,53,51,27,23,13,0,0,4,12,7,4,7
11,10,13,48,41,22,51,43,60,86,102,95,78,73,52,43,15,14,12,0,0,5,12,10,7,7
9,11,14,25,25,41,51,27,61,84,98,78,71,68,52,51,23,12,12,0,0,0,12,10,0,0
8,10,12,11,13,36,36,27,58,76,81,75,66,66,50,50,14,11,0,0,0,0,9,7,0,4
9,9,12,6,9,13,50,18,52,77,81,72,67,62,21,32,10,7,7,0,0,11,11,5,5,8
7,8,6,0,10,9,50,13,42,76,75,68,63,56,27,14,8,8,5,0,0,5,9,5,4,5
7,6,0,0,10,9,15,8,55,73,71,62,57,52,31,14,8,8,0,0,0,0,6,5,6,0
6,0,0,6,0,8,13,11,23,79,74,64,57,56,34,18,10,7,5,0,0,0,7,7,5,0
7,0,0,7,0,8,11,14,50,88,82,68,61,54,26,13,7,11,6,0,0,0,9,6,0,0
5,0,7,0,9,6,8,9,44,86,78,64,58,59,13,14,10,10,0,0,0,4,10,9,0,7
0,0,6,0,6,8,6,11,36,100,73,64,58,53,18,12,7,10,0,0,0,0,7,7,5,7
0,6,7,6,11,6,8,11,42,82,78,67,58,47,12,12,8,9,9,0,0,3,5,6,7,5
10,11,11,8,11,0,7,12,47,74,77,60,52,52,13,13,7,0,7,0,0,0,5,5,6,6
0,54,57,62,74,71,91,0,132,149,164,151,132,113,88,60,52,21,13,0,4,0,25,9,12,11
38,73,93,100,102,106,111,5,132,157,161,160,144,131,107,65,55,37,36,0,4,0,22,12,5,9
34,42,63,67,84,103,107,0,123,146,151,160,143,130,107,76,59,51,20,0,0,6,21,10,9,10
14,13,38,51,51,62,85,0,111,128,135,142,140,127,105,61,36,13,14,0,0,0,21,12,6,9
11,12,12,25,22,13,47,0,103,115,128,131,135,119,90,62,48,13,12,0,0,0,12,10,9,13
13,14,12,12,14,18,23,0,109,115,131,137,128,126,96,58,41,14,13,0,0,0,10,11,12,13
35,14,29,14,41,27,51,0,97,121,122,128,131,126,104,68,52,31,31,0,0,0,20,11,13,12
11,16,30,35,14,11,46,0,104,122,134,142,144,134,104,94,53,50,37,0,0,0,11,0,10,12
13,14,15,25,12,11,10,0,106,117,140,144,137,132,108,89,55,50,46,0,0,0,9,10,6,7
12,12,11,13,12,6,10,0,109,117,135,132,135,137,118,102,52,52,33,0,0,0,13,10,8,12
6,10,13,12,10,6,14,0,103,115,133,142,137,132,117,104,52,32,12,0,0,0,11,7,6,7
10,12,10,10,8,6,21,0,104,115,127,132,144,142,120,108,57,62,50,0,0,0,11,12,10,8
7,0,7,0,0,0,56,0,67,118,128,128,139,132,120,111,64,65,51,0,0,5,13,7,11,11
10,9,11,0,5,11,58,0,71,116,125,124,139,132,116,107,70,71,52,0,0,0,13,10,9,9
10,10,11,9,7,13,67,0,82,118,125,124,141,132,117,94,62,56,55,0,0,0,14,12,11,11
13,14,14,11,11,13,62,0,77,119,128,127,142,133,123,104,67,67,56,0,0,0,22,13,11,14
25,30,20,38,13,14,68,0,79,118,136,134,166,157,140,125,76,68,65,0,0,7,16,13,10,14
12,10,13,31,45,18,50,0,52,106,136,151,183,162,130,108,61,61,0,0,0,0,11,11,9,12
29,12,13,27,52,53,56,0,57,112,129,150,177,186,128,114,85,75,62,0,0,0,13,7,10,7
13,11,42,39,58,52,54,0,56,115,137,166,183,178,133,120,88,62,54,0,0,6,23,11,11,12
53,39,37,35,23,17,53,0,84,122,127,146,171,181,130,120,89,73,54,0,0,0,35,11,12,12
54,52,56,56,52,52,58,43,89,124,133,145,164,161,120,116,92,76,58,0,0,0,12,13,10,10
51,23,50,32,25,28,53,61,76,127,127,147,146,150,109,99,72,59,50,0,0,0,15,10,10,12
14,14,38,37,25,36,54,69,76,110,119,141,139,140,98,90,61,53,47,0,0,4,20,11,10,12
16,15,14,21,15,35,53,71,78,107,121,127,132,124,87,71,60,52,27,0,0,0,14,10,8,12
25,10,21,27,15,29,53,61,71,102,123,118,121,112,74,60,50,32,22,0,0,0,8,7,8,8
12,10,15,21,20,23,50,60,70,101,108,107,104,94,65,57,30,45,12,0,0,0,13,0,5,9
9,10,10,14,15,14,54,51,69,107,117,111,99,81,55,52,28,25,13,0,0,0,13,8,5,8
10,7,9,14,14,14,52,40,68,99,111,105,89,77,52,45,23,14,12,0,0,0,13,11,7,7
8,8,12,12,11,14,50,20,70,96,109,84,79,70,52,51,30,12,12,0,0,0,13,11,0,0
7,8,10,8,0,13,22,14,65,84,90,81,71,68,50,50,14,12,0,0,0,0,10,8,0,5
8,8,11,0,6,10,13,10,58,86,91,77,71,67,14,32,10,8,7,0,0,10,11,5,6,9
6,6,0,0,8,0,14,9,52,84,81,71,66,58,21,14,8,8,5,0,0,4,10,5,4,6
7,5,0,0,7,7,15,0,57,77,74,63,59,55,29,15,8,7,0,0,0,0,6,6,6,0
5,0,0,0,0,5,13,10,42,84,77,65,59,61,38,18,9,7,5,0,0,0,8,7,6,0
6,0,0,7,0,0,13,13,57,98,87,70,64,58,34,13,6,11,6,0,0,0,9,7,4,0
5,0,5,0,9,0,8,8,54,97,80,66,62,61,13,14,11,11,5,0,0,3,10,10,4,7
0,0,0,0,6,6,8,11,52,104,78,69,61,58,19,12,8,10,6,0,0,0,7,7,6,7
0,5,6,6,10,0,8,12,59,89,84,72,61,54,12,11,9,9,10,0,0,0,5,6,8,5
9,10,10,8,10,0,5,12,50,77,83,64,53,53,12,13,6,0,8,0,0,0,6,5,6,6
0,58,61,64,79,73,97,0,146,153,165,150,132,111,91,60,53,27,13,0,8,5,25,8,12,11
55,89,102,104,104,109,115,0,143,161,161,158,144,128,108,67,57,43,41,0,8,6,22,11,5,9
34,47,65,70,88,104,110,0,131,146,150,158,142,126,107,77,62,55,25,0,0,10,20,9,8,10
13,11,29,47,38,59,94,0,117,129,134,142,139,123,105,61,45,13,17,0,0,0,20,11,5,9
10,10,11,14,14,9,53,0,107,115,127,129,133,115,92,62,50,14,12,0,0,4,12,9,9,13
12,11,9,10,11,11,45,0,113,115,131,136,127,120,95,59,46,14,14,0,0,0,9,10,11,13
25,12,16,11,27,14,54,0,103,123,122,127,129,120,104,68,56,35,36,0,0,0,19,11,12,12
9,13,20,19,11,8,52,0,108,123,133,140,142,129,104,94,56,50,41,0,0,0,10,0,10,12
12,13,13,14,8,9,11,0,111,118,139,142,135,127,107,88,58,50,50,0,0,0,8,9,6,7
11,9,8,11,9,0,12,0,112,117,134,130,134,132,118,101,56,52,36,0,0,0,13,10,8,12
0,8,12,11,7,0,39,0,106,116,131,139,135,126,117,103,56,28,12,0,0,0,10,6,6,7
10,10,8,7,0,0,52,0,108,116,126,130,142,138,120,108,62,63,53,0,0,0,10,12,10,8
7,0,0,0,0,0,70,0,110,118,127,127,138,128,120,111,69,66,54,0,0,7,12,6,10,10
9,7,8,0,0,9,72,0,110,117,124,123,137,128,116,108,76,71,56,0,0,6,13,10,8,9
13,12,11,7,4,12,79,0,113,119,125,123,140,128,117,95,69,58,60,0,4,4,14,12,10,11
11,11,11,8,7,11,72,0,112,120,127,126,141,129,123,104,74,67,58,0,0,0,20,13,10,14
19,18,13,14,9,12,75,0,113,119,136,133,165,152,140,126,87,70,68,0,0,9,14,13,10,14
10,7,9,14,25,11,53,0,96,109,136,158,185,164,134,110,87,73,45,0,6,6,11,11,9,12
11,8,10,11,20,47,57,0,103,113,129,148,174,179,129,115,94,76,64,0,8,6,13,7,10,7
10,6,13,13,50,35,53,0,107,117,139,165,180,173,135,122,99,66,56,0,6,9,23,11,10,12
50,13,13,12,10,11,53,0,115,127,129,146,170,178,133,123,100,78,57,0,6,6,33,11,12,12
50,18,47,42,13,39,63,7,116,128,135,146,166,161,125,119,103,84,64,0,0,5,12,13,10,10
33,13,20,13,12,14,57,43,110,131,128,149,148,149,114,101,80,63,52,0,0,0,15,10,10,12
12,10,17,17,13,20,58,55,106,115,120,142,140,138,103,94,67,55,51,0,0,6,18,11,10,12
14,12,12,14,13,35,58,64,106,113,123,127,132,122,91,73,64,52,35,0,5,0,13,10,8,12
22,7,14,23,14,34,59,53,95,107,123,118,122,110,77,62,54,34,28,0,0,0,8,6,8,8
12,8,14,15,17,25,56,51,98,105,108,106,105,92,68,58,42,50,12,0,0,0,13,0,4,9
8,8,8,14,14,21,61,12,96,111,116,111,99,78,59,54,34,26,13,0,0,0,13,7,4,8
10,6,8,14,15,14,58,11,95,102,111,105,90,74,55,51,33,14,12,0,6,4,12,10,7,7
8,6,11,12,11,14,55,7,94,98,108,84,80,68,55,53,44,12,12,0,0,0,12,10,0,0
7,7,10,8,0,14,42,0,90,88,90,82,71,65,53,52,23,12,0,0,0,0,9,7,0,4
9,8,10,0,5,9,34,0,86,89,92,78,72,64,30,50,11,8,7,0,0,0,11,5,5,8
6,6,0,0,8,0,36,0,80,88,81,71,66,55,40,23,10,8,6,0,0,3,9,4,4,6
6,0,0,0,6,7,50,0,89,79,74,63,60,53,43,32,8,6,0,0,0,0,5,5,6,0
5,0,0,0,0,5,38,6,79,86,75,64,59,58,47,30,10,6,5,0,0,0,7,7,6,0
7,0,0,7,0,0,23,8,86,101,83,68,64,54,42,13,9,11,6,0,0,0,9,6,0,0
4,0,5,0,9,0,10,0,86,103,75,62,61,57,13,19,13,11,6,0,0,0,10,10,0,7
0,0,0,0,6,5,10,5,88,107,75,63,60,54,21,14,10,9,6,0,0,0,7,7,6,7
0,4,6,7,10,0,10,6,103,93,79,64,59,48,13,12,11,11,11,0,0,0,5,6,8,5
8,9,10,8,9,0,5,9,84,84,79,58,51,47,13,14,7,0,10,0,0,0,6,5,6,6
0,58,61,64,79,75,100,0,145,154,166,151,132,111,91,61,53,27,13,0,14,0,25,9,12,12
55,89,102,104,104,110,116,6,142,162,162,159,144,129,108,67,57,43,41,0,13,0,22,11,5,9
38,47,65,70,90,105,112,0,130,147,151,158,142,126,108,77,62,56,25,0,6,3,20,9,8,9
14,12,31,47,41,62,100,0,116,129,135,142,139,123,106,62,45,13,17,0,11,0,20,11,5,9
10,10,11,14,14,10,61,0,105,116,127,129,134,115,93,63,50,14,13,0,8,0,12,10,9,13
11,10,8,10,11,10,52,0,111,116,131,136,127,121,96,60,46,14,14,0,0,0,9,10,11,13
15,12,16,11,25,14,57,0,101,124,122,127,130,120,104,69,56,35,36,0,10,0,19,11,13,12
8,12,20,17,11,8,54,0,106,124,133,140,142,129,104,94,57,50,41,0,10,0,10,0,10,12
11,13,13,13,7,9,12,0,109,118,139,143,135,126,107,88,58,50,50,0,9,0,8,9,6,7
11,9,8,10,8,0,13,0,111,118,135,131,134,132,118,101,56,52,36,0,0,0,13,10,8,12
0,8,12,10,6,0,53,0,105,116,131,140,135,127,117,103,56,32,12,0,7,0,10,6,6,7
9,10,8,0,0,7,59,0,107,116,126,131,143,138,120,108,62,63,53,0,10,0,10,12,10,8
7,0,0,0,0,0,76,0,108,119,128,127,138,128,121,111,69,66,54,0,11,0,12,6,10,10
9,6,7,0,0,10,77,0,109,117,125,123,137,128,116,108,75,71,56,0,8,0,13,10,8,9
12,11,10,0,0,12,85,0,111,119,125,123,140,128,117,95,68,60,60,0,11,0,14,12,10,11
11,11,11,0,6,12,75,0,111,121,128,126,142,129,123,104,74,67,58,0,17,0,20,13,10,14
15,14,13,11,7,12,77,0,111,120,136,134,166,152,140,126,87,71,68,0,13,4,14,13,10,14
9,6,8,12,20,11,55,0,92,109,135,159,184,163,134,111,89,75,52,0,13,0,12,12,9,12
10,6,9,10,14,47,58,0,101,113,128,147,173,178,129,115,96,77,63,0,14,0,13,7,10,7
9,5,12,12,47,32,54,0,106,117,138,165,180,172,135,123,100,66,56,0,13,0,23,11,10,12
41,13,13,11,9,12,55,0,113,127,128,146,170,179,134,123,100,80,58,0,13,0,33,11,12,13
41,14,41,37,13,39,65,9,115,128,135,146,166,162,125,120,104,86,64,0,9,0,12,13,10,10
22,12,18,12,11,13,57,51,108,131,128,149,148,150,114,102,81,64,52,0,12,0,15,10,10,12
12,9,17,13,12,14,60,57,104,115,120,142,140,138,103,94,68,56,51,0,11,0,20,11,10,12
13,12,12,14,13,37,59,66,104,113,123,127,132,122,91,73,64,53,37,0,11,0,13,10,8,12
21,6,14,20,15,36,60,55,94,107,123,118,122,110,77,63,54,36,32,0,10,0,8,6,8,8
12,7,14,15,20,27,58,53,97,106,107,106,105,92,68,58,44,50,12,0,8,0,13,0,5,9
8,7,8,15,19,27,63,14,94,111,116,110,99,79,60,54,34,26,14,0,9,0,13,8,4,7
10,6,8,14,19,20,61,12,93,102,111,105,90,74,55,51,33,14,12,0,11,0,12,10,7,7
7,6,12,12,12,15,57,10,93,99,108,84,80,68,55,53,44,12,12,0,8,0,12,10,0,0
7,6,9,8,0,14,48,5,89,88,89,81,71,65,53,52,23,12,0,0,5,0,9,7,0,4
8,7,10,0,5,10,50,0,85,90,92,78,72,64,33,50,12,8,7,0,0,0,11,5,5,8
5,5,0,0,8,6,50,6,79,89,81,72,67,55,40,23,10,8,6,0,5,0,9,4,4,6
6,0,0,0,5,8,54,0,87,81,74,64,61,52,45,35,8,6,0,0,7,0,5,5,6,0
5,0,0,0,0,6,51,8,77,88,76,64,60,58,47,32,10,6,5,0,0,0,7,7,6,0
7,0,0,6,0,0,31,9,85,103,84,69,65,55,42,13,9,11,7,0,0,0,9,6,4,0
4,0,6,0,9,0,11,0,86,105,76,63,61,57,14,20,13,11,6,0,0,0,11,10,0,7
0,0,0,0,6,5,13,7,88,108,77,64,61,54,23,14,10,10,6,0,0,0,7,7,6,7
0,4,6,7,10,0,11,9,102,96,79,65,60,50,13,12,11,11,10,0,0,0,5,6,8,5
8,9,10,8,8,0,6,12,84,88,80,59,52,48,13,14,7,0,10,0,4,0,6,5,6,6
0,57,60,64,78,75,99,0,145,154,166,152,133,111,91,61,53,30,13,0,23,0,20,9,12,12
55,88,102,103,104,110,116,7,142,162,162,159,145,129,108,67,57,46,41,0,14,0,21,11,5,9
38,45,65,70,88,105,112,0,130,147,151,158,143,127,108,77,62,56,25,0,9,0,20,9,8,10
14,12,31,45,41,60,100,0,116,129,135,142,140,124,106,61,45,13,17,0,13,0,20,11,5,9
10,10,11,14,13,11,62,0,106,116,127,130,134,116,94,63,50,14,12,0,10,0,12,10,9,13
11,9,8,10,11,11,52,0,111,116,131,136,127,121,98,60,48,15,14,0,0,0,10,10,11,13
14,12,15,11,23,14,57,0,101,125,122,127,130,121,105,69,56,37,36,0,13,0,20,11,13,12
8,12,20,15,11,8,54,0,106,124,133,140,143,129,105,94,57,50,41,0,12,0,10,0,10,12
11,13,13,13,7,9,11,0,109,118,139,142,135,127,107,88,58,51,50,0,12,0,8,9,6,7
11,8,7,10,8,0,12,0,111,118,135,131,134,132,118,101,56,52,36,0,6,0,12,10,8,12
0,7,11,10,6,0,52,0,105,116,131,140,135,127,117,103,56,28,12,0,9,0,11,6,6,7
9,10,8,0,0,7,56,0,107,116,126,131,143,138,120,108,62,63,53,0,13,0,10,12,10,8
6,0,0,0,0,0,75,0,108,119,127,127,138,128,121,111,69,66,54,0,13,0,13,6,10,11
8,6,6,0,0,10,76,0,108,117,124,123,137,128,116,108,75,71,56,0,10,0,13,10,8,9
12,11,10,0,0,12,82,0,111,119,125,123,140,129,117,95,68,61,60,0,13,0,14,12,10,11
11,10,10,0,5,12,74,0,110,121,128,126,142,130,123,104,74,68,58,0,26,0,19,13,11,14
14,14,13,10,6,12,77,0,111,120,137,135,167,152,140,125,87,71,68,0,16,0,14,13,10,14
9,6,8,13,21,11,56,0,93,110,136,162,185,163,134,111,89,74,50,0,16,0,12,12,9,12
10,6,9,10,14,47,58,0,101,113,129,147,173,178,129,115,96,76,63,0,20,0,13,7,10,7
9,5,11,12,45,28,53,0,106,118,138,165,180,172,135,122,100,66,56,0,19,0,22,11,10,12
41,13,13,11,9,12,56,0,114,127,128,146,170,179,134,123,101,80,57,0,15,0,33,11,12,13
33,14,41,37,13,39,65,0,115,128,135,146,167,162,125,120,104,87,64,0,11,0,12,13,10,10
22,11,16,12,11,13,57,12,108,131,129,149,148,150,115,102,82,64,52,0,14,0,15,10,10,12
12,9,17,13,12,14,60,27,104,116,120,143,141,139,104,95,68,56,51,0,13,0,18,11,10,12
13,11,12,14,13,37,59,57,105,113,123,127,132,122,91,73,65,53,37,0,13,0,13,10,8,12
21,6,14,20,15,36,61,28,94,107,123,118,122,110,78,63,54,38,32,0,11,0,8,6,8,8
11,7,14,15,22,27,58,26,97,106,107,107,106,93,69,58,46,50,12,0,11,0,13,0,5,9
7,7,9,15,21,27,64,7,95,111,116,111,99,79,60,54,35,27,14,0,10,0,13,8,5,7
10,6,8,13,19,22,61,6,93,102,111,105,90,75,55,51,33,14,12,0,12,0,12,10,6,7
7,6,12,12,13,16,57,0,93,99,108,85,80,69,56,53,44,12,12,0,9,0,12,10,0,0
6,6,9,8,0,14,50,0,89,88,89,82,72,65,53,52,23,12,0,0,6,0,9,7,0,4
8,7,10,0,5,10,51,0,86,90,92,78,72,65,36,50,12,8,7,0,6,0,11,5,5,8
5,5,0,0,8,6,50,0,79,89,82,72,67,55,43,23,10,8,6,0,6,0,9,4,5,6
6,0,0,0,5,8,55,0,88,81,74,64,61,53,50,35,8,6,0,0,8,0,5,5,6,0
5,0,0,0,0,6,51,0,78,89,76,65,60,59,50,34,10,6,5,0,0,0,7,7,6,0
7,0,0,6,0,0,33,5,86,104,85,70,65,56,42,13,9,11,7,0,0,0,9,6,5,0
4,0,5,0,8,0,11,0,86,105,76,63,62,57,14,20,13,11,6,0,0,0,11,10,4,7
0,0,0,0,6,5,13,0,88,109,77,64,61,55,25,14,11,10,6,0,0,0,7,7,6,7
0,0,6,7,10,0,11,0,102,97,80,65,60,50,13,12,11,11,10,0,0,0,5,6,8,6
8,9,10,8,8,0,6,7,85,88,81,59,53,49,13,14,8,0,10,0,6,0,6,5,6,7
0,57,60,64,78,75,99,14,145,155,166,152,132,112,91,61,53,33,13,0,23,0,20,9,13,12
55,87,102,103,104,110,116,54,142,162,162,159,145,129,109,67,57,46,41,0,14,0,21,11,5,9
38,45,65,70,88,105,112,15,130,147,151,158,143,127,108,78,62,56,25,0,9,0,20,9,8,9
14,12,31,45,41,62,100,0,116,129,135,142,140,124,106,62,47,13,15,0,13,0,20,12,6,9
10,10,11,14,14,12,62,0,106,116,127,130,135,116,95,64,51,14,12,0,10,0,12,10,9,13
10,9,8,10,11,11,52,0,112,116,131,136,127,122,98,61,50,14,15,0,0,0,10,10,11,13
14,11,14,11,22,14,58,0,101,125,122,126,130,121,105,69,56,37,36,0,13,0,22,11,13,12
7,12,22,17,11,8,55,0,106,124,133,140,142,129,105,94,57,50,39,0,12,0,9,0,10,11
11,12,13,13,6,9,11,0,109,118,139,143,135,127,107,88,58,51,48,0,12,0,8,9,6,7
11,8,7,9,7,0,12,0,111,118,135,131,134,132,119,101,56,51,36,0,6,0,12,10,8,12
0,0,11,10,5,0,52,0,105,116,131,140,136,127,118,103,56,28,12,0,9,0,11,6,6,7
9,10,8,0,0,7,58,0,107,116,126,131,143,139,121,109,63,63,53,0,13,0,10,12,10,8
6,0,0,0,0,0,73,0,108,119,127,127,139,128,121,111,69,65,52,0,13,0,13,6,10,10
8,6,6,0,0,9,76,0,109,117,124,123,138,128,117,108,75,71,56,0,10,0,13,10,8,9
12,11,10,0,0,12,82,0,111,119,125,124,140,129,117,95,68,60,60,0,13,0,14,11,10,11
10,10,10,0,5,12,74,0,110,121,128,127,142,130,123,104,74,68,58,0,26,0,19,13,11,13
14,14,14,9,6,12,77,0,111,120,137,135,167,152,140,125,88,71,68,0,15,0,14,13,10,14
9,5,8,13,20,11,56,0,94,111,136,162,185,163,133,110,88,73,43,0,14,0,11,11,9,12
10,6,9,9,13,47,58,0,101,114,129,147,172,177,128,115,96,76,63,0,18,0,13,7,10,7
9,5,11,11,40,25,52,0,107,118,138,164,180,171,135,122,100,66,56,0,17,0,22,11,10,12
41,13,13,11,9,12,56,0,114,127,128,146,170,179,134,124,101,81,57,0,15,0,33,11,12,13
33,14,41,37,13,35,65,0,116,128,135,146,166,163,126,120,105,87,65,0,11,0,12,13,10,10
20,11,18,12,11,13,58,14,108,131,129,150,148,150,115,102,82,64,52,0,13,0,15,10,10,12
12,9,15,13,12,15,60,45,104,116,120,143,141,139,104,95,69,56,51,0,13,0,18,11,10,12
13,11,12,14,13,35,60,59,105,113,124,127,132,122,92,74,65,53,37,0,13,0,12,9,8,12
21,6,15,20,16,38,61,41,95,107,123,118,122,110,78,63,54,38,34,0,11,0,8,6,8,8
11,7,14,14,20,28,59,35,98,106,108,107,106,93,69,58,48,50,12,0,11,0,13,0,5,9
7,7,9,15,21,29,64,9,95,111,116,111,100,79,60,54,36,27,14,0,10,0,13,7,5,7
10,6,8,13,19,25,62,8,94,103,111,105,90,75,56,51,35,14,12,0,12,0,12,10,6,7
7,6,12,12,13,17,58,0,94,99,108,85,81,69,56,53,46,12,12,0,9,0,12,10,0,0
6,6,9,8,0,14,50,0,90,89,90,82,72,66,53,52,23,12,0,0,6,0,10,7,0,4
8,7,11,0,5,10,51,0,86,91,92,78,72,65,38,50,12,8,7,0,6,0,11,5,5,8
5,5,0,0,8,6,51,0,79,90,82,72,67,55,45,25,10,8,6,0,6,0,9,4,5,6
6,0,0,0,5,8,56,0,88,82,75,65,61,53,50,37,8,6,0,0,8,0,5,5,6,0
5,0,0,0,0,6,52,0,79,90,77,65,60,59,50,34,11,6,5,0,0,0,7,7,6,0
7,0,0,6,0,0,33,6,86,104,85,70,65,56,42,13,9,11,7,0,0,0,9,6,5,0
4,0,6,0,8,0,10,0,86,105,77,63,62,57,14,20,13,11,6,0,0,0,10,10,4,7
0,0,0,0,6,5,13,0,88,109,78,64,62,55,25,14,11,10,6,0,0,0,7,7,6,7
0,0,6,7,10,0,11,0,102,97,80,66,60,50,13,13,11,11,9,0,0,0,5,6,8,5
8,9,10,8,8,0,6,8,85,89,81,59,53,49,13,14,8,0,10,0,6,0,6,5,7,7
0,57,60,64,77,75,98,64,145,155,166,151,133,112,92,61,54,33,13,0,20,0,20,9,13,11
55,87,102,103,104,110,116,101,142,163,162,159,145,130,109,67,58,46,41,0,14,0,21,11,5,9
38,42,65,70,87,105,112,88,130,148,151,159,143,127,108,78,63,56,23,0,8,0,20,9,8,9
14,12,31,47,41,62,100,18,116,130,135,142,140,124,106,62,47,13,15,0,13,0,20,12,6,9
10,10,11,14,14,13,63,6,106,117,128,130,135,116,95,64,51,14,12,0,10,0,12,10,9,13
10,9,8,10,10,12,53,9,112,117,131,136,128,122,98,61,48,15,15,0,0,0,10,11,11,13
14,11,14,11,20,14,58,11,101,125,122,126,130,121,105,69,56,37,34,0,12,0,22,11,12,12
7,12,22,17,11,8,56,7,106,124,133,141,142,129,105,94,57,50,39,0,11,0,9,0,10,11
11,12,13,13,6,9,11,10,109,119,139,142,135,127,108,88,58,50,48,0,11,0,8,9,6,7
11,8,7,9,7,0,12,8,111,118,135,131,134,132,119,101,56,52,33,0,0,0,12,10,8,12
0,0,11,10,5,0,52,0,105,116,132,140,136,127,118,103,56,32,12,0,8,0,11,6,6,7
9,10,7,0,0,7,58,7,107,116,126,131,143,139,121,109,63,65,52,0,12,0,10,12,10,8
6,0,0,0,0,0,73,9,108,119,128,127,139,128,121,111,69,66,52,0,12,0,13,6,10,10
8,6,6,0,0,10,76,10,109,118,125,123,138,128,117,108,74,72,56,0,10,0,13,10,8,9
12,11,10,0,0,12,83,14,111,120,125,124,140,129,117,94,68,61,60,0,12,0,14,12,10,11
10,10,10,0,5,12,74,12,110,121,128,127,142,130,123,104,74,68,58,0,24,0,19,13,11,14
15,14,14,8,5,13,77,13,111,120,137,135,167,151,139,125,88,71,68,0,14,0,14,13,10,14
9,5,8,12,15,11,55,10,92,110,135,160,182,161,132,109,87,71,38,0,13,0,11,11,8,12
10,6,9,9,13,47,58,9,101,114,129,147,172,177,128,114,96,76,63,0,15,0,13,7,10,7
9,6,10,11,40,25,52,8,107,118,137,164,179,171,135,122,100,67,56,0,14,0,22,11,10,12
38,13,13,11,10,12,57,13,114,127,128,146,170,179,135,124,101,82,57,0,14,0,33,11,12,13
25,14,38,37,12,35,65,31,116,128,135,146,166,163,126,120,105,87,65,0,10,0,12,13,10,10
20,11,16,12,10,13,58,63,108,131,129,149,148,151,115,102,83,65,52,0,13,0,15,10,10,12
12,9,15,13,12,15,61,71,104,116,121,143,141,139,105,96,69,56,51,0,13,0,18,11,10,12
13,11,11,15,13,37,60,75,105,114,123,127,132,122,92,74,65,54,37,0,13,0,12,10,8,12
20,6,15,20,16,38,61,63,95,108,123,118,122,111,78,63,55,40,34,0,11,0,7,6,8,8
11,7,14,14,20,30,59,63,98,106,108,107,106,93,69,59,50,50,12,0,11,0,13,0,5,9
7,7,9,17,23,29,65,51,95,111,116,111,100,79,60,55,37,27,14,0,10,0,13,7,5,7
10,6,8,13,19,27,62,43,95,103,111,105,90,75,56,51,35,14,12,0,11,0,12,10,6,7
7,6,11,12,13,18,58,36,94,100,108,85,81,69,56,53,46,13,12,0,9,0,12,10,0,0
6,6,9,8,0,15,50,14,90,89,90,81,72,66,53,52,25,12,0,0,6,0,10,7,0,4
8,7,11,0,5,11,52,12,86,91,93,78,73,65,38,50,12,8,7,0,5,0,11,5,5,8
5,5,0,0,7,6,51,11,80,90,82,73,68,55,45,25,10,8,6,0,6,0,9,5,5,6
6,0,0,0,5,8,57,8,89,82,75,65,61,54,50,37,9,6,0,0,7,0,6,5,6,0
5,0,0,0,0,6,52,13,79,91,77,65,60,60,50,34,11,7,5,0,0,0,7,7,6,0
7,0,0,6,0,6,34,13,87,105,86,70,66,57,44,13,9,11,7,0,0,0,9,6,5,0
4,0,6,0,8,0,10,10,86,105,77,63,62,57,14,20,13,11,6,0,0,0,10,10,4,7
0,0,0,0,6,5,14,13,88,109,78,64,62,55,26,14,11,10,6,0,0,0,7,8,6,7
0,0,6,7,10,0,12,14,102,97,80,66,60,50,13,13,11,11,9,0,0,0,5,6,8,6
8,9,10,8,8,0,6,24,85,89,81,59,53,50,13,14,8,0,10,0,5,0,6,5,7,7
0,57,60,63,76,75,98,64,144,155,166,151,133,112,92,61,54,36,13,0,12,0,20,9,13,12
54,87,102,103,104,110,116,101,142,163,162,159,145,130,109,67,58,50,41,0,10,0,21,11,5,9
38,45,65,70,88,105,112,87,130,148,151,159,143,127,108,79,63,56,23,0,0,0,20,9,8,9
13,12,31,47,41,63,100,20,116,130,135,142,140,124,106,62,50,13,15,0,7,0,20,12,6,9
10,10,11,14,14,13,65,7,106,117,128,130,135,116,97,64,51,13,12,0,6,0,12,10,9,13
10,9,8,9,10,12,54,9,112,117,132,136,128,122,99,61,50,21,15,0,0,0,10,11,11,13
14,12,14,11,19,13,57,11,101,125,122,126,131,121,106,70,57,43,36,0,0,0,20,11,12,12
7,11,22,15,11,8,56,7,107,124,133,141,143,129,105,94,58,51,39,0,8,0,9,0,10,11
11,12,13,13,6,9,11,10,109,119,139,142,135,127,108,88,58,51,48,0,6,0,8,9,6,7
11,8,7,9,7,0,13,8,111,118,135,130,134,132,119,101,57,50,36,0,0,0,12,10,8,12
0,0,11,10,5,0,52,0,105,116,132,140,136,127,118,103,57,28,12,0,0,0,11,6,6,7
9,10,7,0,0,7,56,7,107,117,127,131,143,139,121,109,63,65,52,0,7,0,10,12,10,8
6,0,0,0,0,0,73,9,108,119,128,127,139,128,121,111,69,67,52,0,9,0,13,6,10,10
8,7,6,0,0,10,76,10,109,118,125,123,138,128,117,108,74,75,56,0,6,0,13,10,8,9
12,11,9,0,0,12,82,15,111,120,126,124,140,129,117,94,68,61,60,0,10,0,14,12,10,11
10,10,9,0,4,12,73,12,110,121,128,126,142,130,123,103,74,68,57,0,13,0,19,13,11,14
14,14,14,8,5,13,77,13,111,120,137,135,168,151,139,125,88,70,67,0,11,0,14,13,10,14
8,5,8,12,14,10,53,9,90,109,134,158,181,159,131,108,85,70,36,0,10,0,11,11,8,12
9,6,9,9,13,47,58,9,101,114,129,147,172,176,128,114,96,76,63,0,11,0,13,7,10,7
9,5,10,11,37,25,51,9,107,118,137,164,179,171,135,122,100,67,55,0,10,0,22,11,10,12
38,13,13,11,10,13,57,14,114,127,128,145,170,179,135,124,101,83,58,0,10,0,33,11,12,13
23,14,38,37,12,35,65,37,115,128,135,146,166,163,126,120,105,87,65,0,5,0,12,13,10,10
20,11,16,12,10,13,57,64,109,131,128,149,148,151,115,102,83,66,52,0,6,0,15,10,10,12
12,9,17,13,12,15,61,72,104,116,121,143,141,139,105,96,69,56,52,0,11,0,18,11,10,12
13,11,12,17,14,37,60,76,105,114,124,127,133,122,92,74,66,55,37,0,11,0,12,10,8,12
20,6,15,20,17,38,61,64,95,108,123,118,123,111,79,63,55,36,32,0,9,0,7,6,8,8
11,7,14,14,20,31,59,64,98,107,108,107,106,93,69,58,50,50,12,0,8,0,13,0,5,9
7,7,9,17,23,29,65,52,96,112,116,111,100,79,60,55,36,27,14,0,8,0,13,7,5,7
10,6,8,13,19,27,63,47,95,103,111,105,91,75,56,51,36,14,12,0,10,0,12,10,6,7
8,7,12,12,14,19,58,43,94,100,109,85,81,69,56,53,48,13,12,0,7,0,12,10,0,0
6,6,9,8,0,15,51,16,91,90,90,81,72,66,54,52,25,12,0,0,4,0,9,7,0,4
8,8,11,0,5,11,52,13,87,92,93,78,73,65,38,51,12,9,7,0,0,0,11,5,5,9
5,5,0,0,7,6,52,12,80,90,83,73,68,55,47,25,10,8,6,0,4,0,9,5,5,6
6,0,0,0,5,8,57,8,89,82,75,65,62,54,50,37,9,6,0,0,6,0,6,6,6,0
5,0,0,0,0,7,53,13,80,92,78,66,61,60,50,36,11,6,5,0,0,0,7,7,6,0
7,0,0,6,0,6,36,14,87,105,86,69,66,57,44,13,9,12,7,0,0,0,9,7,5,0
4,0,6,0,8,0,10,10,87,105,77,62,62,57,14,20,13,11,6,0,0,0,10,10,4,7
0,0,0,0,7,5,14,13,88,109,78,64,62,55,27,14,11,10,6,0,0,0,7,8,6,7
0,0,6,6,10,0,12,16,102,97,80,65,60,51,13,13,11,11,8,0,0,0,5,6,8,6
8,9,10,8,8,0,6,26,85,89,81,59,54,50,13,14,8,0,10,0,4,0,6,5,6,7
0,57,60,63,77,76,98,94,145,155,166,151,132,111,91,61,54,33,14,0,11,0,20,9,12,12
55,88,102,103,104,110,116,110,142,163,162,159,145,130,109,68,58,46,41,0,9,0,21,11,5,9
40,45,65,70,88,105,112,107,130,148,151,159,144,127,109,79,63,55,23,0,0,0,19,9,8,9
13,12,29,47,44,64,100,80,116,130,135,143,140,124,106,63,47,13,15,0,6,0,20,12,6,9
10,10,11,14,14,13,65,30,106,117,128,130,135,116,97,64,51,13,13,0,6,0,12,10,9,13
10,9,8,9,11,12,54,32,112,117,132,136,128,122,99,62,50,21,15,0,0,0,10,11,11,13
14,12,14,11,17,13,57,41,101,125,122,126,130,121,105,70,56,41,36,0,0,0,22,11,12,12
7,12,25,15,11,8,56,38,107,124,133,141,142,129,105,95,58,51,39,0,8,0,9,0,10,12
11,12,13,13,6,9,11,57,109,119,139,142,135,126,108,89,58,50,46,0,0,0,8,9,5,7
11,8,7,9,7,0,13,32,110,118,135,131,134,132,119,102,57,50,33,0,0,0,12,10,8,12
0,0,11,10,5,0,52,23,105,116,132,140,136,127,118,104,57,28,12,0,0,0,11,6,6,7
9,10,7,0,0,7,56,37,107,117,127,131,144,139,121,109,64,65,52,0,7,0,11,12,10,8
6,0,0,0,0,0,72,45,108,119,128,128,139,128,121,112,69,67,52,0,9,0,13,6,10,10
8,6,6,0,0,10,76,58,109,118,125,123,138,128,117,108,73,75,55,0,6,0,13,10,8,9
12,11,9,0,0,13,82,76,111,120,126,124,140,129,117,94,69,60,60,0,10,0,14,12,10,10
10,10,9,0,4,12,73,61,110,121,128,126,142,129,123,103,74,68,56,0,12,0,19,13,11,14
14,14,14,7,5,13,76,62,111,120,137,135,168,151,139,125,88,70,67,0,10,0,14,13,10,14
8,4,7,11,13,10,53,37,89,108,134,157,180,158,130,108,85,70,36,0,9,0,10,10,8,11
9,5,9,9,13,50,58,25,100,114,129,147,172,176,128,114,95,76,63,0,11,0,13,7,10,8
9,5,10,11,37,25,50,38,107,118,138,164,179,172,135,122,100,66,55,0,10,0,22,11,10,12
33,13,13,11,10,13,57,60,114,127,129,146,171,179,135,124,101,83,58,0,10,0,33,11,12,13
25,14,38,37,12,39,65,65,115,128,135,146,167,163,126,121,104,88,65,0,5,0,13,13,10,10
20,11,15,12,11,13,58,78,109,131,128,149,148,151,115,103,83,66,52,0,6,0,15,10,10,12
12,9,17,13,12,16,61,86,104,116,121,143,141,139,104,96,69,56,51,0,10,0,18,11,10,12
13,11,12,19,14,37,60,86,105,114,124,127,133,122,92,74,66,55,35,0,10,0,12,9,8,12
21,6,14,20,17,40,61,75,95,109,123,118,122,111,79,63,55,34,32,0,9,0,7,6,8,8
11,7,14,14,20,31,59,76,98,106,107,107,106,92,69,59,50,50,12,0,8,0,13,0,5,9
7,7,9,15,25,31,65,64,95,111,116,111,100,79,60,55,36,27,14,0,8,0,13,7,5,8
10,6,8,12,21,27,63,60,95,103,111,105,90,75,56,51,36,13,12,0,10,0,12,10,6,7
8,7,12,12,14,20,58,58,95,100,109,85,81,69,56,53,48,13,12,0,7,0,12,10,0,0
6,6,9,8,0,16,51,54,90,89,90,81,72,66,54,52,25,12,0,0,0,0,9,7,0,4
8,8,11,0,5,11,52,51,87,92,93,78,73,65,38,51,12,9,7,0,0,0,11,5,5,9
5,5,0,0,7,7,52,53,80,90,83,73,68,55,47,25,10,8,6,0,4,0,9,5,5,6
6,0,0,0,5,8,57,30,89,82,75,65,62,54,50,40,9,6,0,0,5,0,6,6,6,0
5,0,0,0,0,7,53,53,81,92,78,66,61,60,50,36,11,6,5,0,0,0,7,7,6,0
7,0,0,6,0,6,34,50,88,105,87,69,66,57,46,13,10,12,7,0,0,0,9,7,5,0
4,0,6,0,8,0,10,26,87,105,77,63,63,57,14,20,13,11,6,0,0,0,10,10,4,7
0,0,0,0,7,5,14,42,88,109,79,64,62,55,28,14,11,10,6,0,0,0,7,8,6,7
0,0,6,6,10,0,12,54,102,98,80,66,60,50,13,13,11,11,7,0,0,0,5,6,8,6
8,9,10,8,8,0,6,54,85,90,81,59,54,49,13,14,8,0,10,0,0,0,6,5,6,7
0,57,60,63,77,76,99,88,145,155,166,151,133,111,91,61,54,30,14,0,10,0,20,9,12,11
55,88,102,103,104,110,116,108,142,163,163,159,145,130,109,68,58,46,38,0,7,0,22,11,5,9
40,47,66,70,90,105,112,105,130,148,152,159,144,128,109,79,64,55,25,0,0,0,20,9,8,10
14,12,29,47,44,65,100,69,116,130,135,143,140,124,106,63,47,13,17,0,0,0,20,12,6,9
10,10,11,14,14,14,66,14,106,118,129,130,135,116,97,64,51,13,13,0,7,0,12,10,9,13
10,9,8,9,10,12,54,19,112,117,132,136,128,122,99,62,48,21,15,0,0,0,10,11,11,13
14,12,14,11,16,13,58,30,101,125,122,126,130,121,106,70,57,41,36,0,6,0,22,11,12,12
7,11,25,15,11,8,56,22,107,124,133,140,142,129,106,95,58,51,41,0,8,0,9,0,10,12
11,12,13,13,6,9,11,51,109,119,139,142,135,126,108,89,58,50,46,0,6,0,8,9,6,7
11,8,7,9,7,0,13,21,111,118,136,131,134,132,119,101,57,50,33,0,0,0,12,10,8,12
0,0,11,10,5,0,51,14,105,116,132,140,136,127,118,104,57,32,12,0,0,0,11,6,6,7
9,10,7,0,0,7,56,20,107,117,127,131,144,139,121,109,64,63,52,0,7,0,11,12,10,8
6,0,0,0,0,0,72,25,108,119,128,127,139,128,121,111,69,67,52,0,9,0,13,6,10,10
8,6,6,0,0,9,75,50,108,118,125,123,138,128,117,108,73,75,55,0,6,0,13,10,8,9
12,11,9,0,0,12,81,65,111,120,125,124,140,129,117,94,69,61,60,0,10,0,13,12,10,10
10,10,9,0,4,12,72,54,110,121,128,126,142,129,123,103,74,68,56,0,12,0,19,13,11,14
14,14,14,7,5,13,76,54,111,120,137,135,168,152,139,125,88,70,68,0,10,0,14,13,10,14
8,0,7,11,13,10,51,28,87,107,133,157,179,157,130,107,84,70,38,0,9,0,10,10,8,11
9,5,9,9,13,50,58,14,100,114,129,147,172,176,128,114,95,76,63,0,11,0,13,7,10,7
9,6,10,11,40,25,47,27,107,118,138,164,179,171,136,122,99,66,55,0,8,0,22,11,10,12
33,13,13,11,10,13,57,55,114,127,129,146,171,179,135,124,101,83,58,0,5,0,33,11,12,13
25,13,38,37,12,39,65,61,115,128,135,146,167,163,127,121,104,88,65,0,5,0,13,13,10,10
20,11,14,11,11,13,58,75,109,132,129,149,148,151,115,103,83,66,52,0,6,0,16,10,10,12
11,8,17,13,12,18,61,84,104,117,121,143,141,139,105,96,68,56,51,0,10,0,18,11,10,12
13,11,12,17,14,37,60,85,105,114,124,127,133,122,92,74,66,55,35,0,10,0,12,9,8,12
21,6,14,20,19,40,62,73,95,109,123,119,122,111,79,63,55,34,32,0,9,0,7,6,8,8
11,7,14,14,20,31,59,75,98,107,107,107,106,92,69,58,50,50,13,0,0,0,13,0,5,9
7,7,9,15,25,31,65,62,95,112,116,111,100,79,60,55,36,27,14,0,7,0,13,8,5,7
10,6,8,12,23,27,63,58,95,103,111,105,90,75,56,51,36,13,12,0,9,0,12,10,6,7
8,8,12,12,14,20,58,57,95,100,109,85,81,69,56,54,48,13,12,0,6,0,12,10,0,0
7,6,9,8,0,16,51,53,90,89,90,81,72,66,54,52,25,12,0,0,0,0,9,7,0,4
8,8,11,0,5,11,52,50,87,92,93,78,73,65,41,51,12,9,7,0,0,0,11,5,5,9
6,6,0,0,7,7,52,51,80,91,83,73,68,55,47,25,10,8,6,0,0,0,9,5,5,6
6,0,0,0,5,8,57,19,90,82,75,65,62,54,51,40,9,6,0,0,4,0,6,6,6,0
5,0,0,0,0,7,53,51,81,92,78,66,61,60,50,36,11,6,5,0,0,0,7,7,6,0
7,0,0,6,0,6,36,43,88,106,87,70,66,57,44,13,9,12,7,0,0,0,9,7,4,0
4,0,6,0,8,0,10,22,87,106,77,63,63,57,14,20,13,11,6,0,0,0,10,10,4,7
0,0,0,0,7,6,14,37,88,109,79,64,62,55,28,14,11,10,6,0,0,0,7,8,6,7
0,0,6,6,10,0,12,52,102,98,80,66,60,50,13,13,11,11,7,0,0,0,5,6,8,6
8,9,10,8,8,0,6,52,85,90,81,60,54,50,13,14,8,0,10,0,0,0,6,5,6,7
0,57,60,62,78,77,99,85,145,154,166,150,132,111,91,61,54,30,13,0,10,0,20,9,12,12
55,88,102,103,104,111,116,107,142,163,163,159,145,130,109,68,58,46,41,0,7,0,22,11,5,9
36,50,66,70,91,105,112,103,130,148,152,159,144,128,109,79,63,57,28,0,0,0,20,9,8,10
13,12,29,47,47,65,100,62,116,130,135,143,140,124,106,63,47,13,19,0,0,0,21,12,6,9
10,10,11,14,14,14,66,13,106,118,129,130,135,116,97,64,51,13,13,0,7,0,12,10,9,13
10,9,8,8,11,12,55,14,112,117,132,136,128,122,99,62,50,21,17,0,0,0,10,11,11,13
13,12,14,11,15,13,57,20,101,125,122,126,130,121,105,70,57,41,38,0,6,0,20,11,12,12
7,11,25,14,11,8,56,15,107,124,133,140,142,129,106,95,58,51,41,0,8,0,9,0,10,12
10,12,13,13,6,10,11,37,109,119,139,142,135,127,108,89,59,50,46,0,6,0,8,9,6,7
11,8,7,9,7,0,13,14,111,118,136,130,134,132,119,102,57,50,33,0,0,0,12,10,8,12
0,7,11,9,5,0,50,13,105,117,132,140,136,127,118,104,57,32,12,0,0,0,11,6,6,7
9,10,0,0,0,6,55,14,107,117,127,131,144,139,121,109,64,63,52,0,8,0,10,12,10,8
6,0,0,0,0,0,72,14,108,119,127,127,139,128,121,112,69,67,54,0,9,0,13,6,10,10
8,6,5,0,0,9,73,25,108,117,125,123,138,128,117,108,73,73,55,0,6,0,13,10,8,9
12,11,9,0,0,12,79,56,111,119,125,124,140,129,117,94,69,61,59,0,10,0,14,11,10,10
10,10,9,0,4,12,72,40,110,121,128,126,143,129,123,103,74,68,56,0,12,0,19,13,11,14
14,14,14,7,0,13,76,41,111,120,136,135,168,152,139,125,88,70,68,0,11,0,14,13,10,14
7,0,7,11,13,10,51,20,87,107,133,156,179,157,130,107,84,70,36,0,10,0,11,11,8,12
9,5,9,9,13,50,59,13,100,114,129,147,172,176,128,114,95,76,63,0,11,0,13,7,10,7
9,6,10,11,40,25,44,17,107,118,137,164,179,171,136,122,99,66,55,0,8,0,22,11,10,12
33,13,13,11,10,13,58,52,114,127,129,146,171,180,135,125,101,83,58,0,5,0,33,11,12,13
25,13,36,37,13,42,65,59,115,128,135,146,167,163,127,121,105,88,65,0,5,0,12,13,10,10
20,11,15,11,11,13,58,73,108,132,129,149,149,151,115,103,83,66,52,0,5,0,15,10,10,12
11,8,17,13,12,20,61,81,104,117,121,143,141,139,104,96,68,56,51,0,7,0,18,11,10,12
13,11,12,17,14,37,60,83,105,114,124,127,133,122,92,74,66,55,35,0,10,0,12,9,8,12
20,6,14,20,19,38,62,72,95,108,124,118,122,111,78,63,55,34,34,0,9,0,7,6,8,8
11,7,14,14,20,32,59,73,97,106,107,107,106,92,69,58,48,50,13,0,0,0,13,0,5,9
7,7,9,14,27,34,65,60,95,111,116,111,100,79,60,55,36,27,14,0,7,0,13,8,5,8
10,6,9,12,23,30,63,57,94,103,111,105,90,75,56,51,36,13,12,0,9,0,12,10,6,7
8,8,12,12,15,21,58,56,94,100,109,85,81,69,56,54,48,12,12,0,5,0,12,10,0,0
7,6,8,7,0,18,51,51,90,89,90,81,72,67,54,52,23,12,0,0,0,0,9,7,0,4
8,8,10,0,6,11,52,46,87,92,94,78,73,65,41,50,12,9,7,0,0,0,11,5,5,9
5,6,0,0,8,7,52,50,80,91,83,73,68,55,50,25,10,8,6,0,0,0,9,5,5,6
6,0,0,0,5,8,58,14,89,82,75,65,62,54,51,40,9,6,0,0,3,0,6,5,6,0
5,0,0,0,0,7,54,47,81,92,78,66,61,60,50,38,11,6,5,0,0,0,7,7,6,0
7,0,0,6,0,6,36,37,88,106,87,70,66,57,42,13,9,11,7,0,0,0,9,7,5,0
4,0,6,0,9,0,10,16,87,106,77,63,62,57,14,20,13,10,6,0,0,0,11,10,4,7
0,0,0,0,7,6,14,30,88,109,79,64,62,55,28,14,11,10,6,0,0,0,7,8,6,7
0,4,6,6,10,0,12,51,101,98,80,66,60,50,13,13,11,11,7,0,0,0,5,6,8,6
8,9,10,8,8,0,6,50,85,90,81,60,54,50,13,14,8,0,10,0,0,0,6,5,6,7
0,57,60,62,78,77,99,83,145,154,165,151,132,111,91,61,54,30,13,0,6,0,20,8,13,11
55,88,102,103,104,111,117,105,142,163,163,159,145,130,109,68,58,43,41,0,3,0,21,11,5,9
38,50,66,67,91,105,112,101,131,148,152,159,144,127,109,79,63,57,28,0,0,0,19,9,8,10
13,12,29,45,47,64,100,54,116,130,135,143,140,124,107,63,50,13,19,0,0,0,21,12,6,9
10,10,11,14,14,14,67,11,106,118,129,131,135,116,97,64,52,14,13,0,0,0,12,10,9,13
11,9,7,8,11,12,54,12,112,117,132,136,128,122,99,62,50,15,15,0,0,0,10,11,11,13
13,12,14,11,14,13,58,13,101,125,122,126,130,121,105,70,57,37,38,0,0,0,20,11,12,12
7,12,25,14,11,8,56,12,107,124,133,140,142,129,106,95,58,50,41,0,0,0,9,0,10,12
11,12,13,12,6,10,12,15,109,119,139,142,135,126,108,89,59,50,48,0,0,0,7,9,6,7
11,8,6,8,7,0,12,12,111,118,136,131,134,132,119,102,57,52,33,0,0,0,12,10,8,12
0,0,12,9,5,0,51,11,105,117,132,140,136,127,118,104,57,35,12,0,0,0,11,6,6,7
9,10,0,0,0,7,55,12,107,117,127,131,144,139,121,109,64,63,52,0,0,0,10,12,10,8
6,0,0,0,0,0,72,12,108,119,127,127,139,128,121,112,69,66,55,0,0,0,13,6,10,10
8,6,5,0,0,9,72,14,108,117,125,123,138,128,117,108,73,71,55,0,0,0,13,10,8,9
12,11,9,0,0,12,78,39,111,119,125,124,140,129,117,95,70,60,60,0,6,0,14,11,10,10
10,10,9,0,4,12,72,25,110,121,128,127,143,130,123,103,75,68,57,0,0,0,18,13,11,13
14,14,14,7,0,13,76,25,111,120,137,135,169,152,139,125,88,72,68,0,6,0,14,13,10,14
8,0,7,11,14,10,52,16,88,107,134,158,180,158,131,108,85,71,40,0,6,0,11,11,9,12
9,5,9,9,13,50,59,12,101,114,129,148,173,177,128,114,96,76,63,0,8,0,13,7,10,7
9,6,10,11,40,23,41,14,107,118,137,164,179,171,136,122,100,66,56,0,6,0,22,11,10,12
36,13,13,12,10,13,58,47,114,127,129,146,171,180,135,125,102,83,58,0,0,0,35,11,12,13
25,13,36,35,13,39,65,57,116,129,136,146,167,164,127,121,105,90,65,0,0,0,13,13,10,10
20,11,15,11,12,13,59,71,108,132,129,149,149,151,115,103,83,65,52,0,0,0,16,10,10,12
11,8,17,13,12,20,61,80,104,117,121,143,141,139,105,96,69,56,51,0,0,0,20,11,10,12
13,11,12,17,14,37,60,82,105,114,124,127,133,123,92,74,66,54,37,0,0,0,12,9,8,12
20,6,14,20,19,38,62,70,95,108,123,118,122,111,79,63,55,40,36,0,0,0,7,6,8,8
11,7,14,14,22,32,59,71,97,106,107,107,106,92,69,58,50,50,13,0,0,0,13,0,5,9
7,7,9,14,27,34,65,59,95,111,115,110,100,79,60,55,37,27,14,0,0,0,13,8,5,7
10,6,9,12,23,30,63,56,94,103,111,105,90,75,56,51,36,14,12,0,6,0,12,10,6,7
8,8,12,12,15,21,58,55,94,100,108,85,81,69,57,54,50,12,13,0,0,0,12,10,0,0
7,6,8,8,0,18,51,47,90,89,90,81,72,67,54,53,25,12,0,0,0,0,9,7,0,4
8,8,11,0,6,11,53,35,87,91,93,78,73,65,41,51,12,9,7,0,0,0,11,5,5,8
6,6,0,0,8,7,52,36,80,91,83,73,68,56,50,27,10,8,6,0,0,0,9,5,5,6
7,0,0,0,5,8,58,13,89,82,75,65,62,54,50,42,9,6,0,0,0,0,5,5,6,0
5,0,0,0,0,7,54,36,81,92,78,66,61,60,50,38,11,6,6,0,0,0,7,7,6,0
7,0,0,6,0,6,36,27,88,106,87,70,66,57,42,13,10,11,7,0,0,0,9,7,5,0
4,0,6,0,9,0,10,14,87,106,77,63,63,57,14,20,13,10,6,0,0,0,11,10,4,7
0,0,0,0,7,5,14,23,88,110,79,64,62,55,28,14,11,10,6,0,0,0,7,8,6,7
0,4,6,6,10,0,12,43,101,98,80,66,60,50,13,13,11,11,7,0,0,0,5,6,8,5
8,9,10,8,9,0,6,48,85,90,81,60,54,50,14,15,8,0,10,0,0,0,6,5,6,7
0,57,60,62,78,77,99,81,145,153,165,150,131,111,91,61,54,30,13,0,0,0,20,8,13,11
56,88,102,103,104,111,117,104,142,163,163,159,144,129,108,68,59,46,41,0,0,0,20,10,5,9
36,50,66,67,91,105,112,100,130,148,152,159,144,127,109,78,64,57,28,0,0,0,18,9,9,10
14,12,31,45,50,63,100,45,116,130,135,143,140,124,107,63,50,13,21,0,0,0,21,12,6,9
10,10,10,14,14,14,66,10,106,118,128,131,135,116,97,64,52,14,13,0,0,0,12,10,9,13
11,9,7,8,11,12,54,11,112,117,132,136,128,122,99,62,50,18,17,0,0,0,10,11,11,13
14,11,14,11,13,13,57,13,101,125,122,125,130,122,105,70,57,39,38,0,0,0,20,11,12,12
6,11,25,14,11,8,56,10,106,124,133,140,142,129,106,95,58,50,43,0,0,0,9,0,10,11
11,12,12,12,0,10,12,13,109,119,139,143,136,127,108,90,59,50,50,0,0,0,7,9,6,7
11,7,6,8,7,0,12,11,111,118,136,131,134,133,120,102,57,52,36,0,0,0,12,10,8,12
0,0,12,9,5,0,50,9,105,116,132,141,136,128,118,104,58,35,12,0,0,0,11,6,6,7
9,9,0,0,0,7,55,11,107,116,127,132,144,140,122,110,65,65,53,0,0,0,10,12,10,8
6,0,0,0,0,0,72,11,108,119,127,127,139,129,122,112,70,66,55,0,0,0,13,6,10,10
8,6,5,0,0,8,72,12,108,117,125,123,138,128,117,109,76,72,56,0,0,0,13,10,8,9
12,11,9,0,0,12,77,23,111,119,125,124,140,129,118,95,71,61,60,0,0,0,14,11,10,11
10,10,9,0,4,12,72,14,110,121,128,127,143,130,124,104,76,69,58,0,0,0,19,13,11,13
14,14,14,7,0,12,76,16,110,120,137,135,169,152,140,126,90,73,68,0,0,0,14,13,10,14
8,4,7,11,14,11,53,15,90,109,135,157,179,157,131,108,86,70,38,0,0,0,11,11,8,12
9,5,9,9,13,47,59,11,101,114,129,147,173,177,129,115,97,77,64,0,4,0,13,7,10,8
9,6,10,11,40,21,41,13,106,118,137,164,179,171,136,123,100,67,56,0,0,0,22,11,11,12
38,13,14,12,10,13,58,36,114,127,129,146,171,180,136,125,102,85,59,0,0,0,35,11,12,13
25,14,36,35,13,39,65,54,115,129,136,146,167,164,127,121,106,90,66,0,0,0,13,13,10,10
17,11,16,12,12,13,58,70,108,132,129,149,149,151,116,103,84,66,53,0,0,0,16,10,10,12
12,8,17,13,12,18,61,79,104,117,121,143,141,140,105,97,69,56,51,0,0,0,20,11,10,12
13,11,12,17,14,37,60,80,105,114,124,127,133,123,93,75,66,54,37,0,0,0,12,9,8,11
20,6,14,20,19,38,62,69,95,108,123,119,122,111,79,64,55,40,38,0,0,0,8,6,8,8
11,7,14,14,22,32,59,70,97,106,107,107,106,92,70,58,50,50,13,0,0,0,13,0,4,9
7,7,9,15,27,34,65,58,95,111,116,110,100,79,61,55,38,28,14,0,0,0,13,7,5,7
10,6,9,12,23,30,62,54,94,103,111,105,90,75,56,51,37,14,12,0,3,0,12,10,6,7
7,8,12,12,15,20,58,54,94,100,108,85,81,69,57,54,50,12,13,0,0,0,12,10,0,0
6,6,8,8,0,18,50,42,90,89,90,81,72,66,54,53,26,13,0,0,0,0,9,7,0,4
8,8,10,0,6,11,52,30,87,91,93,78,73,65,41,51,12,9,7,0,0,0,11,5,5,8
5,6,0,0,8,7,52,27,80,91,83,73,68,55,50,29,10,8,6,0,0,0,9,5,5,6
6,0,0,0,5,8,58,12,89,82,76,65,62,54,51,42,9,6,0,0,0,0,6,5,6,0
5,0,0,0,0,7,54,25,80,92,78,66,61,60,50,38,11,7,6,0,0,0,7,7,6,0
7,0,0,6,0,6,37,22,88,106,87,70,66,57,38,13,10,12,7,0,0,0,9,7,5,0
4,0,6,0,9,0,10,13,87,106,78,63,63,57,14,20,13,10,6,0,0,0,11,10,4,7
0,0,0,0,7,6,15,20,88,110,79,65,62,55,29,14,11,10,6,0,0,0,7,8,6,7
0,0,6,6,10,0,12,41,101,98,80,66,60,50,13,13,11,11,6,0,0,0,5,6,8,5
8,9,10,8,8,0,6,45,85,90,82,60,54,50,14,15,8,0,10,0,0,0,6,5,6,7
0,57,60,63,78,77,99,82,145,153,166,149,130,110,91,61,54,30,13,0,0,0,19,9,13,12
56,89,102,103,104,111,117,104,142,163,163,158,144,129,108,68,59,46,41,0,0,0,20,10,5,9
38,50,66,67,93,106,112,100,130,148,152,158,144,127,108,79,64,57,28,0,0,0,18,9,9,10
14,12,34,45,50,63,100,45,116,130,135,142,140,124,107,63,51,14,21,0,0,0,21,12,6,9
10,10,11,14,15,14,65,10,106,118,128,130,135,116,97,64,52,14,13,0,0,0,12,10,9,13
11,9,7,8,11,11,54,11,112,117,132,137,128,122,100,62,50,18,17,0,0,0,10,11,11,13
14,11,14,11,13,12,57,13,101,125,123,125,129,122,105,71,57,39,36,0,0,0,19,11,12,12
6,11,26,14,11,8,56,10,106,124,133,140,142,129,106,96,59,50,45,0,0,0,9,0,10,11
11,12,12,12,0,10,12,13,109,119,139,143,136,128,109,90,59,50,50,0,0,0,7,9,6,7
11,7,6,8,7,0,12,11,111,118,136,131,135,133,120,103,58,52,38,0,0,0,12,10,8,13
0,0,12,9,5,0,50,9,105,117,132,141,137,129,119,105,58,39,13,0,0,0,11,6,6,7
9,9,0,0,0,7,56,10,107,116,127,132,144,140,122,110,66,65,53,0,0,0,10,12,10,8
6,0,0,0,0,0,70,11,108,119,127,127,140,129,122,113,70,66,56,0,0,0,13,6,10,10
8,6,5,0,0,8,72,12,108,117,125,123,138,129,117,109,77,72,56,0,0,0,13,10,8,9
12,11,9,0,0,12,77,25,111,119,125,124,141,129,118,97,71,62,60,0,0,0,14,11,10,11
10,10,9,0,4,12,72,13,110,121,128,127,143,130,124,104,77,70,59,0,0,0,19,13,11,13
14,14,14,7,5,12,76,15,110,120,137,135,169,153,140,126,91,74,68,0,0,0,14,13,10,14
7,0,7,11,14,10,51,12,88,108,134,155,178,156,130,108,86,69,36,0,0,0,10,11,8,11
9,5,9,9,13,47,59,11,101,114,129,147,173,178,129,116,98,77,64,0,0,0,13,7,10,8
9,6,10,11,37,18,38,12,107,118,137,164,179,172,136,123,101,68,56,0,0,0,22,11,11,12
38,14,14,12,10,13,58,30,114,127,129,146,171,181,136,125,103,86,59,0,0,0,33,11,12,13
23,13,38,35,13,35,65,52,115,129,136,146,168,165,127,122,106,92,67,0,0,0,13,13,10,10
20,11,16,12,12,13,58,68,108,132,129,149,149,152,116,104,84,66,53,0,0,0,16,10,10,13
12,8,17,13,12,18,61,78,104,117,121,143,141,140,105,97,70,56,51,0,0,0,20,11,10,12
13,11,12,17,14,37,60,80,105,114,124,127,133,123,93,75,66,54,39,0,0,0,12,9,8,11
20,6,15,20,19,38,62,68,95,108,123,118,123,111,79,64,56,42,38,0,0,0,7,6,8,8
11,7,14,14,22,31,59,69,97,106,107,106,107,93,70,59,50,50,13,0,0,0,13,0,5,9
7,7,9,17,27,31,65,57,95,111,115,110,100,79,61,56,38,28,14,0,0,0,13,7,5,7
10,7,9,12,23,27,62,53,94,103,111,105,91,75,57,51,37,14,12,0,0,0,12,10,6,7
7,8,12,12,15,20,58,53,94,100,108,85,81,69,57,54,50,12,13,0,0,0,12,10,0,0
6,6,8,8,0,16,50,40,90,89,90,81,72,67,54,53,26,12,0,0,0,0,9,7,0,4
8,8,10,0,6,11,52,28,87,91,94,78,73,65,41,51,12,9,7,0,0,0,11,5,5,9
6,6,0,0,8,7,52,22,80,91,83,73,69,56,50,29,11,8,6,0,0,0,9,5,5,6
6,0,0,0,5,8,57,11,89,82,76,64,62,54,51,45,9,6,0,0,0,0,5,5,6,0
5,0,0,0,0,7,54,21,80,92,78,66,61,60,50,38,11,7,6,0,0,0,7,7,6,0
7,0,0,6,0,6,34,22,88,106,87,69,66,57,38,13,10,12,7,0,0,0,9,7,5,0
4,0,5,0,9,0,10,13,86,106,78,63,63,57,14,21,13,10,6,0,0,0,11,10,4,7
0,0,0,0,7,5,15,17,87,109,80,65,62,55,29,14,11,10,6,0,0,0,7,8,6,7
0,0,6,6,10,0,12,35,101,98,81,65,60,50,13,13,11,11,6,0,0,0,5,6,8,6
8,9,10,8,9,0,6,42,85,90,82,59,54,50,13,16,8,0,10,0,0,0,6,5,7,7
0,58,60,63,78,76,99,82,145,153,166,150,130,110,91,62,52,30,13,0,0,0,19,9,12,12
57,89,102,103,105,111,117,105,142,162,163,158,144,129,108,68,59,50,38,0,0,0,20,10,4,9
40,50,66,67,93,106,112,100,130,148,152,158,143,126,108,79,63,56,25,0,0,0,17,9,9,9
14,12,34,45,50,63,100,50,116,130,135,142,140,125,107,64,51,14,19,0,0,0,21,12,6,9
10,10,10,14,14,14,65,10,106,118,128,130,135,117,97,65,52,14,13,0,0,0,12,9,9,13
10,9,7,8,10,11,54,11,112,117,132,137,128,122,100,62,50,18,17,0,0,0,10,11,11,12
14,10,14,11,12,12,57,13,101,125,122,126,129,123,105,70,57,39,34,0,0,0,19,11,12,12
6,11,26,13,10,8,56,10,107,124,134,140,143,129,106,96,59,51,43,0,0,0,9,0,10,11
10,12,12,12,0,9,12,13,109,120,139,143,136,127,109,90,59,51,50,0,0,0,7,9,6,7
11,7,6,8,7,0,12,12,111,118,136,132,135,134,120,102,57,53,38,0,0,0,12,10,8,13
0,0,12,9,5,0,50,10,105,116,132,141,137,129,119,105,59,39,13,0,0,0,11,6,6,7
9,9,7,0,0,7,56,11,107,116,127,132,145,141,123,111,65,66,53,0,0,0,10,12,10,9
6,0,0,0,0,0,70,11,108,119,127,128,140,130,122,113,71,67,58,0,0,0,13,6,10,10
8,6,6,0,0,8,70,13,108,117,125,123,139,130,117,109,78,72,56,0,0,0,13,10,8,9
12,10,9,0,0,11,75,35,111,119,125,125,141,129,118,95,72,62,60,0,0,0,13,11,10,11
10,10,9,0,4,11,70,14,110,121,128,127,144,130,124,105,78,71,58,0,0,0,18,13,11,13
14,14,14,7,5,12,75,18,110,120,137,135,170,153,141,127,93,75,68,0,0,0,14,13,10,14
7,0,7,11,14,9,50,13,88,107,134,155,178,156,131,108,87,69,34,0,0,0,10,10,8,11
9,6,9,9,13,44,59,11,101,114,129,148,173,178,129,116,99,78,64,0,0,0,13,7,10,8
8,6,10,11,35,16,36,12,107,118,137,164,180,172,137,124,101,68,56,0,0,0,22,11,11,12
38,14,13,12,10,13,58,36,115,128,129,146,172,181,136,126,103,88,59,0,0,0,33,11,12,13
23,14,38,37,13,32,65,52,115,129,136,146,169,165,128,122,107,93,67,0,0,0,13,13,10,10
20,11,18,12,12,13,58,69,109,132,129,150,149,152,117,105,85,67,53,0,0,0,16,11,10,13
11,8,17,13,12,18,61,79,104,117,121,143,142,140,106,97,70,57,52,0,0,0,20,11,10,12
13,11,12,17,14,37,60,80,105,114,124,127,133,123,93,75,66,55,39,0,0,0,12,9,8,11
20,6,15,21,20,38,61,68,95,108,123,118,124,111,80,64,56,44,38,0,0,0,7,6,8,8
11,7,14,14,22,31,59,70,97,106,107,107,107,93,70,60,50,50,13,0,0,0,13,0,4,9
7,7,9,17,27,29,65,57,95,111,115,110,102,79,61,56,38,28,14,0,0,0,13,7,5,7
10,7,9,12,23,25,62,53,94,103,110,105,90,75,57,51,38,14,13,0,0,0,12,10,6,7
7,8,11,12,15,19,58,53,94,99,108,85,81,69,57,55,50,12,13,0,0,0,12,10,0,0
6,6,8,8,0,15,50,40,90,89,89,81,72,66,54,53,26,12,0,0,0,0,9,7,0,4
8,8,10,0,6,11,52,26,87,91,93,78,74,65,44,51,12,9,7,0,0,0,11,5,5,9
6,6,0,0,8,6,52,22,80,90,83,73,68,56,50,27,11,8,6,0,0,0,9,5,5,6
6,0,0,0,5,8,57,12,89,82,76,65,62,54,51,47,9,6,0,0,0,0,5,5,6,0
5,0,0,0,0,7,53,23,81,92,78,66,62,60,50,34,11,7,6,0,0,0,7,7,6,0
7,0,0,7,0,0,34,22,88,106,87,70,68,57,40,13,10,12,7,0,0,0,9,7,5,0
4,0,5,0,8,0,10,13,87,106,78,63,64,57,14,21,14,10,6,0,0,0,11,10,4,7
0,0,0,0,7,5,15,17,88,110,80,65,63,55,28,14,11,10,6,0,0,0,7,8,6,7
0,0,6,6,10,0,12,37,101,98,81,66,61,50,13,13,11,11,6,0,0,0,5,6,8,5
8,9,10,8,9,0,6,45,85,90,82,60,55,50,13,14,8,0,11,0,0,0,6,5,6,7
0,58,61,63,77,76,99,85,144,153,167,150,130,110,91,62,52,30,13,0,0,0,20,9,12,12
57,89,102,103,104,111,117,106,142,163,163,159,144,129,108,68,58,50,38,0,0,0,21,10,4,9
40,50,66,69,93,106,112,101,130,148,152,158,143,126,108,79,64,57,25,0,0,0,17,9,9,9
14,12,34,45,47,63,100,55,116,130,135,142,140,125,106,64,51,14,19,0,0,0,21,12,6,9
10,10,11,14,14,14,63,11,106,118,128,130,135,117,98,65,52,14,13,0,0,0,12,10,9,13
10,9,7,8,10,11,54,13,112,117,132,137,128,122,100,62,50,18,19,0,0,0,10,11,11,12
14,10,13,11,12,11,57,18,101,125,122,126,129,123,105,70,57,39,34,0,0,0,20,11,12,12
7,11,25,13,10,8,56,12,107,124,134,140,142,129,106,96,58,51,43,0,0,0,9,0,10,11
10,11,12,12,0,9,12,25,109,120,139,144,136,127,108,89,59,51,50,0,0,0,7,9,6,7
11,7,6,8,7,0,12,13,111,118,136,132,135,134,120,102,57,53,38,0,0,0,12,10,8,12
0,0,11,9,5,0,42,11,105,116,132,141,137,129,119,105,59,39,13,0,0,0,11,6,6,7
9,9,7,0,0,7,58,12,107,116,127,133,145,141,123,111,64,67,53,0,0,0,10,12,10,9
6,0,0,0,0,0,70,13,108,119,128,128,140,130,122,113,70,67,56,0,0,0,13,6,10,11
8,6,6,0,0,8,70,14,108,117,125,124,139,130,118,109,78,73,56,0,0,0,13,10,8,9
12,10,9,0,0,12,75,51,111,119,125,125,141,130,119,95,71,63,60,0,0,0,14,11,10,11
10,10,9,0,4,11,69,20,110,121,128,127,144,130,124,105,78,71,59,0,0,0,19,13,11,13
14,14,14,7,5,11,75,25,110,120,138,136,170,154,142,128,93,76,69,0,0,0,14,13,10,14
7,0,5,0,14,9,50,16,89,109,135,156,179,157,131,108,88,70,36,0,0,0,10,10,8,11
10,6,9,9,12,44,59,12,101,114,129,148,173,178,129,116,98,78,64,0,0,0,13,7,10,8
8,6,10,11,35,15,36,13,107,118,138,164,180,173,137,124,101,69,56,0,0,0,22,11,11,12
38,14,13,12,10,13,58,41,115,128,129,146,172,181,137,126,103,88,59,0,0,0,35,11,12,13
23,13,36,40,13,32,65,54,115,129,136,147,169,165,128,122,107,94,67,0,0,0,13,13,10,10
20,11,18,12,12,13,58,70,109,132,129,150,150,152,117,105,85,67,53,0,0,0,16,11,10,13
11,8,17,13,12,18,62,80,103,117,121,144,142,140,106,97,70,57,52,0,0,0,20,11,10,12
12,11,13,17,14,37,60,81,106,114,124,127,133,123,94,75,66,55,41,0,0,0,12,9,8,11
21,6,15,21,20,38,61,69,95,108,123,118,124,111,80,64,56,46,38,0,0,0,8,6,8,8
11,7,14,14,20,31,58,70,97,106,107,107,107,93,70,60,50,51,13,0,0,0,13,0,5,9
7,7,9,17,27,29,64,58,95,111,115,111,102,79,61,56,37,28,14,0,0,0,13,8,5,7
10,7,9,12,21,25,63,54,94,102,110,105,90,75,57,51,38,14,13,0,0,0,12,10,6,7
7,8,11,12,14,19,58,53,94,100,108,85,81,69,57,55,48,13,12,0,0,0,12,10,0,0
6,6,8,8,0,15,50,45,89,89,89,82,72,67,54,53,26,12,0,0,0,0,9,7,0,4
8,7,10,0,5,11,52,33,87,91,93,78,74,65,44,51,12,9,7,0,0,0,11,5,5,9
6,6,0,0,8,6,52,27,80,91,83,74,67,55,50,27,11,8,6,0,0,0,10,5,5,6
6,0,0,0,6,8,57,13,90,83,76,65,63,54,51,42,9,7,0,0,0,0,6,5,6,0
5,0,0,0,0,7,53,25,81,92,78,66,62,60,50,34,11,7,6,0,0,0,7,7,6,0
7,0,0,6,0,0,34,27,88,107,87,70,68,57,40,13,10,12,7,0,0,0,9,7,5,0
4,0,5,0,8,0,10,13,87,106,78,64,63,57,14,20,14,10,6,0,0,0,11,10,4,7
0,0,0,0,7,5,14,21,88,110,80,65,63,56,29,14,11,10,6,0,0,0,7,8,6,7
0,0,6,6,10,0,12,41,101,98,81,66,61,50,13,13,11,11,6,0,0,0,5,6,8,5
8,9,10,8,8,0,6,45,85,90,82,60,54,50,13,14,8,0,11,0,0,0,6,5,6,7
0,58,61,63,77,76,99,88,145,153,167,150,130,110,91,62,53,33,13,0,0,0,19,9,12,11
57,89,102,103,104,111,117,108,142,163,163,159,144,129,108,68,58,51,38,0,0,0,21,10,5,9
43,50,66,69,93,106,112,103,130,148,152,158,143,126,108,79,64,57,25,0,0,0,17,9,9,9
14,12,34,45,47,63,100,62,116,130,135,142,140,125,106,64,50,14,19,0,0,0,21,12,6,9
10,10,11,14,14,14,63,13,106,118,129,130,136,117,98,65,52,14,13,0,0,0,12,10,9,13
10,9,7,8,10,11,54,14,112,117,132,136,129,122,100,61,50,18,17,0,0,0,10,11,11,13
13,10,13,11,11,11,57,26,101,125,122,126,130,122,106,70,57,37,34,0,0,0,22,11,12,12
6,11,25,13,10,8,56,14,107,125,134,140,142,129,106,95,58,50,41,0,0,0,9,0,10,11
10,12,12,12,0,9,12,40,109,120,140,143,136,127,108,89,59,51,48,0,0,0,7,9,6,7
11,7,7,8,7,0,12,15,111,118,136,132,135,134,120,102,57,53,36,0,0,0,12,10,8,12
0,0,11,9,4,0,42,13,105,116,132,141,137,129,119,105,58,39,12,0,0,0,11,7,6,7
9,9,7,0,0,7,56,14,107,117,127,132,145,141,122,111,65,67,53,0,0,0,10,12,10,9
6,0,0,0,0,0,70,15,108,119,128,128,140,130,122,113,71,68,56,0,0,0,13,6,10,11
8,6,5,0,0,8,70,28,108,117,125,124,139,130,118,109,77,73,56,0,0,0,13,10,8,9
12,11,9,0,0,12,75,59,111,119,125,125,141,130,119,95,71,62,60,0,0,0,14,11,10,11
10,10,9,0,4,11,69,37,110,121,128,127,144,130,124,105,78,72,58,0,0,0,19,13,11,13
14,14,14,7,5,11,74,44,111,121,138,136,170,154,142,128,93,77,69,0,0,0,14,13,10,14
7,0,5,0,14,10,50,23,89,109,135,159,182,160,133,110,89,73,43,0,0,0,11,10,8,11
10,6,9,9,13,44,59,13,101,114,130,148,173,178,130,116,98,79,64,0,0,0,13,7,10,7
8,6,10,11,35,16,36,14,107,118,138,165,181,173,137,124,101,69,56,0,0,0,22,11,11,12
41,14,13,12,10,13,58,52,115,128,130,147,173,182,137,126,103,88,59,0,0,0,35,11,12,13
23,13,36,42,13,32,65,57,115,129,136,147,170,165,128,122,107,93,67,0,0,0,13,13,10,10
20,11,16,12,12,13,58,72,109,132,129,150,150,152,117,105,85,67,53,0,0,0,18,11,10,13
11,8,17,14,12,20,61,82,103,117,121,144,142,140,106,98,71,57,52,0,0,0,20,11,11,12
12,11,12,17,14,37,59,82,106,114,124,127,133,123,94,75,66,55,39,0,0,0,12,9,8,11
21,6,17,21,20,36,61,71,95,108,124,118,124,111,80,64,56,46,38,0,0,0,8,6,8,8
11,7,14,14,20,31,58,72,97,106,107,107,107,93,70,60,50,51,13,0,0,0,13,0,5,9
7,7,9,17,25,27,64,59,95,111,115,111,102,80,61,56,38,28,14,0,0,0,13,8,5,7
10,7,9,12,21,25,63,56,94,103,111,106,90,75,57,51,37,14,13,0,0,0,12,10,6,7
7,8,12,12,14,19,58,54,94,99,108,85,81,69,57,55,48,13,12,0,0,0,12,10,0,0
6,6,8,8,0,15,50,50,90,89,90,82,72,67,54,53,25,12,0,0,0,0,10,7,0,4
8,7,10,0,5,11,52,39,87,91,93,78,74,65,41,52,12,9,7,0,0,0,11,5,5,9
6,6,0,0,8,6,51,36,80,91,84,73,67,55,50,29,11,8,6,0,0,0,10,5,5,6
6,0,0,0,6,8,56,14,90,83,76,65,63,54,51,42,9,7,0,0,0,0,6,5,6,0
6,0,0,0,0,7,52,38,81,92,79,66,62,60,50,34,11,7,6,0,0,0,8,7,6,0
7,0,0,6,0,6,33,31,88,107,88,70,68,57,40,13,10,12,7,0,0,0,9,7,5,0
4,0,5,0,8,0,10,14,87,107,79,64,64,57,14,20,14,11,6,0,0,0,11,10,4,7
0,0,0,0,7,5,14,25,88,110,81,65,63,56,29,14,11,10,6,0,0,0,7,8,6,7
0,0,6,6,10,0,12,47,101,99,81,66,61,50,13,13,11,11,6,0,0,0,5,6,8,5
8,9,10,7,8,0,6,50,85,90,82,60,55,50,13,14,8,0,11,0,0,0,6,5,7,7
0,57,60,63,78,76,99,90,144,153,167,150,130,110,90,62,53,33,13,0,3,0,20,9,12,11
56,89,102,103,104,111,116,108,142,163,164,159,144,129,108,68,59,51,41,0,0,0,21,10,5,9
45,50,66,70,93,106,112,103,130,148,152,158,143,127,108,79,64,57,25,0,0,0,17,9,9,9
14,12,31,45,47,62,100,65,116,130,136,142,140,125,106,64,50,14,19,0,0,0,21,12,6,9
10,10,10,14,14,14,63,13,106,118,129,130,136,117,98,65,52,14,13,0,0,0,12,10,9,13
10,9,7,8,10,11,54,15,112,117,132,136,129,122,100,61,50,21,17,0,0,0,10,11,11,13
13,10,13,11,10,11,57,26,101,125,123,126,130,122,106,70,57,39,36,0,0,0,22,11,12,12
7,11,22,13,10,8,56,15,107,125,134,140,142,129,106,95,58,51,41,0,0,0,9,0,10,11
9,12,12,12,0,9,11,43,110,120,140,143,136,127,108,89,59,51,48,0,0,0,7,9,6,7
11,7,6,9,7,0,12,15,111,118,137,132,135,134,120,102,57,54,36,0,0,0,12,10,8,12
0,0,11,9,4,0,39,13,105,116,132,141,137,129,119,104,58,39,13,0,0,0,11,7,6,7
9,9,7,0,0,7,55,15,107,117,127,132,145,141,122,111,65,67,53,0,0,0,10,12,10,9
6,0,0,0,0,0,70,17,108,119,128,128,140,130,122,113,70,70,55,0,0,0,13,6,10,11
8,6,5,0,0,8,70,32,108,117,125,124,139,130,118,109,76,73,56,0,0,0,13,10,8,9
12,11,9,0,0,12,74,59,111,119,126,125,141,130,119,95,71,63,60,0,0,0,14,11,10,11
10,10,9,0,4,11,68,43,110,121,129,127,145,130,124,105,78,73,58,0,0,0,18,13,11,13
13,14,14,7,5,11,73,47,111,121,139,136,171,154,142,128,93,77,69,0,0,0,14,13,10,14
7,0,6,0,16,10,51,27,91,110,138,162,185,162,134,111,91,76,50,0,0,0,11,11,9,12
10,6,9,9,12,44,59,13,101,114,130,148,173,178,129,115,99,79,64,0,0,0,13,7,10,7
9,6,10,11,32,15,36,15,107,118,138,165,181,173,137,123,101,69,56,0,0,0,22,11,11,12
41,14,13,12,10,13,58,54,115,128,130,147,173,182,137,126,103,89,59,0,0,0,35,11,12,13
23,13,36,40,13,32,65,59,116,129,136,147,170,166,128,122,107,94,67,0,0,0,13,13,10,10
20,11,16,12,12,13,58,73,109,132,130,150,150,152,117,105,85,68,53,0,0,0,18,11,10,13
11,8,17,14,12,18,61,82,103,117,121,144,142,140,106,97,71,57,52,0,0,0,20,11,11,12
12,11,12,17,14,37,59,82,106,114,125,127,133,124,94,75,67,55,41,0,0,0,12,9,8,11
21,6,17,21,20,38,61,71,95,108,124,118,124,112,80,64,56,48,38,0,0,0,8,6,8,8
11,7,14,14,20,31,58,72,97,106,108,107,107,93,70,60,50,51,13,0,0,0,13,0,5,9
7,7,9,17,25,29,65,59,95,111,115,111,102,79,61,55,38,29,14,0,0,0,13,8,5,7
10,7,9,12,19,25,62,56,94,102,111,105,90,75,56,51,37,14,13,0,0,0,12,10,6,7
8,8,11,12,14,19,58,54,94,99,109,85,81,69,57,55,50,13,12,0,0,0,12,10,0,0
6,6,8,8,0,15,50,50,90,89,90,82,73,67,54,53,25,13,0,0,0,0,10,7,0,4
8,7,10,0,5,11,52,39,87,91,93,78,74,65,41,51,12,9,7,0,0,0,11,5,5,9
6,6,0,0,7,6,51,38,80,91,84,74,67,55,50,27,11,8,6,0,0,0,10,5,5,6
7,0,0,0,6,8,56,13,90,83,76,66,63,54,51,42,9,7,0,0,0,0,6,6,6,0
5,0,0,0,0,6,52,38,81,92,80,66,62,60,50,34,11,7,6,0,0,0,8,7,6,0
7,0,0,6,0,0,34,29,88,107,89,71,68,58,40,13,10,12,7,0,0,0,9,7,5,0
4,0,5,0,8,0,10,14,87,106,79,64,64,57,14,20,14,11,6,0,0,0,11,10,4,7
0,0,0,0,7,5,14,26,88,110,82,65,63,56,29,14,11,10,6,0,0,0,7,8,6,7
0,0,6,6,10,0,12,50,101,99,81,66,61,50,13,13,11,11,6,0,0,0,5,6,8,5
8,9,10,7,8,0,6,50,85,90,83,60,55,50,13,14,8,7,11,0,0,0,6,5,6,7
0,57,60,63,78,76,98,91,144,153,167,150,130,110,91,62,54,33,13,0,9,0,20,9,12,11
56,89,102,103,104,111,116,108,142,163,164,159,144,128,108,68,59,51,41,0,7,0,22,10,5,9
45,50,66,70,93,106,112,104,130,148,152,158,144,127,109,79,66,57,28,0,0,0,18,9,9,10
14,12,31,45,47,62,100,68,116,130,136,143,140,124,106,64,50,14,19,0,0,0,21,12,6,9
10,10,10,14,13,15,65,14,106,118,129,131,136,117,99,65,52,14,13,0,0,0,12,10,9,13
10,9,7,8,10,11,55,17,112,117,132,136,129,123,100,61,50,21,17,0,0,0,10,11,11,13
13,10,13,11,10,11,57,26,101,125,123,126,130,122,106,70,58,39,38,0,0,0,22,11,12,12
7,10,22,14,10,8,56,17,107,125,134,140,142,129,106,95,59,50,41,0,4,0,9,0,10,11
9,11,12,11,0,9,11,46,110,119,140,143,136,127,109,89,59,51,48,0,0,0,7,9,6,7
11,7,6,9,7,0,12,15,111,118,136,132,135,133,120,102,58,54,36,0,0,0,12,10,8,12
0,0,11,9,0,0,39,13,105,116,132,141,137,129,119,104,58,39,12,0,0,0,11,7,6,7
9,9,7,0,0,7,55,17,107,116,127,132,145,141,122,110,66,67,53,0,0,0,10,12,10,9
6,0,0,0,0,0,70,19,108,119,128,128,140,130,123,113,70,70,54,0,0,0,13,6,10,11
9,6,5,0,0,8,70,32,108,117,125,124,139,129,118,109,76,73,56,0,0,0,13,10,8,9
12,11,9,0,0,12,75,58,111,119,126,125,141,130,119,97,71,63,61,0,6,0,14,11,10,11
10,9,9,0,4,11,68,43,110,121,129,127,145,131,124,105,77,72,58,0,0,0,19,13,11,13
13,14,14,7,5,11,74,47,111,121,139,136,171,154,142,127,93,77,69,0,6,0,14,13,10,14
8,0,6,6,20,11,54,33,94,112,139,165,187,165,135,113,93,79,53,0,7,0,12,12,9,12
10,6,9,9,13,47,59,13,101,114,131,149,174,178,130,116,99,79,64,0,8,0,13,7,10,7
9,6,9,11,30,16,36,17,107,118,139,165,181,173,137,123,101,69,56,0,6,0,23,11,11,12
41,14,13,12,10,13,58,54,115,128,130,147,173,182,137,125,103,90,59,0,6,0,37,11,12,13
23,13,33,42,13,35,65,59,116,129,137,147,170,166,128,122,107,93,67,0,0,0,13,13,10,10
20,11,16,12,11,13,58,74,109,132,130,151,151,152,117,104,85,68,53,0,5,0,20,11,10,13
11,8,17,14,12,20,61,82,103,117,121,144,142,140,106,97,71,57,52,0,0,0,20,11,11,12
12,11,13,17,14,37,59,82,106,114,125,128,133,124,94,75,67,55,39,0,5,0,13,9,8,11
22,6,15,21,19,38,61,71,95,108,124,118,123,112,80,64,56,46,38,0,0,0,8,6,8,8
11,7,14,14,19,31,58,72,97,106,108,107,107,93,70,59,50,51,13,0,0,0,13,0,5,9
7,7,9,17,25,31,64,59,95,111,116,111,100,80,61,55,38,29,14,0,0,0,13,8,5,7
10,7,9,12,19,25,62,56,94,102,111,105,91,75,57,52,38,14,13,0,6,0,12,11,6,7
8,8,12,12,14,19,58,54,94,99,109,86,81,70,57,54,50,13,12,0,0,0,12,10,0,0
7,6,8,8,0,15,50,50,90,89,90,82,72,67,54,53,25,13,0,0,0,0,10,7,0,4
8,7,10,0,5,11,52,37,87,91,93,78,73,65,44,51,12,9,7,0,0,0,11,5,5,9
6,6,0,0,7,7,51,36,80,91,84,74,68,55,50,29,11,8,6,0,0,0,10,5,5,6
7,0,0,0,5,8,56,14,90,83,77,66,63,54,51,40,9,7,0,0,0,0,6,6,6,0
6,0,0,0,0,6,52,38,81,93,80,66,61,60,51,38,11,7,6,0,0,0,8,7,6,0
7,0,0,6,0,0,33,29,88,107,89,71,66,58,42,13,10,12,7,0,0,0,9,7,5,0
4,0,5,0,8,0,10,14,87,107,79,63,63,57,14,19,14,11,6,0,0,0,11,10,4,7
0,0,0,0,7,5,14,25,88,110,81,65,63,56,30,14,11,10,6,0,0,0,8,8,6,7
0,0,6,6,10,0,12,50,101,99,81,66,61,50,13,13,11,11,6,0,0,0,5,6,8,6
8,9,10,7,8,0,6,50,85,90,83,61,55,50,14,15,8,7,10,0,0,0,6,5,6,7
0,57,60,62,78,76,99,90,144,153,167,149,130,110,91,62,55,33,13,0,12,0,20,9,12,12
56,90,102,103,105,112,116,108,142,163,164,159,144,128,108,68,60,51,44,0,10,0,21,10,5,9
45,50,66,70,93,106,112,104,131,148,152,159,144,127,109,79,66,57,31,0,0,0,17,9,9,10
14,12,34,47,47,63,100,69,116,130,136,143,141,125,107,64,51,14,19,0,7,0,21,12,6,9
10,10,10,14,13,16,66,14,106,118,129,131,136,117,99,65,52,14,13,0,5,0,12,10,9,13
10,8,7,8,10,11,56,14,113,117,132,136,129,123,100,62,51,21,17,0,0,0,10,11,11,13
13,10,13,11,9,11,57,25,101,125,123,126,130,122,106,71,58,41,38,0,0,0,22,11,12,12
6,10,20,14,10,8,56,14,107,125,134,140,141,129,106,96,59,51,41,0,7,0,9,0,10,11
9,11,12,11,0,9,11,43,110,119,139,143,136,128,109,90,59,52,48,0,0,0,7,9,6,7
10,7,6,9,7,0,12,15,111,118,136,132,135,134,120,103,58,54,36,0,0,0,12,10,8,12
0,0,11,9,0,0,42,13,105,117,132,141,137,130,120,105,58,39,13,0,0,0,11,7,6,7
9,9,7,0,0,7,55,17,107,117,127,132,145,141,123,111,67,68,53,0,0,0,10,12,10,9
6,0,0,0,0,0,72,15,109,119,128,128,140,130,123,114,71,71,54,0,7,0,13,6,10,11
9,6,6,0,0,8,70,28,109,118,125,124,139,130,118,109,77,73,58,0,5,0,13,10,8,9
12,11,9,0,0,12,77,58,111,119,126,125,142,130,119,97,72,63,61,0,9,0,14,12,10,11
10,10,9,0,4,11,69,40,110,121,129,127,145,131,125,105,78,72,58,0,11,0,19,13,11,14
13,14,14,7,5,11,74,44,111,120,138,136,171,154,142,127,93,77,69,0,9,0,14,13,10,14
9,5,8,12,20,12,53,32,94,110,138,162,185,163,135,112,92,77,52,0,10,0,12,12,9,12
10,5,9,9,13,44,59,13,101,114,131,148,173,178,130,116,100,79,64,0,11,0,13,8,10,7
9,6,9,11,30,15,36,15,107,118,138,165,181,173,137,124,101,69,56,0,10,0,23,11,11,12
38,14,13,12,10,13,58,53,115,128,130,147,173,182,137,125,103,89,59,0,10,0,37,11,12,13
23,13,33,37,13,35,65,58,116,129,137,147,170,166,128,122,107,93,67,0,5,0,13,13,10,10
20,11,15,12,11,13,58,74,109,132,130,150,150,153,117,104,85,68,53,0,8,0,18,11,10,13
11,8,20,14,11,20,60,81,104,117,122,144,142,140,106,97,71,57,52,0,7,0,20,11,11,12
12,11,12,15,14,37,59,82,106,114,125,127,133,124,94,76,67,55,39,0,8,0,12,9,8,11
21,6,15,21,19,38,61,71,95,108,124,118,124,111,80,64,56,46,38,0,6,0,8,6,8,8
11,7,14,14,19,31,58,71,97,106,108,107,107,93,70,59,50,51,13,0,0,0,13,0,4,9
7,7,9,17,25,31,64,59,95,111,115,111,100,80,61,55,38,29,14,0,5,0,13,8,5,7
10,7,9,12,19,25,62,55,94,103,111,105,91,75,57,52,38,14,13,0,8,0,12,11,6,7
8,8,12,12,15,19,58,54,94,99,109,86,81,70,57,54,50,13,12,0,5,0,12,10,0,0
7,6,8,8,0,15,50,47,90,89,90,81,73,67,54,53,25,13,0,0,0,0,10,7,0,4
8,7,10,0,5,11,52,35,87,91,94,78,73,65,44,51,12,9,7,0,0,0,11,5,5,9
6,6,0,0,7,6,51,36,80,90,84,74,68,55,50,29,11,8,6,0,0,0,10,5,5,6
6,0,0,0,5,8,56,13,90,83,76,66,62,54,51,42,9,7,0,0,5,0,6,6,6,0
5,0,0,0,0,6,52,36,81,93,80,66,61,60,51,40,11,7,6,0,0,0,8,7,6,0
7,0,0,7,0,0,34,29,88,107,89,71,67,58,42,13,10,12,7,0,0,0,9,7,5,0
4,0,5,0,8,0,10,14,87,107,80,63,63,57,14,19,14,11,6,0,0,0,11,10,4,7
0,0,0,0,7,5,14,22,88,110,82,65,63,56,29,14,11,10,6,0,0,0,7,8,6,7
0,0,5,6,10,0,12,47,101,99,81,66,61,50,13,13,12,11,6,0,0,0,5,6,8,6
8,9,9,7,8,0,6,48,84,90,83,60,55,50,14,15,8,0,10,0,0,0,6,5,6,7
