0,7,11,11,12,25,30,51,58,59,59,69,74,68,68,68,55,38,13,10,9,0,5,0,0,0
0,0,10,14,13,50,52,54,62,63,60,66,79,74,83,76,58,51,20,10,9,7,0,5,0,0
0,10,14,23,25,52,56,65,62,62,75,76,85,81,94,88,62,54,50,27,11,9,8,0,7,6
6,14,27,39,38,50,52,58,85,90,89,88,98,92,106,108,92,71,55,45,35,34,14,10,7,10
12,23,50,51,27,13,62,81,114,114,112,104,95,116,133,118,83,66,55,52,50,50,25,14,13,10
0,9,31,47,8,18,64,71,98,108,101,89,98,113,113,101,75,62,55,50,50,47,20,11,11,9
12,20,37,42,12,30,63,76,99,109,116,111,111,117,111,96,76,57,54,51,50,50,19,12,10,9
20,38,35,30,13,51,52,69,90,108,113,104,103,111,109,94,70,59,55,51,51,42,14,12,9,8
11,25,30,14,6,27,52,70,82,104,107,95,101,107,103,87,66,58,51,25,28,40,14,11,10,0
11,16,11,14,8,8,31,66,94,90,107,103,103,105,102,90,68,57,52,14,28,78,43,9,10,8
40,15,12,11,15,0,15,59,76,90,100,98,97,101,94,78,63,53,14,11,17,47,15,8,0,0
40,17,17,11,8,13,31,56,71,80,91,93,90,91,82,73,61,52,14,11,10,12,10,7,0,0
7,10,7,7,0,10,38,54,64,71,78,83,77,78,74,68,55,35,11,0,0,0,0,0,0,0
0,0,0,0,0,0,8,28,54,57,63,66,59,56,55,52,26,9,0,0,0,0,0,0,0,0
0,0,0,7,0,11,26,52,63,68,71,69,69,67,65,63,55,40,10,12,9,0,0,0,0,0
0,0,6,10,7,14,51,58,68,72,80,75,77,80,69,66,58,52,13,7,8,0,0,0,0,0
0,5,11,13,21,51,61,71,80,86,89,88,86,83,93,81,70,58,50,22,14,10,9,0,7,6
7,11,14,12,36,53,67,78,96,103,106,98,102,98,96,96,82,69,52,38,14,15,9,9,11,11
8,11,23,43,50,60,73,87,109,120,123,118,123,124,119,113,90,72,61,51,37,42,21,8,11,13
10,21,22,52,54,66,85,97,117,126,135,133,135,141,127,109,105,94,64,57,54,54,50,14,12,36
12,13,52,54,56,74,83,92,124,135,139,134,144,147,132,120,102,87,79,62,53,54,51,50,50,48
15,16,31,51,53,76,82,97,128,131,136,133,146,141,128,119,100,83,66,56,52,46,23,10,10,20
23,17,17,31,40,60,73,85,115,132,128,120,142,139,126,132,100,77,60,47,42,42,33,28,21,14
12,11,19,41,44,58,68,72,97,96,92,94,106,114,112,103,91,67,57,52,14,26,30,19,14,12
10,10,11,14,23,36,57,59,78,72,71,75,80,91,93,84,74,67,50,11,14,12,9,7,5,6
7,10,9,10,12,12,51,54,67,61,64,64,65,77,80,75,64,55,42,14,9,7,0,0,0,0
0,0,7,10,7,13,11,34,61,56,57,60,60,66,69,66,57,51,14,8,11,8,0,0,0,0
0,6,0,9,9,11,12,30,62,54,56,57,59,62,64,63,53,43,12,7,8,7,0,0,0,0
0,0,0,8,8,8,10,13,55,52,54,57,56,59,59,57,52,29,8,0,0,0,0,0,0,0
0,0,0,0,0,0,13,12,53,51,51,55,53,56,59,57,51,12,6,0,0,0,0,0,0,0
0,0,0,0,0,0,12,10,25,50,51,53,52,55,56,56,50,9,0,0,0,0,0,0,0,0
0,0,0,4,0,9,7,7,44,46,51,52,52,53,54,52,30,8,0,0,0,0,0,0,0,0
0,0,0,0,0,8,0,0,34,40,48,53,52,52,52,51,37,13,0,0,0,0,0,0,0,0
0,0,0,0,6,6,6,0,40,50,56,57,54,54,53,51,27,9,0,0,0,0,0,0,0,0
0,0,0,0,0,7,0,0,50,54,80,74,55,52,52,50,15,0,0,0,0,6,0,0,0,0
0,0,0,9,6,9,0,8,40,58,104,93,57,56,56,53,17,9,5,0,0,0,0,0,0,0
0,0,0,0,7,0,6,0,37,54,66,61,52,39,33,50,13,8,0,0,0,0,0,0,0,0
0,0,5,0,6,0,10,8,45,52,55,53,52,39,51,50,25,9,7,6,0,4,0,0,0,0
0,5,6,6,0,6,0,6,42,57,53,53,45,44,51,50,19,8,0,5,0,0,0,0,0,0
0,0,0,7,0,0,6,0,38,55,52,50,48,50,51,48,11,0,7,0,0,0,0,0,0,0
0,7,10,10,11,25,30,51,57,59,60,69,74,67,68,69,55,38,12,10,9,0,5,0,0,0
0,0,10,14,14,50,52,54,62,63,61,66,79,74,83,76,58,52,17,10,10,7,0,0,0,0
0,10,14,23,25,51,56,65,62,61,75,76,85,81,93,87,61,54,50,25,11,10,9,0,8,6
5,14,28,40,38,50,52,57,85,89,89,87,97,92,105,108,91,71,55,43,37,34,15,10,7,10
12,23,50,51,29,12,62,81,114,114,112,102,96,116,131,119,82,66,55,52,51,50,26,13,13,11
0,9,33,50,7,15,64,71,97,108,100,88,98,112,112,101,75,62,55,50,50,47,23,11,11,9
12,18,37,45,12,36,63,75,100,108,117,110,111,117,110,96,76,56,54,51,51,47,23,12,10,10
20,38,30,33,13,50,54,69,90,108,113,103,102,110,108,94,69,59,54,50,51,42,15,12,8,7
10,30,32,14,6,27,53,69,82,104,107,93,100,106,102,86,66,58,51,22,28,40,15,11,11,0
11,16,11,14,8,8,31,66,93,90,106,102,102,105,101,89,68,57,52,14,25,78,46,10,10,7
43,15,12,10,14,0,16,59,75,90,99,97,97,100,94,78,62,53,14,10,17,47,17,8,0,0
40,15,17,11,8,13,31,56,70,80,91,92,89,91,81,74,61,52,14,11,10,12,10,7,0,0
7,10,8,7,0,10,38,53,64,71,77,82,77,78,74,69,55,37,11,0,6,0,0,0,0,0
0,0,0,0,0,0,9,28,54,57,63,65,59,56,55,52,25,8,0,0,0,0,0,0,0,0
0,0,0,8,0,11,26,52,63,68,72,69,69,67,64,63,56,40,10,11,9,0,0,0,0,0
0,0,7,10,7,14,51,58,68,72,79,74,78,80,68,66,58,51,13,7,8,0,0,0,0,0
0,5,12,12,19,51,61,71,81,86,89,88,86,83,93,81,70,57,50,22,14,10,9,5,7,7
7,11,14,11,38,53,68,78,95,103,107,98,103,98,96,97,82,69,52,36,15,20,10,9,11,11
8,11,23,41,50,60,74,87,109,120,123,118,124,124,119,113,90,72,61,51,39,43,21,9,11,13
10,18,23,51,54,66,86,97,117,127,135,133,135,141,126,109,104,94,64,57,54,54,51,14,13,36
12,13,52,54,56,74,83,93,125,135,139,133,145,147,133,120,103,87,79,62,53,54,52,50,50,48
16,18,31,51,54,76,82,97,128,131,137,131,147,142,128,119,100,83,66,56,52,46,25,10,9,18
23,17,18,30,40,61,72,85,115,133,128,120,143,139,126,132,100,77,59,46,42,43,33,29,21,14
12,11,23,40,45,58,68,72,96,97,93,93,105,113,111,103,91,67,57,52,14,26,33,20,17,11
10,10,11,14,25,36,56,59,78,72,72,74,80,90,93,84,74,68,50,11,14,12,10,7,5,6
7,10,9,9,12,11,51,54,67,62,64,64,66,77,80,75,64,55,38,14,9,7,0,0,0,0
0,0,7,10,6,13,12,34,61,56,57,59,60,66,69,66,57,50,14,8,10,8,0,0,0,0
0,6,0,8,9,11,12,31,62,54,56,56,59,62,63,63,53,41,12,6,8,7,0,0,0,0
0,0,0,8,8,8,10,13,55,52,54,55,56,59,59,58,52,27,7,0,0,0,0,0,0,0
0,0,0,0,0,7,12,12,53,51,51,54,54,57,59,57,51,13,7,0,0,0,0,0,0,0
0,0,0,0,0,0,12,10,29,50,51,52,52,55,56,56,47,10,0,0,0,0,0,0,0,0
0,0,0,5,0,9,7,7,46,46,51,52,52,54,54,53,29,8,0,0,0,0,0,0,0,0
0,0,0,0,0,8,0,0,33,40,49,52,52,52,53,51,36,13,0,0,0,0,0,0,0,0
0,0,0,0,6,6,6,0,40,50,57,57,54,54,53,52,27,9,0,0,0,0,0,0,0,0
0,0,0,0,0,7,0,0,50,54,80,74,56,53,52,50,14,0,0,0,0,6,0,0,0,0
0,0,0,9,6,9,0,9,37,58,106,93,57,55,56,53,17,9,0,0,0,0,0,0,0,0
0,0,0,0,7,0,6,0,37,54,66,61,52,39,29,50,13,9,0,0,0,0,0,0,0,0
0,0,5,0,7,0,10,9,46,52,56,53,51,39,51,50,23,9,7,6,5,4,0,0,0,0
0,5,7,6,0,6,0,5,42,57,53,53,48,45,50,51,16,8,0,5,4,0,0,0,0,0
0,0,0,7,0,0,6,0,38,56,52,50,48,50,50,50,11,0,6,0,0,0,0,0,0,0
0,8,10,10,11,23,32,51,57,59,60,69,73,67,68,69,55,38,12,10,9,6,5,0,0,0
0,0,10,14,14,50,52,54,61,63,61,66,80,74,83,76,58,52,17,10,10,7,0,5,0,0
0,10,14,23,23,51,56,65,62,61,75,76,85,81,93,87,61,54,50,27,11,10,9,0,8,6
5,14,27,42,38,50,52,57,85,89,89,87,97,92,106,108,91,71,55,43,37,31,14,10,6,10
11,23,50,51,29,12,62,81,113,113,112,102,95,116,131,118,82,65,55,52,51,50,23,14,12,11
0,9,33,47,8,14,65,71,97,108,100,88,98,113,112,100,74,62,55,50,50,50,20,12,11,10
12,18,42,40,12,33,63,75,99,108,117,110,110,117,110,96,75,56,54,51,51,50,19,12,9,9
20,38,25,30,13,47,54,69,90,108,113,103,102,110,107,93,69,59,54,50,52,42,14,12,8,7
11,32,32,13,6,27,53,69,81,104,107,94,100,106,101,85,66,58,50,28,31,43,14,12,10,0
11,16,11,14,8,8,34,66,91,90,107,103,102,104,101,89,67,57,52,14,34,80,40,10,10,8
47,15,12,10,14,0,18,59,75,90,99,97,96,100,94,77,62,53,14,10,19,47,14,9,0,0
40,15,19,11,7,13,34,56,70,79,91,91,89,90,81,73,61,52,13,11,9,12,10,8,0,0
0,10,8,7,0,10,38,54,64,71,77,82,76,78,74,68,56,40,11,0,6,0,0,0,0,0
0,0,0,0,0,0,8,29,54,58,64,65,59,57,54,53,25,8,0,0,0,0,0,0,0,0
0,0,0,8,0,11,25,52,63,68,71,69,69,68,64,63,55,43,10,11,9,0,0,0,0,0
0,0,7,10,7,14,50,58,67,71,79,74,78,80,68,66,58,51,13,7,8,0,0,0,0,0
0,5,12,12,17,51,61,71,80,86,89,88,87,83,92,81,70,57,50,25,14,10,9,5,6,7
7,11,15,12,36,54,68,77,95,103,107,98,103,98,95,97,82,70,52,38,15,23,10,9,11,11
8,11,27,43,50,60,74,87,109,119,123,117,124,125,119,113,90,73,61,51,37,43,20,9,10,12
11,21,23,51,54,66,86,97,118,126,136,133,135,141,126,109,104,94,64,57,54,54,50,14,14,36
12,13,52,54,56,73,83,93,124,135,139,133,145,148,132,120,103,87,79,62,53,54,51,50,50,45
16,18,31,51,54,75,82,98,128,131,137,132,148,142,128,119,100,83,65,56,52,46,25,10,10,16
23,18,18,32,39,60,72,85,115,132,128,120,143,140,126,132,100,78,59,47,42,43,33,29,21,14
11,11,25,40,45,58,68,73,96,96,93,93,105,113,111,103,91,68,57,52,14,27,33,19,17,11
10,10,11,14,25,38,56,60,78,72,72,74,80,91,93,84,74,67,50,11,14,12,10,7,5,6
7,10,9,9,12,11,51,54,66,62,64,64,65,77,80,75,64,55,36,14,9,7,0,0,0,0
0,0,7,10,6,13,12,34,60,56,57,59,60,66,69,66,57,51,14,8,10,8,0,0,0,0
0,6,0,8,8,11,12,33,61,54,56,56,59,62,63,63,54,45,11,7,8,7,0,0,0,0
0,0,0,8,8,8,10,13,54,52,54,56,56,59,59,58,53,27,7,0,0,0,0,0,0,0
0,0,0,0,0,7,13,12,53,51,52,54,53,57,58,57,51,13,6,0,0,0,0,0,0,0
0,0,0,0,0,0,12,10,25,47,51,53,52,55,56,56,50,10,0,0,0,0,0,0,0,0
0,0,0,5,0,9,8,7,44,50,51,52,52,54,54,53,29,9,0,0,0,0,0,0,0,0
0,0,0,0,0,8,0,0,33,38,49,52,52,52,52,51,35,13,0,0,0,0,0,0,0,0
0,0,0,0,6,6,6,0,42,50,57,57,54,54,52,52,27,9,0,0,0,0,0,0,0,0
0,0,0,0,0,7,0,0,45,54,80,74,55,53,52,50,14,0,0,0,0,6,0,0,0,0
0,0,0,9,7,9,0,9,32,58,106,93,57,56,56,54,21,9,0,0,0,0,0,0,0,0
0,0,0,0,7,0,6,0,35,54,67,62,52,37,31,50,13,9,0,0,0,0,0,0,0,0
0,0,5,0,7,0,10,9,45,52,56,53,51,39,51,50,23,9,7,6,5,4,0,0,0,0
0,0,7,6,0,6,0,6,42,58,54,54,48,45,50,51,17,8,0,5,4,0,0,0,0,0
0,0,0,7,0,0,6,0,36,56,53,50,48,50,51,50,11,0,6,0,0,0,0,0,0,0
0,8,10,10,12,23,27,50,57,60,60,68,73,66,68,69,55,40,12,10,9,0,5,0,0,0
4,0,10,14,14,50,52,54,61,63,61,66,79,73,83,76,58,52,15,11,10,7,0,0,0,0
0,10,15,25,25,52,55,65,62,60,75,75,85,81,94,87,61,54,50,29,11,10,9,0,8,6
5,14,26,42,38,50,52,56,84,88,89,86,97,91,106,107,90,71,56,47,35,27,14,10,7,10
11,23,50,51,27,12,62,81,113,113,112,102,95,115,131,118,82,66,56,52,51,50,25,13,13,10
0,9,31,45,7,14,63,71,97,107,100,88,98,113,112,100,74,62,54,50,50,44,20,12,11,10
12,18,37,40,13,33,63,75,99,109,118,109,110,117,110,95,75,56,53,51,50,50,21,12,10,9
20,42,21,30,12,47,54,69,89,107,113,103,103,110,108,93,69,59,53,50,52,42,15,12,8,7
10,32,32,13,6,27,53,69,82,104,107,93,100,106,101,85,66,58,50,22,31,43,14,12,10,0
13,14,11,13,8,8,34,66,91,89,107,102,102,104,101,88,67,57,51,14,34,80,37,11,10,8
47,14,11,11,14,0,15,59,75,90,99,97,96,100,94,76,63,53,14,10,17,44,14,8,0,0
38,17,14,11,7,14,34,55,70,78,90,91,88,90,81,73,61,52,14,11,9,12,10,8,0,0
0,10,8,7,0,10,41,53,64,71,78,81,75,77,74,68,57,42,10,0,0,0,0,0,0,0
0,0,0,0,0,0,8,29,54,58,64,64,59,57,54,52,26,0,0,0,0,0,0,0,0,0
0,0,0,8,0,11,26,52,63,68,71,68,68,67,64,63,56,43,10,11,9,0,0,0,0,0
0,0,6,10,7,14,50,58,67,70,79,74,77,80,68,66,59,51,13,7,7,0,0,0,0,0
0,6,12,12,14,51,61,71,81,86,89,88,86,83,92,82,70,58,50,22,14,10,9,0,6,7
7,11,15,12,36,54,67,77,95,104,107,98,103,98,95,96,82,69,52,40,15,21,10,9,11,12
8,11,25,45,50,60,74,87,109,120,123,117,123,125,119,113,90,73,61,51,37,40,21,8,10,11
11,23,25,51,54,66,85,97,118,126,135,132,134,142,126,109,104,94,64,56,54,54,50,15,14,38
12,14,52,54,56,73,83,93,125,135,140,133,144,148,133,120,102,87,79,63,53,54,52,51,50,38
17,20,30,51,53,75,82,98,130,131,137,133,148,143,128,118,100,83,66,56,52,46,30,10,10,16
22,19,18,32,40,60,73,85,115,133,128,120,143,140,127,131,100,77,59,47,42,42,32,28,21,14
11,11,25,40,42,58,68,73,96,97,93,92,105,113,111,103,91,68,57,52,15,27,34,19,17,12
10,10,11,14,26,38,56,59,78,72,72,74,80,90,92,84,74,67,50,11,13,12,10,7,5,6
7,9,9,9,12,11,51,54,66,61,65,64,65,77,80,75,64,55,36,14,9,7,0,0,0,0
0,0,7,10,6,12,12,34,60,55,57,59,59,66,70,65,57,51,14,8,10,7,0,0,0,0
0,6,0,8,8,11,12,31,61,53,56,56,58,62,63,62,54,45,12,7,8,8,0,0,0,0
0,0,0,7,8,8,10,13,54,52,54,55,56,59,59,58,53,27,7,0,0,0,0,0,0,0
0,0,0,0,0,7,12,12,53,51,52,54,53,57,59,57,51,13,0,0,0,0,0,0,0,0
0,0,0,0,0,6,12,11,34,50,51,53,52,54,56,55,50,11,0,0,0,0,0,0,0,0
0,0,0,5,0,9,8,7,44,48,51,52,52,54,54,52,27,9,0,0,0,0,0,0,0,0
0,0,0,0,0,8,0,0,33,38,50,52,52,52,52,51,35,13,0,0,0,0,0,0,0,0
0,0,0,0,6,7,7,0,42,50,57,56,53,54,53,52,27,9,0,0,0,6,0,0,0,0
0,0,0,0,0,8,0,0,47,54,81,74,55,53,52,50,14,0,0,0,0,6,0,0,0,0
0,0,0,9,6,9,0,10,32,58,107,94,56,56,56,54,19,9,0,0,0,0,0,0,0,0
0,0,0,0,7,0,6,0,37,54,67,61,52,35,35,50,14,9,0,0,0,0,0,0,0,0
0,0,5,0,7,0,10,9,45,52,56,52,51,39,51,50,21,9,7,6,5,4,0,0,0,0
0,0,7,6,0,7,0,5,42,58,54,53,46,47,50,50,17,8,0,5,4,0,0,0,0,0
0,7,0,7,0,0,6,0,36,56,53,50,45,50,51,50,11,0,6,0,0,0,0,0,0,0
0,7,10,10,12,25,27,50,57,59,60,68,73,66,68,68,55,40,12,9,9,0,5,0,0,0
4,0,10,14,14,47,52,54,61,63,61,65,79,73,82,75,57,51,17,11,10,7,0,0,0,0
0,10,15,23,27,52,55,65,62,60,74,75,85,81,93,87,61,54,51,27,11,10,9,0,8,6
5,14,25,42,38,50,52,56,85,88,89,86,97,91,105,107,90,71,56,45,35,23,14,10,6,10
11,24,50,51,29,12,62,81,113,112,111,102,95,115,131,118,82,66,56,52,51,47,26,14,13,10
0,9,31,45,8,14,63,71,96,106,99,87,98,112,111,100,74,62,55,50,50,41,16,12,10,10
12,20,37,42,13,27,62,75,99,108,117,110,109,117,109,95,75,56,53,51,51,50,21,12,9,9
20,42,25,30,12,47,54,69,88,106,113,103,102,110,107,93,69,58,54,46,51,40,17,12,9,9
10,35,32,13,6,25,52,69,81,104,107,93,100,106,101,85,66,59,51,20,34,43,14,12,10,0
13,14,12,13,8,8,31,65,90,89,107,103,102,104,101,87,67,56,52,14,31,80,37,11,10,8
47,14,12,10,15,0,15,59,74,90,98,97,95,100,95,76,62,53,14,10,14,41,15,9,0,0
38,19,15,11,7,14,28,55,70,78,90,91,89,90,80,72,60,52,14,10,9,12,10,8,0,6
0,10,8,8,0,9,41,53,64,71,77,82,75,77,73,68,58,40,10,0,0,0,0,0,0,0
0,0,0,0,0,0,8,29,54,58,63,64,59,57,54,52,26,8,0,0,0,0,0,0,0,0
0,0,0,8,0,11,26,52,63,68,70,68,68,67,64,63,56,42,10,11,9,0,0,0,0,0
0,0,0,10,7,13,51,58,67,70,79,74,77,80,69,66,59,50,14,7,7,0,0,0,0,0
0,6,12,12,14,51,61,71,81,85,89,88,86,83,93,82,70,58,51,22,14,10,8,0,6,6
6,11,14,12,36,53,67,77,95,103,107,98,103,98,95,95,81,69,53,38,15,23,11,9,11,11
9,11,29,41,50,60,74,87,109,120,123,116,123,125,120,113,90,72,61,51,33,42,22,8,10,11
11,21,23,51,54,66,85,97,118,126,134,132,134,141,125,108,104,94,64,56,54,54,50,16,14,36
12,14,52,54,56,73,83,93,124,135,139,133,144,147,134,120,102,87,79,63,53,54,51,50,50,36
16,23,29,51,53,75,82,98,129,130,138,133,148,144,129,119,100,83,66,56,52,46,30,10,10,16
22,19,19,32,39,60,73,85,116,132,128,120,143,140,127,132,100,78,60,46,42,42,33,30,21,15
11,11,25,41,42,57,68,73,96,97,92,92,105,112,112,103,91,68,57,51,15,26,34,19,19,12
10,10,11,14,25,36,55,59,78,72,71,73,80,90,93,84,74,67,50,11,13,12,10,7,5,6
7,9,8,9,12,11,51,54,65,61,64,64,64,77,80,75,64,55,38,14,9,7,0,0,6,0
0,0,7,10,6,12,12,34,60,55,58,60,59,66,69,66,56,50,14,8,10,7,0,0,0,0
0,6,0,8,9,11,12,31,61,53,56,56,58,62,63,62,53,43,12,7,8,8,0,0,0,0
0,0,0,8,8,8,10,13,54,52,54,55,56,58,59,57,52,27,8,0,0,0,0,0,0,0
0,0,0,0,0,7,12,12,52,50,51,55,53,57,59,57,51,13,7,0,0,0,0,0,0,0
0,0,0,0,0,6,12,10,36,45,51,53,52,54,56,55,50,11,0,0,0,0,0,0,0,0
0,0,0,5,5,9,8,0,44,48,50,51,51,54,55,52,29,9,0,0,0,0,0,0,0,0
0,0,0,0,0,8,0,0,34,37,49,52,52,51,52,51,36,12,0,0,0,0,0,0,0,0
0,0,0,0,6,7,7,0,45,50,57,57,53,53,53,52,25,9,0,0,0,0,0,0,0,0
0,0,0,0,0,8,0,0,50,54,81,75,55,53,52,50,14,0,0,0,0,6,0,0,0,0
0,0,0,9,6,9,0,10,30,58,107,94,56,56,55,54,19,9,0,0,0,0,0,0,0,0
0,0,0,0,7,0,6,0,41,54,67,61,52,33,33,47,14,9,0,0,0,0,0,0,0,0
0,0,5,0,7,0,10,9,45,52,56,52,50,39,51,50,23,9,7,6,5,4,0,0,0,0
0,0,7,6,0,7,0,5,43,57,54,53,48,46,51,50,19,9,0,5,4,0,0,0,0,0
0,0,0,7,0,0,6,0,35,56,53,50,44,50,51,50,11,0,7,0,0,0,0,0,0,0
0,8,11,10,13,26,25,50,58,60,59,68,73,67,68,68,55,38,13,10,9,0,5,0,0,0
5,0,10,14,14,50,52,54,61,63,61,66,80,73,83,75,57,51,20,11,10,7,0,0,0,0
0,10,14,26,25,52,55,65,62,61,74,75,84,81,93,87,61,53,51,27,10,9,9,0,9,6
5,14,26,42,39,51,52,57,84,88,89,88,97,91,105,106,91,72,57,47,33,23,15,10,7,10
11,23,50,51,27,12,61,81,112,112,111,103,95,114,131,117,83,66,56,52,51,47,28,14,13,10
0,9,33,45,8,15,63,71,96,106,99,88,98,112,111,99,74,61,56,50,44,44,15,12,10,10
13,20,35,40,12,27,62,75,99,108,117,110,109,116,110,95,75,57,54,52,50,50,19,11,9,8
20,42,27,30,12,50,52,69,88,106,113,103,102,110,107,93,69,59,54,50,51,37,17,12,10,8
11,37,27,13,6,25,52,69,80,103,107,93,100,106,102,85,66,59,51,22,37,40,14,12,10,0
13,14,12,13,8,8,22,65,89,88,107,103,102,104,101,87,68,57,52,15,28,80,40,11,10,8
47,14,12,10,14,0,14,59,75,89,99,97,96,100,96,76,64,53,17,11,14,41,15,8,0,0
40,19,17,12,7,14,25,55,70,78,90,91,90,90,81,72,60,52,14,10,10,12,10,7,0,0
0,10,8,8,0,9,38,54,64,71,77,82,76,77,73,67,58,42,10,0,0,0,0,0,0,0
0,0,0,0,0,0,8,29,54,58,64,65,59,57,54,51,27,8,0,0,0,0,0,0,0,0
0,0,0,8,0,11,27,52,62,68,70,68,68,67,64,63,56,43,11,12,9,0,0,0,0,0
0,0,6,10,7,14,51,58,67,70,79,74,77,80,70,66,59,51,14,8,0,0,0,0,0,0
0,6,11,12,14,51,61,71,80,85,90,88,86,83,93,81,70,58,51,25,14,10,8,0,6,6
6,11,14,12,34,54,67,77,94,103,106,98,103,99,95,95,82,70,53,43,15,20,11,9,11,11
9,12,33,43,50,60,74,87,109,119,123,117,123,124,120,112,90,73,61,51,33,40,25,8,10,11
11,23,25,51,54,66,85,97,117,126,135,131,133,141,126,109,105,95,64,56,54,54,50,19,14,38
12,13,51,54,56,74,83,93,124,135,139,134,144,147,134,120,102,87,79,63,53,55,51,50,51,38
17,23,30,51,52,75,82,98,129,130,138,134,148,144,130,118,100,83,66,56,52,50,32,11,11,15
22,19,19,32,39,60,73,85,116,133,126,121,142,140,126,132,100,78,61,47,43,41,33,30,22,14
12,11,25,42,44,57,68,72,96,97,92,93,105,113,111,103,91,68,57,52,14,27,33,22,18,12
10,10,11,14,25,40,56,59,78,72,72,74,80,90,92,84,74,67,51,11,13,12,10,7,6,6
6,9,8,9,12,11,51,54,65,61,64,64,64,77,80,75,64,55,42,14,9,7,0,0,6,0
0,0,7,10,6,12,12,34,60,55,58,60,59,66,69,65,57,50,14,8,10,8,0,0,0,0
0,7,0,9,9,11,12,31,61,54,56,56,58,62,63,62,54,41,13,7,8,8,0,0,0,0
0,0,0,8,8,8,10,13,54,53,54,56,55,59,59,57,52,27,9,0,0,0,0,0,0,0
0,5,0,0,0,0,12,12,52,50,51,55,53,56,59,56,51,13,7,0,0,0,0,0,0,0
0,0,0,0,0,6,12,11,29,47,51,53,52,54,56,55,50,10,0,0,0,0,0,0,0,0
0,0,0,5,5,9,7,0,37,48,50,52,51,53,55,52,30,9,0,0,0,0,0,0,0,0
0,0,0,0,0,9,0,0,33,39,49,53,52,51,52,51,37,13,0,0,0,0,0,0,0,0
0,0,0,0,6,7,7,0,40,51,57,57,53,53,53,52,27,10,0,0,0,0,0,0,0,0
0,0,0,0,6,8,0,0,47,54,82,75,55,53,52,50,14,0,0,0,0,6,0,0,0,0
0,0,0,9,6,9,0,10,27,58,108,95,56,56,55,54,21,10,0,0,0,0,0,0,0,0
0,0,4,0,6,0,0,0,37,54,67,62,52,35,35,47,15,9,0,0,0,0,0,0,0,0
0,0,5,0,6,0,10,8,43,52,56,52,51,39,51,50,25,9,7,6,0,4,0,0,0,0
0,5,7,6,0,7,0,5,42,58,53,53,46,45,51,50,20,9,0,6,4,0,0,4,0,0
0,7,0,7,0,0,6,0,33,56,52,50,43,50,51,48,11,0,7,0,0,0,0,0,0,0
0,7,11,10,12,26,25,50,58,59,59,68,73,66,68,68,55,36,13,10,9,0,5,0,0,0
5,0,10,14,14,50,52,54,61,63,60,65,80,73,83,75,57,51,17,11,9,7,0,0,0,0
0,10,14,25,27,52,55,65,62,61,73,75,84,81,93,86,61,53,51,29,11,9,9,0,9,7
5,13,25,42,39,51,51,56,85,88,89,87,96,91,106,106,90,72,57,50,37,21,16,10,8,10
11,24,50,51,27,12,61,81,113,111,111,102,95,114,131,117,82,66,56,52,51,45,30,14,13,10
0,9,33,50,8,15,63,71,96,106,99,88,97,111,111,99,74,62,56,50,44,36,15,12,10,10
12,21,32,40,12,30,62,74,98,108,117,109,109,116,110,95,76,57,54,52,50,50,19,11,10,9
20,42,27,25,12,50,52,69,88,106,113,103,102,109,107,93,69,59,54,50,51,40,19,12,9,8
11,37,25,13,6,27,53,68,80,103,107,93,99,106,101,86,66,58,51,20,40,40,14,11,10,0
13,14,12,14,8,8,20,65,90,88,107,103,102,103,101,87,67,57,52,19,25,80,50,11,10,8
50,14,12,10,15,0,14,59,76,89,99,97,95,100,97,76,64,53,17,11,14,38,20,8,0,0
40,19,15,12,8,14,25,55,70,79,90,91,89,90,82,72,60,52,14,10,10,12,11,7,0,0
0,10,8,8,0,10,36,53,64,71,77,82,75,77,73,67,57,42,11,0,0,0,0,0,0,0
0,0,0,0,0,0,8,27,54,58,63,65,59,56,54,51,27,8,0,0,0,0,0,0,0,0
0,0,0,8,0,11,27,52,62,68,69,69,68,66,64,63,56,42,11,12,9,0,0,0,0,0
0,0,0,10,7,14,51,58,68,71,79,74,77,80,70,66,59,51,14,8,7,0,0,0,0,0
0,6,11,12,15,51,61,71,80,85,90,88,86,83,93,81,70,58,51,25,14,10,8,0,6,6
7,10,14,11,38,53,67,77,95,104,106,98,102,99,96,95,82,70,53,45,21,20,10,10,11,12
9,11,31,41,50,60,74,87,108,120,122,117,123,124,120,111,90,73,61,51,32,42,25,8,10,12
11,21,25,52,54,66,85,97,117,126,135,133,133,141,126,109,105,94,64,57,54,54,50,19,14,38
12,13,51,54,56,74,83,93,124,135,140,134,144,146,134,119,102,87,79,63,53,55,52,50,51,40
16,21,30,51,53,75,81,98,129,131,138,133,147,142,130,118,100,83,66,57,52,50,36,11,11,20
22,19,19,32,39,59,73,85,116,133,127,121,142,139,127,132,100,78,60,48,43,42,33,30,23,14
12,11,23,42,45,57,68,72,96,97,92,93,105,112,112,103,91,68,57,51,15,26,33,22,19,12
10,10,11,14,25,40,56,59,78,72,71,75,80,90,92,84,74,67,50,11,13,12,10,7,6,6
6,9,9,9,12,11,51,53,66,61,64,64,64,77,80,75,64,55,44,16,10,7,0,0,6,0
0,0,7,10,6,12,12,32,60,55,58,60,59,66,70,65,57,51,15,8,10,7,0,0,0,0
0,6,0,8,9,11,12,31,61,54,56,56,58,62,63,62,53,41,13,8,8,8,0,0,0,0
0,0,0,8,8,8,10,13,54,53,54,56,56,58,60,57,51,23,9,0,0,0,0,0,0,0
0,0,0,0,0,0,12,12,52,50,51,54,53,56,59,56,51,13,8,0,0,0,0,0,0,0
0,0,0,0,0,6,12,11,27,47,51,53,52,54,56,55,50,10,0,0,0,0,0,0,0,0
0,0,0,5,6,9,6,0,39,48,51,52,51,54,55,51,29,9,0,0,0,0,0,0,0,0
0,0,0,0,0,9,0,0,34,40,49,53,52,52,52,51,38,13,0,0,0,0,0,0,0,0
0,0,0,0,6,7,7,0,42,51,57,57,53,54,53,51,27,10,0,0,0,0,0,0,0,0
0,0,0,0,6,8,0,0,47,54,82,75,55,53,52,50,15,0,0,0,0,5,0,0,0,0
0,0,0,9,6,9,0,9,30,58,108,95,57,56,55,53,17,10,0,0,0,0,0,0,0,0
0,0,4,0,7,0,0,0,37,54,68,62,52,37,35,47,15,8,0,0,0,0,0,0,0,0
0,0,5,0,7,0,10,8,45,52,55,52,51,37,51,50,26,9,8,6,0,0,0,0,0,0
0,0,6,7,0,7,0,5,42,57,53,53,45,44,51,50,19,9,0,6,5,0,0,4,0,0
0,7,0,7,0,0,6,0,35,57,52,50,41,48,50,46,11,0,7,0,0,0,0,0,0,0
0,7,11,10,13,26,27,50,58,59,58,68,73,67,68,68,55,38,13,10,9,0,5,0,0,0
5,0,10,14,14,50,51,53,61,63,60,65,80,73,83,76,57,52,22,11,9,7,0,0,0,0
0,10,15,23,27,52,55,65,62,61,73,75,84,81,93,87,62,53,51,25,11,9,9,0,9,7
6,13,27,40,39,51,51,57,85,88,88,88,96,90,106,106,90,71,57,47,39,25,16,10,8,10
11,25,50,51,29,11,61,80,113,111,111,103,95,114,131,118,82,65,56,52,50,45,32,14,13,10
0,9,35,50,8,15,63,70,96,107,99,88,98,111,112,99,74,62,56,50,44,38,14,12,11,11
12,20,35,42,12,27,62,74,97,108,116,110,109,115,110,95,76,56,54,52,50,50,15,11,9,8
19,40,30,21,13,50,51,69,88,106,112,103,101,109,108,93,69,59,55,50,51,42,19,12,9,9
11,42,25,13,7,27,51,68,80,103,107,93,100,106,102,86,67,58,52,25,40,40,15,11,10,0
12,14,12,14,8,8,17,63,90,88,107,102,102,103,101,87,67,57,52,17,25,80,50,11,10,7
45,15,12,10,16,0,14,58,75,89,99,97,95,100,96,76,64,53,15,11,14,41,17,9,0,0
43,19,17,11,8,13,28,54,69,78,90,91,90,89,82,73,60,52,15,10,10,12,11,7,0,0
0,10,7,8,0,10,36,53,64,71,77,82,76,77,73,67,57,40,11,0,6,0,0,0,0,0
0,0,0,0,0,0,8,26,54,58,63,65,59,55,54,51,27,8,0,0,0,0,0,0,0,0
0,0,0,8,0,11,29,51,62,68,69,68,68,66,65,64,56,42,11,12,8,0,5,0,0,0
0,0,6,11,7,14,51,58,67,71,79,74,78,79,70,67,59,52,14,8,7,0,0,0,0,0
0,6,11,12,19,50,61,71,80,85,89,88,86,82,93,81,70,58,51,27,14,10,9,0,6,6
6,10,14,11,36,53,67,77,95,103,105,98,102,99,96,96,82,70,53,43,23,20,10,9,11,12
8,11,31,41,50,60,73,86,108,119,122,118,125,123,120,112,89,73,61,51,32,45,25,8,11,12
11,21,25,52,55,66,85,97,117,126,135,133,134,140,126,109,105,95,65,56,54,53,50,17,13,38
12,13,52,54,56,73,84,92,124,136,139,134,145,146,134,120,102,87,79,63,53,55,52,50,51,41
15,20,29,51,53,75,82,98,128,131,136,133,147,142,130,119,99,83,67,57,52,50,36,10,10,21
21,18,20,32,39,59,72,85,116,133,127,122,143,139,127,132,100,78,61,47,44,42,34,31,24,15
12,11,23,42,47,57,68,71,96,97,91,93,106,112,113,104,91,68,57,51,14,27,33,22,19,12
10,10,11,14,23,40,56,59,77,72,71,75,80,90,93,84,74,68,50,12,13,12,10,7,6,6
6,9,8,9,12,11,50,53,65,61,64,64,65,77,80,75,64,56,46,16,10,7,0,0,6,0
0,0,7,10,6,12,12,28,60,55,57,60,60,66,70,65,57,51,15,8,10,7,0,0,0,0
0,6,0,8,9,11,12,31,61,54,56,56,58,61,63,62,53,41,13,7,8,8,0,0,0,0
0,0,0,8,8,8,10,13,54,52,54,56,56,58,60,57,51,23,9,0,0,0,0,0,0,0
0,0,0,0,0,0,12,12,52,50,51,55,53,55,59,57,51,13,8,0,0,0,0,0,0,0
0,0,0,0,0,6,12,11,27,47,51,53,52,54,56,56,47,10,0,0,0,0,0,0,0,0
0,0,0,4,5,9,6,0,39,50,51,52,51,53,55,52,27,8,0,0,0,0,0,0,0,0
0,0,0,0,0,9,0,0,34,40,48,53,52,51,52,52,39,13,0,0,0,0,0,0,0,0
0,0,0,0,6,7,6,0,40,51,57,58,54,54,53,51,30,10,0,0,0,0,0,0,0,0
0,0,0,0,0,7,0,0,45,54,82,75,55,53,52,50,17,0,0,0,0,6,0,0,0,0
0,0,0,9,7,9,0,9,27,58,108,95,57,55,56,53,17,10,0,0,0,0,0,0,0,0
0,0,4,0,7,0,6,0,35,54,68,62,52,37,37,50,17,8,0,0,0,0,0,0,0,0
0,0,5,0,7,0,10,8,43,52,55,52,51,39,52,50,27,10,7,6,5,4,0,0,0,0
0,0,6,6,0,7,0,5,39,57,53,53,48,45,51,51,19,9,0,6,5,0,0,4,0,0
0,7,0,7,0,0,6,0,33,57,52,50,45,47,50,48,11,0,7,0,0,0,0,0,0,0
0,7,11,10,13,26,27,50,58,60,58,68,74,67,68,67,55,43,13,11,9,6,5,0,0,0
5,0,10,14,14,50,51,54,61,63,60,65,80,72,84,76,58,52,20,12,9,7,0,0,0,0
0,10,16,25,27,52,54,65,62,61,72,75,84,81,93,87,61,54,51,34,11,9,9,0,9,7
6,13,27,40,40,52,51,57,85,89,88,87,96,90,106,106,90,72,56,45,43,29,16,10,8,10
12,24,50,51,31,12,60,80,112,111,110,102,96,114,132,118,82,65,56,52,50,50,30,14,13,10
0,9,33,47,7,20,64,70,96,107,99,88,98,112,112,99,74,62,56,50,44,41,14,12,11,10
13,20,35,42,12,33,61,74,97,109,117,109,110,115,110,95,76,56,53,52,51,44,15,11,10,8
19,40,27,23,13,51,50,69,88,107,112,103,101,108,108,92,69,59,55,50,50,45,19,12,8,8
11,40,25,14,7,25,52,68,80,102,106,93,100,106,102,86,67,58,51,25,40,40,15,12,11,0
12,14,11,14,8,8,17,65,90,88,107,102,102,103,101,88,67,57,52,15,28,79,46,11,11,7
47,17,12,10,15,0,14,58,75,90,99,97,96,100,96,76,64,53,14,11,14,47,15,8,6,0
47,19,15,12,8,13,31,54,69,79,90,90,90,89,83,73,60,52,14,10,10,12,11,7,0,0
0,10,7,8,0,10,36,53,64,72,77,81,76,77,74,67,57,42,11,0,6,0,0,0,0,0
0,0,0,0,0,0,7,25,54,58,62,64,59,55,54,52,25,9,0,0,0,0,0,0,0,0
0,0,0,8,0,11,27,51,62,69,69,68,69,66,65,63,55,42,11,12,9,0,5,0,0,0
0,0,6,11,7,14,51,58,67,72,79,74,78,79,70,66,59,52,14,8,8,0,0,0,0,0
0,6,11,12,21,50,60,71,80,86,89,88,86,83,94,81,70,59,50,27,14,11,9,0,6,6
7,10,14,12,38,53,67,77,95,104,105,98,103,99,97,96,82,70,53,45,23,21,10,9,12,12
8,11,31,41,51,60,74,86,108,120,121,118,125,123,119,112,90,73,61,51,35,48,25,8,11,12
11,23,26,52,55,67,85,97,116,127,135,133,136,140,126,109,105,94,65,57,54,53,50,19,14,38
13,14,52,54,56,73,84,93,124,136,139,134,146,147,133,120,102,87,79,63,53,55,51,50,51,41
15,21,29,51,53,74,82,98,128,132,136,133,148,142,130,119,99,84,66,57,52,50,36,11,10,21
21,17,20,32,40,59,72,85,115,134,126,121,144,140,128,132,100,79,61,47,43,43,33,30,22,15
11,11,23,41,48,57,68,72,96,97,91,93,106,113,113,104,91,68,58,51,14,29,33,22,18,12
10,10,11,14,23,43,56,59,77,72,71,75,81,90,93,84,74,68,50,12,13,12,10,7,6,7
6,9,9,9,12,11,50,54,65,61,64,64,66,77,80,75,64,56,44,15,10,7,0,0,6,0
0,0,7,10,6,12,12,28,59,56,57,59,61,66,70,65,57,51,14,8,10,8,0,0,0,0
0,6,0,9,9,11,12,33,61,55,56,56,58,61,63,62,54,41,13,7,8,8,0,0,0,0
0,0,0,8,8,8,10,13,54,53,54,55,56,58,60,58,51,27,8,0,0,0,0,0,0,0
0,0,0,0,0,7,11,12,52,51,50,55,54,55,59,57,51,13,8,0,0,0,0,0,0,0
0,0,0,0,0,6,11,11,27,50,50,53,52,54,56,55,44,10,0,0,0,0,0,0,0,0
0,0,0,4,5,9,6,0,37,50,50,51,52,54,55,52,27,9,0,0,0,0,0,0,0,0
0,0,0,0,0,9,0,0,33,42,47,53,52,51,52,51,38,14,0,0,0,0,0,0,0,0
0,0,0,0,6,7,6,0,37,51,57,58,54,54,53,52,30,11,0,0,0,6,0,0,0,0
0,0,0,0,0,7,0,0,42,54,82,75,56,53,53,50,17,0,0,0,0,6,0,0,0,0
0,0,0,9,7,9,0,10,30,59,108,95,57,56,56,54,17,10,0,0,0,0,0,0,0,0
0,0,0,0,7,0,0,0,31,54,67,62,52,37,37,50,17,9,0,0,0,0,0,0,0,0
0,0,5,0,7,0,10,8,43,52,55,52,51,41,52,50,26,10,8,6,5,4,0,0,0,0
0,0,6,7,0,7,0,0,40,58,53,53,50,46,51,51,19,9,0,6,5,0,0,4,0,0
0,7,0,7,0,0,6,0,36,57,52,50,47,48,50,46,12,0,7,0,0,0,0,0,0,0
0,7,11,10,13,27,30,50,57,60,58,68,74,67,67,68,55,45,13,11,9,6,5,0,0,0
5,0,10,14,14,50,51,54,61,63,60,65,80,72,84,76,58,52,22,11,9,7,0,0,0,0
0,10,16,23,27,52,54,65,63,61,72,75,83,80,93,87,61,54,51,31,11,9,9,0,9,8
6,13,26,40,39,52,51,57,85,89,88,87,96,90,106,106,89,71,56,47,43,29,15,10,8,10
12,26,50,51,31,12,60,80,113,111,110,102,96,114,132,118,81,66,56,52,50,50,28,14,12,10
0,9,35,45,8,18,64,71,96,107,99,87,97,111,112,99,74,62,56,50,44,33,14,12,11,11
12,20,37,42,13,33,62,73,97,108,116,109,110,115,110,95,75,55,53,52,51,41,14,12,10,9
20,42,30,21,12,51,51,69,88,107,112,103,101,108,108,92,68,59,54,50,51,45,17,12,8,8
11,37,30,13,7,27,52,68,80,102,106,92,100,106,102,86,66,58,51,28,34,40,14,11,10,0
12,15,12,14,8,8,20,63,90,89,107,102,102,103,101,88,67,57,51,15,31,79,40,11,10,7
45,15,12,10,16,0,14,58,75,90,97,97,96,98,95,76,63,53,14,11,14,44,14,9,0,0
47,19,15,11,7,13,37,54,70,79,89,90,89,88,83,73,60,52,14,10,10,12,11,7,0,6
0,10,8,7,0,10,36,52,64,71,77,81,76,77,73,67,57,40,12,0,7,0,0,0,0,0
0,0,0,0,0,0,8,25,55,58,62,64,58,55,54,52,23,9,0,0,0,0,0,0,0,0
0,0,0,8,0,11,27,51,61,69,68,68,68,66,65,63,56,43,11,12,9,0,0,0,0,0
0,0,6,10,7,14,51,58,67,71,79,74,78,79,70,66,59,51,13,8,8,0,0,0,0,0
0,6,11,12,21,51,60,70,81,86,88,87,86,83,94,81,70,58,51,29,14,11,8,0,6,6
7,10,14,11,38,53,68,77,95,104,105,98,102,99,97,96,81,70,53,43,21,20,10,9,12,12
8,11,31,43,50,60,73,86,108,120,121,118,125,123,120,113,90,74,61,52,35,46,22,8,11,12
11,21,25,51,54,67,85,97,117,127,135,133,136,140,127,109,104,94,65,57,54,54,50,17,14,40
13,14,52,54,56,73,84,93,126,136,139,134,146,147,133,120,102,87,79,63,53,54,51,50,51,41
15,21,27,50,53,74,81,98,129,132,136,132,148,142,129,119,99,83,66,57,52,48,36,10,10,25
21,18,20,31,40,60,72,85,115,133,127,121,144,140,129,132,100,79,60,47,43,42,33,29,22,15
11,11,22,41,47,57,68,72,97,97,91,93,106,112,114,105,90,68,57,52,14,29,33,19,18,12
10,10,11,13,23,38,56,59,78,72,71,75,81,90,94,84,74,68,50,11,13,12,10,7,6,7
6,9,9,9,12,11,50,54,66,61,64,64,66,76,80,75,64,56,40,15,10,7,0,0,6,0
0,0,7,10,6,11,12,28,60,55,57,59,61,66,70,65,57,51,14,9,10,8,0,0,0,0
0,6,0,9,9,11,12,31,61,55,56,56,58,61,64,63,54,43,13,8,8,7,0,0,0,0
0,0,0,8,8,8,10,13,54,52,54,55,56,58,60,58,51,29,8,0,0,0,0,0,0,0
0,0,0,0,0,7,11,11,52,51,51,55,54,55,58,57,51,13,8,0,0,0,0,0,0,0
0,0,0,0,0,6,11,11,31,50,51,53,52,54,56,55,41,10,0,0,0,0,0,0,0,0
0,0,0,0,0,9,7,0,42,50,51,51,52,53,55,52,29,8,0,0,0,0,0,0,0,0
0,0,0,0,0,9,0,0,35,42,48,53,52,51,52,51,37,14,0,0,0,0,0,0,0,0
0,0,0,0,6,7,6,0,42,51,57,58,54,54,53,52,27,10,0,0,0,6,0,0,0,0
0,0,0,0,0,8,0,0,47,54,82,75,56,52,53,50,17,0,0,0,0,6,0,0,0,0
0,0,0,8,7,9,0,9,32,59,108,96,57,56,56,54,15,10,0,0,0,0,0,0,0,0
0,0,0,0,7,0,0,0,35,54,67,61,52,37,39,50,17,9,0,0,0,0,0,0,0,0
0,0,5,0,7,0,10,8,45,52,55,53,51,39,52,50,26,10,7,6,5,4,0,0,0,0
0,0,7,6,0,7,0,0,42,58,53,53,50,45,51,51,17,9,0,6,5,0,0,0,0,0
0,7,0,7,0,0,7,0,38,57,52,50,47,48,50,45,12,0,7,0,0,0,0,0,0,0
0,8,10,10,13,27,30,50,57,60,59,68,73,67,67,67,56,43,12,10,9,7,5,0,0,0
5,0,10,14,14,50,51,54,61,63,60,65,80,72,84,75,59,51,20,10,9,7,0,5,0,0
0,10,15,25,27,52,54,65,64,61,73,76,83,80,93,86,61,55,51,27,11,9,9,0,8,7
6,14,23,40,38,51,52,56,85,89,88,87,96,90,105,107,90,71,56,45,35,29,14,10,8,10
12,26,50,51,29,12,60,80,112,113,110,103,95,114,131,117,81,66,56,52,50,50,26,14,13,10
0,8,33,42,7,20,64,71,96,107,99,87,96,110,111,100,74,61,56,47,44,36,14,12,11,11
13,21,35,37,12,41,62,74,97,109,116,109,109,115,110,95,75,56,53,51,51,41,19,12,10,10
19,44,30,27,12,52,52,69,88,106,112,103,100,108,107,91,68,59,54,50,50,50,15,12,8,8
10,35,32,14,6,27,52,68,80,102,105,92,98,106,102,85,66,58,50,22,28,37,14,11,10,0
12,16,12,14,7,8,22,65,90,90,106,102,101,103,100,88,68,57,51,14,28,80,34,10,11,8
45,17,12,10,14,0,14,58,74,90,96,96,94,99,95,76,64,53,14,10,13,44,14,8,0,0
40,17,15,11,8,13,31,55,69,78,90,90,87,88,82,72,60,52,14,10,10,12,11,7,0,6
0,11,8,7,0,10,38,53,65,71,76,81,76,77,74,67,57,42,12,0,6,0,0,0,0,0
0,0,0,0,0,0,8,28,54,58,61,65,58,55,54,52,23,9,0,0,0,0,0,0,0,0
0,0,0,8,0,11,26,51,62,68,69,67,68,66,65,63,55,45,12,11,9,0,0,0,0,0
0,0,6,10,7,13,51,58,67,71,79,74,77,79,69,65,59,50,14,8,7,0,0,0,0,0
0,6,11,12,19,51,60,70,81,86,88,87,87,83,94,81,70,58,50,29,14,10,8,0,7,6
7,11,14,12,43,54,67,77,95,104,106,98,103,99,96,95,82,69,53,40,15,15,10,9,12,12
8,11,31,45,51,60,74,87,108,121,121,118,125,124,119,111,90,74,61,51,35,43,22,8,10,13
12,23,25,51,55,67,85,97,118,128,135,133,136,141,127,109,104,95,65,56,54,53,51,19,14,38
12,14,52,54,56,73,83,93,127,137,140,135,146,147,134,120,103,87,80,63,53,54,51,50,50,43
16,23,30,51,53,75,81,98,130,132,137,133,149,142,129,120,100,83,66,56,52,48,36,11,10,25
20,17,20,31,39,60,72,85,116,134,128,122,144,140,128,132,102,79,60,47,41,42,33,29,21,17
12,11,25,42,45,57,69,72,97,98,92,94,107,112,113,105,90,69,57,52,15,29,31,22,18,12
10,11,11,13,23,38,56,60,78,72,71,75,81,90,94,84,74,67,50,11,13,12,10,7,6,7
6,9,8,9,12,11,50,54,66,61,63,64,66,77,80,75,64,56,44,14,9,8,0,0,6,0
0,0,7,10,6,11,12,28,60,56,57,60,61,66,70,66,57,50,14,8,10,8,0,0,0,0
0,6,0,9,9,11,12,31,60,55,56,57,58,61,63,63,54,47,13,7,8,7,0,0,0,0
0,0,0,8,8,8,10,14,54,53,54,56,56,58,59,57,51,34,8,0,0,0,0,0,0,0
0,0,0,0,0,7,11,12,52,50,51,55,54,56,59,57,50,13,7,0,0,0,0,0,0,0
0,0,0,0,0,7,11,10,29,50,51,53,53,54,56,55,50,11,0,0,0,0,0,0,0,0
0,0,0,4,0,9,7,0,44,50,51,51,51,54,55,52,30,9,0,0,0,0,0,0,0,0
0,0,0,0,0,9,0,0,36,42,47,53,52,51,53,51,36,14,0,0,0,0,0,0,0,0
0,0,0,0,6,7,6,0,42,51,57,58,54,54,53,52,25,10,0,0,0,6,0,0,0,0
0,0,0,0,0,8,0,0,50,54,82,76,56,52,53,50,20,0,0,0,0,6,0,0,0,0
0,0,0,9,7,10,0,10,35,59,109,96,57,56,56,54,19,10,0,0,0,0,0,0,0,0
0,0,4,0,7,0,0,0,35,54,67,61,52,39,43,50,15,9,0,0,0,0,0,0,0,0
0,0,5,0,6,0,11,9,45,53,55,54,51,39,52,50,26,9,8,6,0,4,0,0,0,0
0,5,7,6,0,7,0,5,45,58,53,54,50,44,50,50,19,9,0,6,5,0,0,4,0,0
0,7,0,7,0,0,6,5,38,58,52,50,47,50,51,46,12,0,7,0,0,0,0,0,0,0
0,8,10,10,13,27,30,50,57,60,59,68,73,67,67,67,56,43,12,10,9,7,5,0,0,0
5,0,10,14,14,50,51,54,61,63,60,65,80,72,84,75,59,51,20,10,9,7,0,5,0,0
0,10,15,25,27,52,54,65,64,61,73,76,83,80,93,86,61,55,51,27,11,9,9,0,8,7
6,14,23,40,38,51,52,56,85,89,88,87,96,90,105,107,90,71,56,45,35,29,14,10,8,10
12,26,50,51,29,12,60,80,112,113,110,103,95,114,131,117,81,66,56,52,50,50,26,14,13,10
0,8,33,42,7,20,64,71,96,107,99,87,96,110,111,100,74,61,56,47,44,36,14,12,11,11
13,21,35,37,12,41,62,74,97,109,116,109,109,115,110,95,75,56,53,51,51,41,19,12,10,10
19,44,30,27,12,52,52,69,88,106,112,103,100,108,107,91,68,59,54,50,50,50,15,12,8,8
10,35,32,14,6,27,52,68,80,102,105,92,98,106,102,85,66,58,50,22,28,37,14,11,10,0
12,16,12,14,7,8,22,65,90,90,106,102,101,103,100,88,68,57,51,14,28,80,34,10,11,8
45,17,12,10,14,0,14,58,74,90,96,96,94,99,95,76,64,53,14,10,13,44,14,8,0,0
40,17,15,11,8,13,31,55,69,78,90,90,87,88,82,72,60,52,14,10,10,12,11,7,0,6
0,11,8,7,0,10,38,53,65,71,76,81,76,77,74,67,57,42,12,0,6,0,0,0,0,0
0,0,0,0,0,0,8,28,54,58,61,65,58,55,54,52,23,9,0,0,0,0,0,0,0,0
0,0,0,8,0,11,26,51,62,68,69,67,68,66,65,63,55,45,12,11,9,0,0,0,0,0
0,0,6,10,7,13,51,58,67,71,79,74,77,79,69,65,59,50,14,8,7,0,0,0,0,0
0,6,11,12,19,51,60,70,81,86,88,87,87,83,94,81,70,58,50,29,14,10,8,0,7,6
7,11,14,12,43,54,67,77,95,104,106,98,103,99,96,95,82,69,53,40,15,15,10,9,12,12
8,11,31,45,51,60,74,87,108,121,121,118,125,124,119,111,90,74,61,51,35,43,22,8,10,13
12,23,25,51,55,67,85,97,118,128,135,133,136,141,127,109,104,95,65,56,54,53,51,19,14,38
12,14,52,54,56,73,83,93,127,137,140,135,146,147,134,120,103,87,80,63,53,54,51,50,50,43
16,23,30,51,53,75,81,98,130,132,137,133,149,142,129,120,100,83,66,56,52,48,36,11,10,25
20,17,20,31,39,60,72,85,116,134,128,122,144,140,128,132,102,79,60,47,41,42,33,29,21,17
12,11,25,42,45,57,69,72,97,98,92,94,107,112,113,105,90,69,57,52,15,29,31,22,18,12
10,11,11,13,23,38,56,60,78,72,71,75,81,90,94,84,74,67,50,11,13,12,10,7,6,7
6,9,8,9,12,11,50,54,66,61,63,64,66,77,80,75,64,56,44,14,9,8,0,0,6,0
0,0,7,10,6,11,12,28,60,56,57,60,61,66,70,66,57,50,14,8,10,8,0,0,0,0
0,6,0,9,9,11,12,31,60,55,56,57,58,61,63,63,54,47,13,7,8,7,0,0,0,0
0,0,0,8,8,8,10,14,54,53,54,56,56,58,59,57,51,34,8,0,0,0,0,0,0,0
0,0,0,0,0,7,11,12,52,50,51,55,54,56,59,57,50,13,7,0,0,0,0,0,0,0
0,0,0,0,0,7,11,10,29,50,51,53,53,54,56,55,50,11,0,0,0,0,0,0,0,0
0,0,0,4,0,9,7,0,44,50,51,51,51,54,55,52,30,9,0,0,0,0,0,0,0,0
0,0,0,0,0,9,0,0,36,42,47,53,52,51,53,51,36,14,0,0,0,0,0,0,0,0
0,0,0,0,6,7,6,0,42,51,57,58,54,54,53,52,25,10,0,0,0,6,0,0,0,0
0,0,0,0,0,8,0,0,50,54,82,76,56,52,53,50,20,0,0,0,0,6,0,0,0,0
0,0,0,9,7,10,0,10,35,59,109,96,57,56,56,54,19,10,0,0,0,0,0,0,0,0
0,0,4,0,7,0,0,0,35,54,67,61,52,39,43,50,15,9,0,0,0,0,0,0,0,0
0,0,5,0,6,0,11,9,45,53,55,54,51,39,52,50,26,9,8,6,0,4,0,0,0,0
0,5,7,6,0,7,0,5,45,58,53,54,50,44,50,50,19,9,0,6,5,0,0,4,0,0
0,7,0,7,0,0,6,5,38,58,52,50,47,50,51,46,12,0,7,0,0,0,0,0,0,0
