0,0,9,11,13,32,42,51,56,57,56,64,69,64,67,69,57,43,14,10,10,6,8,0,0,0
0,0,7,12,13,50,53,54,57,59,55,62,73,68,78,77,60,53,31,12,9,9,0,5,0,0
0,0,10,18,31,51,53,58,56,59,71,70,75,73,82,80,68,56,52,36,15,9,11,0,7,6
0,0,9,36,42,52,41,50,69,87,87,78,82,84,92,96,95,78,60,45,22,20,14,10,5,8
7,11,13,50,23,13,55,61,81,102,99,87,81,102,116,99,97,79,57,50,45,39,26,12,7,8
4,0,0,11,23,55,55,58,78,93,82,76,82,98,110,97,80,66,59,25,30,23,14,10,8,8
9,9,9,27,45,59,59,59,79,88,95,94,92,100,107,98,81,61,55,47,30,41,23,11,8,7
0,0,0,36,53,59,56,61,71,87,92,88,85,96,103,93,75,62,54,22,27,32,19,12,0,0
0,0,9,38,55,52,52,53,67,83,84,78,81,94,95,83,70,63,51,12,14,17,15,11,8,0
0,0,8,56,46,13,7,25,72,71,80,85,86,91,94,81,65,57,51,10,9,31,55,12,9,7
0,0,15,82,50,14,31,58,65,77,75,77,81,88,89,76,65,55,27,0,13,41,77,12,7,0
0,0,12,51,23,17,46,52,62,65,72,72,74,77,75,69,60,52,17,9,12,14,45,11,0,0
0,0,0,9,11,0,38,50,57,61,61,66,64,66,67,63,55,37,11,8,7,9,8,0,0,0
0,0,0,0,0,0,7,13,35,39,37,43,44,44,40,41,14,0,0,0,0,0,0,0,0,0
0,0,0,0,0,13,23,46,55,59,56,56,59,58,59,59,53,31,10,10,0,0,0,0,0,0
0,0,0,8,10,21,47,54,59,61,64,62,67,70,65,61,56,45,10,0,0,0,0,0,0,0
0,0,0,12,17,51,57,63,70,70,71,72,72,74,84,74,65,57,45,14,11,5,7,0,0,0
0,0,7,25,40,54,65,72,84,86,83,81,87,87,84,86,77,65,50,25,10,14,6,7,5,8
8,7,12,51,53,62,74,84,98,104,99,96,106,110,109,107,90,72,60,51,21,37,26,10,9,12
9,10,22,55,58,71,88,94,109,115,117,115,123,131,119,104,107,96,65,55,52,54,51,20,11,23
12,8,36,61,60,80,89,96,118,125,123,117,135,142,131,120,105,88,81,62,52,55,51,50,48,31
22,14,38,60,64,87,89,101,125,124,126,122,141,141,130,119,103,84,68,58,52,48,44,11,8,14
24,19,19,40,59,78,85,97,123,131,127,114,141,143,130,134,109,83,64,53,46,46,41,35,25,13
12,17,34,55,63,78,77,91,107,103,95,92,107,117,115,108,94,72,60,54,21,38,50,35,22,12
10,11,14,50,59,69,75,82,86,81,75,74,82,94,96,87,78,70,54,25,18,18,13,9,5,7
6,8,8,32,53,59,66,68,75,66,64,63,67,80,83,78,68,59,51,31,13,9,0,0,5,6
7,0,10,30,42,63,57,61,75,60,60,61,61,68,72,68,60,54,32,10,12,10,0,0,0,0
0,7,8,13,34,56,53,59,75,58,56,54,57,61,65,63,57,51,25,8,9,9,0,0,0,0
0,0,0,12,40,43,51,51,64,56,54,50,54,58,60,58,54,47,11,0,0,0,0,0,0,0
0,0,0,12,21,34,54,43,66,57,25,50,53,57,60,59,53,19,10,0,0,0,0,0,0,0
0,0,0,10,10,18,54,50,58,53,31,27,52,55,57,56,52,11,7,0,0,0,0,0,0,0
0,0,6,10,11,20,33,31,54,51,32,29,48,54,55,53,40,12,0,0,0,0,0,0,0,0
0,0,0,0,11,16,37,30,53,44,36,27,45,51,53,52,44,17,0,0,0,0,0,0,0,0
0,4,0,0,10,11,12,47,56,51,43,19,51,55,54,53,45,12,0,0,0,6,0,0,0,0
0,0,0,0,0,10,13,12,52,32,12,13,42,50,52,50,17,0,0,0,0,0,0,0,0,0
0,0,0,7,8,12,13,12,52,40,22,20,16,45,51,50,13,10,7,0,0,0,0,0,0,0
0,0,0,6,10,12,14,14,56,36,21,14,27,23,45,43,15,10,7,0,0,0,0,0,0,0
0,0,5,5,11,11,26,48,58,35,31,16,32,41,52,50,31,11,8,7,0,0,0,0,0,0
0,0,9,9,9,13,22,52,59,50,38,37,34,43,52,51,35,10,0,6,4,0,0,4,0,0
0,0,6,12,10,6,17,51,58,50,50,48,33,48,51,51,15,0,8,0,0,0,4,0,0,0
0,0,9,11,13,32,37,51,56,57,57,64,68,64,68,68,57,40,14,10,10,6,8,0,0,0
0,0,7,12,13,50,53,53,57,59,55,62,72,68,79,77,60,52,34,12,9,9,0,5,0,0
0,0,10,17,31,51,53,58,56,59,72,70,74,73,83,80,68,55,52,36,14,9,11,0,7,7
0,0,9,36,42,52,39,50,70,88,88,78,82,83,92,96,95,78,60,45,25,20,14,10,6,8
7,11,13,50,21,13,55,61,80,102,100,87,82,102,116,100,98,78,57,50,43,39,25,12,8,8
5,0,0,12,19,55,55,58,77,93,83,76,82,98,110,98,80,66,59,27,27,25,15,10,8,8
9,9,9,30,45,60,58,60,79,88,96,94,92,99,108,98,81,61,55,50,30,41,23,11,7,7
0,0,0,38,53,60,56,61,71,86,93,87,86,94,103,94,74,62,53,25,30,32,17,12,0,0
0,0,9,38,54,54,51,53,66,82,85,78,81,94,96,84,70,62,51,13,14,19,15,11,8,0
0,0,9,56,46,12,7,25,72,71,81,84,86,90,94,81,66,56,51,11,10,31,54,11,9,7
0,0,15,83,50,14,28,58,64,77,76,77,81,89,90,76,65,55,27,0,13,38,77,12,7,0
0,0,12,52,23,17,50,52,62,65,72,72,74,77,76,69,61,52,17,9,13,14,45,11,0,0
0,0,0,9,11,0,38,50,57,61,61,66,64,66,67,63,55,37,10,8,7,8,8,0,0,0
0,0,0,0,0,0,7,13,36,38,40,42,45,44,40,41,14,0,0,0,0,0,0,0,0,0
0,0,0,0,0,13,23,47,56,59,56,56,59,58,59,60,52,31,10,11,0,0,0,0,0,0
0,0,0,8,10,21,50,54,60,61,65,62,66,71,66,61,56,40,10,6,0,0,0,0,0,0
0,0,0,12,19,50,57,63,70,70,71,72,72,73,84,75,65,56,45,14,11,5,8,0,0,0
0,0,7,25,40,54,65,72,84,86,84,81,87,88,84,86,78,64,50,27,10,14,6,7,6,9
7,7,12,51,52,62,74,84,99,104,99,95,106,109,109,107,90,72,60,51,22,35,26,10,9,13
9,10,20,55,58,70,88,94,110,115,118,114,123,131,119,105,108,96,65,55,52,53,51,19,11,25
12,8,38,61,60,80,89,95,118,125,124,117,135,141,132,119,105,88,81,62,53,55,52,50,50,35
22,14,40,60,64,86,89,101,126,124,126,122,141,141,130,119,103,83,68,58,52,48,44,11,9,15
23,19,19,40,59,77,86,97,122,131,127,114,141,143,131,134,109,83,64,54,46,46,41,34,25,14
12,18,35,55,63,78,77,91,107,102,95,92,107,116,116,108,94,72,60,54,23,39,50,35,22,13
10,11,14,50,59,68,75,83,86,81,75,75,82,94,96,87,78,71,54,23,20,18,13,9,5,7
6,8,8,33,53,59,66,68,75,66,64,63,66,80,83,78,68,59,51,31,13,10,0,0,0,7
7,0,10,30,42,63,57,61,74,60,60,61,62,67,73,68,61,54,34,10,12,11,0,0,0,0
0,6,8,13,32,55,53,59,75,58,57,54,57,61,65,63,58,51,25,9,9,9,0,0,0,0
0,0,0,12,38,41,51,51,64,56,54,50,54,57,61,58,54,43,11,0,0,0,0,0,0,0
0,0,0,12,21,29,54,43,66,57,30,50,53,57,60,59,53,15,10,0,0,0,0,0,0,0
0,0,0,10,10,18,53,50,58,54,36,32,52,55,57,56,52,11,8,0,0,0,0,0,0,0
0,0,6,10,11,19,33,29,53,52,33,29,50,54,56,53,41,11,0,0,0,0,0,0,0,0
0,0,0,0,11,16,37,32,53,43,37,27,45,51,53,52,45,15,0,0,0,0,0,0,0,0
0,4,0,0,11,11,12,44,56,51,46,19,51,54,55,53,50,12,0,0,0,6,0,0,0,0
0,0,0,0,6,10,13,12,51,32,12,13,42,50,52,50,17,0,0,0,0,0,0,0,0,0
0,0,0,7,8,12,13,12,52,37,20,21,18,45,51,50,13,9,7,0,0,0,0,0,0,0
0,0,0,6,10,12,14,14,56,40,25,14,27,23,50,43,19,10,7,0,0,0,0,0,0,0
0,0,5,5,11,11,28,48,57,34,34,16,30,41,53,50,34,10,8,7,0,0,0,0,0,0
0,0,9,9,8,13,22,52,58,50,40,37,34,40,52,51,36,10,0,6,0,0,0,4,0,0
0,0,6,12,9,6,16,50,59,48,50,46,29,50,52,50,15,0,8,0,0,0,4,0,0,0
0,0,9,11,13,32,37,52,57,58,56,64,68,64,68,68,58,40,14,11,10,0,8,0,0,0
0,0,7,12,13,50,53,53,57,59,56,62,73,68,79,76,60,53,36,12,9,9,0,0,0,0
0,0,10,17,27,51,54,58,56,58,72,70,75,74,83,81,68,55,52,40,14,10,11,0,7,7
0,0,9,36,40,52,41,50,70,87,88,78,83,83,93,96,94,78,61,47,29,23,13,9,6,7
6,12,13,50,23,13,55,60,80,101,100,87,82,101,117,100,97,78,57,50,43,41,26,11,8,8
4,0,0,11,23,55,55,58,77,93,83,75,82,98,110,98,81,66,59,30,27,27,15,10,8,9
9,9,9,32,47,60,58,60,79,88,95,94,93,99,108,98,81,61,55,50,32,38,23,11,7,8
0,0,0,38,53,59,57,61,70,86,93,87,86,94,103,94,75,63,53,25,30,32,19,12,0,0
0,0,8,36,54,54,52,53,67,81,84,79,82,95,96,84,70,62,50,12,14,21,14,10,8,0
0,0,8,56,46,12,7,25,73,71,81,84,86,90,95,82,66,55,51,11,10,31,55,11,9,7
0,0,15,82,50,14,34,57,65,78,77,78,80,88,90,76,65,55,30,0,13,41,77,11,7,0
0,0,12,52,21,17,50,52,63,65,72,72,73,77,76,70,61,51,19,9,13,15,42,11,7,6
0,0,0,10,11,0,36,50,58,61,61,67,64,67,68,63,55,37,11,8,7,9,8,0,0,0
0,0,0,0,0,0,7,12,35,37,42,43,45,41,41,45,14,0,0,0,0,0,0,0,0,0
0,0,0,0,0,13,22,47,56,59,56,57,60,58,60,59,52,29,11,11,0,0,0,0,0,0
0,0,0,8,10,21,47,54,60,61,65,63,66,71,66,61,56,40,10,7,0,0,0,0,0,0
0,0,0,12,21,50,57,63,70,70,71,72,73,73,84,75,65,56,45,14,11,5,8,0,0,0
0,0,7,23,40,54,65,72,84,86,84,81,87,88,85,86,78,64,50,29,10,14,6,7,6,9
7,8,12,50,52,62,75,84,99,104,99,96,106,109,110,107,90,72,60,51,21,37,23,10,9,13
9,9,19,55,58,70,88,94,110,114,118,115,124,132,119,105,109,96,65,56,52,53,50,20,11,28
12,8,38,61,60,80,89,96,118,126,124,117,135,141,132,119,105,88,80,63,53,55,51,50,50,35
23,14,38,60,64,86,89,101,126,124,127,123,142,140,129,119,104,84,68,59,52,48,42,11,9,18
22,20,18,40,59,77,86,97,122,132,126,113,141,143,132,134,109,83,64,54,46,47,41,33,25,14
12,18,34,55,63,77,76,91,108,103,95,92,107,116,117,108,94,72,61,54,23,39,48,33,22,14
10,11,14,51,59,68,75,83,87,81,75,74,82,93,97,87,78,70,55,25,20,18,13,9,5,8
6,8,8,32,52,59,67,69,74,66,64,63,66,79,84,78,68,59,51,31,13,10,0,0,5,7
7,0,10,32,42,63,57,60,75,60,60,61,62,67,73,68,61,54,34,10,12,11,0,0,0,0
0,6,7,12,32,56,52,59,75,57,57,54,57,61,66,63,57,51,25,9,8,9,0,0,0,0
0,0,0,12,36,43,51,51,64,56,54,50,55,58,60,58,54,43,11,0,0,0,0,0,0,0
0,0,0,12,21,29,54,43,66,57,30,50,53,56,60,58,54,15,10,0,0,0,0,0,0,0
0,0,0,10,10,18,53,51,58,54,36,32,52,54,58,57,52,12,7,0,0,0,0,0,0,0
0,0,6,10,11,19,33,28,53,51,35,28,50,54,56,53,41,12,0,0,0,0,0,0,0,0
0,0,0,0,11,15,39,30,52,42,37,26,46,51,54,51,44,14,0,0,0,0,0,0,0,0
0,4,0,0,11,11,12,44,56,50,50,19,51,54,55,53,50,12,0,0,0,7,0,0,0,0
0,0,0,0,6,10,12,12,52,32,12,13,42,50,52,50,25,0,0,0,0,5,0,0,0,0
0,0,0,7,8,12,13,12,52,37,17,21,18,40,51,50,13,9,7,0,0,0,0,0,0,0
0,0,0,6,10,11,15,14,57,38,25,14,29,23,50,45,21,10,7,0,0,0,0,0,0,0
0,0,5,5,11,11,28,47,57,35,34,16,31,41,53,50,34,11,8,7,0,0,0,0,0,0
0,0,8,9,8,13,23,53,59,48,41,37,32,40,52,51,36,10,0,6,4,0,0,4,0,0
0,0,6,12,9,6,16,50,59,48,50,46,30,50,52,50,14,0,8,0,0,0,4,0,0,0
0,3,9,11,13,32,42,52,57,57,56,64,68,64,68,67,58,43,14,10,10,0,8,0,0,0
0,0,7,12,13,50,53,53,57,58,56,62,72,68,79,76,60,52,36,12,10,8,0,0,0,0
0,0,10,17,27,51,54,58,56,58,72,69,74,74,82,80,67,55,52,38,13,10,11,0,7,7
0,0,9,35,40,52,41,50,70,87,88,78,82,84,92,95,94,77,61,43,31,25,13,10,6,8
7,12,12,50,21,12,55,61,80,102,100,88,82,102,116,100,97,78,58,50,45,39,28,12,8,8
4,0,0,11,21,55,55,58,77,93,83,75,81,99,110,98,80,66,59,27,30,27,16,10,8,9
9,9,9,35,45,60,58,60,80,88,96,94,93,100,108,98,82,61,56,50,32,36,23,12,8,8
0,0,0,41,53,59,57,61,71,85,92,86,85,95,104,93,74,63,54,28,30,35,19,11,0,0
0,0,8,36,54,54,53,53,66,82,85,78,81,95,97,83,70,62,50,13,14,19,14,10,8,0
0,0,8,55,40,12,7,25,72,71,82,83,86,91,94,82,66,55,51,11,10,31,55,10,10,7
0,0,14,82,50,13,34,58,64,78,77,78,79,88,91,75,65,55,30,0,13,41,77,11,8,0
0,0,12,53,20,17,50,53,63,65,72,71,73,77,76,69,61,51,17,9,13,15,42,11,7,6
0,0,0,10,11,0,36,50,58,60,61,67,64,67,68,63,55,37,11,8,7,9,8,0,0,0
0,0,0,0,0,0,0,12,36,36,43,42,45,44,43,44,13,0,0,0,0,0,0,0,0,0
0,0,0,0,0,13,23,50,56,59,56,56,59,57,60,59,52,29,10,10,0,0,0,0,0,0
0,0,0,8,10,21,44,54,59,60,65,63,66,70,65,61,57,40,10,6,0,0,0,0,0,0
0,0,0,12,15,51,57,64,71,70,72,72,72,73,84,75,65,55,42,14,11,6,8,0,5,0
0,0,6,25,40,54,64,72,84,86,84,81,87,88,85,87,79,64,50,29,10,14,7,7,6,9
7,8,12,51,52,62,75,83,99,103,99,96,106,109,109,106,90,71,60,51,21,37,26,10,10,13
9,9,19,55,58,70,88,94,111,113,119,114,124,133,119,105,109,95,65,56,52,53,50,20,12,26
12,8,36,61,60,79,89,95,118,124,125,118,135,141,132,119,106,88,80,62,53,55,52,50,50,35
22,14,37,61,63,86,90,101,126,124,127,123,141,141,128,119,103,83,68,58,52,48,40,11,9,20
23,19,19,40,58,77,86,97,123,132,127,112,140,144,133,134,109,83,64,54,47,46,41,32,25,15
12,21,34,55,63,77,76,91,108,103,95,92,107,116,117,108,94,72,61,54,25,36,50,33,23,14
10,11,14,51,59,69,75,83,87,81,76,74,82,93,97,87,77,70,55,25,20,20,13,9,5,8
6,8,8,35,52,59,67,68,74,66,64,63,66,79,83,77,68,59,51,31,13,10,0,0,0,7
7,0,10,32,42,63,57,60,74,60,60,60,61,67,73,68,61,54,36,10,12,10,0,0,0,0
6,6,7,13,28,56,52,59,75,57,57,54,56,61,65,63,57,51,25,9,8,8,0,0,0,0
0,0,0,12,34,41,52,51,64,55,54,50,55,58,60,58,54,43,11,0,0,0,0,0,0,0
0,0,0,12,19,27,54,43,66,57,32,45,53,56,60,58,54,15,10,0,0,0,0,0,0,0
0,0,0,10,10,18,54,51,58,53,38,37,52,55,58,56,52,12,8,0,0,0,0,0,0,0
0,0,6,10,11,17,33,28,54,51,39,28,47,54,56,52,44,12,0,0,0,0,0,0,0,0
0,0,0,0,11,15,35,32,53,42,37,26,45,51,53,51,43,14,0,0,0,0,0,0,0,0
0,4,0,0,10,11,13,44,56,50,50,17,51,54,55,52,50,12,0,0,0,7,0,0,0,0
0,0,0,0,0,10,13,12,51,30,12,13,42,51,52,50,22,0,0,0,0,5,0,0,0,0
0,0,0,7,8,12,13,12,52,37,15,20,16,42,51,50,13,9,7,0,0,0,0,0,0,0
0,0,0,6,10,11,14,14,57,36,27,13,27,27,50,45,23,10,7,0,0,0,0,0,0,0
0,0,5,5,10,11,28,48,57,35,32,16,31,39,52,47,33,11,8,7,0,0,0,0,0,0
0,0,8,10,8,13,25,53,59,50,43,35,32,40,53,51,36,11,0,6,4,0,0,4,0,0
0,0,6,12,9,6,16,50,59,50,50,44,29,50,52,50,14,0,9,0,0,0,4,0,0,0
0,0,9,11,13,32,45,51,57,58,56,64,68,64,69,68,58,43,14,10,9,0,7,0,0,0
0,0,7,12,13,47,53,53,57,58,56,62,72,67,79,76,59,53,36,12,9,9,0,0,0,0
0,0,10,17,27,51,54,58,56,58,72,69,74,74,83,80,67,55,53,38,13,11,11,0,7,6
0,0,9,35,42,52,41,50,70,87,88,78,82,84,93,94,94,78,61,38,29,23,13,10,7,7
7,11,12,50,25,13,54,61,81,102,100,88,81,101,117,101,97,78,58,50,43,41,28,12,8,7
5,0,0,11,23,54,55,57,77,93,83,75,81,99,111,99,80,66,59,25,33,33,18,10,9,9
9,9,9,32,47,60,58,60,80,88,97,94,92,100,108,97,81,62,55,44,32,33,23,12,8,8
0,0,0,36,52,60,57,61,70,85,92,86,85,95,104,93,74,63,54,28,25,37,23,11,0,0
0,0,8,33,53,55,52,53,66,82,84,78,81,95,97,83,70,62,51,13,14,21,14,9,9,0
0,0,7,55,40,12,7,25,72,71,82,83,85,90,94,82,66,56,51,12,10,34,55,10,10,7
0,0,14,83,46,13,28,58,65,78,77,78,79,88,90,75,64,55,27,0,13,44,78,11,9,6
0,0,12,53,18,17,50,53,63,65,72,72,73,77,77,69,60,51,17,9,13,17,45,11,7,6
0,0,0,10,10,7,36,50,58,60,61,67,64,67,68,64,56,37,11,8,7,9,8,0,0,0
0,0,0,0,0,0,0,11,36,38,43,42,45,42,42,47,13,0,0,0,0,0,0,0,0,0
0,0,0,0,0,13,20,50,56,59,56,56,59,57,60,59,52,31,10,10,0,0,0,0,0,0
0,0,0,8,10,21,44,54,60,60,65,62,66,71,65,61,57,40,11,7,0,0,0,0,0,0
0,0,0,13,15,51,57,63,71,70,71,72,72,74,84,75,65,55,42,14,11,6,7,0,5,0
0,0,6,23,36,54,65,72,85,86,83,81,87,88,85,87,79,64,50,27,10,14,7,7,7,9
7,8,12,50,52,62,76,83,100,104,100,96,107,110,109,106,89,71,60,51,22,37,28,10,10,13
8,10,19,55,58,70,88,94,111,114,118,114,123,133,120,105,107,95,65,56,52,53,50,20,13,28
12,9,33,60,60,79,89,95,118,124,125,119,135,142,132,119,106,88,80,63,53,54,52,50,50,35
20,14,37,61,64,85,90,100,126,124,126,123,141,140,128,119,103,84,68,58,52,48,42,11,9,20
24,20,18,39,59,76,86,97,123,132,127,112,140,144,133,134,109,83,65,54,47,46,42,32,25,15
12,21,34,55,63,77,76,91,109,102,94,92,107,116,117,107,94,72,61,54,25,35,50,34,22,14
10,11,14,50,59,68,75,83,87,81,75,74,81,93,97,87,78,70,55,23,21,21,13,9,5,7
7,8,8,35,52,58,67,69,75,67,64,63,66,79,83,77,68,59,52,29,13,10,0,0,0,7
7,0,10,30,40,63,57,60,74,60,60,60,61,67,72,67,61,54,38,11,12,10,6,0,0,0
6,6,7,12,30,56,53,59,75,57,57,54,56,61,65,63,57,51,26,9,8,9,0,0,0,0
0,0,0,12,36,41,52,51,64,56,54,50,55,58,60,58,54,43,11,0,0,0,0,0,0,0
0,0,0,12,17,27,54,40,65,58,30,45,54,56,60,58,53,17,10,0,0,0,0,0,0,0
0,0,0,10,10,18,54,51,58,53,40,40,52,55,58,57,52,12,8,0,0,0,0,0,0,0
0,0,6,10,11,16,33,28,54,51,37,28,48,55,56,52,41,12,7,0,0,0,0,0,0,0
0,0,0,0,11,15,35,30,53,44,37,26,45,51,54,51,43,15,0,0,0,0,0,0,0,0
0,4,0,0,10,12,12,41,56,50,50,17,50,55,55,52,50,12,0,0,0,6,0,0,0,0
0,0,0,0,0,10,13,12,52,32,13,13,45,51,53,50,20,0,0,0,0,5,0,0,0,0
0,0,0,7,8,12,13,13,52,37,15,20,18,42,51,50,13,9,7,0,0,0,0,0,0,0
0,0,0,6,9,11,14,14,57,36,25,13,25,27,50,47,23,10,8,0,0,0,0,0,0,0
0,0,5,5,10,11,28,47,57,38,34,16,32,39,53,50,33,11,8,7,0,0,0,0,0,0
0,0,8,10,8,13,26,53,59,50,41,32,31,42,53,51,35,11,0,6,0,0,0,4,0,0
0,0,7,12,9,5,18,50,59,50,50,44,29,50,52,50,13,0,9,0,0,0,0,0,0,0
0,3,9,11,13,32,47,51,57,58,57,63,68,64,68,68,57,47,13,10,9,6,8,0,0,0
0,0,7,12,13,50,53,53,57,58,56,62,72,67,79,76,59,54,36,12,9,8,0,0,0,0
0,0,10,17,29,51,54,58,57,58,72,70,74,73,83,81,67,56,52,40,13,11,11,0,7,6
0,0,9,35,42,52,45,50,70,87,87,78,82,84,92,95,94,78,61,36,29,23,13,10,7,7
6,11,12,50,27,13,55,61,81,102,100,88,81,101,116,100,96,78,58,50,45,39,33,12,8,7
5,0,0,11,23,54,55,58,77,93,83,76,81,98,112,99,80,66,59,25,36,33,21,10,9,9
9,9,9,30,47,60,58,60,81,88,96,94,92,101,108,98,81,61,55,41,32,33,21,11,8,8
0,0,0,36,53,60,57,61,71,85,91,87,85,96,104,93,74,64,54,25,25,35,25,11,0,0
0,0,8,30,52,54,52,53,67,82,84,79,82,94,97,83,70,62,51,13,14,19,15,10,8,0
0,0,7,55,40,12,7,25,72,70,81,85,85,91,94,81,65,57,51,11,10,34,56,10,9,7
0,0,14,82,50,13,28,57,66,78,76,79,79,87,90,75,64,55,33,0,13,47,78,11,8,6
0,0,13,53,18,17,50,52,64,65,72,72,73,77,76,70,60,51,17,9,13,15,47,11,7,7
0,0,0,10,10,0,36,50,58,61,61,67,64,67,68,63,55,37,11,7,7,10,9,0,0,0
0,0,0,0,0,0,0,12,35,39,41,43,44,42,43,45,13,0,0,0,0,0,0,0,0,0
0,0,0,0,0,13,19,50,56,59,56,57,59,58,60,59,52,31,10,10,0,0,0,0,0,0
0,0,0,8,9,21,41,54,60,60,65,62,66,70,65,61,56,42,11,6,0,0,0,0,0,0
0,0,0,12,14,51,57,63,71,71,71,73,72,74,84,75,65,56,40,14,11,6,8,0,5,0
0,0,0,21,40,54,65,73,85,86,83,81,88,88,85,88,78,65,50,23,10,14,7,7,7,9
8,7,12,50,52,62,75,84,99,104,99,96,107,111,108,107,89,71,59,51,23,37,32,10,9,12
8,10,20,55,58,70,88,94,110,114,118,114,123,133,120,105,107,96,65,56,52,54,50,23,12,28
13,9,33,60,60,80,89,95,118,125,124,118,136,141,131,119,105,88,80,63,52,55,52,50,50,31
20,14,37,61,64,85,90,100,126,124,126,123,140,140,128,120,101,84,68,58,52,48,46,11,8,18
25,20,18,40,59,77,85,97,124,132,127,113,140,143,133,134,108,83,64,53,46,46,42,32,25,14
12,18,34,55,62,78,76,91,108,103,95,92,107,116,117,107,94,73,61,54,25,35,50,34,21,14
10,11,14,50,59,69,75,82,88,81,75,74,82,93,97,87,78,70,55,25,21,21,13,9,5,8
7,8,8,33,52,59,67,68,75,67,64,63,66,79,83,78,67,59,52,27,13,10,0,0,0,6
7,0,10,28,40,62,57,60,74,61,60,60,61,67,72,67,60,54,34,11,12,10,6,0,0,0
6,7,7,12,28,56,53,58,75,57,56,54,56,61,64,63,57,52,25,9,8,9,0,0,0,0
0,0,0,12,38,45,51,51,64,55,54,51,55,59,60,58,54,47,10,0,0,0,0,0,0,0
0,0,0,12,15,29,54,40,65,57,30,42,54,56,60,58,53,19,9,0,0,0,0,0,0,0
0,0,0,10,10,18,54,51,58,53,38,32,52,55,58,57,52,13,8,0,0,0,0,0,0,0
0,0,6,9,11,17,32,28,54,51,35,28,48,55,56,52,38,12,0,0,0,0,0,0,0,0
0,0,0,0,11,16,34,28,53,46,37,27,45,51,53,51,41,17,0,0,0,0,0,0,0,0
0,4,0,0,10,12,12,38,56,50,46,17,50,55,55,53,47,12,0,0,0,6,0,0,0,0
0,0,0,0,0,10,13,12,52,32,12,13,42,52,53,51,15,6,0,0,0,5,0,0,0,0
0,0,0,7,8,12,13,12,52,37,15,21,20,40,51,50,13,9,7,0,0,0,0,0,0,0
0,0,0,6,9,12,14,14,57,36,27,13,23,25,47,50,19,10,7,0,0,0,0,0,0,0
0,0,5,5,11,11,25,47,57,40,31,15,34,41,52,50,30,11,8,7,0,0,4,0,0,0
0,0,8,10,8,13,25,53,59,50,40,33,32,43,53,51,31,12,0,7,0,0,0,4,0,0
0,0,6,12,9,6,17,50,59,50,50,42,33,50,52,50,13,0,9,0,0,0,4,0,0,0
0,4,9,11,13,34,45,51,57,57,56,64,68,64,69,69,57,45,13,10,9,7,8,0,0,0
0,0,7,12,13,50,53,53,57,58,55,62,72,67,78,76,59,53,36,12,9,8,0,0,0,0
0,0,10,16,29,51,53,57,57,58,72,70,73,73,83,81,67,56,52,36,13,11,11,0,7,5
0,0,9,35,42,52,43,50,70,86,87,79,82,84,92,95,94,78,60,36,31,21,14,10,6,8
7,11,13,50,27,13,55,62,80,102,100,89,82,100,116,100,97,78,58,47,41,39,30,12,8,7
5,0,0,11,23,54,55,58,77,93,83,76,81,98,112,98,80,66,59,23,36,30,21,10,9,8
9,9,9,27,50,60,57,60,80,88,96,94,92,101,108,97,81,61,55,38,35,38,19,11,9,7
0,0,0,33,53,60,57,60,71,85,91,86,85,95,104,93,74,64,54,28,27,35,23,12,0,0
0,0,8,36,52,54,52,52,66,83,84,78,81,93,98,83,70,62,51,13,15,19,14,9,8,0
0,0,7,54,40,13,7,28,71,70,81,84,84,90,94,81,66,57,50,11,10,28,56,10,9,6
0,0,14,83,50,13,21,57,65,77,75,79,79,87,90,75,64,55,30,7,12,44,78,11,8,6
0,0,13,53,18,17,50,52,63,65,72,72,74,76,77,70,59,53,14,9,13,15,50,12,7,6
0,0,0,9,10,7,36,50,58,61,61,66,64,66,68,63,55,35,10,7,6,10,9,0,0,0
0,0,0,0,0,0,0,12,35,40,41,40,45,41,45,47,13,0,0,0,0,0,0,0,0,0
0,0,0,0,0,14,19,48,56,58,56,56,59,58,60,59,52,31,10,10,0,0,0,0,0,0
0,0,0,8,9,21,44,54,60,61,65,62,66,71,65,61,56,42,10,7,0,0,0,0,0,0
0,0,0,12,14,51,57,62,71,70,71,73,72,74,84,75,65,56,37,13,11,6,7,0,5,0
0,0,7,21,40,54,65,73,85,86,83,81,87,88,84,87,79,65,50,25,10,14,8,7,6,8
8,7,12,50,52,62,75,83,99,104,99,96,108,110,109,108,89,71,59,51,25,35,33,10,9,12
8,9,23,55,58,70,88,94,110,114,117,114,123,133,120,105,107,96,65,55,53,53,51,23,12,23
12,9,35,60,60,79,89,94,119,124,124,118,136,141,131,119,105,88,80,63,52,54,53,50,50,28
16,14,37,60,64,85,90,100,126,125,126,122,140,140,129,121,102,84,69,58,52,46,48,11,8,15
25,19,19,39,59,76,85,97,124,132,127,114,140,143,133,135,109,83,64,53,46,46,42,33,25,14
12,20,35,55,62,78,76,91,108,102,95,92,107,116,117,107,94,72,61,54,25,36,50,35,22,14
10,11,14,50,59,69,75,82,88,81,75,75,82,94,97,87,77,70,55,21,21,21,13,9,5,7
7,7,8,35,52,59,67,68,76,67,63,63,66,79,83,78,67,59,52,25,13,9,0,0,0,6
7,0,10,30,38,62,57,60,74,61,59,60,61,67,72,68,60,54,36,11,12,10,6,0,0,0
6,7,7,13,28,55,53,59,75,57,56,54,57,61,64,63,56,51,25,8,9,9,0,0,0,0
0,0,0,12,43,43,52,52,64,55,54,51,55,59,60,58,54,47,10,0,0,0,0,0,0,0
0,0,0,11,14,27,54,38,65,57,30,45,54,57,60,58,53,19,9,0,0,0,0,0,0,0
0,0,0,10,9,18,54,50,58,53,38,35,52,56,58,57,52,13,8,0,0,0,0,0,0,0
0,0,6,9,11,15,32,29,54,51,33,29,50,55,56,52,41,12,0,0,0,0,0,0,0,0
0,0,0,0,11,17,31,29,52,46,37,28,45,51,54,52,41,17,0,0,0,0,0,0,0,0
0,4,0,0,10,12,12,38,56,51,43,19,50,55,54,53,47,12,0,0,0,7,0,0,0,0
0,0,0,0,0,10,13,12,51,30,12,13,45,52,53,50,17,6,0,0,0,5,0,0,0,0
0,0,0,7,7,12,13,12,53,35,15,18,21,42,51,50,13,9,6,0,0,0,0,0,0,0
0,0,0,6,9,12,14,14,57,36,30,13,23,27,50,50,19,10,7,0,0,0,0,0,0,0
0,0,5,5,11,11,25,47,58,39,31,15,35,42,52,50,31,11,8,6,0,0,4,0,0,0
0,0,8,10,8,14,23,52,59,50,40,32,31,43,53,51,31,11,0,7,0,0,0,4,0,0
0,0,6,12,9,5,17,50,59,50,50,44,36,51,52,50,14,0,9,0,0,0,4,0,0,0
0,3,9,12,13,35,45,51,57,58,56,64,68,64,68,70,58,45,13,10,9,7,8,0,0,0
0,0,7,12,13,50,53,53,57,59,55,61,72,67,79,77,59,53,34,12,10,9,0,5,0,0
0,0,10,16,27,51,53,57,57,58,71,70,73,73,83,81,67,56,52,34,14,11,11,0,7,6
0,0,9,34,42,52,43,47,70,87,87,78,82,83,92,95,94,78,60,40,25,21,14,10,6,7
7,11,12,50,29,13,55,62,80,102,99,88,82,100,116,100,97,78,57,50,41,41,32,12,8,7
5,0,0,12,23,54,55,58,78,92,83,76,81,97,111,99,80,67,59,21,36,30,23,10,9,8
9,9,9,30,50,60,58,60,79,88,95,94,92,100,108,97,81,61,55,41,35,38,17,11,9,8
0,0,0,30,52,59,57,61,71,85,91,86,85,94,103,94,75,64,54,28,27,35,23,12,0,0
0,0,8,36,53,53,52,52,66,82,83,78,81,93,98,83,70,62,51,13,14,23,14,10,8,0
0,0,7,55,46,12,7,28,71,70,81,84,84,90,92,82,66,57,51,11,10,34,56,10,9,6
0,0,17,84,46,13,23,57,64,77,75,78,80,88,89,75,64,55,30,0,12,44,78,12,8,6
0,0,13,52,21,15,50,52,63,65,71,72,74,76,76,70,59,53,14,9,13,15,50,12,8,6
0,0,0,9,10,0,36,50,58,61,61,66,64,66,67,64,55,37,10,0,7,10,9,0,0,0
0,0,0,0,0,0,0,12,36,39,40,39,42,42,46,50,14,0,0,0,0,0,0,0,0,0
0,0,0,0,0,13,19,46,55,59,55,56,59,58,59,59,52,31,10,10,0,0,0,0,0,0
0,0,0,7,9,20,47,54,60,60,65,61,66,71,66,62,56,42,10,6,0,0,0,0,0,0
0,0,0,12,19,51,57,62,71,70,71,72,72,73,84,75,65,56,40,13,11,6,8,0,5,0
0,0,0,23,40,54,65,72,85,86,83,81,87,88,84,87,78,64,50,25,10,15,8,8,6,7
8,8,12,50,52,61,74,84,99,105,99,96,107,111,109,108,90,71,59,51,26,34,32,10,9,11
8,9,23,55,58,70,88,94,109,114,116,114,123,132,120,105,107,96,65,55,53,53,51,25,12,25
12,9,36,60,60,79,89,94,119,125,124,118,136,141,130,120,105,88,81,63,52,55,52,50,50,28
19,14,37,60,64,85,90,100,126,125,126,122,140,140,130,121,103,84,69,58,52,46,46,12,8,14
25,20,19,39,59,76,85,97,122,132,125,113,141,142,132,134,109,83,64,53,46,47,43,34,25,14
12,18,35,55,62,78,76,91,108,102,95,92,107,116,117,107,94,72,61,54,25,38,50,36,22,13
10,10,14,50,59,69,75,82,87,81,74,75,82,94,97,87,77,70,55,19,21,21,13,9,5,7
6,7,8,35,51,58,66,68,76,67,63,63,66,79,83,78,68,59,52,25,14,10,0,0,6,6
7,0,10,26,36,62,57,60,74,61,59,60,61,67,72,68,60,54,36,10,12,10,6,0,0,0
0,7,7,12,28,56,53,58,75,57,56,54,57,61,64,64,57,51,23,8,9,9,0,0,0,0
0,0,0,12,40,43,51,52,64,55,54,50,55,58,61,58,54,47,10,0,0,0,0,0,0,0
0,0,0,11,17,27,54,40,65,57,27,50,53,56,60,58,53,17,9,0,0,0,0,0,0,0
0,0,0,10,9,18,54,50,58,53,36,32,52,55,57,57,52,13,8,0,0,0,0,0,0,0
0,0,6,9,11,15,32,29,53,52,32,28,50,55,55,53,41,12,0,0,0,0,0,0,0,0
0,0,0,0,11,17,34,28,52,46,37,27,45,51,54,52,42,19,0,0,0,0,0,0,0,0
0,4,0,0,10,12,12,38,56,50,37,17,51,54,55,53,47,12,0,0,0,7,0,0,0,0
0,0,0,0,0,10,13,12,52,35,12,13,42,51,52,50,17,6,0,0,0,5,0,0,0,0
0,0,0,7,7,11,13,12,53,35,17,16,21,40,51,50,13,9,6,0,0,0,0,0,0,0
0,0,0,6,9,12,14,14,57,38,27,13,23,27,47,50,21,10,7,0,0,0,0,0,0,0
0,0,5,5,11,11,25,47,58,38,30,14,34,42,52,51,33,11,8,6,0,0,4,0,0,0
0,0,8,10,8,14,22,52,59,48,40,30,31,43,53,52,31,11,0,7,0,0,0,4,0,0
0,0,6,12,10,5,18,48,59,50,50,45,34,50,52,50,14,0,8,0,0,0,4,0,0,0
0,4,9,12,13,35,47,51,57,57,56,64,69,64,68,70,58,43,13,10,9,7,9,0,0,0
0,0,7,12,13,51,53,54,57,58,55,62,72,67,79,77,60,53,34,12,10,8,5,5,0,0
0,0,10,17,29,51,53,57,57,59,72,70,74,73,83,81,67,55,52,31,14,11,11,0,7,5
0,0,9,34,40,52,47,50,70,87,87,79,82,83,92,96,95,78,59,40,27,21,14,10,6,7
6,12,12,50,29,13,55,62,80,102,99,89,82,100,117,100,97,78,57,50,39,37,30,12,8,7
5,0,0,12,25,55,56,58,78,92,83,76,81,98,111,98,81,66,59,21,36,27,21,10,9,7
9,9,10,23,50,60,57,61,80,87,95,95,92,100,107,98,82,61,55,44,35,38,15,11,9,8
0,0,7,36,52,59,58,61,72,84,93,86,85,94,103,93,75,63,53,31,27,32,21,12,0,0
0,0,9,38,53,53,53,53,67,82,84,78,81,94,97,83,70,62,50,12,14,23,17,10,7,0
0,0,8,54,46,13,7,28,72,70,81,84,84,91,92,82,66,57,52,11,10,31,56,11,10,6
0,0,19,84,46,13,25,57,64,77,75,79,80,88,89,75,65,56,30,0,13,44,78,12,7,5
0,0,13,51,21,17,50,52,63,65,71,72,74,76,76,70,60,53,14,8,13,15,47,12,8,6
0,0,0,9,10,0,36,51,58,61,61,66,64,66,68,64,55,40,9,0,7,10,9,0,0,0
0,0,0,0,0,0,0,13,35,40,41,40,42,45,47,50,14,0,0,0,0,0,0,0,0,0
0,0,0,0,0,13,22,47,55,58,55,56,59,57,59,59,53,31,10,10,0,0,0,0,0,0
0,0,0,8,9,20,47,54,60,61,65,61,66,70,66,62,56,42,10,6,0,0,0,0,0,0
0,0,0,12,21,51,57,63,70,70,71,72,73,73,84,75,65,56,37,13,11,6,8,0,5,0
0,0,6,25,43,54,65,73,85,86,83,81,88,88,84,87,79,64,50,25,11,15,8,8,6,7
7,8,12,51,52,61,74,84,99,103,99,96,108,111,109,109,90,71,59,51,23,34,30,10,9,11
8,9,26,55,58,70,88,94,109,113,116,114,123,133,119,105,108,96,65,56,52,53,51,23,11,25
13,9,36,60,60,80,89,95,120,125,124,119,135,141,131,120,106,88,81,63,52,55,52,50,50,25
19,14,38,60,63,85,90,100,125,125,126,122,141,140,130,121,104,84,68,58,52,46,46,12,8,14
24,20,19,39,59,77,85,97,122,132,126,114,142,142,132,135,109,83,64,53,47,47,42,34,25,13
12,17,36,55,62,78,76,91,108,102,95,92,107,116,117,108,94,72,61,54,25,36,50,36,21,12
10,10,14,50,59,69,75,82,87,81,74,75,82,94,98,87,78,70,55,21,23,20,13,9,5,7
0,7,8,35,52,59,66,68,76,66,63,63,66,80,83,78,68,59,51,27,14,9,0,0,6,6
7,0,10,26,36,63,57,60,74,60,59,61,61,67,72,68,60,54,32,10,12,10,0,0,0,0
0,7,7,12,26,55,53,58,75,57,56,55,57,61,65,64,57,51,23,8,9,9,0,0,0,0
0,0,0,12,40,43,51,52,64,55,54,51,55,58,61,58,54,45,10,0,0,0,0,0,0,0
0,0,0,11,17,29,54,36,65,57,30,50,53,57,60,58,54,19,9,0,0,0,0,0,0,0
0,0,0,10,9,16,54,50,58,53,36,35,52,55,58,57,53,13,7,0,0,0,0,0,0,0
0,0,6,9,11,16,33,29,53,51,32,28,50,55,55,53,44,12,0,0,0,0,0,0,0,0
0,0,0,0,11,16,34,29,52,44,37,27,42,51,54,52,44,17,0,0,0,0,0,0,0,0
0,4,0,0,10,12,13,44,56,50,37,21,51,54,55,53,50,12,0,0,0,7,0,0,0,0
0,0,0,0,0,10,12,12,52,30,12,13,40,51,52,50,20,0,0,0,0,5,0,0,0,0
0,0,0,7,7,11,13,12,53,32,15,18,21,45,51,50,13,9,7,0,0,0,0,0,0,0
0,0,0,6,10,12,14,14,57,34,30,13,23,31,50,50,21,10,7,0,0,0,0,0,0,0
0,0,6,5,11,11,25,48,58,36,30,14,35,42,52,51,34,11,8,6,0,0,0,0,0,0
0,0,9,10,8,14,22,52,59,46,40,30,34,43,53,52,35,11,0,7,0,0,0,4,0,0
0,0,7,12,9,6,17,50,59,46,48,45,34,50,52,50,15,0,8,0,0,0,5,0,0,0
0,0,9,11,13,34,47,51,57,57,56,64,69,64,68,70,58,47,13,10,9,6,8,0,0,0
0,0,8,12,13,50,53,54,58,59,54,61,72,67,79,77,60,52,34,12,10,9,5,5,0,0
0,0,10,18,29,51,53,57,56,58,71,69,74,72,83,80,67,55,52,29,13,10,11,0,7,6
0,0,9,32,42,52,45,50,70,87,88,78,82,84,92,96,95,78,59,43,25,25,14,10,6,8
7,12,12,50,29,13,55,62,80,101,100,88,82,100,117,101,98,78,57,50,35,41,28,12,9,7
5,0,0,11,25,55,56,57,77,93,83,76,81,98,111,98,81,67,59,20,41,30,18,10,9,7
9,9,10,23,47,61,58,60,79,87,96,94,92,100,107,99,83,62,56,47,32,41,19,11,9,8
0,0,7,38,52,59,58,61,72,85,93,86,85,95,103,93,76,64,53,25,25,35,21,12,0,0
0,0,9,38,53,54,53,53,67,81,84,77,81,94,97,83,70,62,50,12,13,28,19,10,8,0
0,0,8,55,46,12,7,25,71,69,81,83,84,91,92,83,67,57,52,11,10,28,56,11,10,6
0,0,15,83,43,13,28,57,64,76,75,78,81,89,89,75,65,56,25,7,13,44,77,13,8,6
0,0,13,51,23,21,50,52,63,65,71,71,74,77,76,70,61,53,14,8,13,17,42,12,8,6
0,0,0,9,9,0,38,51,58,60,61,65,64,67,68,64,56,42,10,0,7,10,9,0,0,0
0,0,0,0,0,0,7,13,34,39,42,39,44,46,46,50,15,0,0,0,0,0,0,0,0,0
0,0,0,0,0,13,25,46,55,58,56,55,59,58,59,59,54,32,10,10,0,0,0,0,0,0
0,0,0,8,9,20,50,54,60,60,65,61,66,71,66,62,57,47,10,6,0,0,0,0,0,0
0,0,0,13,21,51,57,63,70,70,70,71,74,74,84,76,66,56,40,13,12,6,8,0,6,0
5,0,6,27,40,54,65,73,85,86,84,81,88,88,84,87,79,64,50,27,10,15,7,8,7,7
7,8,12,51,52,61,75,84,99,104,100,95,108,111,109,108,90,71,59,51,21,37,28,10,9,12
8,9,23,55,58,70,88,94,109,113,117,114,124,133,119,105,108,96,65,56,52,53,51,23,12,26
12,9,36,60,60,79,90,95,120,125,125,118,135,142,131,121,106,88,81,63,53,55,52,50,50,30
20,14,37,59,63,85,90,100,126,125,126,121,141,140,130,120,103,84,69,57,52,50,44,12,9,14
23,19,20,39,59,76,85,97,122,132,126,113,142,143,132,135,110,83,64,53,47,47,42,35,26,14
12,17,36,55,63,78,77,91,108,102,95,91,107,117,117,109,94,73,61,54,23,38,50,36,21,13
10,10,14,50,59,69,76,82,87,81,75,74,82,95,97,87,78,70,55,23,20,21,13,9,6,7
0,7,7,32,52,59,67,69,76,66,63,63,66,80,82,78,68,59,51,27,14,10,0,0,6,6
7,0,10,25,36,62,58,60,74,60,60,60,61,67,72,69,61,54,34,10,12,10,0,0,0,0
0,7,7,12,28,55,54,59,75,57,56,55,57,61,65,64,57,51,25,8,9,9,0,0,0,0
0,0,0,12,38,39,52,51,64,55,54,50,54,58,61,58,54,45,10,0,0,0,0,0,0,0
0,0,0,11,19,27,55,36,65,57,30,50,53,56,60,58,54,21,10,0,0,0,0,0,0,0
0,0,0,10,9,18,54,50,58,53,34,32,52,55,58,57,53,13,8,0,0,0,0,0,0,0
0,0,6,9,11,17,36,29,54,51,33,27,50,55,56,53,45,12,0,0,0,0,0,0,0,0
0,0,0,0,11,16,35,29,52,43,37,26,43,52,54,52,46,17,0,0,0,0,0,0,0,0
0,4,0,0,10,12,13,44,56,50,40,19,51,55,55,53,50,12,0,0,0,7,0,0,0,0
0,0,0,0,6,10,13,12,52,27,11,12,45,51,52,51,27,6,0,0,0,6,0,0,0,0
0,0,0,7,7,11,13,12,52,35,15,18,20,50,51,50,14,9,7,0,0,0,0,0,0,0
0,0,0,6,10,11,15,14,57,31,32,13,27,31,47,50,21,10,7,0,0,0,0,0,0,0
0,0,5,5,11,11,29,50,58,35,31,14,38,42,52,51,34,11,8,6,0,0,0,0,0,0
0,0,9,9,8,13,26,52,59,46,40,26,35,43,52,52,36,11,0,6,0,0,0,4,0,0
0,0,6,12,9,6,21,50,58,46,48,44,36,50,52,50,16,0,8,0,0,0,4,0,0,0
0,0,9,11,13,32,47,51,57,57,57,63,69,64,68,70,57,50,13,10,9,0,9,0,0,0
0,0,8,12,13,50,53,53,58,58,55,61,72,68,79,77,60,52,31,12,10,9,5,5,0,0
0,0,10,18,31,51,54,58,57,58,72,69,75,72,83,81,67,55,52,27,13,10,12,0,7,6
0,0,9,32,42,52,43,50,71,87,88,77,82,84,93,97,95,78,59,40,22,23,14,11,6,7
7,12,12,50,31,13,55,61,80,101,99,88,81,102,117,101,97,78,57,50,37,41,32,12,9,7
4,0,0,11,25,55,55,57,77,93,83,75,81,99,111,98,80,67,59,16,44,30,23,11,9,8
9,9,10,23,47,61,58,60,80,87,97,94,92,100,107,100,82,61,55,44,32,38,23,12,9,8
0,0,7,41,52,58,58,61,72,84,94,86,85,96,103,94,75,63,54,22,22,32,21,12,0,0
0,0,9,36,54,53,52,53,67,80,84,77,82,95,96,83,69,62,50,12,13,28,21,11,8,0
0,0,8,56,43,12,7,22,71,69,81,83,85,92,92,84,66,57,52,11,10,31,56,11,10,6
0,0,19,83,46,13,31,57,64,76,76,78,81,89,90,76,65,56,25,0,13,44,78,13,9,5
0,0,13,51,20,21,50,52,63,65,72,70,73,78,76,71,61,52,14,8,13,20,45,13,8,7
0,0,0,9,10,0,38,51,58,60,61,66,64,67,68,64,55,42,10,7,7,10,9,0,0,0
0,0,0,0,0,0,0,12,34,38,43,39,44,48,45,48,15,0,0,0,0,0,0,0,0,0
0,0,0,0,0,13,23,48,54,58,56,55,59,58,59,59,53,34,10,11,0,0,0,0,0,0
0,0,0,7,10,20,50,54,60,61,65,61,67,71,65,62,56,47,10,6,0,0,0,0,0,0
0,0,0,12,19,51,57,63,70,70,70,71,73,75,84,76,66,56,40,14,11,6,8,0,6,0
5,0,0,25,40,54,65,73,84,86,84,80,88,88,84,87,79,64,50,25,10,16,7,8,6,8
6,8,12,50,52,61,75,84,99,104,100,95,108,112,108,109,90,71,60,51,20,35,28,10,9,12
9,9,22,55,58,70,88,94,109,113,117,113,124,132,119,105,107,96,65,56,52,54,52,23,12,28
12,8,38,60,61,79,90,95,120,125,125,118,135,142,131,121,106,88,81,63,53,55,52,51,50,31
22,14,38,60,63,84,90,100,125,125,127,122,141,141,130,120,103,83,68,58,52,50,48,12,9,14
25,19,20,39,59,76,86,97,122,131,128,112,143,142,132,135,109,83,64,53,47,47,43,35,26,15
12,17,36,55,63,78,77,91,108,102,94,90,107,116,117,109,93,73,61,54,25,36,50,38,21,12
10,10,14,50,59,68,75,81,87,80,75,74,82,94,97,88,78,70,55,23,20,21,14,9,6,7
0,7,7,33,52,58,67,68,75,67,63,62,66,80,82,79,68,60,51,29,13,10,0,0,6,6
7,0,10,25,38,62,58,60,74,60,60,59,61,67,72,69,61,53,32,10,12,11,0,0,0,0
0,7,8,12,30,56,54,59,75,57,56,54,57,61,65,64,57,52,23,8,9,9,0,0,0,0
0,0,0,12,38,39,51,51,64,55,54,50,54,59,60,58,54,47,10,0,0,0,0,0,0,0
0,0,0,11,19,29,54,38,65,56,30,47,53,56,60,58,53,21,10,0,0,0,0,0,0,0
0,0,0,10,9,16,54,50,57,53,34,30,52,56,58,57,52,13,8,0,0,0,0,0,0,0
0,0,5,9,11,17,36,28,54,51,35,26,50,55,56,53,41,12,0,0,0,0,0,0,0,0
0,0,0,0,11,14,37,27,53,42,37,25,43,52,54,52,45,19,0,0,0,0,0,0,0,0
0,4,0,0,10,12,13,44,57,50,43,15,51,55,55,53,47,12,0,0,0,6,0,0,0,0
0,0,0,0,0,10,12,12,52,27,11,12,42,51,52,51,22,6,0,0,0,5,0,0,0,0
0,0,0,8,7,11,14,12,52,32,17,18,20,50,51,51,13,9,7,0,0,0,0,0,0,0
0,0,0,6,10,11,16,13,57,31,27,13,27,29,47,50,19,10,7,0,0,0,0,0,0,0
0,0,5,5,11,11,29,50,58,34,32,14,36,44,52,51,33,11,8,6,0,0,0,0,0,0
0,0,9,9,8,13,26,52,59,46,40,25,35,44,53,52,35,11,0,6,0,0,0,4,0,0
0,0,6,12,9,6,22,50,59,46,50,42,36,50,52,51,15,0,9,0,0,0,4,0,0,0
0,0,9,10,13,30,50,51,57,57,56,63,69,64,68,69,57,50,14,10,9,0,9,0,0,0
0,0,7,12,13,47,53,54,59,58,55,61,73,68,78,78,60,52,31,12,10,9,5,5,0,0
0,0,10,18,33,51,54,57,57,59,72,69,75,73,83,81,67,55,52,31,13,10,11,0,8,6
0,0,9,32,43,52,41,50,71,86,88,78,82,84,92,96,95,78,59,40,27,25,14,11,6,8
8,11,12,50,31,13,55,61,81,101,100,88,81,102,117,101,98,78,57,50,41,41,30,12,9,7
5,0,0,11,27,55,55,58,77,93,83,75,82,99,112,99,81,66,59,20,41,27,21,11,9,7
10,9,9,21,50,61,58,60,79,87,97,94,92,101,107,100,82,61,56,41,30,36,21,12,8,8
0,0,7,41,53,59,58,61,72,84,95,86,85,97,104,94,76,63,54,17,20,35,19,12,0,0
0,0,8,36,54,53,52,53,67,81,84,77,81,94,95,83,70,63,51,12,14,28,21,10,8,0
0,0,8,55,46,12,7,25,71,69,81,81,84,92,92,84,67,57,52,11,10,25,56,12,10,6
0,0,17,83,50,13,31,57,64,77,75,79,81,89,89,76,65,56,27,0,13,44,78,12,8,6
0,0,12,51,20,21,50,52,63,65,73,70,72,77,76,71,61,52,15,8,13,15,42,12,8,6
0,0,0,9,10,0,44,51,58,60,61,65,64,67,68,64,55,42,11,7,6,9,8,0,0,0
0,0,0,0,0,0,0,12,34,37,42,40,45,47,41,48,16,0,0,0,0,0,0,0,0,0
0,0,0,0,0,13,26,48,54,58,58,55,58,58,58,59,53,34,10,11,0,0,0,0,0,0
0,0,0,7,10,20,50,53,60,61,66,61,67,71,65,62,56,45,10,6,0,0,0,0,0,0
0,0,0,12,19,51,57,63,70,69,70,72,73,75,84,76,66,55,40,14,11,6,7,0,6,0
0,0,7,25,43,54,65,72,84,85,83,80,88,88,84,87,79,64,50,23,10,16,7,8,7,8
7,7,13,50,52,61,75,84,99,103,100,95,108,112,109,109,90,72,59,51,19,35,28,10,10,12
9,9,20,55,58,70,89,94,110,113,118,113,124,133,119,105,107,96,65,56,52,53,51,23,12,26
12,8,40,61,61,79,89,95,120,124,125,117,135,141,132,121,106,88,80,63,53,55,52,50,50,30
19,14,37,60,63,84,90,100,125,125,127,122,142,141,130,119,103,84,68,58,52,46,48,12,9,16
25,19,19,40,59,75,86,97,123,131,128,113,144,142,132,136,108,83,64,53,47,46,42,35,28,15
12,17,36,55,63,78,77,91,108,102,95,90,108,116,117,110,93,73,61,54,25,33,50,36,21,12
10,11,14,50,59,68,75,81,87,80,75,74,81,94,97,88,78,70,55,23,21,20,13,9,6,7
0,7,7,35,52,58,67,68,75,67,64,62,65,80,83,80,68,59,51,29,13,10,0,0,6,6
7,0,10,26,46,62,57,60,74,60,60,59,61,67,72,70,60,54,32,10,12,10,0,0,0,0
0,6,7,12,32,55,54,59,75,57,57,54,57,61,65,64,56,52,26,8,9,9,0,0,0,0
0,0,0,12,40,41,52,51,64,55,54,50,54,59,60,58,54,47,10,0,0,0,0,0,0,0
0,0,0,11,19,27,54,36,65,56,27,47,54,56,60,58,53,19,10,0,0,0,0,0,0,0
0,0,0,10,10,16,54,50,58,53,34,30,52,56,58,58,52,13,8,0,0,0,0,0,0,0
0,0,5,9,11,17,38,29,54,51,37,25,50,54,55,53,43,12,0,0,0,0,0,0,0,0
0,0,0,0,11,15,35,29,53,42,37,25,45,52,53,52,45,20,0,0,0,0,0,0,0,0
0,0,0,0,10,12,13,44,57,50,46,15,51,55,55,54,50,12,0,0,0,6,0,0,0,0
0,0,0,0,6,11,13,12,52,27,12,12,45,51,52,51,27,7,0,0,0,5,0,0,0,0
0,0,0,8,8,11,13,12,52,32,15,21,21,50,51,50,13,9,8,0,0,0,0,0,0,0
0,0,0,6,10,11,16,13,57,29,30,12,29,27,43,50,19,10,7,0,0,0,0,0,0,0
0,0,5,6,11,11,28,47,58,35,35,14,38,42,52,51,33,11,8,7,0,0,0,0,0,0
0,0,9,10,8,13,26,52,59,48,38,26,37,44,53,52,33,11,0,6,0,0,0,4,0,0
0,0,6,12,9,5,22,50,59,46,48,41,36,50,52,51,15,0,9,0,0,0,4,0,0,0
