6,9,14,14,10,28,45,40,59,77,89,107,133,124,116,103,79,62,57,52,14,9,7,7,0,12
8,7,12,17,22,53,51,51,60,75,74,89,116,122,124,111,85,65,55,41,9,10,7,0,0,0
7,12,24,21,31,55,55,58,57,63,79,96,113,118,122,107,82,64,60,57,15,6,7,6,9,10
10,10,28,36,40,58,55,27,70,82,84,96,115,122,126,120,102,84,56,45,12,14,14,12,13,13
9,17,52,52,58,50,69,71,79,87,82,86,103,131,148,125,94,73,62,59,54,37,28,13,14,14
13,14,29,27,57,73,83,70,74,77,68,71,112,143,147,131,104,87,101,87,54,44,25,15,17,11
12,11,10,50,59,100,97,63,60,65,76,92,122,141,163,143,108,79,93,77,45,13,10,7,11,11
0,0,11,13,59,112,110,52,53,67,92,104,127,147,168,148,125,90,69,61,50,37,19,10,0,13
0,0,10,12,17,73,58,12,19,73,87,96,127,142,145,137,119,88,65,54,34,28,13,10,11,10
0,9,0,11,9,22,12,0,50,60,79,96,122,134,133,126,108,81,61,52,14,12,11,9,9,11
0,8,9,10,8,8,0,0,25,59,70,85,113,124,121,112,91,75,57,46,13,12,9,7,6,6
8,8,12,11,11,10,10,0,38,60,67,82,105,121,117,108,88,69,56,44,14,11,11,8,9,8
7,8,9,0,0,14,12,0,50,60,68,86,103,118,114,106,85,65,55,47,12,12,10,8,8,0
0,0,0,0,0,0,0,0,18,53,65,72,88,97,98,90,70,52,22,10,0,0,0,0,0,0
0,0,9,8,0,0,0,0,44,59,67,76,91,101,101,101,81,66,53,39,19,13,11,7,9,6
0,10,11,8,11,0,11,6,51,63,74,80,90,103,99,96,81,65,55,33,11,10,9,7,6,0
0,8,0,9,7,11,8,12,55,66,74,80,92,97,99,97,83,70,56,43,10,12,9,9,8,7
0,0,0,0,7,10,12,11,53,68,73,82,94,102,106,104,88,72,57,47,12,12,12,8,8,8
0,0,0,13,12,23,37,21,60,73,72,86,103,118,123,114,92,73,61,46,13,13,13,9,8,8
7,6,6,11,13,23,47,47,62,77,87,93,111,140,135,121,99,81,65,56,34,14,12,12,13,13
12,14,16,30,30,52,53,55,65,71,85,101,128,146,142,127,112,92,74,59,54,53,48,26,28,19
13,20,23,35,33,54,56,55,62,71,81,107,139,144,143,128,108,90,71,61,52,40,38,15,22,13
11,22,27,30,28,50,53,51,60,70,87,130,147,156,150,143,111,87,66,54,42,36,34,26,28,25
25,38,45,50,50,55,55,54,64,74,92,111,133,145,146,131,115,87,74,64,55,50,41,28,33,25
37,50,51,53,52,54,53,52,62,76,92,110,123,139,132,115,97,84,68,60,54,52,43,20,28,14
16,52,53,54,53,55,50,51,61,77,95,113,119,136,125,110,89,82,68,56,53,50,40,25,30,18
52,57,55,54,53,56,57,53,64,79,95,106,117,124,120,102,83,67,63,57,50,43,28,17,23,13
56,62,53,52,52,54,50,50,62,77,96,101,113,116,109,93,75,62,50,51,32,20,15,12,12,11
56,66,54,52,51,52,51,50,60,80,89,93,100,103,95,82,67,59,54,22,20,9,0,0,0,9
48,56,53,51,41,52,51,40,56,72,81,88,92,94,86,71,62,55,52,14,7,9,0,0,6,7
37,51,48,23,19,27,41,29,55,68,74,80,89,82,79,66,58,55,43,15,6,9,7,6,6,6
12,48,21,13,14,20,27,14,53,65,74,80,80,80,69,60,52,41,23,12,0,0,0,0,0,0
13,21,21,21,12,15,17,27,51,62,67,74,79,83,67,57,52,41,26,14,9,0,0,0,0,0
11,20,13,14,12,15,15,12,57,68,72,78,79,74,66,59,54,50,35,13,9,6,0,0,0,0
9,18,21,14,11,14,14,10,56,71,73,78,78,66,61,60,52,52,15,11,8,6,0,0,0,0
8,28,14,14,10,13,12,6,55,82,69,71,71,64,59,56,51,17,17,11,8,0,0,0,0,0
10,25,13,12,10,11,9,0,47,62,64,68,67,63,64,63,52,35,13,11,8,0,0,0,0,0
9,32,14,10,10,11,10,0,14,54,57,62,67,63,68,60,38,27,13,13,8,8,5,0,0,5
0,25,14,9,8,11,10,6,11,52,59,64,68,61,59,50,19,17,13,8,6,0,0,0,5,0
0,13,9,10,0,8,7,0,0,28,51,59,62,59,54,21,16,12,12,6,0,0,5,0,7,0
6,9,14,14,10,28,45,40,59,77,89,107,133,124,116,103,79,62,57,52,14,9,7,7,0,12
8,7,12,17,22,53,51,51,60,75,74,89,116,122,124,111,85,65,55,41,9,10,7,0,0,0
7,12,24,21,31,55,55,58,57,63,79,96,113,118,122,107,82,64,60,57,15,6,7,6,9,10
10,10,28,36,40,58,55,27,70,82,84,96,115,122,126,120,102,84,56,45,12,14,14,12,13,13
9,17,52,52,58,50,69,71,79,87,82,86,103,131,148,125,94,73,62,59,54,37,28,13,14,14
13,14,29,27,57,73,83,70,74,77,68,71,112,143,147,131,104,87,101,87,54,44,25,15,17,11
12,11,10,50,59,100,97,63,60,65,76,92,122,141,163,143,108,79,93,77,45,13,10,7,11,11
0,0,11,13,59,112,110,52,53,67,92,104,127,147,168,148,125,90,69,61,50,37,19,10,0,13
0,0,10,12,17,73,58,12,19,73,87,96,127,142,145,137,119,88,65,54,34,28,13,10,11,10
0,9,0,11,9,22,12,0,50,60,79,96,122,134,133,126,108,81,61,52,14,12,11,9,9,11
0,8,9,10,8,8,0,0,25,59,70,85,113,124,121,112,91,75,57,46,13,12,9,7,6,6
8,8,12,11,11,10,10,0,38,60,67,82,105,121,117,108,88,69,56,44,14,11,11,8,9,8
7,8,9,0,0,14,12,0,50,60,68,86,103,118,114,106,85,65,55,47,12,12,10,8,8,0
0,0,0,0,0,0,0,0,18,53,65,72,88,97,98,90,70,52,22,10,0,0,0,0,0,0
0,0,9,8,0,0,0,0,44,59,67,76,91,101,101,101,81,66,53,39,19,13,11,7,9,6
0,10,11,8,11,0,11,6,51,63,74,80,90,103,99,96,81,65,55,33,11,10,9,7,6,0
0,8,0,9,7,11,8,12,55,66,74,80,92,97,99,97,83,70,56,43,10,12,9,9,8,7
0,0,0,0,7,10,12,11,53,68,73,82,94,102,106,104,88,72,57,47,12,12,12,8,8,8
0,0,0,13,12,23,37,21,60,73,72,86,103,118,123,114,92,73,61,46,13,13,13,9,8,8
7,6,6,11,13,23,47,47,62,77,87,93,111,140,135,121,99,81,65,56,34,14,12,12,13,13
12,14,16,30,30,52,53,55,65,71,85,101,128,146,142,127,112,92,74,59,54,53,48,26,28,19
13,20,23,35,33,54,56,55,62,71,81,107,139,144,143,128,108,90,71,61,52,40,38,15,22,13
11,22,27,30,28,50,53,51,60,70,87,130,147,156,150,143,111,87,66,54,42,36,34,26,28,25
25,38,45,50,50,55,55,54,64,74,92,111,133,145,146,131,115,87,74,64,55,50,41,28,33,25
37,50,51,53,52,54,53,52,62,76,92,110,123,139,132,115,97,84,68,60,54,52,43,20,28,14
16,52,53,54,53,55,50,51,61,77,95,113,119,136,125,110,89,82,68,56,53,50,40,25,30,18
52,57,55,54,53,56,57,53,64,79,95,106,117,124,120,102,83,67,63,57,50,43,28,17,23,13
56,62,53,52,52,54,50,50,62,77,96,101,113,116,109,93,75,62,50,51,32,20,15,12,12,11
56,66,54,52,51,52,51,50,60,80,89,93,100,103,95,82,67,59,54,22,20,9,0,0,0,9
48,56,53,51,41,52,51,40,56,72,81,88,92,94,86,71,62,55,52,14,7,9,0,0,6,7
37,51,48,23,19,27,41,29,55,68,74,80,89,82,79,66,58,55,43,15,6,9,7,6,6,6
12,48,21,13,14,20,27,14,53,65,74,80,80,80,69,60,52,41,23,12,0,0,0,0,0,0
13,21,21,21,12,15,17,27,51,62,67,74,79,83,67,57,52,41,26,14,9,0,0,0,0,0
11,20,13,14,12,15,15,12,57,68,72,78,79,74,66,59,54,50,35,13,9,6,0,0,0,0
9,18,21,14,11,14,14,10,56,71,73,78,78,66,61,60,52,52,15,11,8,6,0,0,0,0
8,28,14,14,10,13,12,6,55,82,69,71,71,64,59,56,51,17,17,11,8,0,0,0,0,0
10,25,13,12,10,11,9,0,47,62,64,68,67,63,64,63,52,35,13,11,8,0,0,0,0,0
9,32,14,10,10,11,10,0,14,54,57,62,67,63,68,60,38,27,13,13,8,8,5,0,0,5
0,25,14,9,8,11,10,6,11,52,59,64,68,61,59,50,19,17,13,8,6,0,0,0,5,0
0,13,9,10,0,8,7,0,0,28,51,59,62,59,54,21,16,12,12,6,0,0,5,0,7,0
6,9,14,14,10,27,42,36,59,77,90,108,133,126,117,102,79,62,58,52,19,9,7,6,0,12
9,7,12,17,25,53,51,51,59,75,75,89,116,123,125,110,86,65,55,50,9,11,7,0,0,0
7,13,23,20,33,55,55,58,57,63,79,96,114,119,123,107,82,64,60,56,17,7,7,6,9,10
10,10,30,35,42,58,54,31,70,82,85,97,116,121,126,120,102,82,57,43,11,14,14,12,13,13
9,19,52,52,58,50,68,71,79,87,82,86,103,132,148,125,94,72,62,59,54,39,25,13,15,14
13,14,27,27,58,73,83,69,74,76,68,71,113,143,146,131,104,86,100,86,53,41,23,17,17,11
12,11,10,50,60,99,95,64,61,65,76,93,122,140,163,143,108,79,92,76,45,13,10,7,11,10
8,7,11,13,59,112,110,50,54,66,93,103,127,147,166,147,124,89,68,60,50,35,19,10,0,12
7,0,10,12,22,73,58,12,21,71,87,96,127,143,145,136,118,87,64,54,25,31,13,10,11,10
0,9,7,12,9,22,12,0,50,60,80,96,123,133,132,125,108,79,61,52,14,12,10,9,9,11
0,8,10,9,8,8,0,0,33,59,69,85,113,124,122,111,91,74,56,40,13,12,9,0,6,6
9,9,13,11,11,10,10,0,38,60,67,83,106,123,117,108,87,68,56,38,14,12,11,8,9,8
7,8,9,0,0,14,11,0,50,60,68,87,104,119,114,106,85,65,56,50,11,13,9,8,7,0
0,0,0,0,0,0,0,0,18,53,67,72,88,98,99,90,69,52,20,10,0,0,0,0,0,0
0,0,8,8,0,0,0,0,46,59,68,76,91,103,101,101,80,65,54,39,19,12,11,7,8,6
0,10,11,8,11,0,11,7,52,63,74,83,91,104,100,96,81,64,56,36,10,10,9,7,0,0
0,8,0,8,7,11,9,12,56,67,74,81,93,99,100,97,83,69,56,38,10,11,9,8,8,7
0,0,0,0,8,10,12,11,54,67,74,83,94,103,106,103,88,71,57,40,12,12,12,8,8,8
6,0,0,12,13,21,40,23,60,72,72,87,103,118,123,113,92,72,60,46,13,13,13,9,7,9
7,6,7,12,13,23,40,47,63,77,86,94,111,140,134,119,98,80,65,55,32,14,12,11,13,13
12,14,20,28,32,51,53,55,65,71,84,102,128,146,142,127,111,91,74,58,54,53,46,25,25,19
13,23,25,38,37,54,56,55,62,70,83,108,139,144,141,127,107,89,71,61,52,38,36,14,20,14
11,23,27,31,29,50,53,51,60,69,87,129,148,157,150,142,109,85,66,54,41,35,34,26,28,26
25,39,47,50,50,55,55,53,64,74,91,113,134,145,146,130,114,86,73,64,55,50,38,27,33,26
41,51,51,53,51,54,53,53,62,76,92,110,123,138,132,114,97,84,67,59,54,51,39,23,28,14
21,52,53,53,53,55,51,51,61,77,95,113,120,135,125,109,89,81,68,57,53,51,38,23,28,16
52,57,56,53,53,56,57,53,64,79,96,107,116,125,120,101,82,67,63,56,50,39,26,19,19,13
56,63,53,51,52,54,50,50,62,77,96,100,113,116,109,93,75,61,50,51,30,20,14,12,12,11
57,66,54,52,50,52,51,50,59,80,90,93,100,102,96,82,67,58,54,25,20,9,0,0,0,9
50,56,53,50,41,51,51,40,56,72,81,89,92,94,86,71,62,54,52,14,7,9,0,0,6,7
35,52,48,25,21,30,38,33,55,68,74,80,89,82,79,66,59,54,45,15,6,9,7,6,6,6
12,46,21,13,14,22,30,14,53,65,74,80,80,80,68,59,52,36,26,12,0,0,0,0,0,0
13,22,22,22,13,15,19,25,52,62,68,75,80,83,67,58,52,38,28,14,8,0,0,0,0,0
12,20,14,14,12,14,14,12,57,68,73,78,79,74,66,59,54,50,35,14,9,7,0,0,0,0
9,18,21,14,12,13,14,10,56,71,73,78,79,67,61,59,51,51,21,11,8,6,0,0,0,0
9,28,19,14,10,13,12,7,55,82,70,72,71,65,59,56,51,14,19,11,8,0,0,0,0,0
10,26,13,12,11,11,8,0,47,62,64,68,68,63,64,63,52,32,13,11,9,0,0,0,0,0
10,32,14,11,10,11,10,0,14,53,57,63,67,63,67,59,37,25,13,12,8,8,5,0,0,0
0,26,14,10,9,11,10,6,12,51,59,64,68,61,59,50,17,15,14,8,6,0,0,0,4,0
0,14,10,10,0,8,7,0,0,26,51,59,62,59,54,23,15,11,12,6,0,0,5,0,7,0
6,9,14,14,10,28,40,36,59,77,90,108,134,126,117,103,79,62,58,52,21,9,7,7,0,13
9,8,12,17,25,52,51,51,59,75,75,90,117,124,125,110,85,65,55,50,9,11,7,0,0,0
7,13,24,17,33,55,55,58,57,63,79,96,115,120,123,107,81,64,60,56,17,7,7,6,9,10
10,10,30,34,40,57,54,29,70,82,85,97,116,122,125,120,103,82,57,40,11,14,14,12,13,13
9,19,52,52,58,47,68,70,78,87,82,86,103,132,147,125,93,72,62,59,54,39,26,13,15,15
13,14,31,25,58,73,82,69,74,76,68,71,112,143,146,131,104,86,101,86,54,38,25,17,17,11
13,11,10,50,60,98,95,64,60,65,76,92,122,141,160,143,109,79,91,76,47,13,10,7,11,10
7,7,11,13,59,111,110,50,54,66,92,103,127,147,167,147,124,89,69,61,50,30,19,10,0,12
7,0,9,12,22,72,56,12,21,72,88,96,127,143,145,136,118,88,64,55,25,34,13,10,11,10
0,9,7,12,9,22,13,0,50,60,80,96,123,133,133,125,108,79,62,53,14,12,10,9,9,11
0,8,10,9,8,8,0,0,33,59,69,85,113,124,122,112,91,72,57,43,13,12,9,0,0,6
9,9,13,11,11,10,10,0,38,60,67,82,106,122,117,108,87,68,56,44,14,12,11,8,8,9
7,8,9,0,0,14,11,0,50,59,68,86,104,120,113,106,84,65,56,50,11,13,9,8,7,0
0,0,0,0,0,0,0,0,18,53,66,71,88,98,98,89,69,52,20,10,0,0,0,0,0,0
0,0,8,8,0,0,0,0,46,59,68,76,91,103,101,100,81,65,54,41,17,12,11,7,8,6
0,10,11,8,10,0,11,7,53,64,74,82,91,104,99,95,80,63,56,38,10,10,9,7,0,0
0,9,0,8,6,11,9,13,56,66,74,81,93,98,98,97,82,68,55,43,10,11,10,8,8,7
0,0,0,0,8,10,13,12,54,67,74,82,93,103,106,102,87,71,57,43,12,12,12,8,8,8
7,0,0,12,12,21,40,25,60,72,72,86,103,118,124,112,91,72,60,48,13,13,13,9,7,9
7,6,7,12,14,23,40,50,63,77,86,95,110,141,134,119,97,80,65,55,32,15,12,11,13,13
12,14,18,28,32,51,53,55,65,71,84,101,128,147,142,128,110,91,73,58,54,53,48,26,23,19
13,23,25,36,39,54,56,55,61,70,82,108,139,145,141,127,106,89,71,61,52,34,36,14,17,14
11,23,27,30,29,50,53,51,60,70,88,129,149,157,150,142,109,85,66,55,41,35,34,26,28,26
25,40,47,50,50,55,55,53,64,74,92,113,134,145,146,130,112,86,74,64,55,50,38,27,31,26
42,51,51,52,52,54,53,52,62,76,92,109,123,139,132,114,97,84,67,59,54,51,43,26,28,14
21,52,53,53,53,55,51,51,61,77,95,114,120,136,124,108,89,81,68,57,53,51,40,23,25,16
52,57,56,53,53,56,57,53,64,79,96,108,116,125,118,101,82,67,63,57,50,35,25,19,19,13
57,63,53,51,51,54,50,50,62,77,96,101,112,115,109,92,75,62,50,51,32,20,14,11,12,12
57,66,54,52,50,52,51,50,59,79,90,93,100,103,96,83,67,58,54,27,20,9,0,0,0,10
50,56,53,50,41,51,51,43,56,72,81,88,92,95,86,71,62,54,52,14,7,9,0,0,6,8
35,52,48,25,23,30,41,33,55,68,74,80,88,82,79,66,59,54,47,17,7,9,7,6,6,6
12,45,23,13,14,20,30,14,53,65,74,80,80,80,68,59,53,32,29,12,0,0,0,0,0,0
13,21,24,22,13,15,20,25,52,62,67,75,80,83,67,58,51,37,30,15,8,0,0,0,0,0
12,21,14,14,12,14,14,12,57,68,73,78,80,74,66,59,54,50,37,14,9,7,0,0,0,0
10,18,23,14,11,13,14,10,56,71,73,78,79,66,61,60,52,51,23,11,8,6,0,0,0,0
9,30,21,14,10,13,12,7,55,82,70,72,71,65,59,56,50,15,17,11,8,0,0,0,0,0
10,26,13,12,11,11,8,0,50,62,64,68,67,63,64,62,52,35,14,11,9,0,0,0,0,0
10,32,14,11,10,11,10,0,15,53,57,63,67,64,67,58,40,22,13,12,8,8,5,0,0,5
0,26,14,10,8,11,10,6,12,51,59,64,68,61,59,50,17,15,14,8,6,0,0,0,4,0
0,14,10,10,0,8,7,0,0,23,51,59,62,59,54,23,14,11,12,6,0,0,5,0,7,0
6,9,14,14,10,27,40,43,59,77,90,107,133,127,118,102,79,62,58,52,21,8,7,7,0,12
9,8,12,17,25,52,52,52,60,75,75,90,117,124,125,110,86,65,55,50,9,11,7,0,0,0
7,13,23,17,31,55,55,58,58,63,78,96,115,120,123,106,82,64,59,56,15,7,7,6,9,9
10,10,27,35,42,57,54,31,70,82,85,96,116,122,125,120,104,82,57,43,11,14,13,12,13,12
9,20,52,52,58,42,69,71,79,87,82,86,104,132,147,125,94,72,62,59,54,41,26,13,15,15
13,15,31,25,57,73,82,70,74,77,67,71,112,143,146,131,105,86,102,86,54,38,23,15,15,10
13,11,10,50,60,98,95,64,60,64,75,92,121,142,159,143,109,79,91,76,45,13,10,7,11,0
8,7,11,13,58,111,109,50,54,66,92,103,128,147,166,147,124,89,68,60,50,27,19,10,8,12
7,0,9,12,20,72,56,12,21,71,87,96,127,144,145,136,118,88,63,55,28,28,12,10,11,9
0,9,7,12,9,20,13,0,50,60,79,97,123,133,133,125,109,79,61,52,14,12,11,9,9,11
0,8,9,10,8,8,0,0,33,59,69,84,113,124,122,112,92,72,56,43,13,11,9,7,6,6
9,10,12,11,11,9,10,5,36,60,67,82,107,123,117,108,87,68,56,44,14,11,11,7,8,9
8,8,9,0,0,13,11,0,50,59,68,86,104,120,113,106,84,65,56,50,11,13,10,8,7,0
0,0,0,0,0,0,0,0,18,53,66,70,87,98,98,89,70,51,22,10,0,0,0,0,0,0
0,0,8,8,0,0,6,0,46,59,68,76,91,103,100,100,81,64,54,41,17,12,11,7,8,6
0,10,11,7,10,0,11,8,53,64,73,82,91,105,98,95,80,63,56,36,10,10,9,7,0,0
0,9,0,8,7,10,9,13,56,66,74,81,93,98,98,97,82,68,55,43,10,11,10,8,8,7
0,0,0,0,8,10,13,12,54,67,73,82,93,104,106,102,88,71,57,40,12,12,12,8,8,8
7,0,0,12,12,18,40,25,60,72,72,86,103,119,123,112,92,72,60,48,13,13,13,9,7,9
7,6,7,11,13,21,40,50,63,76,86,95,110,141,134,118,97,80,65,55,30,14,11,11,13,14
12,14,18,30,32,51,53,54,65,71,84,101,128,147,141,128,110,91,73,58,54,53,48,25,20,19
13,25,23,36,41,53,56,55,61,70,82,108,138,146,140,126,107,88,71,61,52,36,36,14,17,14
12,24,27,29,29,48,53,51,60,69,87,129,148,158,149,141,109,85,66,54,40,34,35,26,28,26
25,41,47,50,50,55,55,53,64,73,91,113,134,144,146,130,112,85,74,64,55,50,40,28,31,26
42,51,52,53,52,53,53,53,62,76,92,109,123,140,131,115,97,83,66,59,54,50,43,26,26,14
21,52,53,53,53,55,51,51,61,77,95,114,120,136,124,108,89,81,68,57,52,50,40,23,22,18
53,57,56,53,53,55,56,53,64,79,95,108,117,125,118,100,82,67,63,57,50,37,26,19,17,14
57,63,53,51,52,54,50,50,62,77,96,100,113,115,108,92,75,62,50,50,30,18,15,11,12,12
57,67,54,52,50,52,51,50,59,79,90,92,100,103,96,82,68,58,54,27,20,9,0,0,0,9
50,57,53,50,41,51,51,43,56,72,81,88,93,95,86,70,62,54,52,15,7,9,0,0,6,8
37,52,46,25,23,30,41,33,54,68,73,80,88,82,79,67,59,54,47,17,7,9,7,6,6,6
13,45,25,13,14,20,29,14,53,64,74,80,80,80,68,59,53,30,29,13,0,0,0,0,0,0
13,22,24,23,13,15,22,27,52,62,68,74,79,83,67,58,51,36,29,15,8,0,0,0,0,0
12,21,14,13,12,14,15,13,57,68,73,77,80,75,66,59,54,47,42,14,9,7,0,0,0,0
10,18,23,13,11,13,14,11,56,71,73,78,79,67,61,60,52,51,21,10,8,6,0,0,0,0
9,30,21,14,10,13,12,7,55,82,70,72,71,65,59,56,51,14,17,12,8,0,0,0,0,0
10,26,13,12,11,11,8,0,50,62,64,68,67,63,63,62,52,32,14,11,8,0,0,0,0,0
10,32,14,11,10,11,10,0,16,53,57,63,67,64,67,58,40,22,13,12,8,7,4,0,0,5
0,26,14,10,9,11,10,6,12,51,59,64,67,62,59,50,19,14,14,8,6,0,0,0,0,0
0,15,10,10,0,8,7,0,0,22,51,59,62,60,54,22,16,11,12,6,0,0,5,0,7,0
6,9,14,14,10,28,37,43,59,77,89,107,133,127,117,102,79,63,58,53,21,8,7,7,0,13
9,8,12,17,25,52,51,52,60,76,75,90,118,124,125,110,85,65,55,50,9,10,6,0,0,0
7,13,23,17,31,55,55,58,58,63,78,96,114,120,123,107,82,64,59,57,15,7,7,6,9,9
10,10,27,35,42,57,54,31,70,82,85,96,116,123,125,121,104,83,57,43,11,14,14,12,13,13
9,20,52,52,58,42,68,70,79,87,81,86,103,132,147,125,93,72,62,59,54,41,25,13,16,17
13,14,31,23,57,73,82,70,74,77,67,72,112,143,146,132,104,87,101,86,53,38,18,17,14,11
12,11,10,50,58,98,94,64,60,65,75,92,121,142,158,143,109,79,91,75,47,13,10,8,10,6
7,0,12,13,58,110,109,51,55,66,92,103,127,147,167,148,124,88,68,60,50,27,17,10,8,13
0,0,9,12,20,71,56,12,23,72,87,97,126,143,145,136,118,88,64,55,28,25,12,10,11,10
0,8,7,11,9,22,12,0,50,60,79,97,123,133,133,125,109,79,61,52,14,12,11,9,9,12
0,8,9,9,8,8,0,0,36,60,69,86,113,125,122,112,91,73,56,46,13,11,9,7,6,7
9,9,12,11,11,10,10,0,36,61,67,83,106,123,116,108,87,67,56,41,14,11,11,8,8,8
8,8,9,0,0,14,10,0,50,60,68,86,104,119,112,106,84,65,56,50,11,12,10,8,7,0
0,0,0,0,0,0,0,0,18,54,66,72,87,98,98,89,69,51,22,10,0,0,0,0,0,0
0,0,8,8,0,0,6,0,47,59,68,76,91,103,100,100,81,64,54,41,17,12,11,8,8,7
0,10,11,7,11,0,11,9,54,64,73,82,90,105,98,94,79,62,56,38,10,10,9,7,0,0
0,9,0,8,7,11,9,13,56,67,74,80,92,98,98,96,83,69,55,43,10,11,9,8,8,7
0,0,0,0,7,10,13,12,54,68,73,82,93,104,106,101,88,71,57,40,12,12,12,8,8,8
6,0,0,12,12,20,37,25,60,72,72,86,102,118,123,112,91,72,60,48,12,13,13,10,7,9
7,6,7,11,13,23,40,50,63,77,86,94,110,140,134,119,97,80,65,55,30,14,11,11,13,14
12,14,20,28,28,51,53,54,65,71,84,100,128,147,142,127,110,90,73,59,54,53,48,28,18,20
13,23,22,33,41,53,56,55,61,70,82,108,138,145,140,126,105,87,71,61,52,34,36,14,16,14
12,23,27,30,29,48,53,51,60,70,87,129,148,157,149,141,109,85,66,54,41,33,35,26,27,27
25,41,45,50,51,55,55,54,64,73,92,111,134,144,146,129,112,85,73,64,55,48,40,28,30,25
42,50,51,53,52,53,52,52,62,76,92,109,123,140,130,114,97,83,67,59,54,51,47,25,25,14
21,52,53,53,53,55,51,51,62,77,95,114,119,136,123,107,89,81,68,57,52,50,40,21,22,20
52,57,56,53,53,55,56,53,65,79,95,107,117,125,116,99,82,67,63,57,50,33,28,19,15,14
56,63,53,51,51,54,50,50,62,77,96,100,114,115,108,92,75,62,50,50,32,16,15,11,12,11
57,67,54,52,50,52,50,51,60,79,90,93,100,102,96,82,67,58,54,25,20,9,0,0,0,9
50,57,53,50,43,51,51,43,56,73,81,88,92,95,86,70,62,54,52,14,7,9,0,0,5,7
37,52,46,25,23,32,41,33,55,68,73,80,88,82,78,66,58,54,47,17,6,9,7,6,6,6
13,46,23,13,14,20,29,14,53,65,74,80,80,79,69,58,53,28,28,13,0,0,0,0,0,0
13,21,23,22,13,14,20,27,52,62,67,74,79,83,67,58,51,35,28,14,8,0,0,0,0,0
12,21,14,13,12,14,14,13,57,68,73,78,79,74,66,59,54,47,42,13,10,7,0,0,0,0
10,18,21,13,11,13,14,11,56,72,73,78,78,67,61,60,52,51,21,10,8,6,0,0,0,0
9,30,19,14,10,13,12,7,55,82,69,73,71,65,59,56,50,14,17,12,8,0,0,0,0,0
10,26,13,12,11,11,8,0,50,62,63,68,67,63,63,62,52,35,14,11,8,0,0,0,0,0
10,32,14,11,10,11,10,0,16,54,57,63,67,64,67,59,40,22,13,12,8,7,4,0,0,5
0,25,14,10,9,11,10,6,12,51,59,64,67,62,59,50,20,14,14,8,6,0,0,0,0,0
0,14,10,10,0,8,7,0,5,26,51,58,62,60,54,22,17,11,12,6,0,0,5,0,6,0
6,9,14,14,10,28,37,47,59,77,89,108,133,127,117,101,79,62,58,53,17,8,6,7,0,13
9,8,12,17,23,52,51,52,60,76,75,90,118,123,126,111,85,65,55,50,9,10,6,0,0,0
7,13,23,17,31,55,55,58,58,63,79,96,114,119,123,107,82,64,60,57,14,7,6,6,9,10
10,10,27,34,42,57,53,29,70,82,84,96,116,123,125,120,104,83,57,45,11,14,13,12,13,13
9,19,52,52,58,40,68,70,79,87,81,86,104,132,147,125,94,72,62,59,54,41,22,14,16,17
13,14,33,21,57,72,81,70,74,77,67,72,112,143,147,131,105,86,101,86,53,38,15,15,14,11
12,11,10,50,58,97,93,63,60,65,75,92,121,142,159,143,108,78,92,75,45,13,9,7,10,7
7,0,12,13,58,110,109,52,55,66,92,103,127,147,169,148,124,89,69,60,50,25,17,10,8,13
0,0,10,12,17,70,55,13,23,72,87,97,127,143,145,136,119,89,64,55,28,25,12,10,11,10
0,8,0,11,9,22,12,0,50,60,78,98,123,134,133,125,109,79,62,53,14,12,11,9,9,12
0,8,9,9,8,9,0,0,36,60,69,86,113,125,121,112,91,74,56,50,13,11,9,8,6,7
9,9,12,11,11,10,9,6,33,61,67,83,106,123,116,108,88,67,56,44,13,11,11,8,8,8
8,8,9,0,0,14,10,0,50,60,68,87,103,120,111,106,84,65,56,50,11,12,9,8,7,0
0,0,0,0,0,0,0,0,20,54,66,72,87,98,97,89,70,52,22,10,0,0,0,0,0,0
0,0,8,8,0,0,7,0,45,59,68,76,90,103,100,100,81,65,53,42,19,12,11,8,8,7
0,10,11,7,11,0,11,8,53,64,73,81,90,105,97,94,79,63,56,41,10,9,9,8,6,6
0,9,0,8,7,10,9,13,56,66,74,80,91,98,97,96,82,69,54,45,10,11,9,8,8,7
0,0,0,0,7,10,12,12,54,68,73,82,93,103,105,102,88,71,58,40,12,12,11,8,8,8
6,0,0,12,12,20,37,23,60,72,72,86,102,119,123,112,91,72,60,46,12,13,12,10,7,9
6,6,7,11,13,23,45,50,62,77,86,94,110,140,134,119,97,80,65,55,26,13,10,12,13,14
12,14,20,30,26,51,53,54,65,71,83,100,128,147,141,127,110,90,73,59,53,52,46,30,20,22
13,25,22,31,41,53,55,55,62,70,81,109,138,146,140,126,105,87,70,60,52,34,34,14,17,14
12,23,27,30,29,49,53,51,60,70,86,129,148,157,150,141,109,85,66,53,41,33,34,26,28,28
25,41,46,50,51,55,54,54,64,74,92,111,133,144,145,129,112,85,73,63,55,48,38,29,31,26
42,50,51,52,51,53,52,52,62,76,92,110,123,140,130,114,96,83,67,59,54,50,43,25,25,15
21,52,53,53,53,55,51,52,62,77,95,114,120,136,122,107,89,81,68,57,52,47,38,25,22,23
52,57,56,53,53,55,55,53,64,80,95,107,118,126,116,99,82,67,64,56,50,33,26,19,17,14
57,63,54,51,51,54,50,50,62,77,95,101,114,115,108,92,76,62,50,50,32,15,14,12,12,12
57,67,54,52,50,52,50,51,60,80,90,93,100,102,95,82,68,59,54,25,18,9,0,0,0,10
48,57,53,50,41,51,51,45,57,72,81,88,92,95,85,70,62,55,52,14,7,9,0,0,6,8
37,52,46,29,23,32,38,35,55,68,73,80,88,81,78,66,58,54,47,19,6,9,6,6,6,6
12,46,25,13,14,20,27,14,54,65,74,80,80,80,69,58,53,30,28,13,0,0,0,0,0,0
13,22,23,22,12,14,19,28,52,62,67,73,79,83,67,57,51,35,29,14,8,0,0,0,0,0
12,21,14,13,12,14,14,14,57,68,72,78,79,74,66,59,54,47,45,14,9,6,0,0,0,0
10,20,23,13,11,14,14,11,56,72,73,78,78,67,61,60,52,52,21,11,8,6,0,0,0,0
9,28,19,14,10,13,11,7,55,82,69,72,72,65,59,56,50,15,17,12,8,0,0,0,0,0
10,26,13,12,11,11,8,0,50,62,63,68,66,63,63,62,52,32,14,11,8,0,0,0,0,0
10,33,14,11,10,11,9,0,20,53,57,63,66,64,67,58,38,23,14,12,8,7,4,0,0,5
0,26,14,10,9,11,9,7,12,51,58,64,67,62,59,50,20,15,14,8,6,0,0,0,0,0
0,15,10,10,0,8,7,0,5,26,51,58,62,60,54,21,19,11,12,6,0,0,5,0,6,0
6,9,14,14,10,28,40,45,60,77,89,108,133,128,117,101,80,62,58,52,17,8,6,7,0,13
9,7,12,18,23,52,51,52,60,76,74,90,118,124,126,111,86,64,55,50,9,10,6,0,0,0
7,13,23,18,33,55,55,58,58,63,79,96,114,119,123,108,82,64,59,57,14,0,6,6,9,10
10,10,26,34,42,57,53,31,71,82,85,96,116,124,126,121,103,83,57,45,11,13,13,12,13,13
9,17,52,52,58,40,68,71,79,87,81,86,104,132,148,125,95,71,61,58,53,37,20,13,16,15
13,14,27,23,58,73,81,70,74,77,67,72,113,144,147,131,103,86,100,86,53,38,14,15,14,12
13,12,10,50,59,97,93,63,60,66,75,93,121,142,160,142,108,78,92,75,40,13,10,7,10,7
8,7,12,13,58,110,109,52,55,67,93,104,127,148,170,148,124,88,68,60,50,30,17,10,0,13
7,0,10,12,17,70,56,12,25,73,87,97,126,143,145,136,118,87,64,55,25,25,12,10,11,10
0,8,0,11,9,17,12,0,50,61,79,98,123,134,133,124,109,78,61,53,14,12,10,9,9,12
0,8,9,9,8,9,0,0,38,61,69,86,113,126,122,111,91,74,56,46,12,12,9,8,6,7
8,9,12,11,11,10,9,6,33,62,67,84,106,123,117,108,88,67,56,41,13,11,11,8,8,8
8,8,9,0,0,14,11,0,50,61,69,87,104,120,113,106,84,65,56,42,11,11,9,7,7,6
0,0,0,0,0,0,0,0,20,55,66,72,88,98,98,89,70,52,22,10,0,0,0,0,0,0
0,0,8,8,0,0,8,6,45,59,68,77,91,103,100,101,81,64,53,42,17,12,11,8,8,8
0,10,11,8,12,0,11,9,54,63,72,81,90,105,98,95,80,64,56,41,10,10,9,8,6,0
0,9,0,8,7,10,9,13,56,67,74,81,92,99,99,96,83,69,55,45,10,11,9,8,8,7
0,0,0,0,7,10,12,12,54,68,74,83,93,104,105,103,88,71,57,38,12,12,11,8,8,8
0,0,0,12,12,20,37,21,61,72,71,86,102,119,122,113,91,72,59,44,12,13,12,10,7,9
6,6,7,11,13,23,47,50,62,77,86,94,111,140,133,117,97,80,64,55,25,13,10,11,13,14
12,14,20,30,26,51,53,54,65,71,83,100,128,147,142,127,110,90,73,58,53,52,44,28,20,22
13,25,22,31,39,54,55,55,62,70,82,109,138,144,139,126,105,87,70,60,51,34,32,14,19,14
12,23,27,30,29,49,53,51,60,70,86,130,147,157,150,141,109,84,66,53,40,33,34,26,28,29
25,41,45,50,51,55,54,54,64,75,92,111,132,144,145,128,112,84,72,63,54,48,38,28,31,26
42,50,51,53,51,53,52,53,62,76,92,110,122,138,130,114,96,83,67,59,54,50,41,21,26,16
23,52,53,53,53,55,51,52,62,77,94,114,119,136,124,107,90,80,68,57,52,47,38,21,25,23
52,58,56,53,53,55,55,53,64,80,95,106,117,126,118,100,82,67,63,56,50,31,26,15,15,14
57,63,53,51,51,54,50,50,62,77,95,101,113,115,108,92,75,62,51,50,30,14,14,13,12,12
57,67,54,52,50,52,50,51,60,80,90,93,100,102,95,82,68,59,54,20,18,8,0,0,0,10
50,57,53,51,43,51,51,43,57,73,81,88,92,95,86,70,62,55,52,14,7,9,0,0,6,8
37,52,46,29,21,35,38,33,55,68,73,80,89,82,78,67,59,54,45,15,0,8,6,6,6,7
12,46,23,13,14,22,29,14,54,65,74,80,80,80,69,59,53,35,26,13,0,0,0,0,0,0
13,22,22,23,13,14,17,28,51,62,67,74,80,83,67,57,52,37,27,14,8,0,0,0,0,0
12,21,14,14,13,14,14,14,58,68,72,78,79,74,66,59,54,47,42,13,9,6,0,0,0,0
10,20,21,14,12,14,14,11,56,72,73,78,78,68,62,61,52,51,19,10,8,6,0,0,0,0
9,28,17,14,10,13,12,7,55,83,69,72,72,65,59,56,51,14,19,12,7,0,0,0,0,0
10,26,13,12,11,11,8,0,50,62,63,68,66,63,63,63,52,28,14,11,8,0,0,0,0,0
10,33,14,11,10,11,10,0,19,54,57,63,67,64,67,59,36,23,14,12,7,7,4,0,0,5
0,26,14,10,9,11,10,6,12,51,58,64,68,62,59,50,20,15,13,8,6,0,0,0,5,0
0,14,10,10,0,8,7,0,6,28,51,58,62,60,55,20,19,10,12,6,0,0,5,0,6,0
6,9,14,14,10,28,42,43,59,77,89,108,134,127,117,101,79,62,58,52,19,9,6,7,0,12
9,7,12,17,23,53,51,52,60,75,74,90,118,124,126,111,85,64,55,50,9,10,6,0,0,0
8,12,26,18,33,55,55,58,58,64,80,96,114,120,123,108,82,64,59,56,14,6,6,6,9,10
10,10,30,34,39,57,54,33,71,83,85,97,115,124,126,121,103,83,57,45,12,13,13,12,13,13
9,15,52,52,58,40,68,71,79,88,81,86,104,132,150,126,95,71,61,58,53,39,20,13,15,14
13,13,29,25,58,74,81,69,73,77,68,72,113,144,147,131,103,85,99,86,53,41,15,15,14,12
13,12,11,50,60,98,93,63,60,66,76,93,121,142,162,143,108,78,92,75,40,13,9,7,10,11
8,7,13,15,59,110,109,52,55,68,94,105,127,149,172,148,124,88,68,60,50,30,17,10,0,13
7,0,10,12,20,71,55,12,27,75,88,97,127,144,146,136,118,87,65,55,25,25,12,10,11,9
7,8,7,12,10,22,12,0,50,61,80,99,123,135,134,125,108,77,61,54,14,12,10,9,9,11
0,8,9,9,8,9,0,0,38,61,69,87,113,126,122,111,90,74,56,46,12,11,9,8,6,6
8,9,12,11,11,10,10,5,38,62,67,84,107,123,117,108,87,67,56,41,13,11,11,8,9,8
8,8,9,0,0,14,11,0,51,61,69,88,105,121,114,106,84,65,56,42,11,11,9,8,7,0
0,0,0,0,0,0,0,0,22,55,67,73,88,99,99,90,70,52,19,10,0,0,0,0,0,0
0,0,9,9,0,0,8,6,45,59,68,78,92,104,101,101,81,64,53,42,17,12,11,8,9,7
0,10,11,8,12,6,11,9,55,63,74,82,90,105,99,95,80,63,55,44,10,10,9,8,6,0
0,9,0,9,7,11,9,13,56,67,75,81,92,99,99,97,83,69,55,45,10,11,9,8,8,7
0,0,0,0,7,10,12,12,54,68,74,83,93,104,105,104,87,71,57,36,12,12,12,8,8,8
0,0,0,12,12,21,37,17,61,72,72,86,102,118,122,113,91,72,59,42,12,13,12,10,8,9
6,6,7,11,13,21,47,50,62,77,86,94,110,140,132,118,97,79,64,55,25,13,10,11,13,13
13,14,21,30,26,51,53,54,65,71,83,101,128,146,141,127,109,89,72,58,53,52,46,28,20,20
13,25,22,33,39,54,55,55,61,70,82,109,138,144,140,126,105,87,70,59,51,32,34,14,17,14
12,23,27,30,29,50,53,51,60,70,86,129,147,157,150,141,108,84,65,53,41,34,34,26,28,27
23,40,46,50,52,55,55,54,64,75,91,112,132,146,145,129,112,84,72,62,54,48,38,28,33,26
42,50,51,53,52,54,53,52,62,76,93,110,122,138,130,114,96,82,66,59,53,50,39,21,26,16
23,52,53,53,53,55,51,52,62,78,95,114,119,137,124,107,89,79,68,57,52,50,40,23,26,20
52,58,56,53,53,55,56,53,64,79,95,107,116,126,118,100,82,66,63,56,47,33,25,17,14,14
57,63,54,51,51,54,50,50,62,78,95,101,113,116,108,93,75,61,51,47,30,18,14,13,12,12
57,67,55,52,50,52,50,51,60,80,90,93,100,102,95,82,67,59,54,22,20,9,0,0,0,10
50,57,53,50,43,51,51,40,57,73,81,89,92,95,86,70,62,54,52,13,7,9,0,0,6,7
37,51,48,29,21,32,36,33,55,68,74,81,89,82,79,67,58,53,47,17,0,9,6,6,6,6
12,45,23,13,14,22,30,14,54,66,74,81,80,80,69,58,53,36,25,13,0,0,0,0,0,0
13,21,24,23,13,13,17,27,51,63,67,75,80,83,67,57,51,36,29,15,8,0,0,0,0,0
12,21,14,14,13,14,14,13,57,69,73,78,79,74,67,59,54,50,42,13,9,6,0,0,0,0
10,20,23,14,12,14,14,11,56,72,73,78,78,67,62,61,51,51,21,11,8,6,0,0,0,0
9,26,21,14,10,14,12,7,55,83,70,73,72,65,59,56,51,14,19,12,7,0,0,0,0,0
10,26,13,12,11,11,8,0,50,62,63,68,66,64,63,63,52,28,14,10,7,0,0,0,0,0
10,32,15,11,10,11,10,0,17,53,58,63,66,64,67,59,33,22,13,12,7,7,0,0,0,5
0,25,15,10,9,11,10,6,12,51,59,65,68,62,59,50,19,16,13,8,6,0,0,0,5,0
0,14,10,10,0,9,7,0,5,28,51,58,62,60,55,21,16,10,12,6,0,0,5,0,7,0
7,9,14,14,10,27,42,47,59,77,89,107,132,127,117,102,79,62,57,52,19,9,6,7,0,12
9,7,12,17,25,53,51,52,59,75,74,90,117,124,127,111,85,64,54,50,9,10,6,0,0,0
8,12,24,18,33,55,55,58,58,63,80,97,114,119,123,108,82,64,59,56,15,6,7,6,9,10
10,10,30,32,36,57,55,33,71,82,85,97,115,124,127,121,102,83,56,43,12,13,13,12,13,12
9,16,52,52,58,40,68,71,79,88,81,86,104,132,150,126,95,71,61,58,53,37,20,13,14,13
13,14,29,23,58,74,82,69,73,76,69,72,112,144,147,132,103,85,99,85,53,38,18,14,14,12
13,12,11,50,61,99,93,62,60,66,76,93,121,143,162,143,108,78,92,75,42,13,10,7,10,10
8,8,13,19,59,110,108,52,55,67,94,105,128,150,173,149,124,88,68,60,50,32,17,10,8,13
7,0,11,12,20,71,55,12,27,75,88,98,127,144,146,137,119,86,64,55,23,23,12,10,11,9
0,9,7,12,10,28,13,0,50,61,80,99,123,135,134,125,108,78,61,53,14,12,10,9,9,11
0,8,10,9,8,10,0,0,33,61,69,86,113,126,123,111,90,73,56,50,13,11,9,7,6,6
8,9,12,11,11,10,10,5,38,62,67,85,106,123,118,107,87,67,55,41,13,11,11,8,9,8
8,8,9,0,0,14,12,0,51,61,68,88,105,121,114,107,84,65,56,42,11,12,9,8,7,0
0,0,0,0,0,0,0,0,23,55,67,72,88,99,99,90,70,52,20,10,0,0,0,0,0,0
0,0,9,8,0,0,9,6,46,60,69,78,92,104,102,101,81,64,53,42,17,12,11,7,9,7
0,11,11,9,12,0,11,9,54,64,75,82,91,105,99,95,80,63,55,38,10,10,9,8,0,0
0,9,0,9,7,11,9,13,56,67,74,81,92,99,99,97,83,68,55,45,10,11,10,9,8,7
0,0,0,0,7,10,12,12,54,68,74,83,93,104,105,103,86,70,56,36,12,12,12,8,8,8
0,0,0,12,12,21,35,15,61,72,72,86,102,118,121,112,91,71,59,40,12,13,12,10,8,9
6,6,7,11,13,21,50,47,62,77,86,94,110,139,132,116,96,79,64,55,23,13,10,10,13,13
13,14,18,32,28,52,53,54,65,70,83,101,127,145,140,127,109,89,72,58,53,52,46,25,20,22
13,25,23,35,39,54,56,55,61,70,81,108,136,143,139,125,105,87,70,59,51,32,28,14,16,14
12,25,28,29,29,50,53,51,60,70,87,129,147,155,149,140,108,83,65,53,40,32,34,26,28,27
23,39,46,50,51,55,54,53,64,75,91,112,131,145,145,130,111,84,72,62,54,50,38,25,33,26
39,50,51,53,52,54,53,52,62,76,92,110,121,138,130,114,96,83,66,59,53,51,39,21,26,15
23,52,53,53,53,55,51,52,61,77,95,114,119,136,124,107,89,79,68,57,52,50,36,21,25,18
52,57,56,53,53,55,56,53,63,79,95,108,116,126,119,101,82,66,63,56,47,33,26,14,15,14
58,63,54,51,51,54,50,50,62,77,95,101,112,115,108,93,75,61,51,50,28,18,14,13,12,12
58,67,55,52,50,52,51,51,60,80,90,93,99,102,95,82,67,59,54,25,18,9,0,0,0,9
50,57,53,50,45,51,51,40,56,73,82,89,93,95,86,70,62,54,51,13,7,9,0,0,6,7
35,52,50,29,21,32,41,35,55,69,74,81,89,82,79,68,59,53,47,15,0,9,7,6,6,6
12,46,25,13,14,23,32,14,53,66,75,81,80,81,69,59,52,37,23,13,0,0,0,0,0,0
14,23,24,22,13,14,20,26,51,62,68,75,80,83,67,58,51,36,28,15,8,0,0,0,0,0
12,21,14,14,13,15,14,13,57,69,73,78,79,74,67,60,54,50,40,13,9,6,0,0,0,0
10,21,25,14,12,14,15,10,56,72,74,78,78,67,62,61,51,51,19,11,8,6,0,0,0,0
9,28,21,14,10,13,13,7,55,83,71,72,71,65,60,56,51,14,17,12,7,0,0,0,0,0
10,26,13,12,11,11,9,0,50,62,64,68,66,63,63,63,51,26,14,10,8,0,0,0,0,0
10,33,15,11,10,11,10,0,17,53,58,63,66,64,67,59,34,23,13,12,7,7,4,0,0,5
0,26,15,10,9,11,10,6,12,51,59,65,68,61,59,50,17,16,13,8,5,0,0,0,5,0
0,15,10,10,0,8,7,0,0,28,51,59,62,60,55,22,16,10,12,6,0,0,5,0,7,0
6,9,14,14,10,25,45,45,59,77,89,107,132,128,118,102,79,63,57,52,19,9,6,7,0,12
9,8,12,16,25,53,51,52,59,75,74,90,116,124,126,111,85,63,54,47,9,10,6,0,0,0
8,13,25,20,31,55,56,58,58,63,80,96,114,120,124,108,81,64,59,56,17,7,7,6,9,9
10,10,30,32,34,57,56,33,70,82,85,97,116,124,128,121,103,83,56,40,12,13,13,12,13,13
9,17,52,51,57,40,68,71,79,88,81,86,104,132,151,126,94,71,61,58,53,41,22,13,14,13
13,14,27,25,58,75,82,69,73,77,68,72,112,145,148,132,103,85,98,84,54,41,21,15,14,12
13,12,11,50,61,99,94,63,60,66,76,92,123,143,163,143,108,79,92,75,42,13,10,7,10,10
9,8,13,19,60,110,108,52,55,68,95,105,129,150,174,149,124,88,68,60,50,30,17,10,0,13
8,0,11,12,22,72,56,12,30,75,89,98,128,144,147,137,118,86,63,55,23,25,12,10,10,9
7,9,8,12,10,32,13,0,47,62,81,99,124,135,135,125,108,78,61,53,14,12,10,9,9,11
0,8,9,9,8,11,0,0,33,61,70,86,113,126,124,111,90,72,57,46,13,11,10,7,6,6
9,9,12,11,11,9,11,0,36,62,67,85,107,123,119,107,86,67,56,38,14,11,11,8,9,8
8,8,10,0,0,14,13,0,51,61,68,88,105,121,115,107,84,65,56,35,11,12,9,8,7,0
0,0,0,0,0,0,0,0,23,55,67,73,88,99,100,90,70,51,20,10,0,0,0,0,0,0
0,0,9,8,0,6,9,7,47,60,69,77,92,105,103,101,81,64,53,41,17,12,11,8,9,7
0,11,11,9,11,0,11,9,55,64,75,82,91,105,100,95,80,63,55,36,10,10,9,7,6,0
0,9,0,9,7,11,10,13,56,67,74,81,93,99,99,97,83,68,55,43,10,11,10,8,8,6
0,0,0,0,8,10,12,12,54,68,74,83,93,104,105,103,86,70,56,34,12,12,11,8,8,8
0,0,0,12,12,20,35,15,61,72,72,86,102,116,122,112,90,71,59,40,12,13,12,9,8,8
7,6,7,11,13,21,47,50,62,77,87,93,109,138,132,116,96,78,64,54,23,14,10,10,13,13
13,14,16,30,30,52,53,54,64,70,84,101,126,145,141,126,108,89,72,58,53,52,44,23,18,19
13,23,22,35,37,54,56,54,61,70,81,107,136,143,140,125,105,87,69,58,51,30,30,15,16,13
12,25,27,29,29,49,53,51,60,70,87,128,147,155,149,140,107,84,65,52,40,32,34,26,27,25
23,39,45,50,51,55,55,53,64,75,91,111,131,145,145,128,111,85,71,62,54,50,40,25,32,25
39,51,51,53,52,54,53,52,62,76,92,109,121,138,130,113,96,83,66,58,53,50,39,21,26,14
23,52,53,53,53,56,52,52,61,77,95,113,119,135,124,107,88,79,67,56,52,50,36,18,25,18
52,57,56,54,53,56,56,53,63,79,95,108,116,125,119,100,82,66,62,56,50,31,28,14,14,13
58,63,53,51,52,53,50,50,62,77,95,101,112,115,109,92,75,61,50,50,28,16,14,13,12,12
58,67,54,52,50,52,51,50,60,80,90,92,99,103,95,82,67,58,54,22,20,9,0,0,0,9
50,56,53,50,47,52,51,38,56,73,82,89,93,95,87,70,61,54,51,13,7,10,0,0,6,7
39,52,50,25,21,32,47,35,55,69,74,80,89,82,79,68,59,53,47,14,6,9,7,5,6,6
12,48,23,13,14,25,33,14,53,66,75,81,80,80,69,59,52,36,22,12,0,0,0,0,0,0
14,22,24,22,13,14,20,26,52,62,68,75,80,83,68,58,51,36,28,15,8,0,0,0,0,0
12,25,14,14,13,15,15,13,57,70,73,78,79,75,67,60,54,50,40,13,9,6,0,0,0,0
10,21,25,14,12,14,15,11,55,72,74,78,78,67,62,61,51,51,23,10,9,6,0,0,0,0
9,30,21,14,10,13,13,7,55,83,71,72,72,65,60,56,51,14,15,11,8,0,0,0,0,0
10,26,13,12,11,11,9,0,50,63,64,68,67,63,64,62,51,30,14,10,8,0,0,0,0,0
10,33,14,11,10,11,10,0,15,54,58,63,66,63,67,59,34,23,13,12,7,7,5,0,0,5
0,26,15,10,9,11,10,6,11,51,59,65,68,62,59,50,17,15,13,8,6,0,0,0,5,0
0,15,10,10,0,8,8,0,0,29,51,59,62,59,56,21,16,10,12,6,0,0,5,0,6,0
7,9,14,14,10,26,42,45,58,76,89,106,132,126,117,102,79,62,58,52,17,10,7,7,0,12
9,8,12,16,25,53,51,52,59,74,73,89,116,122,126,112,85,64,54,50,9,10,6,0,0,0
8,13,25,20,31,54,56,59,58,63,80,96,113,120,124,107,81,64,59,56,15,7,7,6,9,9
10,10,30,32,35,57,56,35,70,82,85,97,116,123,128,122,102,83,57,43,11,14,13,12,12,13
9,18,52,52,57,37,68,71,79,88,82,86,104,132,150,127,95,71,61,58,54,41,23,13,14,13
13,14,29,20,56,74,82,69,73,76,69,72,113,144,149,133,103,85,98,84,53,44,25,14,14,11
13,12,11,50,60,99,94,63,59,65,77,91,123,143,165,144,108,79,91,75,45,13,10,7,10,10
9,8,13,19,60,110,108,52,55,68,94,105,129,150,174,150,124,89,68,60,50,30,21,9,8,12
8,0,11,12,22,72,56,12,25,74,88,98,128,145,148,138,118,86,63,55,25,25,13,10,11,9
7,10,8,12,10,32,14,0,44,61,81,99,124,135,135,126,107,78,61,53,14,12,10,9,9,11
0,9,9,9,8,11,0,0,25,61,70,86,113,125,124,111,90,72,57,50,13,11,10,7,6,6
9,9,12,11,11,9,11,0,33,62,68,84,107,123,119,108,86,67,56,44,14,11,11,8,9,8
8,9,10,0,0,15,13,0,51,61,68,87,104,120,114,107,84,65,56,47,12,12,10,8,8,0
0,0,0,0,0,0,0,0,23,54,67,73,88,99,99,91,70,51,23,10,0,0,0,0,0,0
0,0,9,8,0,6,9,7,48,60,69,76,92,105,103,101,81,64,53,41,17,13,11,8,9,7
0,11,11,9,11,0,12,9,54,64,75,82,91,105,100,95,79,64,55,38,10,10,9,6,6,6
0,9,6,9,7,10,10,13,56,67,74,81,93,98,99,97,82,68,55,45,10,11,10,8,8,6
0,0,0,0,7,10,12,12,54,68,74,82,93,103,105,103,86,70,56,36,12,12,11,8,8,8
0,0,0,12,12,20,37,17,61,72,72,86,101,117,122,113,90,71,59,42,12,13,12,9,8,8
7,6,8,11,14,20,47,50,62,77,86,94,109,138,132,117,96,78,64,54,23,14,10,10,13,13
13,15,16,28,30,52,53,55,64,70,84,100,126,145,140,126,108,89,72,57,53,53,44,23,18,20
13,23,23,36,37,53,56,55,61,70,81,107,136,143,140,125,105,86,69,58,50,28,30,14,16,13
12,24,28,29,29,49,53,51,60,70,87,129,148,154,149,139,106,83,64,53,40,32,34,26,27,25
23,39,47,50,50,54,55,53,64,74,91,111,132,144,145,128,111,85,72,62,54,50,40,25,31,26
39,50,51,53,53,54,53,52,62,76,92,109,121,137,130,113,95,83,66,59,53,50,41,23,25,14
21,52,53,53,53,55,52,52,61,76,95,113,119,135,123,107,88,79,68,56,52,50,36,18,23,20
52,57,56,54,53,56,56,53,63,79,95,107,116,123,119,101,82,66,63,56,45,33,28,15,15,13
57,63,54,51,51,53,50,51,62,77,95,101,112,115,108,92,75,61,50,50,26,18,14,12,12,11
58,66,54,52,50,52,51,50,60,80,90,92,99,102,95,82,67,58,54,27,20,9,0,0,0,10
51,56,53,50,45,51,51,40,56,73,82,89,92,94,87,71,61,54,51,13,7,9,0,0,6,7
41,52,50,27,21,32,47,37,54,69,74,80,89,81,79,68,59,53,45,19,6,9,7,6,6,0
12,48,23,13,14,23,30,14,53,66,75,81,80,80,69,60,52,36,23,13,0,0,0,0,0,0
14,22,24,22,12,14,20,26,51,62,69,75,79,83,68,59,51,35,29,17,8,0,0,0,0,0
12,23,14,14,13,17,15,14,57,70,73,78,79,75,67,60,54,51,37,13,9,6,0,0,0,0
10,20,25,14,11,14,14,11,55,72,74,78,79,67,62,61,51,51,23,11,8,6,0,0,0,0
10,30,23,14,10,13,13,7,55,83,71,72,71,65,60,56,51,14,15,12,8,0,0,0,0,0
10,28,13,12,11,11,9,0,47,63,64,68,67,63,63,63,51,30,14,11,7,0,0,0,0,0
10,33,14,11,10,11,10,0,15,54,58,63,66,63,67,60,33,23,13,12,7,7,5,0,0,5
0,26,15,10,9,11,10,6,11,51,59,64,67,61,59,50,19,14,14,8,5,0,0,0,4,0
0,15,10,10,0,8,8,0,0,29,51,59,62,59,55,25,15,11,12,6,0,0,5,0,7,0
