52,75,87,83,70,84,86,90,98,115,117,119,120,96,85,76,66,56,57,53,25,11,8,12,6,20
36,58,75,82,71,75,75,79,88,91,85,96,105,91,86,76,63,54,12,12,0,9,8,5,0,0
14,27,45,54,55,59,60,65,66,70,84,93,98,87,79,70,58,50,11,15,8,0,0,0,5,0
11,12,23,42,26,48,31,14,61,71,81,90,96,86,78,77,71,59,12,6,0,0,0,6,6,7
8,12,23,31,35,0,25,54,69,82,83,89,94,99,112,85,59,11,33,25,14,9,11,7,7,9
6,0,11,13,10,50,69,67,77,98,93,83,100,120,110,81,70,61,75,61,12,8,8,7,7,0
0,0,11,40,32,76,100,79,97,106,117,124,128,119,114,96,69,58,70,58,10,9,10,0,0,7
11,9,27,51,50,103,110,81,100,115,127,140,136,130,123,104,81,72,62,52,12,10,12,8,0,10
8,12,9,12,30,74,72,71,90,113,123,126,133,128,114,95,79,66,59,37,0,9,10,9,9,8
0,0,11,30,28,55,64,75,90,100,113,119,127,122,110,94,73,61,56,40,0,8,6,8,7,9
0,0,6,7,14,50,58,69,81,93,105,111,119,114,104,79,70,60,53,14,8,9,9,7,0,5
0,0,7,10,0,40,58,62,75,88,96,109,115,113,93,84,69,57,53,20,11,10,10,8,9,10
0,0,0,12,0,36,59,63,75,84,94,114,124,111,94,81,67,57,54,25,8,9,8,7,7,0
0,0,0,10,0,10,41,55,70,81,89,96,105,92,82,70,56,35,19,8,0,0,0,0,0,0
0,9,11,28,16,48,56,63,71,80,84,89,96,94,90,84,70,57,53,36,12,10,12,8,10,7
0,0,6,14,21,53,58,64,74,85,90,92,95,96,92,81,70,56,52,14,8,9,10,7,6,6
0,0,0,8,13,51,57,61,71,81,85,87,90,91,88,81,69,56,52,13,7,10,10,7,6,6
0,0,0,14,12,50,56,64,70,81,88,86,92,95,90,86,75,61,52,23,10,11,11,8,5,7
11,8,7,9,29,50,55,65,78,81,86,98,99,99,97,91,75,61,58,46,12,11,10,8,7,8
12,12,19,42,38,35,60,68,76,82,88,94,97,110,112,91,78,66,58,50,11,7,11,9,9,12
8,20,33,51,44,56,60,71,89,77,84,93,105,120,118,95,86,75,67,52,27,36,15,14,14,12
13,10,33,52,45,56,61,64,75,83,83,97,123,133,117,96,83,72,60,51,19,14,11,10,8,11
24,33,34,42,42,54,60,66,77,91,102,126,137,140,118,104,81,66,56,47,31,28,28,23,21,19
13,26,45,54,55,61,63,66,78,86,102,120,123,127,111,92,90,68,61,53,40,15,26,12,18,14
26,14,50,55,56,59,60,61,72,87,100,114,116,115,99,83,74,72,56,50,23,9,12,10,10,9
11,19,50,57,56,60,60,62,73,88,103,116,114,109,95,79,68,59,56,47,21,10,9,9,13,11
9,13,41,55,56,59,59,59,73,92,98,111,108,100,89,76,64,53,51,14,8,0,9,10,9,10
11,13,30,54,56,59,59,59,75,93,96,102,105,96,89,71,59,52,40,13,11,0,7,8,7,7
0,12,32,54,56,58,57,57,75,91,96,106,93,87,80,60,51,13,9,10,0,0,0,0,0,6
10,13,35,54,55,57,56,58,73,81,91,93,87,76,69,56,51,13,17,0,0,0,0,0,0,0
8,13,34,56,57,55,55,60,72,82,79,86,78,69,61,54,27,13,12,7,0,0,0,0,0,0
8,12,35,61,61,56,56,65,75,75,91,84,77,67,58,33,21,13,9,11,0,0,0,0,0,0
11,15,45,85,73,64,61,59,72,82,79,82,77,65,56,42,17,13,18,13,0,0,7,0,0,0
11,18,56,97,67,62,54,59,72,82,83,82,70,64,58,52,32,40,25,12,0,0,0,0,0,0
10,14,45,61,57,61,55,58,84,98,80,77,68,62,57,54,51,22,25,12,7,8,0,0,0,7
7,10,21,50,51,52,51,54,81,90,78,69,61,58,55,45,19,13,13,10,0,0,0,0,0,0
7,10,12,14,31,50,43,50,57,67,67,66,60,56,56,53,14,13,13,8,0,0,0,0,0,0
0,21,12,18,25,38,37,37,54,63,62,62,61,55,57,51,20,13,13,10,7,6,0,0,0,5
6,13,14,13,16,35,31,30,52,65,62,65,60,54,52,27,11,11,10,10,6,0,0,0,0,0
0,9,9,12,11,23,18,23,50,64,61,59,55,51,45,13,11,6,9,0,0,0,6,0,6,0
52,75,87,84,70,84,87,90,98,115,116,119,120,95,84,75,66,57,57,53,25,10,8,12,6,22
38,58,76,82,72,74,75,79,88,91,85,96,105,90,84,75,62,52,12,11,0,9,7,0,0,0
14,26,45,54,55,59,60,65,66,70,84,93,98,87,78,69,57,47,11,14,7,0,0,0,0,0
12,12,26,40,25,46,31,14,61,71,82,90,96,86,77,75,70,58,12,6,0,0,0,6,6,6
8,12,21,29,35,0,25,54,68,82,84,89,94,99,111,85,58,10,27,30,13,8,10,7,6,8
6,0,11,13,11,50,68,67,77,98,94,83,100,118,109,80,69,60,74,61,12,8,8,7,7,0
0,0,11,35,27,75,99,79,97,105,117,124,128,119,114,94,68,58,69,58,10,9,9,0,0,7
10,9,30,50,47,102,109,81,100,116,127,140,136,130,122,103,79,72,61,52,12,11,11,7,0,10
9,12,9,12,25,73,72,71,90,113,123,125,133,127,114,95,77,66,58,31,0,9,10,9,8,8
0,0,12,27,28,55,64,76,91,100,114,119,127,122,110,93,73,60,56,37,0,8,0,8,8,10
0,0,7,7,14,50,58,69,82,93,105,111,120,114,103,78,68,60,52,14,8,9,8,7,0,0
0,0,7,9,0,43,57,62,76,88,97,109,115,112,92,82,68,56,53,17,11,10,10,9,10,10
0,0,0,12,0,36,59,63,75,84,95,114,124,110,93,80,66,57,54,27,8,9,8,7,7,0
0,0,0,10,0,10,41,55,70,81,91,96,104,92,81,70,55,35,19,8,0,0,0,0,0,0
0,9,11,26,16,48,57,63,71,81,85,89,96,94,91,84,70,57,52,35,12,10,11,8,10,7
0,0,7,14,17,53,58,64,74,85,91,93,96,96,91,81,69,55,52,14,8,8,9,7,6,6
0,0,0,8,12,51,56,61,71,81,86,87,91,91,88,81,68,56,52,13,7,9,9,7,6,6
0,0,0,13,13,50,56,64,70,81,89,86,92,95,90,86,74,61,53,25,10,11,11,8,0,7
10,8,8,9,29,50,55,65,78,81,86,98,100,99,98,90,74,61,58,42,12,11,9,7,0,8
12,12,17,39,36,37,60,68,76,82,88,94,98,110,111,91,77,66,58,50,11,7,12,8,9,11
8,20,31,51,44,56,61,70,89,77,84,93,105,121,117,94,85,74,66,52,27,29,14,13,13,12
12,10,33,53,45,56,61,64,75,83,83,97,123,133,116,96,82,72,60,51,17,14,11,9,8,11
25,32,33,42,41,54,60,66,78,91,102,126,137,140,117,103,80,65,56,46,31,27,27,23,21,19
13,25,45,54,55,60,63,66,78,86,102,120,123,127,111,92,89,68,61,53,38,14,20,12,16,14
25,14,50,55,56,59,60,61,72,86,100,113,116,115,99,82,74,72,56,50,21,8,12,10,10,9
12,17,50,57,56,59,60,62,73,89,103,116,114,109,95,78,67,59,56,45,17,10,8,9,13,11
9,13,41,55,56,58,59,59,73,92,98,111,108,100,88,75,63,52,51,14,8,0,8,10,9,9
11,13,30,53,56,59,59,59,75,93,96,102,106,95,89,70,59,52,38,13,11,5,6,8,6,7
0,12,32,54,56,58,57,57,74,91,96,105,93,87,79,60,51,13,9,9,0,0,0,0,0,7
9,13,33,54,55,57,56,58,73,81,91,93,87,76,69,56,50,13,17,0,0,0,0,0,0,0
8,13,34,57,57,55,55,60,72,82,79,86,78,69,61,54,25,12,12,7,0,0,0,0,0,0
8,12,35,61,61,56,56,65,75,75,92,84,77,67,58,28,19,12,9,11,0,0,0,0,0,0
11,15,44,85,73,64,60,59,72,83,80,82,78,65,56,40,16,14,16,12,0,0,7,0,0,0
11,20,56,98,68,62,54,59,72,82,83,82,70,63,58,52,30,40,23,12,0,0,0,0,0,0
10,14,41,61,57,61,55,58,84,98,81,77,68,62,57,53,50,20,23,12,8,8,0,0,0,6
8,10,21,50,51,52,51,54,81,91,78,69,61,58,55,45,15,13,13,10,0,0,0,0,0,0
7,10,12,14,31,50,43,50,57,67,68,67,60,56,56,52,14,13,13,9,5,0,0,0,0,0
0,21,11,18,25,38,35,37,54,63,63,62,61,55,57,51,20,13,13,10,7,6,0,0,0,0
6,13,14,13,16,34,29,31,52,64,63,64,61,54,53,26,10,10,10,10,6,0,0,0,0,0
0,10,9,11,11,22,20,23,50,64,61,59,55,51,45,13,11,6,9,0,0,0,6,0,6,0
52,75,87,84,71,85,87,90,98,115,116,120,119,95,84,75,66,57,57,53,27,10,8,12,6,20
40,58,76,82,71,74,74,79,89,92,85,96,104,90,83,75,62,52,12,11,0,9,7,0,0,0
15,25,46,55,54,59,59,65,66,70,84,93,98,87,78,69,57,45,11,14,7,0,0,0,5,0
11,12,25,42,25,48,31,14,61,71,82,90,96,86,77,74,70,57,12,6,0,0,0,6,6,7
8,12,21,29,33,0,27,53,68,83,84,90,94,98,110,85,57,9,21,30,14,9,10,7,7,8
6,5,11,13,11,50,67,67,77,98,93,83,98,117,109,79,68,60,73,61,12,8,8,6,7,0
0,0,11,35,25,75,99,79,97,105,116,124,128,119,114,92,68,57,69,57,11,9,9,0,0,7
9,9,30,50,41,102,109,81,100,116,127,140,135,129,122,102,78,71,61,51,12,10,11,7,0,10
8,12,10,12,27,75,72,71,91,113,123,125,132,127,113,92,76,65,58,31,0,9,10,9,8,9
0,0,11,30,28,56,64,75,91,101,114,119,126,122,109,91,72,59,56,37,0,8,0,8,8,11
0,0,7,7,14,51,58,69,82,94,105,111,119,114,103,78,68,59,52,14,8,9,8,7,0,0
0,0,7,9,0,46,57,62,76,89,98,110,114,111,92,81,68,56,52,17,11,10,10,8,10,9
0,0,0,12,0,36,59,63,75,85,95,115,124,110,93,79,66,57,54,30,8,9,7,7,7,0
0,0,0,10,0,10,41,56,71,82,91,97,105,92,81,69,55,32,17,8,0,0,0,0,0,0
0,10,11,25,20,48,56,63,72,81,85,90,96,94,91,83,69,57,53,36,12,10,11,8,11,7
0,0,7,14,17,53,58,64,75,86,91,93,95,97,91,80,70,55,52,14,8,8,9,7,7,7
0,0,0,8,13,52,56,61,72,82,85,87,90,91,88,80,68,55,51,13,7,9,10,7,6,6
0,0,0,13,13,50,56,64,71,81,89,86,91,95,90,85,74,61,52,25,10,11,11,7,5,8
10,8,8,9,29,50,55,65,78,82,86,98,100,99,97,90,73,60,57,40,12,12,9,7,0,8
11,12,16,37,34,39,60,67,76,82,88,94,96,110,112,90,77,66,57,50,11,7,11,8,9,12
7,19,30,51,44,56,61,70,88,77,84,93,104,120,116,94,85,73,66,51,25,31,14,13,13,12
12,10,33,53,43,56,60,64,76,83,83,97,122,133,116,95,82,71,60,51,17,14,11,9,8,11
25,32,33,42,42,54,60,67,78,92,101,127,135,140,117,102,80,64,55,47,31,26,28,23,21,19
13,25,46,54,55,60,63,66,78,86,102,121,122,126,111,90,89,67,60,52,36,14,18,12,17,14
25,14,50,55,56,59,60,61,72,87,99,114,116,114,99,82,73,72,55,50,21,8,12,10,10,9
11,17,50,57,56,59,60,61,73,89,103,116,114,108,95,78,67,59,56,45,17,10,8,9,13,11
9,13,41,55,56,58,59,59,73,92,98,111,108,99,88,75,62,52,50,14,7,0,8,10,9,9
11,13,30,54,55,59,59,59,75,93,96,102,106,94,89,69,58,52,38,13,11,0,6,8,7,7
0,12,32,54,56,58,56,57,75,91,96,105,93,86,80,60,51,13,9,10,0,0,0,0,0,7
9,13,31,54,55,57,56,58,73,81,91,94,86,76,69,56,50,13,17,0,0,0,0,0,0,0
8,13,36,57,57,56,56,60,71,82,79,86,78,69,61,54,23,12,11,7,0,0,0,0,0,0
8,12,37,61,61,57,56,65,75,75,91,84,77,67,58,25,19,12,9,11,0,0,0,0,0,0
11,15,45,85,73,64,60,59,71,83,80,82,78,65,56,40,15,14,14,12,0,0,7,0,0,0
11,18,56,98,68,62,54,59,72,82,83,82,70,64,58,52,32,35,21,12,0,0,0,0,0,0
10,14,41,61,57,61,55,57,84,98,81,77,68,61,57,53,50,20,21,12,8,8,0,0,0,7
8,10,25,50,51,52,51,53,81,91,78,69,61,59,55,42,17,13,12,10,0,0,0,0,0,0
7,10,12,14,31,50,40,50,57,67,67,67,60,56,56,52,13,12,13,8,6,0,0,0,0,0
0,22,12,18,25,38,35,36,54,64,63,62,61,55,57,51,18,13,12,10,7,6,0,0,0,0
6,13,14,13,16,34,29,30,52,65,63,65,60,54,53,25,10,10,10,10,6,0,0,0,0,0
0,10,9,11,11,22,20,22,50,64,62,59,55,51,48,13,11,6,9,0,0,0,6,0,6,0
53,75,87,84,71,85,87,90,98,115,117,119,118,95,84,75,65,57,57,53,27,10,8,12,6,19
36,58,77,82,72,74,75,78,89,91,85,96,104,89,84,74,62,52,12,11,0,9,7,5,0,0
14,26,47,55,54,60,59,66,66,70,84,93,97,87,77,69,57,42,11,13,7,0,0,0,5,0
11,12,25,40,25,50,31,14,61,71,82,90,95,85,77,74,69,57,12,6,0,0,0,6,6,7
8,12,21,27,35,0,27,53,68,83,84,89,93,98,110,85,57,8,19,23,14,9,10,7,7,8
6,0,11,13,11,50,67,67,76,97,93,82,98,116,108,79,67,59,73,61,12,8,8,7,7,7
0,0,11,40,25,75,99,79,96,105,116,124,127,119,114,92,68,57,68,58,10,9,9,0,0,7
10,10,30,50,38,102,109,80,101,116,127,139,135,129,121,101,78,70,61,51,12,10,11,8,0,11
9,12,9,13,27,75,72,71,91,113,122,126,132,127,113,92,76,65,57,28,0,9,9,9,8,8
0,0,11,25,34,56,64,75,92,101,114,120,125,121,109,91,72,59,56,34,0,8,0,8,8,11
0,0,6,7,14,52,58,69,82,94,105,110,119,114,103,78,68,59,51,15,8,9,8,8,0,0
0,0,7,9,0,50,57,62,76,89,98,110,114,111,92,81,67,56,51,15,11,10,10,9,10,9
0,0,6,13,0,36,59,63,75,85,95,114,124,109,93,79,66,56,53,25,8,9,7,7,6,0
0,0,0,10,0,10,38,56,72,82,91,95,105,91,81,69,54,32,16,8,0,0,0,0,0,0
0,10,11,26,21,50,56,63,72,82,85,89,96,94,91,83,69,57,52,35,12,10,11,8,11,7
0,0,7,14,15,53,58,64,75,86,91,93,95,97,91,80,69,55,51,14,9,8,9,7,7,7
0,0,0,8,13,52,56,61,72,82,85,86,90,91,88,80,68,55,50,13,7,9,9,7,7,6
0,0,0,13,13,50,56,65,72,81,89,86,91,95,90,86,74,61,52,25,10,11,11,7,5,7
10,8,7,9,29,51,55,65,79,82,86,97,100,99,98,90,73,60,57,36,12,12,10,7,0,8
11,11,16,37,34,43,60,67,76,82,89,94,97,110,112,90,76,66,57,50,10,7,11,9,9,12
7,19,26,51,42,56,60,70,88,77,85,92,103,120,116,94,84,73,65,51,23,27,14,13,13,13
12,10,33,52,43,56,60,64,76,83,84,96,122,133,115,95,82,71,59,51,17,14,11,9,8,11
24,32,33,41,41,54,60,67,78,91,102,126,135,140,116,102,80,63,55,46,30,26,28,23,21,19
13,26,45,53,55,61,62,65,79,86,102,121,121,126,110,90,89,67,60,52,35,13,18,12,18,14
23,14,50,55,56,59,60,61,72,86,99,113,116,114,98,82,73,71,55,50,21,8,11,10,10,9
11,17,48,57,56,60,60,61,73,89,103,116,112,108,95,78,67,59,56,50,17,10,8,10,13,11
9,13,41,55,56,58,59,59,73,92,98,111,108,99,87,75,62,52,50,14,8,0,8,10,9,10
11,13,30,54,55,59,58,59,75,93,96,102,105,95,88,69,58,51,44,13,11,0,6,8,7,7
0,12,30,54,57,58,56,57,75,92,96,105,93,86,80,60,51,14,8,9,0,0,0,0,0,6
9,13,33,53,55,56,56,58,73,81,91,93,86,76,68,56,50,13,17,0,0,0,0,0,0,0
8,13,34,57,58,56,56,60,72,82,79,86,78,69,61,54,23,12,11,7,0,0,0,0,0,0
8,13,37,61,62,57,56,65,75,75,91,84,77,67,58,25,19,12,8,11,0,0,0,0,0,0
11,15,45,85,73,64,60,59,71,83,80,81,78,65,56,41,16,14,14,12,0,0,7,0,0,0
11,18,56,99,68,62,54,59,72,82,83,82,69,63,58,52,30,35,21,13,0,0,0,0,0,0
10,15,43,61,57,61,55,57,84,98,81,77,68,61,57,53,50,22,21,12,8,8,0,0,0,7
8,10,23,50,51,52,51,53,81,91,78,69,61,58,56,45,17,12,12,10,0,0,0,0,0,0
7,10,13,14,34,50,40,50,57,67,67,67,59,56,56,52,13,12,13,9,6,0,0,0,0,0
0,23,12,18,25,40,34,37,54,64,62,62,60,54,57,51,18,13,12,11,7,6,0,0,0,0
6,13,14,13,17,35,29,30,52,65,63,65,60,53,53,26,10,10,10,9,5,0,0,0,0,0
0,10,9,12,12,24,18,22,50,64,62,59,55,51,47,13,11,6,9,0,0,0,6,0,6,0
53,75,87,85,72,85,87,90,99,115,116,119,119,95,84,75,66,57,57,53,25,10,8,11,6,17
35,58,77,83,72,75,75,78,88,91,85,96,105,89,83,73,62,52,12,11,0,8,7,5,0,0
14,25,48,55,55,60,59,65,66,71,84,93,98,86,77,69,57,45,11,14,7,0,0,0,5,0
11,12,26,40,25,46,31,13,61,70,82,89,95,85,77,74,69,57,12,6,0,0,0,6,6,7
7,12,25,27,35,0,25,53,68,82,84,89,93,97,110,84,57,8,17,23,13,8,10,7,7,8
5,5,11,14,11,50,67,67,77,97,93,82,99,116,107,78,67,59,73,61,11,8,8,7,7,7
0,0,11,37,23,75,99,80,96,105,115,124,127,119,113,91,67,56,68,57,10,9,8,0,0,7
10,9,30,50,33,102,108,80,101,116,127,139,135,129,120,101,76,70,61,51,12,10,11,8,0,12
9,12,10,13,27,76,72,71,91,113,123,125,133,127,112,91,75,65,58,28,0,8,9,8,8,8
0,0,11,20,34,57,64,75,92,101,113,119,126,121,109,91,72,59,55,31,0,8,0,7,7,11
0,0,7,7,18,51,58,69,84,93,105,110,118,114,102,77,68,59,50,15,8,8,8,7,0,0
0,0,7,10,0,50,57,62,76,89,98,110,114,110,92,80,67,56,51,15,11,10,10,8,10,10
0,0,7,13,0,38,58,63,75,85,95,114,124,109,92,78,66,57,53,25,7,9,7,7,6,0
0,0,0,10,0,11,41,56,72,81,91,95,105,91,80,69,55,32,17,8,0,0,0,0,0,0
0,10,11,25,23,50,56,63,73,82,86,89,96,94,90,83,69,57,52,33,12,10,11,8,11,8
0,0,7,14,15,53,58,64,76,86,91,93,95,97,91,79,69,55,52,13,9,7,9,7,7,8
0,0,0,9,13,52,56,61,72,82,85,87,90,91,88,79,67,55,50,13,7,9,9,7,6,7
0,0,0,14,13,51,57,65,72,81,89,87,91,96,90,86,74,61,52,25,10,11,11,8,5,7
9,7,7,9,25,52,56,65,78,82,86,97,100,99,98,89,73,61,58,36,12,11,10,7,0,8
11,11,16,37,34,43,60,67,76,82,88,94,96,110,112,89,76,65,57,50,11,7,11,9,9,12
7,19,28,51,42,56,61,70,88,77,85,92,104,121,117,93,84,73,65,51,25,21,13,13,13,13
12,10,34,52,47,56,60,64,76,83,83,96,121,132,115,95,82,70,59,51,19,14,11,9,7,11
23,31,34,40,42,54,60,67,79,91,102,127,135,140,116,102,79,63,55,45,30,26,28,23,22,20
13,25,46,53,56,60,62,66,79,86,102,120,121,126,109,90,89,66,59,52,35,13,16,13,16,14
21,14,50,55,56,60,60,61,72,87,99,113,115,114,98,81,73,71,55,50,20,7,11,10,10,9
11,17,50,57,56,60,59,61,73,89,103,116,112,108,94,77,67,59,56,50,15,10,8,10,13,11
9,13,44,55,56,58,59,59,73,92,98,110,107,99,87,74,62,52,50,14,8,0,8,10,9,10
11,13,32,54,56,60,58,59,75,93,97,101,105,94,89,69,58,51,44,13,11,5,6,8,0,8
0,11,32,55,57,58,56,57,75,91,96,105,93,86,80,60,52,13,9,9,0,0,0,0,0,6
10,13,33,54,55,56,56,58,73,81,91,93,86,75,69,56,50,13,17,0,0,0,0,0,0,5
8,13,32,57,58,56,56,60,72,82,80,86,78,69,61,54,23,12,11,7,0,0,0,0,0,0
9,13,39,62,62,57,56,65,75,75,92,83,77,67,58,21,19,12,9,11,0,0,0,0,0,0
11,14,46,85,73,65,60,59,71,82,80,81,78,65,56,40,16,14,14,12,0,0,7,0,0,0
11,18,56,99,68,62,53,59,72,82,83,82,70,64,58,51,27,35,23,13,0,0,0,0,0,0
10,15,41,61,57,62,55,57,84,99,80,76,68,61,57,52,50,22,21,12,8,8,0,0,0,7
8,10,25,50,51,52,51,53,81,91,78,69,61,58,56,45,17,12,12,10,0,0,0,0,0,0
7,10,13,14,38,50,40,50,57,67,67,67,59,56,56,52,13,13,13,9,6,0,0,0,0,0
0,22,12,18,28,41,35,38,54,64,62,62,61,55,57,51,20,13,12,11,7,6,0,0,0,0
7,13,14,13,17,39,29,31,52,66,63,65,60,53,53,25,10,11,10,9,5,0,0,0,0,0
0,10,9,12,12,23,18,22,50,64,62,59,55,51,47,12,11,7,10,0,0,0,6,0,6,0
53,76,88,85,72,85,87,90,99,115,116,119,119,94,83,74,65,57,56,53,25,10,8,11,6,16
35,58,77,83,72,75,75,78,88,90,85,96,104,89,83,73,61,52,12,12,0,8,7,5,0,0
13,25,48,55,55,60,59,65,66,71,84,94,98,86,77,69,56,42,11,14,7,0,0,0,6,0
11,12,27,42,25,48,29,13,61,71,81,89,95,85,77,74,68,57,12,6,0,0,0,6,6,7
7,12,25,31,33,0,23,53,68,82,84,89,93,97,110,84,57,8,17,17,13,8,10,7,7,8
5,6,12,13,10,50,68,66,77,97,92,82,99,116,107,77,67,58,72,60,12,8,8,7,7,7
0,0,12,40,21,75,100,80,96,105,115,124,126,118,113,91,67,56,68,57,10,9,8,0,0,8
10,9,30,50,30,102,108,80,101,116,127,139,135,128,120,100,76,69,61,51,12,10,11,8,0,11
8,12,10,13,30,76,72,71,91,113,122,126,132,127,112,90,75,64,57,25,0,8,9,8,8,8
0,0,11,20,34,56,64,74,92,101,112,119,126,121,108,90,71,58,55,34,0,8,0,8,8,11
0,0,6,7,18,52,58,70,83,93,104,110,118,114,102,77,68,58,50,15,8,9,8,7,0,5
0,0,7,10,0,50,58,62,76,89,98,110,114,110,92,80,67,56,51,17,11,10,9,8,9,10
0,0,7,13,0,41,58,63,75,86,95,115,124,108,91,78,65,56,53,25,8,9,7,7,6,0
0,0,0,10,0,11,41,56,72,81,90,96,105,91,81,68,54,30,16,7,0,0,0,0,0,0
0,10,11,23,23,51,56,63,73,82,86,89,96,94,90,83,69,57,52,33,12,10,11,9,11,7
0,0,7,14,15,53,58,65,76,86,91,92,95,96,91,79,69,55,52,13,8,8,9,8,6,7
0,0,0,9,13,52,57,61,72,82,85,87,90,91,88,79,67,55,50,13,6,9,9,7,7,6
0,0,0,14,13,51,56,65,71,81,89,87,91,96,89,85,74,60,52,25,10,11,11,8,5,7
9,7,0,9,27,52,56,65,79,81,86,97,99,99,97,89,73,60,57,36,12,11,10,7,7,8
10,11,15,39,32,47,61,67,77,82,88,94,96,110,112,89,76,65,57,50,11,7,11,9,10,11
7,17,30,51,42,56,61,70,88,77,84,92,104,120,117,93,84,72,65,51,25,21,13,13,13,13
12,10,31,52,47,56,60,64,75,83,83,96,121,132,115,95,82,70,59,50,16,14,11,9,7,11
21,31,34,40,42,55,60,67,79,91,101,127,135,139,115,101,79,63,55,45,30,27,28,23,22,20
13,25,45,53,56,61,62,66,79,86,102,120,121,125,109,90,89,66,59,52,33,13,20,12,16,14
21,14,50,55,56,60,60,61,72,87,99,112,115,114,99,81,73,71,55,50,20,7,11,10,10,9
10,19,50,57,56,60,59,61,73,89,103,115,112,108,94,77,67,58,55,50,17,9,8,10,12,10
9,13,44,55,56,59,58,59,73,92,99,110,107,98,87,74,61,52,50,14,8,0,8,10,9,9
11,13,32,54,55,60,59,59,75,93,97,101,105,94,88,69,58,51,42,13,11,5,6,8,0,7
0,11,34,55,57,59,56,57,75,91,96,105,93,86,79,60,51,13,8,9,0,0,0,0,0,0
10,13,33,54,55,57,56,58,74,81,90,93,86,75,69,56,50,13,15,0,0,0,0,0,0,5
8,13,32,57,58,56,56,60,72,82,79,86,78,68,61,54,23,12,11,7,0,0,0,0,0,0
8,13,39,62,62,57,56,65,75,76,92,84,77,67,58,21,19,12,8,11,0,0,0,0,0,0
11,14,46,85,73,65,59,59,71,82,79,81,77,65,56,40,15,13,14,12,0,0,7,0,0,0
11,18,57,99,69,62,54,59,72,82,82,82,70,64,58,52,27,32,21,13,0,0,0,0,0,0
10,15,43,61,57,62,55,58,84,99,80,76,68,61,57,53,50,20,21,11,8,8,0,0,0,7
8,10,25,50,51,53,51,53,81,91,77,69,61,57,56,42,19,12,12,10,0,0,0,0,0,0
7,10,13,14,40,50,40,50,57,67,66,67,59,56,56,52,14,13,13,8,6,0,0,0,0,0
0,22,12,18,28,41,37,38,54,64,62,62,60,54,57,51,18,13,12,11,7,6,0,0,0,0
7,13,14,13,17,39,31,31,52,65,63,64,60,53,52,25,11,10,10,10,5,0,0,0,0,0
0,10,10,12,12,25,17,22,50,64,62,59,55,51,47,12,11,7,10,0,0,0,6,0,6,0
53,76,88,85,72,86,87,89,99,115,116,119,120,94,83,74,65,57,56,52,25,10,8,12,6,17
33,58,77,83,72,76,76,78,88,91,85,95,104,89,83,72,61,52,12,11,0,8,7,5,0,0
13,25,50,55,55,60,60,65,66,71,84,93,98,86,76,68,56,42,11,14,7,0,0,0,5,0
11,13,27,40,23,48,33,13,60,71,81,89,95,85,76,73,68,57,12,6,0,0,0,6,5,6
7,12,23,34,31,5,23,53,68,82,84,89,93,98,110,84,57,8,15,15,12,8,10,7,6,8
5,6,12,13,10,50,68,66,76,98,92,82,99,116,107,76,67,58,72,60,11,8,8,7,7,6
0,0,12,42,17,75,100,79,96,105,116,124,126,118,112,91,67,56,67,56,10,9,8,0,0,8
10,9,30,50,30,102,109,80,101,116,127,139,135,128,120,100,76,69,60,50,11,9,10,8,0,11
8,12,10,13,25,76,72,72,91,113,123,126,133,127,112,90,74,65,57,22,0,8,9,8,8,7
0,0,12,20,31,57,64,75,92,101,112,119,126,121,108,90,70,58,54,31,0,8,0,7,7,11
0,0,6,8,16,53,59,71,83,93,104,110,119,114,102,77,67,58,50,17,8,8,8,7,0,5
0,0,7,11,0,51,58,62,76,88,98,110,114,111,91,80,66,55,51,20,11,10,9,8,9,10
0,0,7,13,0,50,58,62,76,85,96,114,123,109,91,78,65,55,53,22,8,8,7,7,6,0
0,0,0,10,0,11,42,56,73,81,90,96,105,91,80,68,54,30,15,7,0,0,0,0,0,0
0,10,11,30,20,51,57,64,73,81,86,89,96,94,90,82,68,57,51,32,11,10,11,9,10,7
0,0,7,15,15,53,58,65,76,86,91,92,95,96,92,79,69,55,51,13,8,9,9,7,6,7
0,0,0,9,13,52,57,61,72,82,85,87,89,91,88,79,66,55,50,13,6,9,9,7,7,6
0,0,0,14,13,52,57,65,72,81,89,87,92,96,89,85,73,60,52,25,10,11,11,8,5,7
9,7,0,10,27,52,56,65,78,82,85,97,100,99,97,89,73,60,57,38,12,10,10,7,8,7
10,11,17,42,34,47,61,67,77,82,88,94,97,110,111,88,75,65,56,48,10,7,11,9,10,11
7,16,31,51,44,56,61,70,88,77,84,92,104,121,116,92,84,72,65,51,23,20,13,13,13,12
12,10,34,52,50,56,60,64,75,83,83,96,121,132,114,95,81,70,58,50,16,14,11,9,7,11
23,31,34,40,42,55,60,66,79,90,101,127,136,139,115,101,79,64,54,44,30,27,28,23,21,20
13,22,44,53,56,61,63,66,79,86,101,120,122,126,109,90,89,66,59,52,31,13,18,12,15,13
21,14,50,55,56,60,60,60,72,87,99,112,115,114,98,81,73,71,55,50,16,7,11,10,10,9
11,19,50,57,56,60,60,61,73,90,102,115,112,108,93,77,67,58,55,47,15,9,8,10,12,10
9,13,44,56,56,59,58,59,72,92,98,110,106,99,87,74,62,51,50,14,8,0,8,10,9,9
11,13,33,54,55,60,59,59,75,93,96,100,105,95,88,69,58,51,42,13,10,5,6,8,0,7
0,11,34,55,57,59,57,56,75,92,95,106,93,86,79,60,51,12,9,9,0,0,0,0,0,6
10,13,31,54,55,57,56,58,73,81,90,93,87,75,69,55,50,12,15,0,0,0,0,0,0,0
8,13,30,56,58,56,56,60,72,82,79,86,78,69,61,53,23,11,11,7,0,0,0,0,0,0
9,13,39,62,63,58,56,65,75,76,92,84,77,67,58,23,15,12,9,11,0,0,0,0,0,0
11,14,45,85,73,65,60,59,72,83,79,81,78,66,57,40,16,13,14,12,0,0,7,0,0,0
11,18,57,100,69,63,54,59,72,82,82,82,71,64,57,51,27,35,21,13,0,0,0,0,0,0
10,16,45,62,57,62,56,58,84,99,80,76,68,62,57,53,50,20,19,12,8,8,0,0,0,7
8,11,27,50,51,53,51,53,81,91,77,69,62,57,56,42,17,12,12,10,0,0,0,0,0,0
7,10,13,15,36,50,45,50,57,66,66,67,59,55,56,52,14,13,13,9,5,0,0,0,0,0
0,23,12,20,26,43,40,37,54,63,62,62,60,54,57,50,20,13,12,11,7,6,0,0,0,0
7,13,14,13,16,40,34,31,52,65,62,64,60,53,52,25,11,10,10,9,5,0,0,0,0,0
0,10,10,12,12,25,18,22,50,64,61,59,55,51,47,13,11,7,10,0,0,0,5,0,6,0
53,76,88,85,72,86,86,90,99,115,117,119,121,93,82,75,65,57,56,53,23,10,8,11,6,20
33,58,77,83,72,77,75,78,88,92,85,95,104,88,82,73,61,52,11,11,0,8,7,5,0,0
13,23,50,55,55,60,60,65,65,71,84,93,98,86,76,68,55,40,11,14,7,0,0,0,5,0
11,12,26,42,23,46,31,14,61,72,81,89,95,84,75,73,67,57,11,0,0,0,0,6,5,6
7,12,23,34,27,0,25,54,69,82,84,90,93,97,110,83,56,8,14,19,12,7,10,6,7,8
5,6,11,13,10,50,68,67,77,98,93,82,100,115,107,76,66,58,72,60,11,8,7,6,7,0
0,0,12,45,19,75,100,80,96,106,117,124,126,117,112,90,66,55,67,56,10,9,8,0,0,8
10,9,30,50,27,102,108,80,100,116,127,140,134,127,119,100,76,68,60,50,11,9,11,8,0,10
8,12,10,13,25,76,73,71,91,113,123,126,133,126,111,89,73,64,57,17,0,8,9,8,8,7
0,0,12,20,28,58,64,74,91,102,113,120,126,120,108,90,69,57,54,28,0,8,0,7,8,11
0,0,7,8,14,53,59,71,83,93,104,111,119,114,101,77,67,57,50,15,7,8,8,0,0,5
0,0,7,10,0,51,57,62,76,88,98,110,114,110,91,79,66,55,51,17,11,10,9,8,9,10
0,0,7,13,0,50,59,62,76,86,96,115,123,108,91,78,64,55,52,25,8,8,7,0,6,0
0,0,0,10,0,11,45,56,73,82,90,97,105,90,80,68,53,28,15,7,0,0,0,0,0,0
0,9,11,28,18,51,57,64,73,82,86,89,96,93,90,82,68,56,51,32,11,10,11,8,10,7
0,0,7,15,15,53,59,65,75,86,91,93,95,95,91,79,68,55,51,13,8,8,9,7,6,7
0,0,0,9,14,53,57,61,72,82,85,87,90,91,88,79,66,54,50,13,6,9,9,6,6,7
0,0,0,14,14,52,57,65,71,81,89,87,92,95,89,85,73,59,52,25,10,11,11,8,5,6
9,7,0,9,27,53,56,65,78,82,85,98,100,98,96,89,72,60,56,38,12,10,10,7,7,8
10,11,15,41,34,47,61,67,77,82,88,94,96,108,110,88,76,64,56,46,10,7,11,9,10,11
7,15,30,51,46,56,61,70,87,77,84,93,105,119,116,92,84,72,65,51,23,18,13,12,13,13
12,10,33,53,50,56,60,64,74,83,83,96,122,130,114,94,81,69,58,50,14,14,11,9,7,10
22,30,34,40,42,55,60,66,78,91,101,127,136,138,115,100,79,64,55,44,30,26,28,23,21,19
12,21,44,53,56,61,63,66,78,86,101,120,122,124,108,90,89,66,59,52,30,13,16,12,16,13
21,14,50,55,56,60,60,61,72,87,100,113,115,113,98,81,73,71,54,50,16,7,11,9,10,9
11,19,48,56,56,60,60,61,73,90,102,115,113,107,93,77,66,58,55,43,15,9,8,9,12,10
9,12,46,55,56,59,58,59,73,93,98,110,107,98,87,74,62,51,50,14,8,0,8,10,9,9
11,13,33,54,55,60,59,59,75,93,96,101,105,94,88,70,58,51,40,13,10,5,6,7,0,7
0,11,32,54,57,59,57,56,75,91,95,106,93,86,79,60,51,12,9,9,0,0,0,0,0,6
9,13,31,54,55,57,57,57,73,81,90,93,87,75,69,55,50,12,15,0,0,0,0,0,0,0
8,13,32,56,58,56,56,60,72,82,79,86,78,68,61,54,19,11,11,7,0,0,0,0,0,0
8,12,39,62,63,58,56,65,75,76,92,84,77,66,58,25,15,12,9,10,0,0,0,0,0,0
11,14,45,86,73,66,59,60,72,83,79,81,78,65,57,42,16,13,14,12,0,0,7,0,0,0
11,18,56,100,69,63,54,59,72,82,82,82,71,63,57,51,27,37,19,13,0,0,0,0,0,0
10,16,45,62,57,62,56,58,84,99,80,76,68,61,57,53,50,15,19,12,7,8,0,0,0,7
8,11,25,51,51,53,51,53,81,91,77,69,62,57,55,45,14,12,12,10,0,0,0,0,0,0
7,10,13,17,34,50,45,50,57,66,66,67,60,55,55,52,13,13,13,8,6,0,0,0,0,0
0,22,12,20,25,43,40,37,54,63,62,62,61,54,57,51,16,12,12,11,7,6,0,0,0,0
7,13,14,13,16,39,34,26,52,65,62,64,60,52,52,25,10,10,10,9,6,0,0,0,0,0
0,10,10,12,12,23,20,22,50,64,61,59,55,50,45,13,11,7,10,0,5,0,6,0,6,0
53,76,88,85,72,86,87,90,98,115,118,119,120,92,83,74,65,56,56,53,27,10,8,12,6,25
35,58,77,83,72,77,76,78,89,91,85,95,104,88,82,72,61,51,12,11,0,8,7,5,0,0
13,22,50,55,55,61,60,65,65,71,84,93,98,86,76,67,55,35,11,14,8,0,0,0,5,0
11,12,26,40,23,50,33,15,61,72,81,89,95,83,75,72,67,57,11,6,0,0,0,5,0,6
7,12,27,31,29,0,25,54,69,83,84,90,93,97,110,83,56,7,14,15,13,8,10,6,7,8
5,6,11,13,10,50,68,67,76,98,92,82,99,115,107,76,65,57,71,59,12,7,7,6,7,0
0,0,12,45,19,75,100,80,96,106,117,125,126,116,111,90,66,55,67,56,10,9,8,0,0,7
10,10,30,50,25,102,109,80,100,116,127,140,135,126,119,100,75,67,60,51,11,9,10,8,0,10
8,12,9,13,27,76,73,72,91,113,123,126,133,125,111,88,72,63,57,17,0,8,8,8,8,8
0,0,12,22,28,57,64,75,91,101,113,120,126,119,108,89,68,57,55,28,0,8,0,7,8,11
0,0,7,8,14,53,59,70,83,95,105,111,120,113,102,76,67,56,50,15,8,8,7,0,0,5
0,0,7,11,6,51,57,63,77,89,98,110,115,110,91,79,66,55,50,17,11,10,9,8,9,10
0,0,7,13,0,50,59,63,76,86,96,115,123,107,91,78,64,54,52,27,8,8,7,0,7,0
0,0,0,10,0,12,43,56,72,82,90,97,105,90,80,68,53,27,13,7,0,0,0,0,0,0
0,9,10,26,16,52,57,64,73,82,85,89,97,93,90,81,68,56,51,33,12,10,11,8,10,7
0,0,8,15,14,54,58,65,76,87,91,92,96,95,91,79,68,54,50,13,8,8,9,7,7,6
0,0,0,9,13,52,57,61,72,82,85,87,90,90,88,79,66,54,50,12,7,9,9,7,7,7
0,0,0,14,14,52,57,65,72,82,90,87,92,94,88,85,73,59,51,25,10,11,11,7,5,7
9,7,0,9,31,53,56,65,79,82,85,98,101,98,96,89,72,59,56,38,12,10,10,7,7,8
10,11,14,41,34,50,61,68,77,82,88,94,97,109,110,88,75,64,56,44,10,6,11,9,9,11
7,14,28,51,48,56,62,70,87,77,84,92,104,119,116,92,83,72,64,50,23,20,13,13,13,12
12,10,31,53,47,56,60,64,74,82,83,96,122,130,114,94,81,69,58,50,14,14,11,9,7,11
21,30,34,40,42,55,61,66,79,90,101,128,136,137,115,100,79,64,54,44,31,26,27,22,21,21
12,20,43,53,56,61,63,66,78,87,102,120,121,125,108,90,89,66,59,52,31,13,16,12,17,14
23,13,50,55,56,60,61,61,72,86,100,113,116,112,98,81,72,71,54,50,18,7,11,9,10,9
11,19,48,56,56,59,60,61,73,90,103,116,113,107,93,77,66,58,55,45,15,9,8,10,12,11
9,12,44,55,56,59,58,59,74,93,98,110,107,98,87,73,62,51,50,14,8,0,8,10,9,9
12,12,32,54,55,60,59,59,75,93,96,101,105,94,88,69,58,51,40,12,10,0,5,7,0,7
0,11,32,54,57,59,56,56,75,92,95,106,93,86,80,60,51,11,9,9,0,0,0,0,0,7
10,13,31,54,55,57,57,57,73,81,90,93,87,75,68,55,50,12,15,0,0,0,0,0,0,0
8,13,34,56,58,56,56,60,72,82,79,87,78,68,60,54,23,11,11,7,6,0,0,0,0,0
8,12,39,62,63,58,56,65,75,76,92,84,77,65,58,26,17,12,9,10,0,0,0,0,0,0
11,15,45,86,73,66,60,59,72,84,79,82,78,64,56,41,17,12,14,12,0,0,7,0,0,0
11,18,56,100,69,63,54,59,72,82,83,82,70,63,58,51,30,35,19,13,0,0,0,0,0,0
10,16,45,62,57,62,55,58,84,99,80,76,68,61,57,53,50,14,19,12,8,8,0,0,0,7
8,11,23,51,51,53,51,54,81,91,77,69,62,57,55,45,14,12,12,10,0,0,0,0,0,0
7,9,13,17,34,50,47,50,57,67,66,67,60,55,55,52,13,12,13,8,6,0,0,0,0,0
0,22,12,18,25,43,40,38,54,63,63,62,60,53,57,50,16,12,12,11,7,6,0,0,0,0
7,13,14,13,16,39,35,28,52,65,63,64,60,52,52,25,10,10,10,9,6,0,0,0,0,0
0,10,10,13,12,24,18,22,50,64,61,59,55,50,45,13,11,6,9,0,5,0,6,0,6,0
54,77,88,85,72,87,86,90,98,115,118,119,120,92,83,74,65,56,56,53,25,10,8,12,6,31
35,58,77,83,72,77,76,79,89,92,85,95,105,87,82,72,61,50,11,11,0,9,7,0,0,0
13,23,50,55,55,61,61,65,66,71,84,93,97,86,76,66,54,30,11,13,8,0,0,0,6,0
11,12,27,39,23,48,31,15,61,71,82,89,95,82,74,72,67,56,11,0,0,0,0,0,0,6
8,12,27,29,31,0,27,54,68,83,84,90,93,97,109,83,56,7,13,17,12,8,10,6,7,8
6,6,11,13,11,50,68,67,76,98,93,82,99,114,106,75,65,57,70,59,11,7,7,6,7,0
0,0,12,42,19,75,100,80,96,106,117,124,126,116,111,89,66,55,66,56,10,9,8,0,0,7
10,10,30,50,25,102,109,80,100,116,127,140,135,126,118,99,75,67,58,50,11,9,11,7,0,10
8,12,9,12,27,76,73,71,92,113,123,126,132,125,111,88,71,63,57,15,0,8,8,8,8,8
0,0,11,17,34,58,63,75,91,102,113,120,126,119,107,88,68,57,55,25,0,7,0,7,8,11
0,0,7,8,14,53,60,70,84,95,105,111,120,113,101,76,67,56,50,14,7,8,8,0,0,6
0,0,7,11,6,51,57,62,77,89,98,109,114,110,91,79,66,54,50,17,11,9,9,8,10,10
0,0,7,12,0,50,59,63,76,86,95,115,124,107,90,77,64,54,53,25,8,8,7,7,6,0
0,0,0,10,0,12,46,57,73,82,91,97,105,90,80,67,54,27,14,7,0,0,0,0,0,0
0,9,10,26,20,52,58,64,73,83,85,89,97,93,90,81,68,56,51,33,12,10,11,8,10,8
6,0,8,15,14,54,59,65,76,87,91,93,96,95,91,79,68,54,50,14,8,8,10,6,7,7
0,0,0,9,14,52,57,61,73,83,86,87,90,90,87,79,66,54,50,12,7,9,9,7,7,7
0,0,0,14,14,51,57,65,72,82,90,88,92,94,88,85,73,59,51,23,10,11,11,7,6,7
9,7,0,9,31,53,56,66,79,82,85,98,101,98,96,89,71,60,56,36,12,10,10,6,7,8
10,11,14,39,34,47,61,68,77,82,88,94,96,108,110,88,75,64,56,41,10,7,11,8,9,12
7,15,25,51,46,56,61,70,87,77,85,93,104,118,115,91,83,72,64,50,21,20,13,12,13,13
12,10,33,52,50,56,60,64,75,82,83,96,122,130,113,94,81,69,57,50,14,13,11,8,7,11
21,30,34,40,42,54,61,66,78,91,101,127,136,138,114,99,78,63,54,44,30,25,27,22,21,22
12,20,44,52,56,61,64,66,79,87,102,121,121,124,108,88,88,66,59,51,30,13,15,11,17,14
25,13,50,55,56,60,60,61,72,87,100,113,115,111,98,80,73,71,54,50,15,7,11,9,10,9
11,17,48,57,56,60,60,61,73,90,103,116,113,106,93,76,66,58,54,47,14,10,8,9,13,12
9,12,46,55,56,59,58,59,74,93,98,109,106,98,87,73,62,51,50,13,8,0,8,10,9,9
12,12,33,54,56,60,59,59,75,94,96,101,104,94,88,68,58,51,36,12,9,0,6,7,0,7
0,12,32,55,57,59,56,56,75,91,95,105,93,85,80,60,50,12,8,9,0,0,0,0,0,7
10,13,33,53,55,57,57,58,73,81,91,93,87,74,68,55,50,12,15,0,0,0,0,0,0,0
9,13,36,56,58,56,56,60,72,82,79,87,78,68,60,53,17,10,11,7,0,0,0,0,0,0
9,12,41,62,62,58,56,65,75,75,92,84,77,65,58,25,15,12,9,11,0,0,0,0,0,0
11,16,45,87,74,65,61,60,72,83,79,81,78,64,56,42,16,12,14,12,0,0,7,0,0,0
11,18,56,100,69,63,54,59,72,82,83,82,70,63,58,51,30,35,19,12,0,0,0,0,0,0
10,16,45,62,57,62,56,58,84,99,80,76,68,61,57,52,50,15,19,12,8,8,0,0,0,8
8,11,23,51,51,53,51,54,81,90,78,69,62,57,55,42,14,12,12,10,0,0,0,0,0,0
8,9,13,14,34,50,45,50,58,66,67,67,60,55,56,52,13,12,12,9,6,0,0,0,0,0
0,23,12,18,25,44,40,38,54,63,63,62,60,53,57,50,16,12,12,11,7,6,0,0,0,0
7,13,14,13,16,40,34,28,52,66,63,65,60,53,52,23,10,10,10,9,6,0,0,0,0,0
0,10,10,13,12,22,18,19,50,64,61,59,55,50,44,13,11,6,9,0,5,0,6,0,6,0
53,77,88,85,72,87,87,90,99,115,118,119,119,92,83,74,64,55,56,53,25,10,8,11,6,29
36,58,77,83,72,77,75,79,89,92,85,96,104,87,81,72,60,50,11,11,0,9,8,0,0,0
13,23,50,55,55,61,61,65,66,71,84,93,97,85,75,66,54,25,11,14,7,0,0,0,6,0
11,12,28,40,26,48,27,17,62,71,81,89,95,82,74,72,67,56,11,0,0,0,0,0,0,6
8,12,30,31,35,5,25,54,68,82,84,90,93,96,109,83,55,6,13,15,12,8,10,6,7,9
6,5,11,13,10,50,68,67,77,98,93,82,98,115,106,75,64,56,70,58,11,7,8,6,7,0
0,0,12,40,21,75,100,80,96,106,116,124,126,116,111,89,65,54,66,56,11,9,8,0,0,7
10,10,32,50,23,102,108,80,100,116,126,140,134,126,118,98,74,66,59,50,11,9,11,7,0,10
9,12,10,12,27,75,73,71,93,113,123,126,132,124,111,87,71,62,57,15,0,8,9,8,8,8
0,0,12,20,40,58,63,76,91,101,113,120,126,119,107,88,68,56,55,25,0,7,0,7,8,11
0,0,7,8,15,53,59,70,84,95,105,110,119,112,101,76,67,56,51,14,7,8,8,0,0,5
0,0,7,10,6,51,57,62,76,89,98,110,114,109,91,78,66,54,51,17,11,9,10,8,10,9
0,0,7,13,0,50,58,64,76,86,95,116,124,106,90,77,64,54,53,25,8,8,7,0,7,0
0,0,0,10,0,12,46,57,72,82,91,97,104,89,80,67,54,25,14,8,0,0,0,0,0,0
0,9,11,26,21,52,57,64,73,83,84,88,97,92,90,81,68,56,51,33,12,10,11,8,10,8
6,0,8,19,14,54,59,65,76,87,91,93,96,95,90,79,68,54,50,14,8,8,10,6,7,7
0,0,0,9,14,52,57,62,72,83,86,87,90,90,88,79,66,54,50,12,7,9,9,7,7,7
0,0,0,14,14,51,57,66,72,82,89,88,92,94,89,84,73,58,52,20,10,11,11,7,6,7
9,7,6,9,33,53,56,66,79,82,86,98,101,97,96,88,71,59,56,34,12,10,10,7,7,8
10,11,14,39,32,47,61,68,77,82,88,94,96,108,110,88,75,64,56,41,10,6,11,9,9,12
7,15,21,50,46,56,61,70,86,77,85,92,103,117,115,91,83,72,64,50,21,20,13,12,13,13
12,11,30,52,50,57,60,64,75,82,82,96,122,129,113,93,81,69,57,50,14,13,11,8,8,11
20,29,34,40,42,55,60,66,79,90,102,127,136,137,115,99,78,63,55,44,30,25,27,22,21,21
12,20,44,53,56,62,64,66,79,87,102,120,120,123,108,88,88,65,58,51,30,13,15,11,17,14
23,14,50,55,56,60,60,61,72,87,100,112,115,111,98,81,73,71,54,47,16,6,11,9,10,9
11,19,48,56,56,60,60,62,73,89,103,116,113,105,93,77,65,58,54,47,14,10,8,9,13,11
10,12,46,56,56,59,58,59,74,93,98,109,107,98,87,73,61,51,48,14,8,0,8,10,9,9
11,12,37,54,56,60,59,60,75,94,96,102,104,93,88,68,58,50,40,12,10,0,6,7,6,7
0,11,36,55,56,59,56,57,75,91,96,104,93,85,79,60,50,12,8,9,0,0,0,0,0,7
10,13,37,54,55,57,57,58,74,81,91,92,86,74,68,55,50,11,15,0,0,0,0,0,0,0
9,13,40,56,58,56,56,60,72,82,79,87,78,68,60,53,17,10,11,7,0,0,0,0,0,0
9,13,41,62,63,58,56,65,75,75,92,83,77,65,58,25,15,11,9,11,0,0,0,0,0,0
12,15,46,87,74,66,61,60,72,83,79,81,78,64,56,42,15,12,15,12,0,0,7,0,0,0
11,16,56,100,69,63,54,59,72,82,83,82,70,63,58,51,30,35,19,12,0,0,0,0,0,0
10,15,47,62,57,62,56,58,84,98,80,76,68,60,57,52,50,14,21,12,8,8,0,0,0,8
9,11,21,51,52,53,51,54,81,91,77,69,61,57,55,42,14,12,13,10,0,0,0,0,0,0
8,9,13,14,36,51,43,50,57,67,67,67,60,55,56,52,13,12,12,9,6,0,0,0,0,0
0,25,12,18,26,44,35,43,54,63,63,62,61,54,57,50,16,12,12,10,7,6,0,0,0,0
6,13,14,13,17,39,31,30,52,65,63,65,60,52,52,23,10,10,10,9,6,0,0,0,0,0
0,11,10,13,12,23,18,19,50,65,61,59,55,50,47,13,11,6,9,0,5,0,6,0,6,0
56,79,90,85,72,86,88,92,100,116,118,119,119,93,83,74,64,55,57,52,25,11,8,11,6,31
38,58,76,82,72,76,74,79,89,92,85,96,105,87,81,71,60,50,11,11,0,9,7,0,0,0
15,23,47,54,54,60,60,64,66,70,84,93,97,86,75,66,55,25,11,14,7,0,0,0,5,0
12,12,30,40,23,46,23,13,60,70,81,89,95,83,74,71,67,55,11,6,0,0,0,5,0,6
8,13,30,31,35,0,17,53,67,81,83,89,93,97,109,83,55,6,13,15,12,8,10,6,7,9
6,6,12,13,10,50,66,65,76,97,93,81,98,115,107,74,65,56,71,59,11,7,8,6,7,0
0,0,12,37,17,74,94,76,94,105,116,124,127,117,112,89,65,54,66,56,11,9,8,0,0,7
10,10,35,50,21,101,107,78,98,116,127,141,135,128,119,98,74,65,59,51,11,10,10,6,0,10
10,13,11,13,25,74,70,71,89,113,123,127,133,126,112,87,72,62,56,22,0,8,9,8,8,7
0,0,12,20,34,56,60,74,89,100,113,121,127,121,108,88,69,56,55,23,0,8,0,6,8,11
0,0,8,8,14,51,57,68,82,94,106,112,121,114,102,76,67,56,51,14,7,9,8,0,0,0
0,6,7,10,0,50,57,61,75,89,99,112,116,111,93,79,66,53,51,22,12,9,10,7,9,9
0,7,7,13,0,44,57,63,74,86,95,117,125,108,91,78,64,54,53,25,8,8,7,0,6,0
0,0,0,10,0,12,41,55,71,81,91,97,104,91,81,67,54,25,14,8,0,0,0,0,0,0
0,10,11,26,16,50,56,63,72,81,85,89,98,93,91,81,68,56,51,33,12,10,11,8,10,7
0,0,8,14,14,52,58,63,75,86,91,93,96,96,91,79,68,53,50,13,8,8,10,6,6,6
0,0,0,8,12,50,56,61,72,83,85,87,90,91,88,79,66,54,47,12,7,9,10,7,6,7
0,0,0,13,13,50,55,64,71,82,89,88,92,95,89,84,73,58,52,20,10,10,11,7,5,7
9,8,7,10,27,52,55,65,78,81,86,98,102,98,96,88,71,59,56,34,12,10,10,6,0,9
10,11,16,37,25,33,59,66,76,82,88,94,97,110,111,88,75,64,56,41,10,6,11,9,9,11
7,19,21,50,44,55,60,69,86,77,84,92,104,119,115,91,84,71,64,50,20,21,13,12,13,12
12,11,33,52,47,56,59,64,75,82,82,96,122,131,114,93,81,69,57,47,15,13,11,8,7,11
22,30,33,40,40,54,59,65,78,90,102,127,136,139,115,98,78,63,54,44,30,24,27,21,20,20
13,23,44,53,55,60,63,65,78,86,102,121,120,124,109,88,88,65,58,51,30,13,14,11,15,14
26,17,50,55,56,59,59,61,72,87,99,113,115,112,99,81,73,71,54,45,15,6,11,9,9,9
11,22,50,56,56,59,60,62,73,90,103,116,114,107,93,77,66,57,54,47,14,10,7,9,12,11
10,13,48,55,56,57,58,59,74,93,98,110,108,98,87,74,61,51,48,14,8,0,8,10,8,9
12,13,35,53,56,59,59,59,75,94,97,102,105,94,88,68,58,50,40,12,10,0,6,7,0,6
7,13,36,54,56,59,55,56,75,92,96,104,93,86,80,60,50,12,8,9,0,0,0,0,0,7
10,13,37,53,55,57,56,59,74,81,91,93,87,75,69,55,50,11,15,0,0,0,0,0,0,0
9,13,38,56,58,56,55,60,72,82,79,87,78,69,61,53,19,10,12,7,6,0,0,0,0,0
9,13,39,62,62,58,56,66,76,75,92,83,77,66,59,25,15,11,9,11,0,0,0,0,0,0
12,15,45,85,74,65,61,59,73,85,80,82,78,64,57,41,15,13,15,12,0,0,7,0,0,0
11,18,55,95,67,62,54,60,73,83,83,82,70,63,58,52,27,32,19,12,0,0,0,0,0,0
10,16,47,61,57,62,56,59,88,99,80,77,69,61,57,52,51,14,21,12,8,7,0,0,0,8
9,11,25,50,51,53,52,55,86,91,78,69,62,58,56,40,14,11,12,10,0,0,0,0,0,0
8,10,13,14,34,51,40,50,58,67,66,67,60,55,56,51,13,12,12,9,6,0,0,0,0,0
0,23,12,16,25,43,34,40,54,64,62,62,61,54,57,50,18,12,12,10,7,6,0,0,0,0
7,13,14,13,16,39,29,33,52,66,63,65,61,53,53,22,10,9,10,10,6,0,0,0,0,0
0,10,10,13,11,23,17,16,50,65,61,59,56,51,50,13,11,6,9,0,0,0,6,0,6,0
