0,0,6,6,0,12,12,13,47,56,55,65,69,59,61,64,61,57,52,35,13,7,6,6,0,6
5,0,0,8,10,13,17,27,53,62,57,66,72,65,68,71,66,65,59,52,18,13,11,6,0,0
0,8,0,5,9,38,52,52,52,57,73,76,77,70,74,75,74,78,66,59,52,25,14,8,7,6
6,11,13,11,8,42,33,12,62,75,83,88,88,78,81,87,93,94,80,59,53,50,31,12,7,7
6,10,12,10,8,11,59,50,65,84,93,94,85,93,103,100,92,96,81,64,55,51,46,9,10,8
0,0,0,0,0,52,65,55,63,88,93,91,94,102,109,107,97,93,84,66,54,50,50,14,12,0
8,9,8,9,12,57,71,64,68,94,111,115,120,116,116,116,110,100,96,74,57,53,52,37,54,50
0,0,0,12,14,60,66,60,63,88,105,106,107,111,115,113,102,95,90,71,52,51,52,25,13,61
0,0,0,11,13,56,63,55,57,82,100,100,105,106,104,106,100,93,79,63,50,51,50,19,12,9
0,0,0,9,11,56,60,55,58,71,91,96,104,103,97,103,94,82,80,63,52,46,37,13,9,6
0,0,0,8,11,78,80,55,59,70,79,89,100,95,86,93,90,86,73,58,32,44,36,15,9,0
0,0,0,11,16,59,58,53,58,67,77,90,98,95,98,104,95,79,72,57,51,52,55,51,51,9
0,0,0,8,12,50,56,52,56,67,77,87,99,91,85,87,84,75,68,59,51,50,55,27,7,0
0,0,0,0,0,16,28,11,39,62,79,76,77,69,66,71,71,66,59,52,35,13,12,9,0,0
7,0,8,10,20,50,52,39,53,65,75,80,84,81,81,86,88,85,79,78,69,69,52,36,11,8
0,0,0,7,14,51,27,50,56,69,78,82,82,81,81,75,72,69,68,60,52,50,50,19,7,0
7,0,0,10,13,53,54,51,62,78,89,94,92,92,93,93,87,82,74,65,52,50,54,25,12,7
7,0,6,11,23,51,56,57,65,91,88,89,93,91,90,92,92,93,85,70,57,53,50,28,10,12
11,10,10,37,52,61,71,73,106,123,121,121,117,111,108,115,113,108,98,85,73,62,56,51,25,15
12,8,14,51,55,68,66,67,84,93,110,122,122,123,115,123,123,123,105,89,73,63,57,55,37,25
13,23,25,51,55,67,69,74,85,98,118,132,134,134,130,137,140,134,118,95,83,73,64,58,55,52
19,14,23,52,55,67,68,72,82,101,113,127,140,134,134,141,139,137,116,93,77,67,61,53,50,41
25,27,33,34,53,62,65,68,84,106,124,145,144,120,129,151,135,129,113,89,74,56,52,42,39,41
22,25,29,46,50,64,62,63,78,89,104,115,118,95,103,123,126,112,99,84,70,61,58,60,40,26
16,19,11,15,28,55,57,59,70,88,91,95,92,82,80,94,100,97,85,76,66,57,57,54,32,12
8,0,8,13,23,53,52,56,70,73,79,84,77,72,71,77,77,86,74,68,61,53,54,33,10,10
0,6,5,10,11,40,50,51,57,66,70,75,71,64,62,70,70,68,70,67,55,50,42,23,0,6
0,0,0,11,0,13,25,20,52,61,64,67,63,50,57,63,63,61,55,56,44,14,13,10,0,0
0,0,0,0,0,10,13,11,46,58,58,62,57,17,51,57,58,56,52,45,14,9,8,0,0,0
0,0,0,0,0,11,40,10,39,53,56,58,54,14,51,55,55,53,52,30,12,8,8,0,0,0
0,0,0,6,0,9,9,11,23,53,54,55,51,15,51,54,53,51,27,23,10,6,7,5,0,0
0,0,0,7,5,8,8,8,12,50,53,51,45,12,41,40,38,37,28,10,9,0,0,0,0,0
0,0,0,0,0,0,0,0,14,25,45,51,51,14,40,43,41,50,37,12,7,0,0,0,0,0
0,4,0,0,0,7,0,7,9,51,54,51,52,15,50,50,51,52,32,12,9,0,0,0,0,0
0,4,5,0,0,0,7,8,12,55,54,52,52,17,45,50,51,52,29,12,7,6,0,0,0,0
0,0,0,0,0,7,8,8,45,54,55,54,51,15,42,50,50,52,13,10,6,0,0,0,0,0
0,5,0,0,0,6,6,8,35,55,56,55,51,29,39,51,52,50,26,12,8,0,0,0,0,0
0,0,5,0,0,5,10,10,40,56,56,54,44,32,32,51,51,48,16,11,9,8,0,0,0,0
0,0,6,0,0,5,5,11,52,62,57,54,23,14,41,51,52,28,10,7,5,0,0,4,0,0
0,0,0,5,0,7,8,9,45,61,59,52,26,14,51,53,51,30,12,10,6,0,6,0,6,0
0,0,6,6,0,13,13,14,50,57,56,65,70,61,62,65,62,57,53,40,13,8,7,7,0,6
5,0,0,8,10,13,19,36,54,61,58,66,73,66,70,71,67,65,59,52,21,13,11,7,0,0
0,9,6,6,10,40,52,53,52,57,73,76,77,70,75,76,75,79,66,59,53,25,14,8,8,0
7,11,13,11,8,43,35,12,62,74,83,88,89,79,83,88,93,94,79,60,53,50,37,12,7,6
7,11,12,10,8,11,59,51,66,84,92,93,86,94,104,100,91,95,81,64,55,52,50,10,10,7
0,0,0,0,0,52,65,55,64,88,93,90,93,102,109,107,97,93,84,66,55,50,50,14,13,0
9,9,8,9,12,57,71,65,69,93,110,114,120,117,116,115,109,99,94,74,58,54,52,37,53,40
0,0,7,13,14,60,67,60,65,88,105,106,106,111,115,113,101,94,88,71,53,52,53,30,13,59
0,0,0,11,13,56,63,56,57,82,101,100,105,106,104,106,98,91,77,63,50,52,50,23,13,8
0,0,0,9,11,57,62,57,58,71,92,97,105,104,97,102,93,82,79,63,53,50,46,13,10,6
0,0,0,9,11,80,82,56,60,71,80,89,100,97,87,92,89,86,73,58,40,50,38,21,11,0
0,0,0,12,15,59,60,54,59,67,77,91,99,98,98,104,94,79,72,57,52,52,56,52,52,9
0,0,0,9,12,54,57,53,56,68,77,88,100,92,85,86,84,76,68,59,52,50,55,32,8,0
0,0,0,0,0,16,30,12,44,63,79,77,78,70,67,70,71,66,59,52,41,14,13,9,0,0
7,0,8,10,20,50,52,44,54,66,76,80,85,82,82,86,87,84,79,77,70,69,52,38,12,8
0,0,0,12,14,51,30,51,57,70,79,83,83,82,83,76,72,69,68,60,53,51,51,25,8,0
8,0,6,9,13,53,55,52,64,80,90,96,93,93,94,93,87,81,74,65,54,51,54,32,13,8
7,6,7,11,23,51,56,58,67,92,89,91,94,92,91,92,92,93,85,70,58,54,51,34,11,12
12,10,11,41,52,61,71,74,107,124,121,122,119,114,111,115,112,107,97,85,74,62,56,52,30,14
12,9,17,51,55,68,66,68,86,95,112,123,124,125,117,123,123,121,103,88,74,63,58,55,42,23
14,26,28,51,55,68,70,76,87,100,120,135,135,137,133,138,140,133,116,94,82,73,65,59,56,52
22,14,26,52,56,68,69,74,87,103,115,128,141,136,136,141,139,135,114,92,76,68,62,54,51,42
26,28,35,35,54,62,66,69,87,110,127,147,146,123,131,153,137,127,112,89,73,57,53,44,41,42
26,27,33,47,51,65,63,65,80,91,106,117,121,97,105,124,126,112,99,83,70,62,58,61,42,26
21,17,12,16,32,55,58,61,71,89,92,98,95,83,81,95,103,97,85,75,65,58,57,55,34,11
8,0,9,13,25,53,55,58,70,75,80,85,77,72,71,77,79,87,74,67,60,53,55,39,11,9
0,6,6,11,11,46,50,52,58,67,70,76,71,64,62,70,70,70,71,68,54,50,46,26,0,6
6,0,6,11,9,13,27,28,53,62,65,67,64,51,58,63,63,62,56,56,46,14,14,11,0,0
0,0,0,0,0,10,14,12,50,59,58,62,58,21,52,57,58,57,53,50,13,9,8,6,0,0
0,0,0,0,0,11,45,12,42,54,57,58,55,14,51,56,56,53,52,35,11,9,8,0,0,0
0,0,0,6,0,10,9,12,34,53,54,55,51,15,51,54,54,52,34,27,10,6,8,6,0,0
0,0,0,7,6,8,8,9,13,51,53,51,42,13,45,40,40,40,30,10,8,0,0,0,0,0
0,0,0,0,0,0,0,8,16,36,44,51,50,13,42,44,42,51,37,13,6,0,0,0,0,0
0,4,0,0,0,7,0,8,10,51,53,51,52,15,51,51,52,52,27,12,9,0,0,0,0,0
0,5,5,0,0,0,9,9,13,54,53,52,52,17,50,51,53,53,31,12,7,6,0,0,0,0
0,5,0,0,0,7,9,9,47,54,54,53,51,16,47,51,51,53,12,11,6,0,0,0,0,0
0,6,0,0,0,6,7,8,41,55,55,54,52,37,50,53,54,51,30,12,9,0,0,0,0,0
0,0,5,0,0,5,10,11,43,55,56,52,43,39,50,52,52,50,23,12,10,8,0,0,0,0
0,0,6,0,0,10,6,11,52,61,56,53,21,23,51,54,55,43,12,8,5,0,0,4,0,0
0,0,6,6,0,8,9,9,46,60,59,52,25,21,53,55,53,41,13,10,6,0,7,0,6,0
0,0,7,6,0,13,13,14,50,57,56,66,71,62,62,66,62,58,53,40,13,7,7,6,0,6
5,0,0,7,10,13,19,41,54,62,58,67,74,68,70,72,67,65,59,51,21,13,12,6,0,0
0,9,6,6,10,40,53,53,53,57,73,77,78,71,76,76,75,79,67,59,53,29,14,8,7,5
7,11,13,10,8,46,37,13,62,75,83,88,88,80,83,88,93,94,80,59,53,50,37,12,7,7
7,11,12,10,8,12,60,51,66,84,92,94,86,95,104,100,91,95,81,64,54,51,50,10,10,8
0,0,0,0,0,52,66,56,65,88,92,90,93,102,110,106,96,92,83,66,54,50,50,14,12,0
8,8,8,9,12,56,71,65,69,92,109,113,118,116,115,113,107,98,93,72,58,53,53,32,52,35
0,0,7,12,14,60,67,60,65,86,104,105,105,110,113,111,100,91,86,69,52,52,52,27,12,58
0,0,0,11,13,55,63,56,57,81,100,99,104,106,102,104,96,89,75,61,50,51,50,21,11,9
0,0,0,9,11,57,62,58,58,71,90,96,104,104,94,100,90,79,77,62,52,46,43,13,9,6
0,0,0,8,11,79,81,55,60,70,79,88,97,95,83,89,87,82,70,56,35,47,41,15,10,0
0,0,0,11,14,58,60,54,59,67,76,89,97,96,95,98,90,76,71,56,51,52,56,52,51,9
0,0,0,8,12,54,56,52,56,67,76,86,98,89,82,82,80,73,65,58,51,51,55,27,7,0
0,0,0,0,0,14,27,11,43,62,77,75,76,68,63,66,66,63,56,50,32,13,12,8,0,0
6,0,8,9,18,50,52,43,54,66,75,79,84,80,79,82,83,80,75,73,68,69,51,36,11,7
0,0,0,11,13,50,27,51,57,70,79,82,83,81,81,73,71,66,64,56,50,51,50,17,7,0
7,0,6,8,13,53,55,53,65,81,90,96,93,93,93,91,84,78,71,62,52,50,54,21,12,7
7,6,7,10,20,51,55,59,68,92,89,90,93,91,90,90,90,90,81,67,57,53,50,25,9,11
12,10,11,37,52,61,71,74,106,123,121,122,120,114,111,113,108,102,94,82,72,62,56,51,26,14
12,9,17,51,55,67,65,68,87,96,113,123,125,126,118,122,121,118,99,86,72,62,57,53,30,22
14,26,26,51,55,68,70,77,88,101,122,136,137,138,134,137,138,132,114,92,81,72,64,58,55,52
19,14,26,52,56,68,69,76,89,106,117,130,143,139,136,142,138,134,112,90,74,66,61,52,42,41
26,28,36,35,54,63,67,70,90,113,130,150,149,126,132,153,137,126,110,88,71,55,52,40,38,40
26,28,33,47,52,66,64,66,82,94,109,120,124,98,104,125,126,112,98,82,67,61,57,58,37,26
20,17,12,20,36,55,59,62,73,91,95,101,97,84,81,97,105,98,85,75,62,56,56,51,14,11
8,0,9,13,25,53,56,58,71,75,81,86,78,72,70,77,80,87,74,66,58,51,52,18,9,9
0,6,7,11,11,48,50,54,59,67,71,76,70,64,62,69,71,70,72,67,52,39,30,13,0,6
6,0,6,11,10,14,33,33,54,63,65,68,63,51,57,63,64,64,57,56,41,13,13,9,0,0
0,0,0,0,0,10,15,13,51,59,59,62,58,21,51,57,58,58,54,47,11,8,0,0,0,0
0,0,0,0,0,12,47,13,46,54,57,58,54,15,51,56,57,53,53,30,10,7,7,0,0,0
0,0,0,6,0,11,10,13,38,54,54,55,51,15,51,54,55,53,38,25,10,6,8,0,0,0
0,0,0,7,5,8,8,10,14,51,53,50,39,12,45,36,43,42,30,9,8,0,0,0,0,0
0,0,0,0,0,0,0,9,20,37,43,50,50,12,42,43,45,52,37,12,0,0,0,0,0,0
0,5,0,0,0,7,0,10,11,50,53,51,51,13,51,51,53,52,27,11,8,0,0,0,0,0
0,5,6,0,0,0,9,10,14,54,52,52,52,15,45,52,55,54,29,12,7,6,0,0,0,0
0,5,0,0,0,7,10,9,50,53,53,52,51,15,50,52,52,54,12,10,6,0,0,0,0,0
0,6,0,0,0,7,7,10,45,54,55,53,51,37,51,54,57,52,36,12,9,0,0,0,0,0
0,0,5,0,0,4,10,12,45,54,55,52,40,42,52,53,54,51,33,13,9,7,0,0,0,0
0,0,6,0,0,10,7,12,52,60,55,52,17,30,53,58,58,51,15,10,5,0,0,4,0,0
0,0,6,6,0,8,10,10,48,60,57,51,22,30,55,57,56,50,14,11,6,0,7,0,6,0
0,0,7,6,0,13,13,15,51,57,56,66,72,62,62,66,63,58,53,40,14,9,8,7,0,7
5,0,0,7,9,13,19,44,54,62,58,67,74,68,70,73,67,66,59,51,25,13,12,6,0,0
0,8,6,6,10,40,52,54,52,57,74,77,78,71,76,77,74,77,67,59,53,34,14,8,7,6
6,11,13,10,8,46,39,13,62,75,83,88,88,79,83,88,92,93,80,59,53,50,37,12,7,8
7,11,12,9,7,12,60,51,66,84,91,93,86,94,103,99,91,94,81,64,55,52,50,10,10,8
0,0,0,0,0,52,66,56,65,88,91,89,92,100,107,104,95,91,83,65,54,50,50,14,11,6
8,7,8,9,12,56,70,65,68,92,109,111,116,113,113,112,105,96,93,71,57,53,52,25,52,27
0,0,0,12,13,59,67,60,63,85,103,103,103,108,111,109,97,89,84,67,50,52,52,23,11,57
0,0,0,10,13,55,63,56,56,79,99,97,102,103,100,101,93,86,75,59,46,51,50,17,11,9
0,0,0,8,11,56,62,58,58,70,89,93,103,102,91,98,88,78,75,60,51,50,37,12,9,0
0,0,0,8,10,77,81,55,59,69,78,86,95,91,80,88,86,80,69,54,37,47,38,14,10,0
0,0,0,10,14,57,60,54,58,66,75,87,94,93,91,95,87,75,70,54,51,52,56,52,51,9
0,0,0,8,11,53,56,52,56,66,75,85,96,86,78,80,78,71,65,56,51,51,55,20,7,0
0,0,0,0,0,13,26,10,40,61,76,74,73,65,60,63,63,61,55,45,26,14,12,7,0,0
6,0,8,8,16,50,51,43,55,66,75,79,82,78,76,79,81,79,73,71,67,69,51,33,11,7
0,0,0,10,13,50,27,50,57,70,78,82,81,80,79,72,69,65,63,55,50,50,50,17,6,0
7,0,6,8,12,52,55,53,65,80,90,94,92,92,92,90,82,77,70,61,51,47,54,17,12,7
6,6,0,10,20,51,55,59,68,91,89,89,92,89,89,89,89,88,80,66,56,53,50,22,9,11
12,11,11,35,51,61,71,74,106,122,120,122,119,113,109,111,106,100,93,81,72,62,56,50,25,14
12,9,16,51,55,67,65,69,87,95,113,123,125,126,118,121,120,116,99,85,72,63,57,53,30,23
14,25,26,51,55,68,71,77,89,102,121,136,137,138,134,137,138,132,114,91,81,72,64,58,55,52
19,14,27,52,55,67,69,76,89,107,118,130,142,139,136,142,139,133,112,90,75,66,60,52,44,44
26,29,35,35,54,63,67,71,91,115,131,151,149,126,131,153,137,125,111,88,72,55,52,40,38,41
26,28,33,47,52,66,64,67,83,95,109,120,124,98,105,125,127,112,99,82,68,61,58,58,38,29
18,17,12,18,36,55,59,63,74,91,95,102,97,84,81,97,105,98,86,75,63,56,56,51,14,12
8,0,8,13,27,54,56,59,71,76,82,86,77,71,70,78,80,87,75,66,58,52,52,16,9,9
0,6,6,10,12,48,51,54,60,68,72,76,70,64,62,69,71,70,73,67,52,43,32,13,0,5
6,0,6,11,10,14,35,36,55,63,65,68,64,51,57,63,64,64,58,57,44,14,13,9,0,0
0,0,0,0,0,10,15,13,51,59,59,62,57,23,52,57,58,59,55,47,11,8,0,0,0,0
0,0,0,0,0,11,50,14,50,54,57,59,55,17,51,56,57,54,54,30,11,8,7,0,0,0
0,0,0,6,0,11,10,14,38,54,54,55,51,19,51,54,55,53,47,27,11,7,8,0,0,0
0,0,0,7,5,7,8,10,18,51,53,51,38,12,46,35,45,45,31,8,8,0,0,0,0,0
0,0,0,0,0,0,7,10,25,39,44,50,50,11,41,43,44,51,37,12,0,0,0,0,0,0
0,5,0,0,0,6,6,10,11,51,53,51,51,13,51,51,53,52,30,11,8,0,0,0,0,0
0,5,6,0,0,6,9,10,17,55,53,52,52,14,45,52,55,54,31,12,7,6,0,0,0,0
0,5,0,0,0,8,10,10,51,54,53,52,51,14,47,52,52,54,12,10,6,0,0,0,0,0
0,6,0,0,0,7,8,11,50,55,55,54,51,35,51,54,57,52,42,12,9,0,0,0,0,0
0,0,5,0,0,5,10,12,50,55,55,52,42,39,52,54,54,51,36,13,10,8,0,0,0,0
0,0,6,0,0,11,8,13,53,61,55,53,18,29,53,58,57,53,18,10,5,0,0,4,0,0
0,0,6,6,0,8,11,11,50,60,58,51,23,27,54,57,56,50,15,11,7,5,7,0,6,0
0,0,6,6,0,13,13,15,51,57,56,66,72,63,63,67,62,58,53,37,14,9,8,6,0,0
5,0,0,7,10,14,21,41,54,62,57,67,74,68,70,73,67,65,58,50,23,13,12,5,0,0
0,8,6,6,10,43,52,54,52,56,73,77,77,71,75,76,73,76,67,59,53,31,15,7,7,5
6,11,13,10,8,48,37,13,62,75,83,87,87,79,82,87,91,92,79,59,53,50,39,12,8,8
6,11,12,10,8,12,59,51,66,84,90,92,85,92,101,99,90,93,80,63,54,51,50,10,10,8
0,0,0,0,0,52,66,55,64,88,91,88,91,99,105,103,93,90,82,64,54,47,50,10,11,0
8,8,8,9,12,56,70,65,68,90,108,110,114,111,110,110,102,94,91,70,57,53,52,22,51,30
0,0,0,12,13,58,66,60,63,85,102,101,102,107,109,108,95,87,83,66,50,51,51,25,11,56
0,0,0,10,13,54,63,56,55,79,97,96,101,103,97,100,90,84,74,58,40,50,50,15,11,8
0,0,0,8,11,56,63,58,57,70,88,93,102,101,89,97,86,76,74,59,51,50,34,12,9,0
0,0,0,8,10,77,81,55,59,69,77,86,94,90,78,87,84,78,68,53,32,47,36,13,9,0
0,0,0,10,14,58,59,53,57,66,75,86,93,93,89,93,84,73,69,54,51,52,55,52,50,8
0,0,0,8,12,53,56,52,55,65,74,84,95,85,76,78,76,69,64,55,50,51,54,16,0,0
0,0,0,0,0,13,26,10,38,60,76,73,72,64,58,61,61,58,54,36,21,13,11,7,0,0
6,0,8,8,16,50,51,43,54,66,74,78,81,78,74,77,79,78,71,69,65,68,50,33,9,7
0,0,0,10,13,50,27,50,56,70,78,81,81,79,77,71,68,64,62,54,47,51,47,15,6,0
7,0,6,8,12,52,55,53,64,80,89,94,92,92,92,90,81,75,68,60,50,42,53,15,11,7
6,6,6,10,20,51,55,59,67,90,89,89,93,89,88,89,88,88,79,65,56,52,50,22,8,11
12,10,11,35,52,61,71,74,105,122,121,122,119,114,110,111,105,99,92,80,71,61,55,50,26,14
12,9,16,51,55,67,65,69,87,96,113,124,127,128,120,122,121,116,98,85,72,62,57,53,28,22
14,25,23,51,55,67,71,77,89,103,122,138,139,141,135,138,139,133,114,91,80,72,65,58,55,52
19,15,29,52,55,67,69,77,89,107,119,132,144,141,137,143,139,134,112,90,76,66,60,52,48,44
28,29,35,35,54,63,67,71,91,115,133,153,151,129,132,155,138,126,112,88,72,55,52,40,39,40
26,28,32,48,52,65,64,68,83,96,110,122,126,100,104,126,127,113,99,82,67,61,58,57,39,28
20,17,13,20,36,55,59,63,73,92,96,103,98,84,81,98,105,98,87,74,62,56,56,51,16,12
8,0,8,13,25,54,56,59,72,76,82,87,78,72,69,78,81,88,75,66,58,52,51,18,9,9
0,6,6,10,12,46,51,54,60,68,72,76,70,64,62,69,71,70,73,67,52,39,30,13,0,5
0,0,6,11,10,14,35,38,55,63,66,68,65,52,57,63,64,64,57,56,46,14,13,10,0,0
0,0,0,0,0,10,16,13,51,60,60,63,58,29,52,57,58,59,55,45,11,8,0,0,0,0
0,0,0,0,0,11,50,14,50,54,58,59,55,27,51,56,57,54,54,27,10,8,7,0,0,0
0,0,0,6,6,11,10,14,40,54,55,55,52,25,51,54,54,54,47,27,11,6,8,0,0,0
0,0,0,7,6,8,8,10,20,51,54,51,42,13,46,40,44,43,30,8,8,0,0,0,0,0
0,0,0,0,0,0,8,11,25,39,45,51,50,12,41,45,44,51,37,12,0,0,0,0,0,0
0,5,0,0,0,7,6,10,11,51,53,51,51,14,51,52,53,53,30,11,8,0,0,0,0,0
0,5,6,0,0,6,9,10,20,55,53,53,53,19,50,52,55,54,31,12,7,6,0,0,0,0
0,5,0,0,0,8,10,11,51,54,53,52,51,18,50,52,53,55,12,10,7,0,0,0,0,0
0,6,0,0,0,7,8,12,50,55,55,54,52,41,52,55,57,52,42,12,9,0,0,0,0,0
0,4,5,0,0,5,11,12,50,56,55,53,47,44,52,55,54,51,33,13,10,7,0,0,0,0
0,0,6,0,0,11,8,13,53,61,55,53,22,32,53,59,57,52,16,10,5,0,0,0,0,0
0,0,6,6,0,8,11,11,50,60,57,51,27,32,54,57,56,47,14,11,8,5,7,0,6,0
0,0,6,6,0,13,13,15,51,58,56,66,72,62,63,67,63,58,53,32,13,9,7,6,0,0
5,0,0,7,9,13,21,44,54,63,58,67,74,68,69,73,67,65,58,50,23,13,11,5,0,0
0,8,6,6,9,43,52,54,53,57,74,77,77,71,75,76,73,76,66,58,52,31,15,7,7,6
6,11,13,9,8,46,35,13,62,74,83,86,88,79,82,87,91,91,79,59,53,47,35,12,8,8
7,11,12,10,8,12,59,51,66,85,90,92,85,92,101,98,90,92,80,63,54,51,50,10,10,8
0,0,0,0,0,52,66,55,64,88,91,88,91,99,105,103,93,89,81,64,53,47,50,11,10,0
8,8,8,9,12,56,69,63,67,91,108,110,113,110,110,110,102,93,90,70,56,52,52,22,50,25
0,0,0,11,13,58,66,59,63,85,102,101,102,106,109,108,95,87,82,65,50,51,51,23,11,55
0,0,0,10,13,54,63,56,54,79,97,96,101,103,97,100,91,84,73,57,37,46,50,17,10,8
0,0,0,8,10,56,63,57,57,70,89,93,102,101,88,97,87,75,74,58,50,50,31,12,9,0
0,0,0,7,10,76,81,56,59,69,77,85,94,89,78,87,85,77,67,53,30,44,36,13,9,0
0,0,0,9,14,58,59,53,57,67,75,85,92,91,87,92,84,74,68,53,50,52,55,52,50,8
0,0,0,7,11,53,55,52,56,65,74,83,95,85,75,77,75,69,63,54,50,50,54,15,0,0
0,0,0,0,0,13,25,10,38,59,76,72,71,63,58,60,60,57,53,36,20,13,10,7,0,0
6,0,8,8,16,50,51,42,54,66,73,78,80,77,73,76,78,77,71,68,65,68,51,32,9,7
0,0,0,10,13,50,27,50,56,70,78,81,81,79,77,71,67,63,61,53,45,50,45,14,7,0
7,0,6,8,12,52,55,53,65,80,90,94,91,92,92,89,80,74,68,59,50,37,54,15,11,7
6,6,0,10,19,51,55,58,67,90,88,89,92,89,88,89,88,87,78,64,55,52,50,20,8,11
12,11,11,33,52,60,71,74,105,122,121,122,120,114,109,111,106,99,92,80,70,61,56,50,26,14
12,9,16,51,55,67,65,69,87,96,113,126,127,130,121,123,122,116,98,85,71,62,57,53,25,23
14,25,25,52,55,67,71,77,89,102,123,139,141,142,136,140,140,134,114,91,80,72,65,58,55,52
20,18,30,52,55,67,69,76,90,107,120,134,145,142,138,144,141,135,112,90,75,66,60,52,44,45
27,29,35,35,54,63,67,71,91,115,134,155,153,130,133,157,138,127,111,87,72,55,52,40,39,41
25,29,32,47,52,65,64,68,83,97,111,123,126,100,104,126,128,113,99,82,67,61,58,57,38,28
18,22,12,20,36,55,59,62,73,92,96,104,98,85,80,98,106,98,86,74,62,56,56,51,18,12
9,0,8,13,25,54,56,59,72,76,83,87,78,72,69,78,81,88,75,66,57,52,51,18,9,10
0,6,6,10,12,44,51,53,60,68,73,76,71,64,62,69,71,70,72,66,52,39,32,14,0,0
6,0,6,11,10,14,35,36,55,63,66,68,65,52,57,64,64,64,57,56,46,14,13,10,0,0
0,0,0,0,0,11,15,14,51,60,60,64,58,31,52,58,59,59,54,43,11,8,0,0,0,0
0,0,0,0,0,11,50,14,50,55,58,59,56,31,51,56,56,54,53,23,10,8,7,0,0,0
0,0,0,6,6,11,10,15,38,54,55,55,53,27,51,54,55,53,45,23,11,6,8,0,0,0
0,0,0,7,6,8,9,10,20,52,54,52,44,13,48,41,48,42,27,8,8,0,0,0,0,0
0,0,0,0,0,0,8,11,25,39,46,51,51,12,42,45,47,51,35,12,0,0,0,0,0,0
0,5,0,0,0,6,6,10,11,51,54,51,52,14,51,52,53,53,30,11,8,0,0,0,0,0
0,5,6,0,0,6,9,10,20,55,54,53,53,21,50,53,56,53,29,12,7,7,0,0,0,0
0,5,0,0,0,8,10,10,51,55,54,53,52,20,50,53,53,55,12,10,6,0,0,0,0,0
0,6,0,0,0,7,8,12,50,55,55,54,52,39,52,55,58,52,38,12,9,0,0,0,0,0
0,4,5,0,0,5,11,12,48,56,55,53,48,48,52,55,55,50,31,13,9,7,0,0,0,0
0,0,6,0,0,10,8,13,53,61,56,54,26,34,54,59,57,51,14,10,5,0,0,0,0,0
0,0,7,6,0,8,11,11,50,60,57,52,29,35,54,57,56,45,13,10,7,5,7,0,6,0
0,0,7,6,0,13,27,17,52,57,57,67,75,63,64,67,62,57,53,32,13,9,7,6,0,0
6,0,0,8,10,14,50,47,54,63,59,68,75,68,70,72,67,65,58,50,20,13,12,5,0,0
0,9,6,7,10,45,57,54,54,57,75,77,79,72,76,76,73,76,66,58,52,31,15,7,7,0
7,11,13,10,9,48,51,13,62,75,84,88,88,80,83,86,91,91,78,58,52,45,41,11,7,7
7,12,12,11,8,13,63,52,66,85,92,93,86,93,102,98,89,93,78,62,54,51,50,10,10,8
0,0,0,0,0,53,71,55,64,88,91,88,92,100,106,102,92,88,81,64,53,47,50,10,10,0
8,9,7,10,12,57,75,63,68,91,109,111,113,112,111,108,101,93,89,69,56,53,52,22,47,15
0,0,0,12,13,58,74,60,63,84,102,101,102,107,109,106,93,86,81,65,44,52,51,23,11,53
0,0,0,10,14,56,69,57,55,81,98,96,101,103,97,100,90,83,72,57,31,46,44,14,10,0
0,0,0,9,11,56,69,58,58,70,90,94,102,102,89,95,86,75,73,58,50,50,31,12,8,0
0,0,0,8,11,77,88,56,60,69,78,86,95,91,78,86,84,76,67,52,25,47,38,13,8,0
0,6,0,10,14,58,63,53,57,67,76,86,94,92,87,90,83,74,67,52,50,52,55,51,47,7
0,0,0,8,12,53,59,52,56,66,75,84,95,85,75,76,74,68,62,54,50,50,53,16,0,0
0,0,0,0,0,14,41,11,38,60,77,73,71,63,58,59,60,56,52,33,16,13,10,0,0,0
6,0,8,9,18,50,55,43,53,67,74,78,80,77,73,76,78,77,70,67,63,67,51,28,8,6
0,0,0,12,14,51,50,50,56,71,79,81,82,80,77,71,67,62,60,53,35,50,45,13,6,0
7,0,6,9,13,53,59,53,65,81,91,94,93,93,93,89,80,73,67,59,42,40,54,14,11,7
7,6,6,10,23,51,58,59,68,91,89,89,94,91,89,89,88,87,77,63,54,52,50,19,8,10
12,11,11,39,53,61,74,74,105,122,122,124,122,117,112,113,106,100,91,80,69,61,56,51,22,13
12,10,19,52,55,67,68,69,87,97,115,128,130,134,126,126,123,116,99,85,71,61,57,53,23,21
15,29,26,52,56,68,74,78,89,104,126,142,145,146,140,142,142,134,113,90,80,72,65,58,55,51
22,23,30,53,56,67,71,77,90,108,123,137,149,145,142,146,142,137,112,89,75,66,60,51,44,42
28,32,36,37,55,64,71,72,91,116,137,159,159,134,136,161,141,129,111,87,70,56,52,40,39,40
25,32,33,50,52,66,67,68,83,97,113,127,130,102,105,128,129,113,98,81,66,61,58,57,36,25
21,28,13,25,38,56,63,62,73,92,98,107,101,87,82,99,107,98,86,74,61,56,56,51,15,11
8,0,9,14,33,54,59,59,72,78,84,89,79,73,69,78,82,88,75,66,56,52,51,18,9,9
0,7,7,12,12,50,54,53,60,69,74,77,72,66,63,69,71,70,71,66,52,37,23,13,0,0
6,0,6,12,11,14,51,38,55,64,68,68,66,54,58,64,64,63,56,55,41,13,12,10,0,0
0,0,0,0,0,12,40,14,51,60,61,64,60,40,53,58,59,58,53,39,10,7,0,0,0,0
0,0,0,0,7,12,52,13,50,55,59,61,57,45,52,57,56,53,52,21,9,8,7,0,0,0
0,0,0,7,7,11,13,15,40,55,55,57,54,29,53,55,54,53,38,17,10,6,8,0,0,0
0,0,0,8,7,9,12,10,21,52,55,54,50,14,50,50,48,42,25,8,8,0,0,0,0,0
0,0,0,0,0,0,12,11,25,42,50,52,52,14,50,47,49,52,35,12,0,0,0,0,0,0
0,6,0,0,0,8,9,10,12,52,55,52,53,27,52,53,53,53,30,11,8,0,0,0,0,0
0,6,6,0,0,6,13,10,14,55,55,55,54,33,52,53,55,53,29,12,7,7,0,0,0,0
0,6,0,0,0,9,13,10,50,55,55,54,53,27,52,53,52,54,12,10,6,0,0,0,0,0
0,7,0,0,0,7,11,10,50,56,56,56,53,45,53,55,57,51,30,12,9,0,0,0,0,0
0,5,5,0,0,5,12,12,48,57,57,54,50,51,53,55,55,48,28,12,9,8,5,0,0,0
0,0,6,0,0,11,10,13,53,62,57,55,35,40,55,60,57,46,14,9,4,0,0,0,0,0
0,0,7,7,0,8,14,10,48,62,59,53,33,44,56,57,55,42,12,10,6,0,7,0,6,0
0,0,7,6,0,13,27,17,52,57,57,67,75,63,64,67,62,57,53,32,13,9,7,6,0,0
6,0,0,8,10,14,50,47,54,63,59,68,75,68,70,72,67,65,58,50,20,13,12,5,0,0
0,9,6,7,10,45,57,54,54,57,75,77,79,72,76,76,73,76,66,58,52,31,15,7,7,0
7,11,13,10,9,48,51,13,62,75,84,88,88,80,83,86,91,91,78,58,52,45,41,11,7,7
7,12,12,11,8,13,63,52,66,85,92,93,86,93,102,98,89,93,78,62,54,51,50,10,10,8
0,0,0,0,0,53,71,55,64,88,91,88,92,100,106,102,92,88,81,64,53,47,50,10,10,0
8,9,7,10,12,57,75,63,68,91,109,111,113,112,111,108,101,93,89,69,56,53,52,22,47,15
0,0,0,12,13,58,74,60,63,84,102,101,102,107,109,106,93,86,81,65,44,52,51,23,11,53
0,0,0,10,14,56,69,57,55,81,98,96,101,103,97,100,90,83,72,57,31,46,44,14,10,0
0,0,0,9,11,56,69,58,58,70,90,94,102,102,89,95,86,75,73,58,50,50,31,12,8,0
0,0,0,8,11,77,88,56,60,69,78,86,95,91,78,86,84,76,67,52,25,47,38,13,8,0
0,6,0,10,14,58,63,53,57,67,76,86,94,92,87,90,83,74,67,52,50,52,55,51,47,7
0,0,0,8,12,53,59,52,56,66,75,84,95,85,75,76,74,68,62,54,50,50,53,16,0,0
0,0,0,0,0,14,41,11,38,60,77,73,71,63,58,59,60,56,52,33,16,13,10,0,0,0
6,0,8,9,18,50,55,43,53,67,74,78,80,77,73,76,78,77,70,67,63,67,51,28,8,6
0,0,0,12,14,51,50,50,56,71,79,81,82,80,77,71,67,62,60,53,35,50,45,13,6,0
7,0,6,9,13,53,59,53,65,81,91,94,93,93,93,89,80,73,67,59,42,40,54,14,11,7
7,6,6,10,23,51,58,59,68,91,89,89,94,91,89,89,88,87,77,63,54,52,50,19,8,10
12,11,11,39,53,61,74,74,105,122,122,124,122,117,112,113,106,100,91,80,69,61,56,51,22,13
12,10,19,52,55,67,68,69,87,97,115,128,130,134,126,126,123,116,99,85,71,61,57,53,23,21
15,29,26,52,56,68,74,78,89,104,126,142,145,146,140,142,142,134,113,90,80,72,65,58,55,51
22,23,30,53,56,67,71,77,90,108,123,137,149,145,142,146,142,137,112,89,75,66,60,51,44,42
28,32,36,37,55,64,71,72,91,116,137,159,159,134,136,161,141,129,111,87,70,56,52,40,39,40
25,32,33,50,52,66,67,68,83,97,113,127,130,102,105,128,129,113,98,81,66,61,58,57,36,25
21,28,13,25,38,56,63,62,73,92,98,107,101,87,82,99,107,98,86,74,61,56,56,51,15,11
8,0,9,14,33,54,59,59,72,78,84,89,79,73,69,78,82,88,75,66,56,52,51,18,9,9
0,7,7,12,12,50,54,53,60,69,74,77,72,66,63,69,71,70,71,66,52,37,23,13,0,0
6,0,6,12,11,14,51,38,55,64,68,68,66,54,58,64,64,63,56,55,41,13,12,10,0,0
0,0,0,0,0,12,40,14,51,60,61,64,60,40,53,58,59,58,53,39,10,7,0,0,0,0
0,0,0,0,7,12,52,13,50,55,59,61,57,45,52,57,56,53,52,21,9,8,7,0,0,0
0,0,0,7,7,11,13,15,40,55,55,57,54,29,53,55,54,53,38,17,10,6,8,0,0,0
0,0,0,8,7,9,12,10,21,52,55,54,50,14,50,50,48,42,25,8,8,0,0,0,0,0
0,0,0,0,0,0,12,11,25,42,50,52,52,14,50,47,49,52,35,12,0,0,0,0,0,0
0,6,0,0,0,8,9,10,12,52,55,52,53,27,52,53,53,53,30,11,8,0,0,0,0,0
0,6,6,0,0,6,13,10,14,55,55,55,54,33,52,53,55,53,29,12,7,7,0,0,0,0
0,6,0,0,0,9,13,10,50,55,55,54,53,27,52,53,52,54,12,10,6,0,0,0,0,0
0,7,0,0,0,7,11,10,50,56,56,56,53,45,53,55,57,51,30,12,9,0,0,0,0,0
0,5,5,0,0,5,12,12,48,57,57,54,50,51,53,55,55,48,28,12,9,8,5,0,0,0
0,0,6,0,0,11,10,13,53,62,57,55,35,40,55,60,57,46,14,9,4,0,0,0,0,0
0,0,7,7,0,8,14,10,48,62,59,53,33,44,56,57,55,42,12,10,6,0,7,0,6,0
0,0,7,8,0,13,30,20,52,57,56,66,74,62,63,66,62,58,52,27,12,8,7,5,0,6
5,0,0,9,10,14,50,47,54,64,58,67,74,66,70,71,66,65,57,47,18,13,11,0,0,0
0,9,0,7,10,47,57,54,53,57,74,77,78,71,75,75,72,75,64,58,51,29,13,7,6,0
6,11,13,11,9,48,52,13,63,76,83,87,87,78,81,86,89,90,77,58,51,50,37,11,7,6
7,11,11,12,8,13,64,52,66,84,91,92,85,92,101,97,88,93,77,61,53,51,48,9,8,7
0,0,0,0,5,53,71,56,64,88,91,88,91,98,104,100,91,88,80,63,53,47,50,13,10,0
7,8,7,10,12,57,76,64,68,91,107,109,113,111,109,108,100,92,88,69,55,53,51,14,35,13
0,0,0,13,13,59,74,60,63,84,102,101,100,105,108,105,91,85,80,64,38,51,50,15,10,50
0,0,0,12,14,57,70,56,55,81,97,95,100,103,95,97,89,83,70,57,25,40,38,13,10,0
0,0,0,10,11,56,69,59,57,70,88,91,100,101,88,92,85,74,70,57,46,40,28,11,8,0
0,0,0,8,11,77,88,56,59,69,77,85,94,88,77,84,82,75,65,51,23,41,30,12,8,0
0,0,0,11,14,58,63,53,58,67,75,85,92,90,86,89,81,74,66,51,47,51,55,50,40,6
0,0,0,9,12,53,60,52,56,67,74,83,93,83,74,75,73,68,61,54,47,50,53,14,0,0
0,0,0,0,0,14,40,10,38,60,76,72,70,62,57,59,59,57,51,28,15,13,9,0,0,0
6,0,7,10,20,50,55,42,53,66,73,78,80,76,72,75,76,76,70,67,63,67,50,26,8,5
0,0,0,13,14,50,50,50,57,72,78,81,81,78,76,69,67,61,59,52,27,50,43,12,6,0
7,0,0,10,13,53,59,53,65,81,91,94,92,91,91,88,80,73,66,59,40,40,54,13,10,6
7,0,0,11,25,51,58,59,68,90,88,89,94,90,88,88,87,86,77,63,54,51,50,15,7,10
11,11,11,43,53,61,74,74,104,122,121,123,120,115,111,111,105,99,91,79,69,60,55,50,16,12
12,9,17,53,56,67,68,69,87,96,114,127,130,132,125,124,121,116,98,84,70,60,56,52,20,20
14,27,23,53,56,68,74,78,89,104,124,139,143,145,138,140,140,133,111,89,79,72,64,57,54,50
17,15,27,54,57,68,72,77,90,108,121,135,148,143,141,144,139,136,110,88,74,65,59,50,39,38
26,30,35,39,55,63,70,71,91,116,135,156,157,131,135,159,139,128,108,85,69,56,51,39,36,35
23,29,32,52,52,65,68,68,83,97,112,125,129,100,104,127,127,112,97,80,65,60,57,56,33,22
16,23,12,29,38,55,62,63,74,92,97,106,100,86,81,97,104,98,85,73,60,55,55,50,14,10
7,0,8,15,31,54,59,59,71,78,84,88,78,71,68,77,81,88,74,64,55,50,50,14,8,8
0,7,6,13,12,48,54,54,60,68,73,76,71,65,62,68,70,70,70,65,51,33,16,12,0,0
0,0,6,12,11,14,51,38,55,64,67,68,65,53,57,62,63,63,55,54,30,13,11,9,0,0
0,0,0,0,0,11,38,14,51,60,60,63,59,31,52,57,59,58,52,37,10,7,0,0,0,0
0,0,0,0,7,12,52,13,50,55,58,60,57,35,52,56,56,53,52,21,8,7,0,0,0,0
0,0,0,8,7,11,13,14,40,55,55,56,53,21,52,54,54,53,29,15,9,6,7,0,0,0
0,0,0,8,7,8,12,10,21,53,54,53,45,12,48,46,45,41,21,7,7,0,0,0,0,0
0,0,0,0,0,6,11,11,25,42,49,52,52,13,48,45,45,52,34,12,0,0,0,0,0,0
0,5,0,0,0,8,9,10,12,52,55,51,53,15,51,52,53,52,23,11,7,0,0,0,0,0
0,5,6,0,0,6,14,10,15,56,55,54,54,21,51,52,54,53,25,11,7,6,0,0,0,0
0,5,0,0,0,9,13,10,50,55,55,54,52,21,52,53,52,54,11,10,6,0,0,0,0,0
0,6,0,0,0,7,12,10,50,56,55,55,52,35,52,54,56,51,28,12,8,0,0,0,0,0
0,4,5,0,0,5,13,12,50,57,56,54,50,51,53,54,54,48,25,12,9,8,4,0,0,0
0,0,6,0,0,11,11,13,53,62,57,54,32,36,54,59,56,48,14,9,0,0,0,4,0,0
0,0,0,7,0,9,14,10,50,62,59,53,23,38,56,56,55,44,12,9,5,0,7,0,5,0
0,0,6,7,0,13,25,20,52,58,56,66,73,62,62,66,62,58,52,25,13,9,7,6,0,6
4,0,0,8,10,13,44,47,54,63,58,67,75,66,70,71,66,65,57,44,18,13,10,5,0,0
0,8,0,7,10,43,56,54,53,58,74,76,78,71,75,75,72,75,65,57,51,31,13,6,6,0
6,10,12,10,8,45,51,13,62,75,83,87,87,77,81,86,89,89,78,58,51,50,37,11,8,6
7,10,11,11,8,12,63,52,66,84,90,92,85,92,101,97,88,92,77,61,53,51,48,10,9,7
0,0,0,0,0,52,69,56,64,88,91,87,91,98,105,100,91,89,80,63,53,47,46,13,10,0
0,7,7,10,12,56,76,65,68,91,107,108,113,111,109,108,100,93,87,69,55,53,51,14,32,13
0,0,0,12,12,58,72,60,63,84,101,101,101,104,108,105,92,85,80,64,41,51,50,15,10,50
0,0,0,11,13,55,69,56,56,81,96,95,100,103,96,96,89,82,70,57,25,46,38,14,10,0
0,0,0,10,11,54,67,59,57,70,88,91,101,100,89,93,85,74,70,57,50,43,28,11,8,0
0,0,0,8,10,76,86,56,59,69,77,85,95,88,77,83,82,75,65,51,23,41,30,12,8,0
0,0,0,11,13,57,62,54,58,67,75,85,93,90,87,89,81,74,66,51,50,52,54,50,40,6
0,0,0,8,11,52,58,52,56,67,73,83,93,83,74,75,74,68,61,53,50,50,52,14,0,0
0,0,0,0,0,13,37,10,39,60,76,72,70,61,57,58,59,57,51,26,16,13,9,0,0,0
5,0,0,10,16,50,54,42,53,66,73,77,79,76,72,75,76,76,70,66,63,67,50,26,7,6
0,0,0,12,13,47,50,50,57,71,78,80,81,78,75,70,67,62,59,51,30,50,43,13,6,0
6,0,0,9,12,52,58,53,65,81,91,94,92,91,91,88,79,73,66,59,40,40,54,13,10,6
6,0,0,11,20,50,57,59,68,91,88,89,93,89,88,88,87,86,77,62,54,51,47,14,7,10
10,10,10,39,52,60,73,74,105,122,121,123,120,115,110,110,104,99,91,78,69,60,56,50,17,11
11,9,15,52,55,66,68,69,87,96,114,127,129,132,124,125,121,116,97,83,71,60,56,52,20,22
13,23,20,52,56,67,73,78,89,104,124,139,143,145,138,140,140,133,112,89,79,72,65,57,54,50
14,14,26,53,56,67,71,77,90,108,121,135,147,143,141,145,139,136,110,87,74,65,59,50,41,38
25,28,34,37,53,62,70,71,91,116,135,156,157,131,135,160,139,128,108,84,69,55,51,39,35,37
20,28,31,51,51,64,67,68,84,98,111,125,129,100,105,126,128,112,96,79,65,60,57,56,34,25
14,20,12,25,36,55,62,63,74,92,97,106,100,86,80,98,104,98,85,73,60,56,55,50,14,11
7,0,8,14,25,53,59,60,71,78,83,88,78,71,68,77,81,88,74,64,56,50,50,14,8,8
0,6,6,12,11,40,53,55,60,69,73,76,71,64,61,68,70,70,70,65,51,33,20,12,0,0
0,0,6,11,10,14,50,36,55,64,66,68,65,53,57,62,63,63,56,54,35,13,11,10,0,0
0,0,0,0,0,11,31,14,51,61,60,64,59,29,51,57,59,58,52,35,10,7,0,0,0,0
0,0,0,0,7,11,51,13,50,55,58,60,57,33,51,56,56,53,52,21,9,7,0,0,0,0
0,0,0,7,6,10,13,14,40,55,55,56,54,23,52,54,54,53,29,14,8,6,7,0,0,0
0,0,0,8,6,8,11,10,21,53,54,53,45,12,50,46,47,41,22,7,7,0,0,0,0,0
0,0,0,0,0,0,11,11,25,42,48,52,52,12,47,46,45,51,34,12,0,0,0,0,0,0
0,4,0,0,0,7,8,10,11,52,55,51,53,15,51,52,53,53,25,11,7,0,0,0,0,0
0,5,6,0,0,6,13,10,14,57,54,53,54,23,50,52,55,53,27,11,7,6,0,0,0,0
0,5,0,0,0,8,13,10,50,55,55,54,53,20,52,53,52,53,11,10,6,0,0,0,0,0
0,5,0,0,0,6,11,10,50,56,55,55,53,35,52,54,57,51,26,11,8,0,0,0,0,0
0,4,5,0,0,4,12,12,50,57,56,54,50,51,53,54,55,50,23,12,8,8,0,0,0,0
0,0,6,0,0,10,10,13,53,62,57,54,32,36,54,59,56,50,14,9,0,0,0,4,0,0
0,0,0,7,0,8,13,10,50,62,59,52,25,39,55,57,55,44,12,10,5,0,7,0,5,0
0,0,7,7,0,13,13,15,51,57,55,65,72,61,62,66,62,58,53,25,13,9,7,6,0,6
5,0,0,9,10,14,25,38,53,63,58,66,74,66,69,71,66,65,58,50,20,13,11,5,0,0
0,9,6,7,11,50,53,54,52,57,73,76,77,70,74,75,71,75,65,58,51,29,14,6,6,0
6,11,13,11,9,48,37,12,62,75,82,86,86,76,80,86,89,89,77,58,52,50,35,11,8,7
7,11,12,11,8,13,60,51,66,83,89,91,84,91,100,97,88,91,78,61,53,51,50,9,9,7
0,0,0,0,5,53,66,55,63,87,91,86,90,97,103,101,91,89,80,62,53,47,46,13,10,0
7,8,7,10,13,57,70,63,67,90,106,108,112,110,108,108,100,93,87,68,55,52,50,14,32,13
0,0,0,12,13,59,66,59,62,84,101,101,99,104,107,105,92,86,80,63,44,51,50,17,10,51
0,0,0,11,13,57,63,55,54,78,95,93,100,102,93,96,89,82,70,56,25,46,44,14,10,0
0,0,0,10,11,56,61,58,56,68,87,90,100,100,86,93,84,75,70,57,50,43,31,11,8,0
0,0,0,8,11,77,81,54,58,69,76,83,93,86,75,82,82,75,65,51,25,38,30,12,8,0
0,0,0,10,14,57,59,53,57,67,73,83,91,88,85,89,81,73,66,51,50,51,54,50,38,6
0,0,0,9,12,53,55,51,55,66,73,82,92,82,73,75,73,67,62,53,50,50,52,13,0,0
0,0,0,0,0,14,23,10,35,60,75,70,69,60,56,58,58,56,51,30,15,12,9,0,0,0
6,0,7,10,20,50,52,39,53,66,72,76,78,75,71,75,76,76,70,66,63,66,50,25,7,6
0,0,0,12,14,50,30,45,56,70,77,79,79,77,74,69,67,62,60,51,32,50,43,13,6,0
7,0,6,9,13,52,55,52,64,80,89,93,91,90,90,88,80,73,66,59,45,40,54,13,11,6
7,0,6,11,22,51,55,58,67,90,87,88,92,88,87,88,87,86,77,62,55,51,47,14,7,10
11,10,11,43,52,61,71,74,104,121,119,122,120,113,109,110,104,98,91,78,69,60,55,48,17,12
12,9,17,52,55,67,65,68,86,96,113,126,128,130,122,125,121,116,97,83,70,60,57,52,20,21
14,26,26,53,56,68,71,78,89,104,123,138,142,143,137,140,141,134,112,89,79,71,65,57,54,50
19,14,31,54,56,67,68,76,89,108,120,133,146,142,139,144,139,136,110,87,73,65,59,50,41,36
26,28,34,39,54,64,67,71,89,115,135,155,155,130,134,159,140,127,108,84,69,55,51,39,36,37
23,28,33,51,52,65,64,67,82,97,110,122,128,99,104,126,128,112,97,79,65,60,56,55,36,25
16,25,12,31,42,56,59,63,73,92,96,105,99,84,79,97,104,98,85,73,60,56,55,50,14,10
7,0,8,14,29,54,56,59,71,76,83,87,78,70,67,77,81,87,74,64,56,50,50,13,8,8
0,6,6,12,12,46,51,54,59,68,72,76,70,63,60,68,70,70,69,65,51,33,20,12,0,0
0,0,6,12,11,14,33,31,54,63,66,68,64,52,56,62,63,63,56,54,35,13,11,9,0,0
0,0,0,0,0,12,15,13,51,60,59,62,58,23,51,57,58,58,52,37,10,7,0,0,0,0
0,0,0,0,7,12,40,12,50,54,57,59,56,25,51,56,56,53,52,21,9,7,0,0,0,0
0,0,0,8,7,12,10,13,36,54,55,55,53,17,50,54,54,53,29,15,8,6,7,0,0,0
0,0,0,8,7,8,9,10,16,52,54,51,44,11,46,46,44,40,25,8,7,0,0,0,0,0
0,0,0,0,0,7,7,10,22,39,46,51,52,11,43,45,44,51,34,12,0,0,0,0,0,0
0,5,0,0,0,7,0,9,10,51,54,51,52,14,51,52,53,53,23,11,8,0,0,0,0,0
0,5,6,0,0,6,10,9,14,56,53,52,53,17,47,52,55,53,29,11,7,6,0,0,0,0
0,5,0,0,0,9,10,10,50,54,54,53,52,18,51,53,52,54,11,10,6,0,0,0,0,0
0,6,0,5,0,7,8,10,45,55,55,55,52,31,51,54,57,51,28,11,8,0,0,0,0,0
0,4,6,0,0,5,10,11,45,57,55,53,47,50,52,54,54,50,23,12,8,8,4,0,0,0
0,0,6,0,0,11,7,12,52,61,56,54,29,34,53,58,56,48,14,9,0,0,0,4,0,0
0,0,6,7,0,9,11,9,45,61,58,51,19,35,54,57,56,41,12,9,5,0,7,0,6,0
0,0,7,7,0,13,14,15,51,57,54,65,72,61,62,66,62,58,53,25,13,9,7,6,0,6
5,0,0,9,10,14,27,38,53,63,58,66,73,66,68,72,66,64,58,50,18,13,11,5,0,0
0,9,6,7,11,50,53,54,52,57,73,76,77,70,74,74,71,76,65,57,51,31,14,6,6,0
6,11,13,11,10,50,41,13,62,74,82,86,86,77,80,86,89,90,78,58,52,50,33,11,7,7
7,11,12,11,8,13,60,51,65,84,89,91,83,91,100,97,88,91,79,61,53,51,50,10,8,8
0,0,0,0,5,53,66,55,63,87,90,86,90,97,103,101,91,89,80,62,53,47,50,13,10,0
8,7,7,10,13,58,71,63,67,90,106,107,112,109,109,109,100,92,88,68,55,53,50,14,32,14
0,0,0,13,14,58,67,59,62,83,100,100,99,103,107,105,92,86,81,63,41,51,50,15,10,50
0,0,0,11,13,57,63,55,54,77,94,93,100,102,93,97,89,81,70,56,23,40,44,13,10,0
0,0,0,10,11,56,62,58,56,68,88,90,100,99,85,94,85,75,72,57,46,43,28,11,8,0
0,0,0,8,12,77,81,55,58,68,75,83,92,86,75,83,81,75,65,51,21,38,30,12,8,0
0,0,0,11,14,58,59,53,57,67,73,83,91,89,86,89,82,73,66,51,50,52,54,50,38,7
0,0,0,8,12,53,56,52,55,66,73,82,92,82,73,76,73,67,62,53,47,50,52,13,0,0
0,0,0,0,0,14,25,10,32,60,74,70,69,60,56,58,58,56,52,30,15,12,9,0,0,0
6,0,7,9,20,50,52,39,53,66,72,76,79,75,71,75,76,75,69,66,62,67,50,26,7,7
0,0,0,12,14,50,36,47,55,70,77,79,80,78,75,70,66,62,60,51,32,47,45,13,0,0
7,0,6,10,13,53,55,53,64,80,89,93,91,90,90,88,80,73,67,59,40,37,54,14,11,6
7,0,6,11,22,51,55,58,67,89,87,87,92,88,87,88,87,86,77,62,54,51,45,14,7,10
11,11,11,43,53,61,71,74,104,121,119,122,121,113,109,110,104,98,91,78,68,60,55,46,17,13
12,9,16,52,56,67,65,69,86,96,113,126,129,131,123,126,121,116,98,84,70,61,56,52,20,21
14,26,26,53,56,68,71,77,89,104,123,139,142,143,137,142,140,134,112,89,79,71,65,57,54,50
20,16,30,54,57,67,68,76,89,108,121,134,146,142,139,145,140,136,109,87,73,65,59,44,39,39
27,28,34,39,54,64,67,71,90,115,134,156,155,130,134,159,140,128,108,85,69,55,51,39,37,39
22,29,33,51,52,66,64,67,82,97,111,123,128,100,104,127,129,112,97,79,65,60,57,56,35,26
18,25,12,33,42,56,59,63,73,92,96,105,99,84,79,98,104,98,85,72,60,56,55,50,14,11
8,0,9,15,29,54,57,59,71,76,82,86,78,70,67,78,81,87,75,64,56,50,50,13,8,9
0,7,6,12,12,50,51,54,59,68,72,76,70,63,60,69,70,69,69,65,51,31,20,12,0,0
0,0,6,12,11,14,33,33,54,63,65,67,63,52,57,63,62,63,56,54,35,12,11,9,0,0
0,0,0,0,0,12,16,14,51,60,59,62,58,25,51,57,58,58,53,39,10,7,0,0,0,0
0,0,0,0,7,12,42,13,50,54,57,59,56,22,51,56,57,53,52,19,9,7,0,0,0,0
0,0,0,8,7,12,11,14,36,54,54,55,53,14,51,55,54,52,31,15,9,6,7,0,0,0
0,0,0,9,8,9,9,10,15,52,54,51,44,11,50,48,44,38,26,8,0,0,0,0,0,0
0,0,0,0,0,7,8,10,22,39,46,51,51,11,43,46,44,51,34,12,0,0,0,0,0,0
0,5,0,0,0,8,6,9,10,51,54,51,52,14,51,52,53,53,23,11,8,0,0,0,0,0
0,5,6,0,0,7,10,9,14,56,53,52,53,21,50,52,55,53,29,11,7,7,0,0,0,0
0,5,0,0,0,10,11,10,50,54,54,53,52,16,51,53,52,53,11,10,6,0,0,0,0,0
0,6,0,0,0,7,8,10,47,55,55,54,52,33,52,55,57,51,26,11,8,0,0,0,0,0
0,5,6,0,0,5,11,11,45,57,55,53,47,50,52,55,54,50,23,12,8,8,4,0,0,0
0,0,6,0,0,11,8,13,52,62,56,54,31,35,53,59,56,48,14,9,0,0,0,4,0,0
0,0,6,7,0,9,10,10,45,61,58,51,20,34,54,57,55,39,12,10,5,0,7,0,5,0
