43,86,405,389,134,109,121,96,88,90,97,81,85,93,100,111,118,151,121,76,62,58,53,23,14,29
26,62,120,132,130,106,86,83,78,71,66,65,72,81,86,84,81,83,74,68,51,45,11,7,7,8
17,65,75,88,133,104,66,66,57,54,67,71,80,83,83,76,73,71,66,57,17,10,10,0,6,6
13,44,45,58,73,23,11,17,54,65,72,72,83,84,79,74,68,63,58,53,22,9,0,0,0,0
11,17,51,38,59,9,14,58,77,87,88,85,85,102,101,79,74,70,57,53,15,8,0,0,0,7
11,16,53,52,58,58,72,82,94,96,88,81,88,111,123,91,76,98,62,54,38,13,7,0,0,0
7,10,17,23,58,60,86,93,100,101,106,102,101,106,110,97,77,81,64,53,40,11,7,0,0,0
0,0,17,50,53,64,93,86,97,105,108,102,97,110,107,102,78,69,63,56,41,11,10,0,0,0
0,0,32,47,53,60,93,86,97,112,109,102,108,110,105,100,79,72,62,55,21,17,6,0,0,0
12,0,45,47,56,67,83,96,100,101,110,109,113,111,104,91,80,73,65,54,15,13,0,0,0,0
0,0,21,38,54,59,70,78,85,93,100,97,105,103,93,75,68,66,58,34,11,11,0,0,0,0
6,0,25,25,51,58,63,64,73,79,86,92,91,88,76,71,66,61,56,36,9,10,0,0,0,0
0,0,16,43,35,54,62,63,69,73,77,79,83,79,73,67,66,62,53,30,0,11,0,0,0,0
0,0,10,9,12,30,51,61,66,74,80,79,75,78,72,66,57,52,29,10,0,0,0,0,0,0
7,0,41,39,50,54,61,65,67,76,79,78,80,81,90,76,77,71,64,53,11,30,6,0,0,0
0,0,51,52,53,59,67,70,78,85,95,93,89,92,87,82,81,74,70,58,42,40,6,0,0,0
0,6,52,53,57,60,69,71,77,87,93,93,91,94,89,87,81,79,71,61,50,40,10,0,0,0
10,11,54,56,60,61,70,75,79,91,120,96,96,94,95,93,90,90,77,65,54,34,12,5,0,11
13,14,54,56,60,66,75,77,83,82,92,96,87,91,101,95,93,91,87,67,57,50,8,0,0,0
12,14,55,58,62,69,81,84,88,87,95,95,88,108,100,95,96,94,86,72,63,43,10,8,8,9
14,33,53,60,68,76,86,89,91,88,90,83,82,107,96,97,102,100,94,76,69,69,53,50,28,38
10,13,50,57,66,72,86,88,89,87,80,75,81,105,92,99,100,96,92,73,56,34,11,7,0,7
17,16,36,50,58,70,83,83,91,85,79,73,74,96,89,105,97,94,84,69,50,31,11,8,0,0
14,14,51,55,65,76,81,84,88,82,77,69,75,88,91,91,97,92,83,73,56,32,14,13,10,0
13,14,31,54,62,68,75,77,78,75,72,65,67,75,77,78,84,85,79,68,55,13,9,10,0,6
12,13,35,51,61,67,75,77,76,73,69,63,63,68,74,75,80,83,79,66,53,13,10,6,7,6
9,8,19,50,59,66,75,75,72,70,65,60,61,64,68,76,77,79,79,65,51,11,6,6,0,0
8,6,13,25,54,60,68,68,70,65,60,56,56,60,63,69,75,74,73,64,32,5,0,0,0,0
0,0,7,14,51,58,70,69,67,64,60,55,56,58,62,66,71,75,80,67,40,0,0,0,0,0
10,8,23,37,55,65,85,78,73,65,62,58,59,62,63,68,71,81,112,90,56,13,0,0,0,8
8,10,30,47,55,75,113,85,72,67,62,59,56,60,63,65,67,72,95,76,54,17,9,5,0,0
0,8,12,31,52,65,103,73,63,60,57,53,53,55,55,57,58,62,64,55,25,13,0,0,0,0
0,0,12,22,35,51,62,63,57,51,46,44,38,38,45,50,52,57,55,50,13,8,0,0,0,0
0,7,12,11,23,34,53,57,58,54,51,30,12,52,45,51,54,56,54,50,10,7,0,0,0,0
0,9,13,9,14,27,53,54,55,55,50,41,23,50,52,47,54,56,54,42,7,0,0,0,0,0
0,7,8,10,11,14,50,52,54,54,50,13,14,30,51,22,51,54,51,30,0,0,0,0,0,0
0,6,9,7,10,11,40,51,54,53,50,0,14,29,47,14,50,51,50,13,8,0,0,0,0,0
0,7,7,5,11,9,15,33,50,38,10,0,7,15,15,12,31,44,31,12,6,5,0,0,0,0
0,6,6,0,0,10,9,13,32,23,12,0,6,13,19,11,10,32,25,12,5,0,0,0,0,0
0,0,0,4,6,0,8,17,30,22,12,0,11,14,17,13,9,32,23,12,7,0,4,0,0,0
42,86,409,389,133,108,120,96,88,90,97,81,85,92,100,110,119,151,121,75,62,58,52,23,14,35
28,62,120,131,129,105,86,83,78,70,65,64,71,81,86,83,81,83,74,67,51,42,11,7,7,9
17,65,75,88,130,102,67,66,56,54,66,71,79,82,82,76,73,71,67,57,17,10,10,0,6,7
12,44,45,58,72,22,11,14,54,66,71,72,83,83,78,74,68,63,58,53,22,9,0,0,0,0
11,17,52,38,59,9,13,58,77,86,88,84,84,101,101,79,74,70,57,53,17,7,0,0,0,7
11,16,53,52,58,57,72,82,93,96,88,81,88,110,123,90,76,98,63,53,44,13,7,0,0,7
6,10,21,25,57,61,86,92,99,101,106,102,100,105,110,97,77,81,64,53,42,11,7,0,0,0
0,0,14,47,52,65,94,85,97,105,108,102,97,109,107,102,78,69,63,55,44,11,10,0,0,0
0,0,30,50,53,60,93,85,96,112,109,102,108,110,106,100,80,73,62,55,25,15,6,0,0,0
11,0,42,47,56,68,84,96,100,102,110,108,113,111,105,90,80,73,64,54,15,13,0,0,0,0
0,0,21,38,54,59,70,79,85,93,100,96,104,102,92,75,68,66,59,37,11,10,0,0,0,0
6,0,25,25,51,59,63,64,72,79,86,92,90,87,76,70,66,61,57,36,9,9,0,0,0,0
0,0,15,43,35,54,63,62,69,73,77,78,83,78,73,67,66,62,53,27,0,11,0,0,0,0
0,0,10,8,12,31,51,61,66,75,80,78,75,77,72,66,56,53,31,10,0,0,0,0,0,0
7,0,39,39,50,54,61,65,67,75,78,77,80,81,90,76,77,72,65,53,11,26,6,0,0,0
0,0,51,52,53,59,67,69,78,85,95,93,89,92,88,81,81,74,70,58,40,40,6,0,0,0
0,6,52,53,57,60,69,71,77,86,92,93,91,94,88,87,81,79,71,60,50,37,10,0,0,0
10,11,54,56,60,62,70,75,79,91,120,95,96,94,95,93,90,90,77,65,54,29,12,0,0,11
13,15,54,56,60,66,75,77,83,82,92,96,87,91,102,95,92,90,87,67,57,50,8,0,0,0
12,14,54,59,63,70,81,83,88,88,94,95,88,107,100,94,95,94,87,72,63,39,10,8,8,10
14,33,53,60,67,77,86,88,91,88,90,82,81,106,96,97,101,101,95,76,68,69,53,46,30,38
11,13,51,58,65,72,86,88,89,87,80,75,80,105,92,98,99,97,92,73,56,30,11,6,0,7
17,16,36,51,58,69,83,83,91,86,79,73,73,96,89,105,97,93,85,69,50,30,11,8,0,7
14,14,51,55,65,76,81,84,88,82,77,69,74,88,91,90,96,91,83,73,56,29,14,12,10,0
13,13,29,54,62,68,75,77,78,75,72,65,67,75,77,78,84,84,79,68,55,13,9,10,0,6
12,13,33,51,60,67,74,77,76,72,69,63,62,67,73,75,80,83,80,66,54,13,10,6,7,7
9,8,19,50,59,66,76,75,73,70,65,59,60,64,68,75,77,79,79,65,51,11,6,6,0,0
8,6,13,25,54,60,68,68,70,65,60,55,56,60,63,69,74,74,73,64,33,0,0,0,0,0
0,0,8,13,51,58,70,68,67,64,60,55,55,58,62,66,70,75,81,67,40,0,0,0,0,0
10,8,21,35,54,65,85,78,73,65,62,57,58,62,64,68,71,81,113,90,56,13,0,0,0,7
9,10,28,43,55,75,113,84,72,67,62,59,55,60,63,64,67,72,95,76,54,20,10,5,0,6
0,8,12,32,51,66,102,73,63,60,56,52,53,54,55,57,58,62,65,55,26,13,0,0,0,0
0,0,11,22,34,51,62,63,57,52,44,43,37,38,45,50,52,57,55,50,14,8,0,0,0,0
0,7,12,11,25,29,53,57,58,55,51,30,12,52,45,51,54,56,54,47,10,7,0,0,0,0
0,9,13,9,14,25,53,54,55,55,50,33,19,50,52,47,54,55,54,40,6,0,0,0,0,0
0,7,8,10,11,14,50,52,54,54,50,12,13,27,51,17,52,53,52,27,0,0,0,0,0,0
0,6,9,6,10,11,40,51,54,53,50,0,14,27,50,14,50,51,50,13,8,0,0,0,0,0
0,7,6,6,10,9,15,33,48,39,10,0,7,14,14,12,30,44,33,12,6,5,0,0,0,0
0,6,6,0,0,10,9,13,32,26,12,0,6,12,20,11,10,34,25,12,6,0,0,0,0,0
0,0,0,4,6,0,8,19,28,25,12,0,10,14,17,13,9,30,25,12,7,0,4,0,4,0
43,86,411,390,133,108,120,96,87,90,96,80,84,92,100,109,119,154,122,75,62,58,52,23,14,31
30,62,120,131,127,104,85,82,78,70,66,64,71,80,86,83,80,83,74,67,51,40,11,7,7,9
18,65,75,87,128,100,67,66,56,54,66,71,79,81,82,75,73,71,66,57,15,10,10,0,6,7
13,43,46,58,72,22,11,14,54,65,71,72,82,83,78,73,68,63,59,53,22,8,0,0,0,0
11,16,52,36,59,9,14,58,77,86,88,85,84,100,101,79,73,70,57,52,19,7,0,0,0,7
11,15,52,51,57,57,72,81,94,95,88,81,88,109,122,90,77,98,63,53,44,13,7,0,0,7
7,10,19,23,57,61,85,93,98,101,106,102,100,105,110,96,77,81,64,52,45,11,7,0,0,0
0,0,15,47,52,64,94,85,97,105,108,102,97,108,107,102,78,69,63,56,41,10,10,0,0,0
0,0,27,50,53,60,93,85,97,112,110,102,108,110,106,100,80,73,62,55,31,17,7,0,0,0
11,0,45,47,57,68,85,96,100,102,110,108,112,111,105,90,80,74,64,54,17,13,0,0,0,0
0,0,21,38,54,59,70,79,85,93,100,96,104,103,93,75,68,67,59,43,11,10,0,0,0,0
6,0,23,25,51,59,63,64,72,79,85,92,90,88,76,70,66,61,57,36,9,9,0,0,0,0
0,0,16,40,32,54,63,63,69,73,77,78,82,78,73,67,66,63,54,25,0,11,0,0,0,0
0,0,10,8,12,31,52,61,66,74,81,78,74,78,72,66,56,53,34,10,0,0,0,0,0,0
7,0,37,41,46,55,62,65,68,75,78,77,80,80,90,75,76,71,64,53,11,25,6,0,0,0
0,0,51,51,54,59,67,69,78,85,95,93,89,92,87,80,81,74,70,58,40,37,6,0,0,0
0,7,52,53,57,60,70,70,77,85,92,93,91,93,88,87,81,79,71,60,50,37,10,0,0,0
10,11,54,56,58,62,71,74,79,90,121,95,95,93,95,93,90,90,77,65,54,29,12,0,0,11
13,14,54,56,60,67,75,76,83,83,92,96,86,91,102,95,93,90,87,66,57,50,8,0,0,0
12,14,54,58,62,69,81,83,88,87,94,95,88,106,100,94,94,94,86,71,63,37,10,8,8,10
14,35,53,60,67,77,86,88,91,88,89,83,81,106,96,97,101,101,95,76,68,69,53,48,30,41
11,13,51,57,66,72,86,88,89,87,80,75,79,105,92,98,99,96,92,72,56,26,11,6,0,7
18,17,36,51,58,70,83,83,92,86,79,74,73,96,89,105,97,93,85,68,50,30,12,7,0,0
14,14,51,55,65,75,82,84,88,82,77,69,74,88,91,90,96,91,83,72,56,27,15,12,10,0
14,13,33,54,61,68,75,77,78,76,72,65,67,75,77,78,84,84,79,68,55,13,9,10,0,6
12,13,35,51,60,67,75,77,76,72,69,63,62,68,74,75,81,82,80,66,54,13,10,6,8,7
9,8,17,51,58,66,75,74,72,70,64,59,60,64,68,75,77,79,78,65,51,10,6,6,0,0
8,6,13,21,54,61,68,68,70,64,60,55,55,59,63,69,74,74,73,64,35,0,0,0,0,0
0,0,8,13,51,58,70,68,67,64,60,55,55,58,62,66,71,75,81,67,43,0,0,0,0,0
10,8,23,33,54,65,85,78,73,65,62,58,57,62,64,68,71,81,113,90,56,13,0,0,0,7
9,10,30,40,55,75,113,84,72,67,63,59,56,60,63,64,68,72,95,76,55,20,10,5,0,6
0,8,12,29,51,66,102,73,63,60,56,52,53,54,55,56,58,61,64,54,26,13,0,0,0,0
0,0,12,22,34,51,62,63,57,51,44,43,37,39,45,50,52,57,55,50,13,7,0,0,0,0
0,7,12,11,23,29,53,56,59,54,51,32,12,52,50,50,54,56,54,47,10,6,0,0,0,0
0,9,13,9,13,25,53,54,56,54,51,30,19,50,52,50,54,56,54,40,6,0,0,0,0,0
0,7,8,9,10,13,50,52,53,54,50,12,13,25,50,17,51,54,51,27,0,0,0,0,0,0
0,6,9,6,10,10,38,52,54,53,50,0,13,27,50,15,50,51,48,13,8,0,0,0,0,0
0,7,6,6,10,9,15,33,46,38,11,0,7,14,15,12,29,45,33,12,5,5,0,0,0,0
0,6,6,0,0,10,9,13,32,23,11,0,5,12,19,11,10,35,27,12,6,0,0,0,0,0
0,0,0,4,6,0,8,20,27,23,12,0,10,14,19,14,9,35,23,12,8,0,4,0,0,0
45,87,413,391,133,108,119,95,88,90,96,80,83,91,101,111,119,154,121,75,63,58,52,20,14,27
30,63,119,131,125,103,85,82,78,70,65,63,71,80,86,83,80,83,73,67,51,42,11,6,7,8
18,65,74,87,125,99,66,65,56,53,66,70,78,81,81,75,73,71,66,56,14,10,10,0,6,7
13,42,45,58,71,19,11,15,54,64,71,71,82,83,78,73,68,63,58,53,22,8,0,0,0,0
11,16,52,34,59,8,14,58,77,86,88,84,83,100,101,79,74,70,56,52,19,8,0,0,0,6
11,16,52,52,57,57,71,81,94,95,87,80,88,109,122,90,77,98,63,53,47,13,8,0,0,7
7,10,15,21,57,60,85,94,98,100,106,102,101,105,109,96,77,81,63,51,45,10,8,0,0,0
0,0,14,47,52,64,94,85,97,105,107,102,97,108,107,101,79,69,64,56,44,10,11,0,0,0
0,0,30,50,53,60,94,84,98,112,110,102,108,110,106,100,80,73,62,54,28,14,8,0,0,0
11,0,40,45,57,68,86,96,100,101,110,108,113,111,105,90,81,74,63,55,15,13,0,0,0,0
0,0,21,41,54,59,69,79,86,93,100,95,105,103,93,75,69,66,59,40,11,10,0,0,0,0
6,0,25,27,51,58,63,63,72,79,85,92,90,88,77,70,66,60,57,36,9,10,0,0,0,0
0,0,20,38,37,54,62,62,69,73,77,78,82,78,73,67,66,63,54,20,0,11,0,0,0,0
0,0,10,8,12,30,52,60,66,74,80,77,74,78,73,66,57,53,33,10,0,0,0,0,0,0
7,0,41,41,46,55,61,65,68,75,78,77,80,80,90,76,77,71,64,52,11,25,6,0,0,0
0,0,51,51,54,59,67,69,78,85,95,93,89,92,88,80,82,74,70,58,40,35,7,0,0,0
0,7,52,53,57,59,70,71,77,86,91,93,91,93,88,87,82,79,71,60,47,37,10,0,0,0
10,11,54,56,58,61,71,74,78,90,120,95,95,93,95,92,90,90,77,65,54,25,13,0,0,11
13,14,54,56,59,66,75,76,83,83,92,96,86,90,102,95,93,90,87,66,57,50,8,0,0,0
12,14,54,58,62,69,81,83,88,87,94,95,88,106,100,94,94,94,86,71,63,37,10,8,9,10
14,33,53,60,66,77,85,88,91,88,89,82,81,106,96,97,101,100,95,76,69,69,53,44,30,40
10,13,50,58,65,72,86,88,88,87,80,75,80,104,92,98,99,96,91,72,56,26,11,6,0,7
18,16,36,51,58,69,83,82,92,86,79,73,74,96,89,104,97,93,84,68,50,29,12,7,0,7
14,15,51,55,64,76,82,84,87,82,77,69,74,87,91,90,96,91,83,72,56,27,16,12,11,0
13,13,31,54,61,68,75,77,78,75,72,64,67,74,77,78,84,84,79,68,55,13,9,9,0,6
11,13,33,51,60,67,75,77,76,72,68,63,62,68,73,75,81,82,79,66,54,13,10,5,8,7
9,8,17,51,59,66,76,74,73,70,64,59,60,63,68,75,77,80,78,65,51,11,6,6,0,0
8,6,13,23,54,60,68,69,70,64,60,54,55,59,63,69,74,73,73,64,35,0,0,0,0,0
0,0,8,13,51,58,70,68,68,63,60,55,55,58,62,66,72,75,81,66,40,0,0,0,0,0
10,7,23,31,54,65,85,78,73,65,62,57,57,61,65,68,71,81,112,89,56,13,0,0,0,7
9,10,30,43,55,75,113,83,72,67,63,58,55,60,63,63,68,72,94,76,55,20,10,0,0,6
0,8,12,29,51,66,102,73,63,60,56,53,53,54,56,56,58,61,64,54,29,13,0,0,0,0
0,0,11,21,35,52,62,63,57,51,44,42,37,39,45,50,52,57,55,50,13,7,0,0,0,0
0,8,12,12,23,27,53,56,59,54,51,30,12,52,50,51,54,56,54,47,10,6,0,0,0,0
0,9,13,9,14,27,53,54,56,54,50,27,15,50,52,50,54,56,54,37,6,0,0,0,0,0
0,7,8,10,10,13,50,52,53,54,50,12,13,30,50,20,52,54,52,25,0,0,0,0,0,0
0,6,10,6,10,11,36,51,54,52,50,0,13,29,50,15,51,51,48,12,8,0,0,0,0,0
0,7,6,6,11,9,15,33,46,39,10,0,7,14,16,11,31,45,33,12,5,4,0,0,0,0
0,6,6,0,0,10,9,13,32,20,11,0,5,12,19,11,10,35,26,12,6,0,0,0,0,0
0,0,0,4,6,0,8,19,27,25,12,0,10,14,20,13,10,32,25,12,7,0,5,0,0,0
46,87,415,389,133,108,118,95,88,90,96,80,83,91,100,110,120,153,122,75,62,58,53,23,14,27
31,63,119,130,124,103,86,81,77,71,65,63,71,79,86,83,80,83,73,66,50,42,10,7,7,8
18,65,74,86,124,98,65,65,56,53,66,70,77,81,81,74,73,71,66,56,14,10,10,0,5,7
12,42,43,58,71,17,12,17,53,65,71,71,82,83,78,73,68,62,58,53,20,9,0,0,0,0
11,16,52,36,59,8,14,59,77,86,89,84,83,99,101,79,73,70,56,52,19,8,0,0,0,6
12,17,52,52,57,57,72,81,94,95,88,80,88,109,122,90,78,98,63,53,41,13,8,0,0,7
7,11,15,21,58,60,86,94,100,100,106,101,101,105,109,97,77,81,63,51,47,10,8,0,0,0
0,0,14,44,52,64,95,86,97,105,108,102,98,108,108,102,78,69,63,56,41,10,11,0,0,0
0,0,27,51,54,60,94,86,98,112,110,101,109,110,106,100,80,73,62,54,31,14,8,0,0,0
11,0,40,47,58,68,87,95,100,102,110,108,113,111,105,90,80,75,63,54,14,13,0,0,0,0
0,0,19,44,53,59,71,80,85,93,100,94,105,102,93,75,69,66,59,40,11,10,0,0,0,0
6,0,23,30,51,59,64,64,71,80,85,92,90,88,78,71,66,60,56,36,8,9,0,0,0,0
0,0,20,38,35,54,62,62,69,73,77,77,82,77,74,67,66,63,54,20,0,11,0,0,0,0
0,0,10,8,11,31,53,60,66,75,81,77,75,77,73,66,56,53,37,10,0,0,0,0,0,0
7,0,39,42,45,55,61,65,68,75,78,77,80,80,91,77,77,71,64,53,10,23,6,0,0,0
0,0,51,51,54,59,67,69,78,85,95,92,89,92,88,80,81,74,69,58,40,32,7,0,0,0
0,7,52,53,57,58,69,71,77,85,91,92,91,92,88,87,82,79,71,61,47,35,10,0,0,0
10,12,54,55,58,62,71,75,78,90,120,95,95,93,95,92,90,90,76,65,53,23,13,0,0,10
13,14,54,57,59,66,75,76,82,83,92,96,86,90,101,95,93,90,87,66,56,48,8,0,0,0
12,16,53,58,63,69,82,83,88,87,94,95,88,105,100,95,94,94,86,72,63,35,11,8,9,10
14,33,53,60,66,76,86,90,91,88,89,82,81,105,96,98,100,101,95,76,68,68,53,41,30,40
10,13,48,58,66,71,87,88,88,87,80,75,80,104,92,98,99,96,91,73,56,23,11,6,0,6
18,17,36,51,57,69,83,82,92,86,79,73,74,96,89,103,97,93,84,67,50,28,13,8,0,0
14,17,51,55,64,76,82,84,86,82,77,68,74,87,91,91,96,91,83,72,56,25,15,12,11,0
13,13,31,54,61,68,75,77,78,76,72,64,66,74,77,78,84,85,79,68,55,13,9,10,0,6
11,13,33,51,60,67,75,77,76,72,69,63,62,67,73,75,81,82,79,66,54,13,10,6,8,7
9,8,15,51,58,66,76,75,73,69,64,59,60,63,68,75,76,79,78,65,51,10,6,6,0,0
8,6,13,23,54,60,68,68,70,64,60,54,55,59,63,70,74,73,73,64,32,0,0,0,0,0
0,0,8,13,51,58,71,68,68,64,59,55,55,57,62,66,72,75,81,67,40,0,0,0,0,0
10,7,23,29,54,65,86,78,73,66,62,57,57,61,65,68,71,81,112,89,55,13,0,0,0,7
9,10,32,38,55,75,113,84,72,67,63,59,56,60,63,64,68,72,94,76,55,20,10,5,0,6
0,7,12,31,51,66,102,73,63,60,56,52,52,54,56,56,58,61,64,54,28,13,0,0,0,0
0,0,10,22,32,52,63,62,57,51,44,39,40,39,46,50,53,57,54,51,13,7,0,0,0,0
0,8,12,11,23,25,52,56,59,54,50,30,12,51,50,51,54,56,54,44,9,6,0,0,0,0
0,9,13,9,14,27,53,54,55,55,51,27,17,50,52,47,54,56,54,40,6,0,0,0,0,0
0,7,8,9,10,14,50,52,53,54,50,12,13,30,50,20,52,54,52,25,0,0,0,0,0,0
0,6,10,7,10,11,40,51,53,52,50,0,13,29,47,15,50,52,50,12,8,0,0,0,0,0
0,7,6,6,11,9,15,34,46,39,10,0,8,14,15,12,30,47,33,12,5,4,0,0,0,0
0,6,6,0,0,10,9,12,32,25,11,0,5,12,19,11,10,35,27,12,5,0,0,0,0,0
0,0,0,4,5,0,8,17,23,26,12,0,11,14,22,14,10,32,25,12,7,0,5,0,0,0
46,87,416,389,133,108,119,95,88,90,95,80,83,91,100,111,119,154,121,75,62,58,53,25,14,25
30,63,120,129,124,102,85,81,77,71,65,63,71,80,86,83,80,83,73,66,50,45,10,6,7,7
18,65,73,86,123,98,65,65,56,53,66,70,77,80,81,74,73,71,65,56,14,10,9,0,5,6
13,43,45,57,71,17,12,19,54,64,71,71,82,83,78,73,68,62,58,54,22,8,0,0,0,0
11,15,52,34,59,8,14,59,77,87,88,85,84,99,102,80,73,70,56,53,19,8,0,0,0,6
12,17,53,52,57,57,72,81,94,95,88,80,88,108,121,91,78,98,63,54,33,13,9,0,0,7
7,11,15,19,57,60,85,94,100,100,106,102,102,106,109,97,77,81,63,52,45,10,8,0,0,0
0,0,14,44,53,64,95,86,97,105,108,101,98,108,107,102,78,70,63,57,36,10,11,0,0,0
0,0,32,50,53,60,93,86,99,112,110,102,109,111,106,100,79,73,62,55,25,14,8,0,0,0
11,6,42,50,59,69,87,95,100,102,111,108,113,111,105,90,81,75,63,55,14,13,0,0,0,0
0,0,19,41,54,60,71,79,86,93,100,96,105,103,94,76,69,67,58,43,11,11,0,0,0,0
6,0,25,30,51,58,64,64,72,79,85,92,91,88,78,71,66,61,56,36,9,10,0,0,0,0
0,0,21,38,32,54,62,62,69,73,77,78,83,78,74,67,66,63,54,20,0,10,0,0,0,0
0,0,10,8,11,30,52,60,66,74,81,78,75,77,73,66,57,53,36,10,0,0,0,0,0,0
7,0,39,42,43,55,61,65,69,75,78,77,80,81,90,77,77,71,64,52,10,26,6,0,0,0
0,0,52,51,54,59,67,69,78,85,95,92,89,92,87,80,81,74,69,58,42,30,7,0,0,0
0,6,52,53,57,58,69,72,77,85,91,93,91,93,88,87,82,80,71,61,47,32,10,0,0,0
10,12,54,56,58,62,71,75,78,90,120,95,95,93,95,92,90,90,76,65,53,25,13,0,0,10
13,14,54,57,60,66,75,76,82,83,92,96,86,90,101,95,93,91,87,66,57,48,8,0,0,0
12,16,54,58,62,69,82,83,88,87,94,94,87,107,101,95,94,94,86,72,63,33,11,7,8,9
14,33,53,60,67,76,86,89,91,88,89,82,81,105,96,98,101,101,94,76,68,68,53,42,28,40
11,12,47,57,66,71,86,88,89,87,80,75,80,104,91,98,99,96,91,72,56,25,11,6,0,6
18,17,36,51,57,69,82,83,91,86,79,72,74,96,89,103,97,93,84,68,50,28,13,7,0,0
14,17,51,54,64,76,81,84,86,82,77,68,75,87,91,91,97,91,83,72,56,25,14,13,11,0
14,13,31,54,61,68,75,77,79,76,72,64,66,74,77,78,84,85,79,68,55,12,9,9,0,5
11,12,35,51,60,67,75,77,77,72,69,63,63,67,73,75,81,82,79,66,54,12,11,6,8,7
10,8,19,50,58,66,75,75,73,69,64,60,60,64,68,75,76,80,78,65,50,10,7,0,0,0
8,6,13,23,54,59,68,68,71,64,61,54,55,59,63,70,75,73,73,63,32,0,0,0,0,0
0,0,8,13,51,57,70,69,68,64,59,54,55,58,62,66,71,75,80,67,40,0,0,0,0,0
10,8,25,29,54,65,86,78,73,66,61,57,57,61,64,68,71,81,112,89,55,13,0,0,0,7
9,10,34,40,55,75,112,84,73,67,63,58,55,60,63,64,68,72,93,77,55,17,10,5,0,0
0,7,13,29,52,66,101,73,63,60,56,52,52,54,56,56,58,62,64,54,27,13,0,0,0,0
0,0,11,21,32,52,63,63,58,51,44,39,41,39,46,50,53,58,54,51,13,7,0,0,0,0
0,8,12,11,21,27,52,56,59,54,50,30,12,51,50,51,54,57,54,47,9,6,0,0,0,0
0,9,13,9,14,27,53,54,55,54,51,33,19,50,52,50,54,57,54,42,7,0,0,0,0,0
0,7,8,9,11,13,50,52,53,53,50,12,13,32,50,25,52,54,52,25,0,0,0,0,0,0
0,6,10,7,10,11,40,51,54,52,50,0,13,31,47,17,50,52,50,13,8,0,0,0,0,0
0,7,6,5,11,9,15,34,46,39,10,0,8,14,14,12,31,47,33,12,5,4,0,0,0,0
0,7,6,0,0,9,9,12,37,23,10,0,6,13,19,12,10,35,27,12,5,0,0,0,0,0
0,0,0,4,0,0,9,16,26,26,12,0,11,14,22,14,9,35,25,12,7,0,4,0,0,0
46,87,417,387,133,108,119,95,89,90,95,80,83,91,100,111,119,152,121,75,62,58,53,25,14,31
31,63,120,129,123,101,85,81,78,70,65,63,71,80,85,83,80,83,73,66,50,45,10,6,7,6
17,65,72,85,122,98,65,65,55,52,66,69,77,80,81,74,72,70,66,56,15,10,9,0,0,7
12,42,41,58,71,16,12,14,54,64,70,71,82,84,77,73,68,62,57,54,27,9,0,0,0,0
11,16,51,31,59,8,14,58,77,86,88,84,84,100,102,80,73,70,57,53,21,8,0,0,0,6
11,18,52,52,57,56,71,81,93,95,88,80,88,108,121,91,77,98,63,54,36,13,9,0,0,8
7,11,15,21,58,60,86,93,100,100,105,102,101,106,108,98,77,81,63,52,45,10,8,0,0,0
0,0,14,41,52,64,95,85,97,106,108,101,98,108,107,102,78,69,64,56,38,11,10,0,0,0
0,0,32,50,53,60,94,87,99,112,110,101,109,110,105,100,79,73,62,54,25,14,7,0,0,0
11,6,40,50,58,69,87,96,100,102,111,108,113,111,105,89,81,74,64,55,14,12,0,0,0,0
0,0,21,44,54,59,71,79,86,93,100,95,105,102,94,75,68,67,58,40,11,11,0,0,0,0
6,0,27,30,51,58,64,65,72,79,84,92,91,87,78,71,66,60,56,38,9,9,0,0,0,0
0,0,20,40,37,54,62,63,69,73,76,78,82,78,74,67,67,63,54,27,0,10,0,0,0,0
0,0,10,8,12,30,52,60,66,74,80,77,75,77,73,67,56,52,34,10,0,0,0,0,0,0
7,0,39,41,43,54,61,65,68,75,77,76,79,81,90,77,77,71,65,52,11,26,6,0,0,0
0,0,52,51,54,59,67,69,78,85,95,91,89,92,87,80,80,73,69,58,40,30,7,0,0,0
0,6,52,53,57,58,69,72,77,86,91,92,91,93,88,88,82,79,71,62,47,30,10,0,0,0
10,12,54,56,59,62,71,75,79,91,119,95,96,94,95,92,90,90,76,65,53,23,13,0,0,10
13,16,54,56,60,66,75,76,82,83,92,95,86,91,101,95,93,91,87,66,57,45,8,0,0,0
12,15,54,58,62,69,82,83,88,88,94,94,87,107,101,95,94,94,86,72,63,33,11,8,8,9
13,32,53,59,67,75,86,89,91,88,88,82,82,105,96,98,101,102,94,76,68,68,53,41,30,40
11,12,45,58,65,72,86,88,89,87,80,75,81,103,91,98,99,96,91,73,56,25,11,6,0,6
18,18,35,50,57,69,82,83,92,86,79,71,74,96,89,104,97,93,84,68,50,27,12,7,0,7
14,16,50,54,64,76,81,84,86,83,77,68,74,87,91,91,96,91,83,72,56,26,15,13,11,0
13,13,29,54,62,67,75,76,79,76,72,64,67,74,76,78,84,85,78,68,55,12,9,10,0,5
11,12,33,52,60,67,75,77,77,72,69,63,63,67,73,75,81,82,79,66,54,12,11,5,7,7
9,8,17,50,59,66,75,75,74,69,63,59,60,64,68,75,76,79,78,65,50,10,7,0,0,0
8,6,13,25,55,59,68,68,71,65,61,54,55,60,64,70,74,74,73,64,32,0,0,0,0,0
0,0,8,14,51,57,70,69,68,65,59,54,55,58,62,66,71,75,80,67,38,0,0,0,0,0
10,8,25,31,54,65,86,78,73,66,61,57,57,61,64,68,71,81,112,89,56,13,0,0,0,7
9,11,28,43,55,75,113,84,72,67,62,58,55,60,63,65,68,72,93,76,54,14,10,0,0,6
0,8,13,29,52,65,102,72,63,59,56,51,52,54,56,56,58,62,64,54,28,13,0,0,0,0
0,0,10,22,32,52,63,62,58,51,44,39,41,39,47,50,53,57,55,51,14,7,0,0,0,0
0,8,12,11,23,27,52,56,59,54,50,30,12,51,50,51,54,56,54,50,9,6,0,0,0,0
0,9,13,9,14,25,53,54,55,54,50,38,19,50,52,47,54,57,54,45,7,0,0,0,0,0
0,7,8,9,12,14,50,52,54,54,50,12,13,35,51,22,52,54,52,25,0,0,0,0,0,0
0,6,9,6,10,11,43,51,54,52,50,0,14,31,47,14,50,52,51,13,8,0,0,0,0,0
0,7,7,6,11,9,16,34,48,40,10,0,7,14,14,11,31,47,35,12,5,5,0,0,0,0
0,7,5,0,0,9,9,12,35,26,11,0,6,13,17,12,10,35,27,12,6,0,0,0,0,0
0,0,0,4,6,0,9,14,27,28,12,0,11,14,22,14,10,32,26,11,8,0,4,0,0,0
44,86,419,384,134,108,120,95,89,90,96,80,83,90,100,112,119,153,120,74,62,58,53,27,14,39
30,63,120,128,123,101,84,82,77,70,64,63,71,80,85,83,80,84,73,66,50,40,10,6,7,7
16,64,72,85,121,97,65,65,55,53,65,69,76,80,80,75,72,70,66,56,15,10,9,0,0,7
12,42,41,57,71,17,11,14,54,64,70,71,81,83,76,73,67,63,57,53,25,8,0,0,0,0
11,15,51,31,59,8,14,59,77,86,88,84,83,99,101,80,72,70,57,53,19,7,0,0,0,7
11,18,52,51,58,56,72,81,93,96,88,81,88,108,120,91,76,99,62,54,36,12,8,0,0,7
6,10,15,19,58,61,86,93,100,101,105,102,101,106,108,98,77,82,64,52,45,10,8,0,0,0
0,0,14,44,51,64,96,85,98,106,108,101,97,108,106,102,78,70,63,56,36,11,10,0,0,0
0,0,35,50,52,60,93,87,98,112,110,102,108,110,105,101,79,73,62,55,28,14,7,0,0,0
11,0,45,50,57,70,87,96,101,102,111,109,113,111,104,90,81,74,63,54,15,12,0,0,0,0
0,0,21,38,54,60,72,79,87,94,100,97,105,101,94,76,68,68,58,40,10,10,0,0,0,0
0,0,29,27,51,58,64,65,72,79,85,92,90,87,77,72,66,61,56,33,9,9,0,0,0,0
0,0,21,40,32,54,62,63,69,73,77,79,82,78,74,67,66,63,54,27,0,10,0,0,0,0
0,0,9,8,12,30,52,61,67,74,80,78,75,77,72,67,56,53,33,10,0,0,0,0,0,0
7,0,33,41,43,55,61,66,68,74,78,77,79,80,89,77,77,72,65,52,11,26,6,0,0,0
0,0,52,51,54,58,67,69,78,85,95,91,89,93,86,81,80,74,68,58,40,32,7,0,0,0
0,6,52,53,57,59,69,72,77,86,92,92,91,93,87,88,81,80,71,62,47,30,10,0,0,0
10,12,54,56,58,62,71,75,79,91,119,95,96,93,95,92,89,90,76,64,53,23,12,0,0,10
13,18,53,56,60,66,75,76,82,83,93,95,86,91,100,95,92,91,87,66,57,43,8,0,0,0
12,14,54,58,62,70,82,83,89,88,94,94,87,106,100,95,94,95,86,72,62,31,10,8,8,9
13,35,53,59,67,75,86,89,91,88,89,82,81,105,95,98,100,102,93,76,68,68,53,41,30,38
11,12,50,57,66,72,87,88,89,87,80,75,80,103,91,99,99,96,91,72,56,25,11,6,0,6
17,17,35,51,57,69,83,83,92,87,79,71,73,97,88,104,96,94,84,68,50,27,12,7,0,7
14,14,50,54,64,76,81,84,87,83,76,68,74,88,91,91,95,92,83,71,57,23,14,13,11,0
13,13,29,53,62,67,75,76,78,76,72,64,67,74,76,78,84,86,78,68,55,12,9,10,0,0
11,12,33,52,60,67,75,77,77,72,69,63,62,67,73,75,81,83,79,66,54,12,11,5,7,7
9,8,19,50,59,66,75,75,74,70,63,59,61,64,68,75,75,79,78,65,50,10,7,6,0,0
8,6,13,25,55,60,68,68,71,65,60,55,55,59,63,70,74,75,73,64,32,0,0,0,0,0
0,0,8,14,51,57,70,69,68,65,60,54,55,58,61,66,70,75,80,67,36,0,0,0,0,0
10,8,27,31,54,65,86,78,73,66,61,58,58,61,64,68,71,82,113,89,56,13,0,0,0,7
9,11,28,43,56,75,113,84,72,67,62,58,55,60,63,65,67,73,94,76,54,14,10,5,0,6
0,7,13,29,52,65,101,72,63,60,56,51,52,54,55,56,57,62,63,55,28,13,0,0,0,0
0,0,11,22,31,52,63,62,58,52,44,40,40,38,45,50,53,58,54,51,14,7,0,0,0,0
0,8,12,11,21,29,52,56,59,54,50,32,12,51,47,51,53,57,54,47,9,6,0,0,0,0
0,9,12,8,14,27,53,55,55,55,51,41,19,50,52,47,54,57,54,45,7,0,0,0,0,0
0,7,8,9,11,14,50,52,54,54,50,12,13,30,50,22,52,54,52,25,0,0,0,0,0,0
0,6,9,6,10,11,43,51,54,53,50,0,13,25,45,15,50,53,50,13,8,0,0,0,0,0
0,7,7,6,11,9,16,34,48,42,10,0,7,14,14,12,30,50,33,12,5,5,0,0,0,0
0,7,5,0,0,9,8,13,35,30,11,0,5,12,15,12,10,39,27,12,6,0,0,0,0,0
0,0,0,4,5,0,9,15,27,29,12,0,11,14,17,14,10,36,25,11,8,0,4,0,0,0
44,86,420,385,133,108,120,95,89,89,95,80,83,91,101,111,119,155,119,74,62,58,52,27,13,41
28,62,120,127,123,101,84,81,77,70,64,63,70,79,85,82,80,84,73,66,51,37,10,6,7,7
16,64,72,84,120,97,65,64,55,52,65,69,76,80,80,74,72,70,66,56,15,9,9,0,0,7
12,41,41,57,70,17,11,14,54,64,70,71,81,83,76,72,68,64,57,53,25,8,0,0,0,0
11,15,51,29,58,8,14,58,77,86,87,84,83,100,100,79,72,71,57,52,17,7,0,0,0,7
11,16,52,51,58,56,71,81,92,95,87,80,87,108,119,90,75,98,61,54,38,13,8,0,0,7
6,9,15,21,57,61,84,92,100,100,105,102,100,105,108,97,76,81,63,52,45,10,7,0,0,0
0,0,19,47,51,64,95,85,98,105,107,101,97,108,106,101,77,70,64,55,38,11,10,0,0,0
0,0,35,50,52,61,91,85,98,112,110,102,108,110,104,100,79,73,62,55,31,14,7,0,0,0
11,0,45,50,57,69,85,95,100,101,111,108,112,110,104,89,80,74,63,54,20,12,0,0,0,0
0,0,23,41,54,60,70,78,86,93,99,97,104,101,93,75,68,67,58,46,10,10,0,0,0,0
0,0,29,30,51,58,64,65,73,79,84,91,90,87,76,71,65,62,56,33,10,9,0,0,0,0
0,0,18,40,32,54,62,62,69,73,76,79,81,78,73,67,66,63,54,27,0,11,0,0,0,0
0,0,10,8,12,30,52,60,67,73,79,77,74,77,72,67,56,53,34,10,0,0,0,0,0,0
7,0,35,41,45,55,61,65,68,75,77,76,79,80,89,77,77,72,64,52,11,26,5,0,0,0
0,0,52,52,53,59,68,69,78,85,95,92,89,93,86,80,80,74,68,58,40,35,7,0,0,0
0,6,52,53,57,60,70,72,77,86,92,93,91,93,87,88,81,80,71,62,47,32,10,0,0,0
10,12,54,56,58,62,71,75,79,91,119,96,95,94,95,92,89,91,76,64,53,25,13,0,0,10
13,20,54,56,60,66,76,76,83,83,93,96,86,91,100,95,92,91,87,65,57,45,8,0,0,0
11,16,54,58,62,70,82,83,89,88,95,94,87,107,99,94,94,95,86,72,62,31,10,9,8,10
13,35,53,59,67,76,86,89,91,88,89,83,81,106,95,97,100,102,93,76,68,68,53,41,28,40
11,12,50,57,65,72,86,88,89,87,80,75,80,103,91,98,99,96,91,72,57,23,11,6,0,6
17,17,34,50,57,69,82,83,92,87,79,72,74,96,88,104,97,94,83,68,50,26,12,8,0,7
14,14,51,55,64,76,81,83,88,82,76,69,74,88,91,90,95,92,83,71,56,26,14,13,10,0
13,13,29,54,62,67,75,76,78,76,72,65,67,74,76,78,83,86,78,68,55,12,9,10,0,0
11,12,33,52,60,67,75,77,76,72,69,63,62,68,73,75,80,83,79,66,54,12,11,5,7,7
9,7,23,50,59,66,75,75,74,70,63,59,61,64,68,75,76,79,78,65,50,10,7,6,0,0
8,6,13,25,54,60,68,68,71,65,60,55,55,59,63,69,74,75,74,64,33,0,0,0,0,0
0,0,8,14,51,57,70,69,68,64,60,54,55,58,61,66,70,76,80,67,38,0,0,0,0,0
10,8,27,31,54,65,86,78,73,65,61,58,58,61,63,67,71,82,113,90,56,13,0,0,0,7
9,11,28,43,56,75,112,84,72,67,62,58,55,59,62,64,67,73,94,77,54,14,9,5,0,0
0,7,13,29,51,66,101,72,63,60,56,51,52,54,55,56,57,62,63,55,27,13,0,0,0,0
0,0,11,21,30,52,62,62,58,51,45,43,38,39,44,50,53,58,55,51,14,7,0,0,0,0
0,8,12,11,18,29,52,56,60,55,51,30,12,51,43,51,54,57,54,50,10,6,0,0,0,0
0,9,12,9,14,27,53,54,55,54,50,44,17,50,52,45,54,57,54,45,7,0,0,0,0,0
0,7,9,9,11,14,50,52,54,54,50,12,13,30,50,20,52,55,51,23,0,0,0,0,0,0
0,6,9,6,10,11,40,51,54,53,50,0,13,25,45,14,50,52,50,13,8,0,0,0,0,0
0,7,7,6,11,9,15,34,48,43,10,0,7,14,14,11,27,48,33,12,5,5,0,0,0,0
0,7,6,0,0,10,8,13,35,32,11,0,5,13,15,12,10,39,27,12,6,0,0,0,0,0
0,0,0,4,5,0,8,19,31,29,12,0,11,14,16,13,10,36,26,12,8,0,4,0,0,0
45,87,421,384,133,107,120,95,88,89,96,80,83,91,100,111,119,154,120,74,62,59,52,25,13,39
25,62,119,127,121,101,84,81,77,70,65,63,71,79,85,82,80,83,73,66,51,35,9,6,7,7
15,64,72,84,118,95,64,64,54,52,65,69,76,80,80,74,71,70,67,55,14,9,9,0,0,6
12,40,41,57,70,17,10,13,54,63,70,71,82,83,76,72,67,63,58,53,25,9,0,0,0,0
10,15,51,29,58,8,14,58,77,85,88,84,83,100,100,78,72,70,57,53,17,7,0,0,0,6
11,17,52,51,58,56,71,80,91,95,88,81,87,108,118,89,75,97,62,54,36,13,8,0,0,7
7,10,14,21,57,61,84,92,100,100,106,102,101,105,108,96,76,81,63,51,42,11,6,0,0,0
0,0,17,47,51,64,95,84,97,105,108,102,97,108,106,101,77,70,64,55,44,10,10,0,0,0
0,0,32,50,52,61,92,84,98,112,110,102,108,110,105,100,80,74,62,55,28,14,7,0,0,0
11,7,40,50,57,69,86,95,100,102,111,109,113,110,104,89,80,73,63,54,17,13,0,0,0,0
0,0,23,44,54,60,70,78,86,93,100,97,105,102,93,75,68,66,59,46,10,11,0,0,0,0
0,0,29,30,50,58,63,65,73,79,85,91,90,87,77,71,66,61,56,30,9,9,0,0,0,0
0,0,16,38,32,54,62,62,69,73,77,79,82,78,73,67,66,62,54,25,0,11,0,0,0,0
0,0,10,8,12,30,52,60,66,74,79,77,75,76,72,67,56,52,36,10,0,0,0,0,0,0
7,0,35,39,45,55,61,65,68,75,78,77,80,81,89,77,76,72,64,52,11,26,5,0,0,0
0,0,52,51,53,59,68,70,78,85,96,92,89,93,86,80,80,74,69,58,37,35,6,0,0,0
0,7,52,53,57,60,70,71,76,86,93,93,91,93,87,88,81,79,71,61,45,35,10,0,0,0
10,12,54,56,58,62,70,75,79,91,120,96,96,94,95,92,89,90,77,65,53,25,12,0,0,10
13,20,53,56,60,66,75,76,82,82,93,96,86,91,101,95,93,90,87,65,56,45,7,0,0,0
12,16,54,59,62,70,81,83,89,87,95,94,87,106,99,94,94,94,86,72,62,33,10,8,8,9
13,36,53,59,67,76,86,89,91,88,89,83,80,106,96,97,100,100,94,76,68,68,53,42,28,38
10,13,50,57,65,72,86,87,89,87,80,75,80,103,91,98,99,96,91,72,57,23,11,6,0,6
17,17,34,51,57,69,82,83,92,86,80,72,75,96,88,104,97,94,83,68,50,27,12,8,0,0
13,14,50,55,64,76,81,83,88,82,76,68,74,88,91,90,96,92,83,71,56,27,14,13,10,0
13,13,31,53,62,67,75,76,78,75,72,64,67,74,76,77,84,85,78,68,54,12,9,10,0,0
11,12,31,52,60,66,75,77,76,72,69,63,62,68,73,75,80,82,79,66,53,12,11,0,7,7
9,7,21,50,59,66,76,75,74,69,63,59,61,64,68,75,76,79,79,65,50,10,7,6,0,0
8,5,13,23,54,60,68,68,71,65,61,55,55,59,62,68,73,75,74,64,33,0,0,0,0,0
0,0,8,14,51,57,69,68,68,64,61,54,55,58,61,66,70,75,81,67,38,0,0,0,0,0
10,8,27,33,54,65,86,78,73,65,61,58,58,61,63,67,71,81,115,90,56,13,0,0,0,7
9,11,26,40,56,74,112,83,72,67,62,58,56,60,62,65,67,72,94,76,54,17,10,5,0,6
0,7,13,29,51,65,101,72,63,60,56,51,52,55,56,56,57,61,63,55,28,13,0,0,0,0
0,0,11,21,30,52,62,62,57,51,47,45,40,39,44,50,53,57,54,50,14,7,0,0,0,0
0,8,12,11,18,29,52,56,59,55,51,32,12,51,43,51,53,56,54,47,10,6,0,0,0,0
0,9,12,9,14,25,53,55,55,54,51,41,19,50,52,42,54,56,54,42,7,0,0,0,0,0
0,7,9,9,11,14,50,52,54,53,50,12,14,32,51,17,52,55,51,23,0,0,0,0,0,0
0,6,9,6,10,11,38,51,54,53,50,0,13,27,47,14,50,52,50,12,8,0,0,0,0,0
0,7,6,6,11,9,15,33,48,42,10,0,8,14,14,12,27,45,33,12,5,5,0,0,0,0
0,6,6,0,0,10,8,13,34,32,12,0,5,13,15,12,10,35,27,12,6,0,0,0,0,0
0,0,0,4,5,0,8,19,30,26,12,0,11,14,17,13,10,32,27,12,8,0,4,0,0,0
45,86,423,386,133,107,119,94,88,89,95,80,83,91,100,111,120,156,120,74,62,59,52,27,14,35
22,62,120,127,121,100,84,80,76,70,64,63,70,79,85,82,80,83,73,66,50,35,9,7,6,7
14,64,73,84,118,94,63,64,55,52,64,69,76,80,80,74,72,70,66,55,14,10,9,0,0,6
12,41,42,57,70,17,10,13,54,64,71,71,81,82,76,71,68,63,58,53,22,8,0,0,0,0
11,15,51,29,58,8,13,58,76,86,87,84,83,99,100,78,73,70,57,52,15,7,0,0,0,6
11,17,52,51,57,56,71,80,91,95,88,80,87,108,118,90,75,98,61,53,36,13,7,0,0,7
7,10,14,21,57,61,84,92,99,100,105,101,100,105,108,95,76,81,63,51,42,11,6,0,0,0
0,0,17,50,51,64,94,85,96,105,107,102,97,107,107,101,78,70,63,56,41,11,10,0,0,0
0,0,32,50,52,61,91,83,97,112,109,102,108,110,105,100,80,73,62,55,25,14,7,0,0,0
10,7,40,50,56,68,85,95,100,102,111,108,113,110,104,89,80,73,63,54,17,13,0,0,0,0
0,0,19,44,54,61,70,77,85,93,99,96,105,102,93,75,69,66,59,46,10,11,0,0,0,0
0,0,29,32,50,58,63,65,72,79,85,91,90,88,77,71,66,62,56,30,9,9,0,0,0,0
0,0,16,31,30,54,63,62,69,73,77,79,82,78,73,67,66,63,54,20,0,11,0,0,0,0
0,0,11,8,11,31,52,60,66,74,79,77,74,76,72,67,57,52,37,9,0,0,0,0,0,0
7,0,35,39,48,55,61,65,68,74,78,77,80,81,90,77,76,72,63,52,11,25,0,0,0,0
0,0,52,51,53,59,68,70,78,85,96,93,89,93,87,81,81,75,68,57,37,35,6,0,0,0
0,6,52,53,57,60,70,71,76,86,92,94,91,94,88,88,82,80,71,61,47,35,10,0,0,0
10,12,54,56,58,62,71,75,79,91,120,97,96,94,96,92,90,90,77,65,53,25,11,0,0,9
12,16,53,57,60,66,75,76,83,82,93,96,86,91,101,94,93,90,87,65,56,45,7,0,0,0
11,18,54,59,62,70,82,84,88,86,95,95,88,106,100,94,95,95,86,71,62,31,10,8,8,9
13,38,53,59,67,76,86,89,91,88,89,83,80,107,96,97,100,101,94,76,68,68,53,42,26,36
10,13,50,57,65,72,86,87,89,88,80,75,80,104,91,98,99,96,91,72,57,22,11,6,0,6
19,17,34,51,57,69,82,83,91,86,79,73,74,96,88,104,97,93,84,69,50,27,12,8,0,0
13,14,51,55,64,76,81,83,88,82,76,69,73,88,91,91,96,92,83,71,56,27,14,13,10,0
13,13,31,53,61,67,75,75,79,75,72,65,66,75,77,78,84,85,78,68,54,12,9,10,0,0
11,13,33,51,60,66,75,76,75,72,69,63,62,68,73,75,80,83,79,66,53,12,11,5,7,6
9,7,21,50,59,66,76,75,73,69,63,60,60,64,68,75,76,79,79,64,51,10,7,7,0,0
8,0,13,23,53,60,68,68,71,65,60,55,55,59,62,68,74,74,75,64,32,0,0,0,0,0
0,0,8,12,51,57,69,68,68,64,60,55,55,58,62,65,70,75,82,67,38,0,0,0,0,0
10,8,29,33,54,65,86,78,73,66,61,58,58,62,63,67,71,81,115,90,56,13,0,0,0,7
9,10,28,40,55,74,112,83,72,67,61,59,56,60,63,65,67,72,94,77,54,20,9,6,0,6
0,7,13,26,51,65,101,71,63,60,56,52,52,55,56,56,58,62,63,54,26,13,0,0,0,0
0,0,11,22,30,52,62,62,57,51,46,45,41,39,45,50,53,57,54,50,14,8,0,0,0,0
0,8,12,11,20,31,52,56,59,55,51,32,12,51,45,50,54,57,54,47,10,6,0,0,0,0
0,9,12,9,14,27,53,55,55,54,51,41,19,50,52,45,55,56,54,42,7,0,0,0,0,0
0,6,9,9,11,14,50,52,53,53,51,12,14,35,51,20,52,54,51,23,0,0,0,0,0,0
0,6,9,7,10,11,40,51,53,53,50,0,13,27,45,15,50,52,50,12,7,0,0,0,0,0
0,7,6,6,11,9,15,34,46,42,10,0,8,14,14,12,27,45,31,12,0,5,0,0,0,0
0,7,6,0,0,10,8,13,32,32,11,0,5,13,17,12,10,37,26,12,6,0,0,0,0,0
0,0,0,4,0,0,9,19,30,26,13,0,11,14,17,13,10,32,26,12,7,0,4,0,4,0
45,86,423,386,133,107,119,95,87,89,94,80,84,92,100,111,120,156,121,74,62,59,52,27,14,27
23,62,119,127,120,100,84,80,76,70,64,63,70,79,85,81,80,83,73,66,50,32,10,7,6,6
16,64,72,83,116,94,63,64,55,52,64,69,76,79,80,73,71,70,66,55,13,10,9,0,0,6
12,42,42,57,70,17,10,13,54,64,71,70,82,82,76,72,68,63,58,53,25,9,0,0,0,0
11,16,51,29,58,8,13,58,76,86,87,84,83,99,101,78,73,69,57,53,15,7,0,0,0,6
11,16,53,51,57,56,71,80,92,95,88,80,88,108,118,89,76,97,62,53,36,13,7,0,0,7
7,10,14,21,57,60,84,92,99,100,106,100,101,105,109,95,76,80,64,51,40,11,6,0,0,0
0,0,17,47,51,64,95,85,96,105,107,101,97,107,107,101,78,69,63,55,44,11,10,0,0,0
0,0,30,50,53,61,92,83,98,112,109,101,108,110,105,100,79,73,62,55,23,14,7,0,0,0
11,7,37,50,56,68,85,96,100,101,111,108,113,110,105,89,80,72,63,53,15,12,0,0,0,0
0,0,21,47,54,60,70,78,85,93,99,96,104,102,93,75,68,66,59,43,10,11,0,0,0,0
6,0,29,35,50,58,63,65,72,78,85,90,89,88,77,70,66,61,56,30,9,10,0,0,0,0
0,0,14,29,30,54,63,62,69,73,77,79,82,78,73,67,66,62,54,20,0,10,0,0,0,0
0,0,11,8,11,29,52,60,66,73,79,77,74,77,72,67,57,52,38,9,0,0,0,0,0,0
7,0,37,39,48,54,61,65,67,74,77,77,80,82,91,77,77,72,64,52,11,25,5,0,0,0
0,0,52,51,53,59,67,69,77,85,95,93,89,94,87,81,81,74,69,57,37,35,6,0,0,0
0,6,52,53,57,60,70,71,76,86,92,94,92,94,88,87,82,79,72,61,45,35,10,0,0,0
10,12,54,56,59,62,71,75,79,90,120,96,97,95,96,92,90,90,77,65,53,27,12,0,0,10
13,16,53,57,60,65,75,76,83,83,93,97,86,91,101,94,93,90,87,65,56,46,6,0,0,0
12,20,54,59,61,70,81,84,88,86,95,95,88,106,100,94,95,94,86,71,62,33,10,8,8,9
14,38,53,59,67,76,86,89,91,88,89,83,80,107,96,97,101,100,94,76,68,69,53,44,26,35
11,13,50,58,64,72,86,88,89,88,80,75,80,105,92,98,99,96,92,72,56,22,10,7,0,6
18,17,34,50,57,70,82,83,91,86,79,72,75,96,88,102,98,92,84,68,49,27,12,8,0,0
13,14,50,55,64,76,81,84,87,82,76,68,74,88,91,90,96,91,83,72,56,30,14,13,10,0
13,13,33,53,61,67,75,76,78,75,72,64,66,74,77,77,84,85,79,68,54,12,9,10,0,0
11,13,33,51,60,66,75,77,75,72,69,63,62,68,73,75,79,82,79,66,53,12,10,5,7,6
9,7,21,50,58,66,76,75,73,69,64,59,60,64,68,75,76,79,79,64,50,10,6,7,0,0
8,0,13,21,53,60,69,68,71,64,60,55,55,59,62,68,73,74,75,64,33,0,0,0,0,0
0,0,8,12,51,57,69,68,68,64,60,55,55,58,62,65,71,76,81,67,38,0,0,0,0,0
10,9,27,35,54,65,86,78,73,66,62,58,58,62,63,67,71,80,116,90,56,13,0,0,0,6
8,11,30,40,55,74,112,83,72,67,62,59,56,60,63,64,67,72,95,77,54,22,10,6,0,0
0,8,13,26,51,65,101,72,63,60,56,52,53,55,56,56,58,61,63,54,25,13,0,0,0,0
0,0,11,22,30,51,62,62,57,51,46,45,41,40,45,50,53,57,55,50,13,8,0,0,0,0
0,8,12,11,20,31,52,56,59,55,50,21,12,51,45,51,54,56,54,44,9,6,0,0,0,0
0,9,12,9,14,30,53,54,55,54,51,38,21,50,52,45,55,56,54,40,7,0,0,0,0,0
0,7,9,9,11,14,50,52,53,53,51,11,14,35,51,17,52,54,52,23,0,0,0,0,0,0
0,6,10,7,10,11,40,51,53,53,50,0,13,29,43,14,50,51,50,12,7,0,0,0,0,0
0,7,6,5,11,9,16,34,48,40,10,0,8,15,14,11,27,45,31,11,0,5,0,0,0,0
0,7,6,0,0,10,8,13,32,30,11,0,6,13,19,11,10,34,26,12,6,0,0,0,0,0
0,0,0,4,5,0,9,19,28,25,13,0,11,14,20,13,10,30,25,12,7,0,4,0,0,0
44,86,425,386,133,107,120,94,87,89,94,80,83,91,101,110,120,154,121,74,62,59,52,25,14,29
22,62,119,127,119,99,84,80,75,69,64,62,70,78,85,81,80,83,73,66,50,32,10,6,6,7
15,64,72,83,116,93,63,64,55,52,64,69,75,79,81,73,71,70,66,55,13,9,9,0,0,6
12,42,41,57,70,14,10,13,54,64,71,70,81,83,77,72,67,62,58,52,22,9,0,0,0,0
11,17,51,29,58,8,14,58,75,86,87,84,83,99,101,79,72,69,57,52,17,7,0,0,0,6
11,18,53,51,57,55,71,80,92,94,88,80,87,108,119,90,76,97,62,53,36,13,7,0,0,7
7,11,15,19,57,59,85,93,98,100,105,100,100,105,109,96,76,80,64,52,40,11,6,0,0,0
0,0,15,47,52,64,95,85,95,105,107,101,97,108,107,101,79,69,63,55,41,11,10,0,0,0
0,0,32,50,54,60,93,84,97,112,108,102,108,110,105,100,79,73,63,54,23,14,7,0,0,0
11,7,40,47,57,67,86,96,100,101,111,108,113,110,105,90,81,72,64,53,17,13,0,0,0,0
0,0,23,44,54,59,71,78,85,93,99,96,105,102,93,75,69,67,59,40,11,11,0,0,0,0
6,0,27,35,50,57,63,65,72,78,86,90,90,88,78,71,66,61,56,36,9,9,0,0,0,0
0,0,14,29,32,53,63,63,69,73,76,79,83,78,73,67,66,62,54,17,0,10,0,0,0,0
0,0,11,9,11,29,52,60,66,74,79,78,75,76,72,67,57,52,38,9,0,0,0,0,0,0
8,0,37,37,46,54,60,65,67,74,77,77,80,81,91,77,76,71,64,52,11,26,5,0,0,0
0,0,52,52,53,59,67,69,78,85,95,94,90,94,87,81,81,73,68,58,35,32,6,0,0,0
0,6,52,53,57,60,70,71,76,86,92,94,92,94,88,87,83,79,72,61,47,30,10,0,0,0
10,12,54,55,59,62,71,75,79,90,120,96,97,94,96,93,89,90,77,65,53,27,11,0,0,10
13,15,53,57,60,66,75,76,83,82,93,97,86,91,102,94,93,90,87,65,56,45,7,0,0,0
12,16,54,59,62,69,82,83,88,86,95,95,87,106,100,94,95,94,86,71,62,31,10,7,8,9
14,38,53,59,67,76,86,89,91,88,90,83,81,107,96,97,102,101,94,76,68,68,53,41,26,35
11,13,50,57,65,72,86,88,89,87,80,75,80,105,92,98,99,96,91,72,56,21,11,7,0,6
17,16,35,50,57,69,82,83,91,86,79,72,74,96,88,103,97,92,84,68,49,28,12,0,0,0
13,14,50,54,64,76,81,83,87,82,76,68,73,87,91,90,96,91,83,72,56,29,14,12,11,0
13,13,31,53,61,67,76,76,79,75,72,64,66,74,76,78,84,85,79,67,54,12,9,10,0,0
11,13,31,51,60,66,75,76,75,72,69,62,62,67,73,74,79,82,79,66,53,11,10,0,7,7
9,8,19,50,58,65,75,74,73,69,64,59,60,64,69,75,76,80,79,63,50,10,6,6,0,0
8,5,13,21,53,59,69,68,70,64,60,55,55,59,62,68,73,74,74,64,35,0,0,0,0,0
0,0,8,13,51,57,69,68,68,64,60,55,55,58,62,65,71,76,81,67,36,0,0,0,0,0
10,9,27,33,54,65,86,78,73,66,61,58,58,62,63,67,71,81,116,90,56,12,0,0,0,7
9,11,30,40,55,74,112,83,72,66,62,59,56,60,63,65,68,71,95,76,54,17,10,6,0,6
0,8,12,26,51,65,102,72,63,60,56,53,53,56,55,56,58,62,63,54,26,13,0,0,0,0
0,0,11,23,31,51,62,62,57,51,46,45,41,40,46,49,52,57,55,50,13,8,0,0,0,0
0,7,12,11,21,31,53,56,59,54,50,21,12,51,47,50,54,56,54,44,9,7,0,0,0,0
0,9,12,9,14,25,53,54,55,54,51,36,23,50,53,45,54,55,54,42,7,0,0,0,0,0
0,7,9,9,11,14,50,52,53,53,50,11,14,35,51,20,52,54,52,23,0,0,0,0,0,0
0,6,9,7,10,11,40,51,53,53,50,0,14,31,45,15,51,51,50,12,8,0,0,0,0,0
0,7,6,6,11,9,17,33,45,39,10,0,8,15,14,11,27,45,35,12,5,5,0,0,0,0
0,7,6,0,0,9,9,13,32,30,11,0,6,13,19,11,10,34,25,12,6,0,0,0,0,0
0,0,0,4,6,0,9,19,27,26,13,0,11,14,20,13,9,29,22,12,7,0,4,0,0,0
43,86,425,386,132,107,120,94,87,89,94,80,83,91,101,111,120,154,120,73,62,58,53,27,14,33
25,62,119,127,119,99,83,80,75,68,64,62,70,78,84,81,80,83,73,65,50,35,9,6,6,7
15,64,71,83,115,92,64,64,54,52,64,68,75,79,80,73,71,70,66,55,13,10,9,0,0,6
12,42,42,57,69,14,10,13,53,64,70,70,81,82,76,72,68,62,58,52,22,9,0,0,0,0
11,16,51,29,58,7,14,58,75,86,87,84,83,98,101,79,72,69,56,52,14,7,0,0,0,7
12,16,53,51,57,56,71,80,92,94,87,79,87,107,118,90,76,97,62,53,36,13,7,0,0,7
6,10,19,19,57,60,85,93,97,100,105,100,100,105,108,96,75,80,64,52,42,10,6,0,0,0
0,0,17,47,51,64,95,85,95,105,108,101,97,107,107,101,79,70,62,55,36,11,10,0,0,0
0,0,37,50,53,60,93,84,96,112,108,102,107,109,104,100,79,73,63,54,23,14,7,0,0,0
10,7,42,45,56,67,87,95,100,101,110,108,113,110,104,90,80,73,63,53,17,12,0,0,0,0
0,0,21,44,54,59,71,77,85,93,99,96,104,102,93,75,68,68,59,37,11,11,0,0,0,0
7,0,29,35,51,57,63,64,72,78,85,90,90,87,77,71,66,61,56,36,9,10,0,0,0,0
0,0,16,29,35,54,63,63,69,73,76,78,82,77,73,67,66,63,54,20,0,10,0,0,0,0
0,0,11,9,12,29,52,60,66,74,79,78,74,76,72,66,56,53,38,8,0,0,0,0,0,0
8,0,39,39,48,54,60,65,67,74,78,77,79,81,91,77,77,71,64,52,10,25,6,0,0,0
0,0,52,52,53,59,67,69,78,85,95,94,89,94,87,81,82,74,68,58,35,30,6,0,0,0
0,6,52,53,57,59,70,71,76,86,92,93,92,94,88,87,82,79,72,61,47,30,10,0,0,0
10,12,54,55,59,62,71,75,79,90,120,97,97,95,96,93,89,91,77,64,53,29,11,0,0,10
13,15,54,56,60,66,76,76,83,83,93,97,86,91,101,94,93,91,87,65,56,45,7,0,0,0
12,18,54,58,62,69,82,84,88,87,95,96,87,107,100,94,95,94,86,71,62,33,10,7,8,9
14,35,53,60,67,76,86,89,91,88,90,83,81,106,95,97,102,102,94,76,68,68,52,39,26,36
11,13,50,57,65,72,86,88,88,87,80,75,80,105,91,98,99,96,91,72,56,21,10,7,0,7
17,16,36,50,57,69,83,83,91,86,79,72,73,96,88,103,97,92,84,68,50,28,11,8,0,7
14,15,50,54,65,76,81,84,87,82,76,68,73,87,90,90,95,91,83,72,56,27,14,13,10,0
13,13,31,53,61,67,76,76,78,75,72,64,66,74,76,78,84,85,78,67,54,12,9,10,0,0
11,12,33,51,61,67,75,76,75,72,69,63,62,67,72,75,79,82,79,66,53,12,10,5,7,7
9,8,19,50,58,65,75,75,72,69,64,59,60,64,68,74,77,80,78,64,50,10,6,6,0,0
8,5,13,23,54,60,69,68,70,64,60,55,55,59,62,68,73,75,74,64,33,0,0,0,0,0
0,0,8,12,51,57,70,68,68,65,60,55,54,57,61,65,71,76,81,67,36,0,0,0,0,0
11,9,29,33,55,65,85,78,73,66,61,58,58,62,63,67,71,81,115,90,56,13,0,0,0,7
9,11,30,38,55,74,112,83,72,67,62,59,56,60,62,64,68,72,94,77,54,17,9,6,0,6
0,8,13,26,51,65,101,72,63,60,57,53,52,55,54,56,58,62,63,54,27,13,0,0,0,0
0,0,11,23,31,51,62,62,57,51,46,45,40,39,44,50,53,57,55,50,13,8,0,0,0,0
0,8,12,11,20,34,53,56,59,54,50,21,12,52,45,51,54,56,54,44,9,7,0,0,0,0
0,9,13,9,13,27,53,54,55,54,51,38,23,50,52,50,54,56,53,40,7,0,0,0,0,0
0,7,9,9,11,13,50,52,52,53,50,11,13,32,51,20,51,55,52,25,0,0,0,0,0,0
0,6,10,7,10,11,43,51,53,53,50,0,14,27,43,14,50,52,50,12,8,0,0,0,0,0
0,7,7,6,11,9,18,31,46,39,10,0,8,15,14,11,26,48,35,11,5,5,0,0,0,0
0,7,6,0,0,9,9,13,32,30,11,0,6,13,16,11,10,34,25,12,5,0,0,0,0,0
0,0,0,5,6,0,9,16,27,26,13,0,11,14,19,14,9,32,22,11,7,0,4,0,0,0
44,86,426,384,132,107,120,94,87,89,94,80,83,90,100,111,120,152,119,73,62,58,53,30,14,35
26,62,119,127,119,98,83,80,75,68,64,62,69,78,84,81,80,83,73,64,50,35,10,6,6,7
16,64,71,83,114,91,64,63,54,52,64,68,75,78,80,73,71,70,65,55,14,9,9,0,0,6
13,41,40,57,69,14,10,13,54,64,70,70,81,82,76,72,68,62,57,52,22,9,0,0,0,0
11,17,51,34,58,7,14,58,76,86,87,84,82,98,101,78,73,69,56,52,15,8,0,0,0,7
11,17,53,51,57,55,71,81,92,94,87,80,86,106,118,90,76,96,62,53,36,13,7,0,0,7
6,10,19,19,57,59,85,93,98,100,105,101,100,104,108,96,75,79,64,52,42,11,6,0,0,0
0,0,21,44,52,64,95,85,96,105,108,101,96,107,107,101,79,70,63,55,38,11,10,0,0,0
0,0,37,50,53,59,94,84,97,112,109,102,107,109,104,100,79,73,63,53,23,14,7,0,0,0
10,0,42,47,57,67,85,96,100,101,110,108,113,110,104,90,80,74,63,52,15,13,0,0,0,0
0,0,25,41,55,59,72,78,86,93,100,97,105,102,92,75,68,68,59,31,11,11,0,0,0,0
7,0,29,32,52,57,63,65,72,79,86,90,90,87,76,71,66,61,56,33,9,10,0,0,0,0
0,0,16,34,35,53,62,63,69,73,77,78,82,78,73,67,66,63,53,20,0,10,0,0,0,0
0,0,11,9,12,29,51,60,66,74,79,78,74,76,72,66,56,53,37,8,0,0,0,0,0,0
8,0,41,39,46,54,60,65,67,74,78,77,79,80,90,77,77,71,64,52,11,26,6,0,0,0
0,0,52,51,53,60,67,69,78,85,94,93,90,93,87,81,81,74,69,58,35,32,6,0,0,0
0,6,52,53,57,59,70,71,76,86,92,93,92,93,88,87,82,79,71,60,47,30,9,0,0,0
10,11,54,55,59,62,71,75,79,90,121,96,97,94,95,93,89,90,77,64,53,31,12,0,0,10
13,15,54,57,60,66,75,76,83,83,93,97,86,91,101,95,93,90,87,65,56,45,7,0,0,0
12,16,54,58,62,69,81,84,88,88,95,95,87,106,100,94,95,94,86,71,62,33,11,7,8,10
14,35,53,60,67,76,86,89,91,88,90,82,81,105,95,97,102,102,94,76,68,68,53,37,28,36
11,12,51,57,64,72,86,88,88,88,80,75,80,104,91,98,99,96,91,72,56,21,10,6,0,7
15,16,36,50,57,69,82,82,91,86,79,72,73,96,88,103,97,92,83,68,49,28,12,8,0,0
14,14,50,55,64,77,81,84,87,82,77,68,73,87,90,90,95,91,83,72,56,27,14,13,10,0
13,13,29,53,61,67,75,76,78,75,72,64,66,74,76,77,83,85,78,67,54,12,9,9,0,0
11,12,33,51,61,67,75,76,75,73,69,63,63,67,72,75,79,83,79,65,54,13,10,5,7,7
9,8,19,51,58,65,75,75,72,69,64,59,60,64,68,75,77,80,78,63,50,10,6,6,0,0
8,0,13,23,54,60,68,68,69,64,60,55,55,59,62,68,74,75,73,64,35,0,0,0,0,0
0,0,8,13,51,57,70,68,68,65,60,55,54,57,61,65,71,76,81,67,38,0,0,0,0,0
10,8,29,35,55,65,85,78,73,66,61,58,58,61,63,66,71,81,115,90,56,13,0,0,0,7
9,10,30,38,55,74,112,83,72,67,62,58,55,60,62,64,68,72,94,77,54,17,10,6,0,6
0,8,12,29,51,65,101,72,63,60,57,52,52,54,54,56,58,62,63,54,28,12,0,0,0,0
0,0,11,22,31,51,62,62,57,51,46,46,38,39,44,50,53,57,55,50,14,8,0,0,0,0
0,7,12,11,20,27,53,56,59,54,51,21,12,52,45,51,54,56,54,44,9,7,0,0,0,0
0,9,13,9,13,25,53,54,55,54,51,38,21,50,52,50,54,56,54,40,6,0,0,0,0,0
0,7,9,10,11,13,50,52,53,53,50,11,13,30,51,17,52,54,52,25,0,0,0,0,0,0
0,6,10,7,10,10,40,51,53,53,50,0,13,27,43,15,50,51,50,12,7,0,0,0,0,0
0,7,7,6,11,9,17,31,46,40,10,0,8,14,14,11,26,45,35,11,5,5,0,0,0,0
0,7,6,0,0,9,8,13,34,30,12,0,6,13,15,11,10,32,25,11,5,0,0,0,0,0
0,0,0,5,5,0,9,16,27,26,13,0,11,14,19,14,9,32,22,11,7,0,4,0,0,0
44,86,427,383,132,107,120,95,88,89,94,80,83,90,99,110,120,152,119,73,62,59,52,25,14,33
25,61,119,127,119,98,83,79,75,68,64,62,69,77,84,80,80,83,73,65,50,35,9,6,6,7
15,64,71,83,114,91,64,63,54,52,64,68,75,78,79,73,71,70,65,55,14,10,9,0,0,6
13,39,40,57,69,14,10,13,53,64,70,70,80,82,75,71,68,62,58,52,20,9,0,0,0,0
11,17,52,34,58,8,14,58,76,86,87,84,82,98,100,78,72,70,56,52,17,8,0,0,0,6
11,17,53,51,57,56,71,81,92,94,87,80,86,106,117,90,77,96,62,53,36,13,7,0,0,7
7,10,17,17,57,59,85,94,98,100,104,101,100,103,108,97,76,80,64,52,45,11,7,0,0,0
0,0,21,44,52,64,95,85,96,104,108,101,96,107,106,101,79,70,63,55,36,11,10,0,0,0
7,0,37,47,53,58,93,84,97,112,109,102,107,109,104,99,79,73,63,54,25,17,7,0,0,0
10,0,42,45,57,68,86,96,100,101,110,108,113,109,104,90,80,75,64,53,14,13,0,0,0,0
0,0,23,38,55,59,72,78,85,93,100,97,105,101,92,75,69,68,59,34,11,11,0,0,0,0
7,0,29,32,51,57,63,65,72,79,85,91,89,87,76,71,66,61,56,36,9,10,0,0,0,0
0,0,20,31,37,53,62,63,68,73,76,78,82,78,72,66,66,63,53,22,0,10,0,0,0,0
0,0,11,9,12,29,51,60,66,74,78,78,75,75,72,66,56,53,37,9,0,0,0,0,0,0
7,0,39,39,46,54,61,64,68,74,77,77,79,80,89,76,77,70,64,53,11,25,0,0,0,0
0,0,51,51,54,59,67,69,79,85,95,93,89,93,86,81,81,74,69,58,37,32,7,0,0,0
0,6,52,53,57,59,70,71,76,86,92,93,91,93,87,87,82,78,71,60,50,30,9,0,0,0
10,11,54,56,59,62,71,75,80,90,121,97,97,94,95,93,90,90,77,64,53,27,12,0,0,10
13,15,54,57,60,66,75,76,83,82,93,97,85,90,101,94,93,91,87,66,56,45,8,0,0,0
12,16,54,58,62,70,81,84,88,88,95,96,87,106,99,94,95,94,86,71,62,31,11,7,8,9
13,33,53,60,67,76,86,89,91,88,90,82,81,104,95,97,101,102,94,76,68,68,53,35,28,38
11,12,50,57,65,72,86,88,89,87,80,75,80,103,91,97,99,96,91,72,56,21,11,6,0,7
16,16,36,50,57,69,82,82,91,85,79,73,73,95,87,103,97,93,83,67,49,28,12,0,0,0
13,15,50,55,64,76,81,84,87,82,77,68,72,86,90,90,96,91,83,71,56,27,14,13,10,0
13,13,27,53,61,67,75,76,78,75,72,64,66,73,76,77,83,85,78,67,54,12,9,9,0,0
11,12,33,51,61,67,75,76,76,73,69,63,62,66,72,75,80,82,79,65,54,13,10,0,7,7
10,8,17,50,58,65,75,74,72,69,64,60,60,64,67,74,77,80,78,64,50,10,7,6,0,0
8,5,13,23,54,60,69,68,70,64,60,55,55,58,62,67,74,74,74,64,37,0,0,0,0,0
0,0,8,14,51,57,70,68,67,65,60,55,54,57,61,65,71,75,81,67,38,0,0,0,0,0
10,8,29,31,55,65,85,78,73,65,61,58,58,61,63,66,71,81,116,90,56,13,0,0,0,6
9,10,30,36,56,74,113,83,72,67,62,58,55,60,62,64,69,72,94,77,54,17,10,6,0,6
0,8,12,31,51,65,101,72,63,60,57,52,52,54,54,55,58,62,64,54,28,13,0,0,0,0
0,0,11,22,30,51,62,62,57,51,46,45,38,38,43,50,53,57,55,50,14,8,0,0,0,0
0,8,12,11,20,25,53,56,59,55,51,27,11,51,45,51,54,56,54,47,9,7,0,0,0,0
0,9,13,9,13,23,53,54,55,54,51,44,21,50,52,45,54,56,54,42,6,0,0,0,0,0
0,7,9,10,11,13,50,52,53,53,50,11,13,27,50,17,52,54,51,25,0,0,0,0,0,0
0,6,10,7,10,10,40,51,53,53,50,0,13,27,45,15,50,51,51,12,7,0,0,0,0,0
0,7,6,5,11,9,16,31,48,40,10,0,8,14,13,11,26,44,36,11,5,5,0,0,0,0
0,7,6,0,0,9,8,13,35,30,11,0,6,12,14,11,10,32,26,11,5,0,0,0,0,0
0,0,0,5,5,0,9,17,28,26,13,0,11,15,17,13,9,30,25,12,7,0,4,0,0,0
44,86,430,383,132,106,120,95,88,90,94,80,83,90,98,111,119,153,119,74,62,59,53,27,14,25
25,62,120,126,118,98,82,81,75,68,64,63,69,77,83,81,80,83,73,64,50,35,10,5,7,6
14,63,71,83,112,91,64,63,54,52,64,68,75,78,79,73,71,70,65,55,13,10,8,0,0,6
12,39,41,57,68,15,10,13,54,64,70,70,81,81,75,71,68,62,58,52,17,9,0,0,0,0
11,15,52,36,58,7,14,58,76,86,87,84,83,98,100,79,72,70,57,52,17,8,0,0,0,6
11,16,53,51,57,56,71,81,92,95,87,79,86,106,117,90,76,97,62,53,36,13,7,0,0,7
7,10,15,19,57,59,85,94,99,100,105,101,100,103,107,96,76,80,64,52,42,11,6,0,0,0
0,0,23,41,51,64,94,85,96,104,108,101,96,107,106,101,78,70,63,55,38,11,10,0,0,0
0,0,40,47,52,59,92,84,97,112,109,101,107,109,104,99,78,73,63,53,23,17,7,0,0,0
10,0,42,42,57,67,85,96,100,101,110,107,113,109,103,90,80,75,64,53,15,13,0,0,0,0
0,0,23,38,55,59,72,77,85,93,100,97,104,102,92,75,69,67,59,31,11,11,0,0,0,0
7,0,29,30,51,58,63,65,72,79,86,91,88,87,76,71,66,60,56,30,9,10,0,0,0,0
0,0,23,29,35,54,62,62,68,73,76,78,81,77,72,67,66,63,53,20,0,10,0,0,0,0
0,0,11,8,12,27,51,60,65,74,79,77,74,76,71,66,56,53,38,8,0,0,0,0,0,0
7,0,39,39,46,55,61,65,68,74,77,78,79,80,89,77,78,70,64,52,11,23,0,0,0,0
0,0,52,50,54,60,67,69,78,85,94,93,88,93,86,81,81,74,69,57,37,35,6,0,0,0
0,6,53,53,57,59,70,72,76,86,92,93,92,93,87,87,82,78,72,60,47,30,9,0,0,0
10,11,54,56,58,62,71,75,79,91,122,97,97,94,95,92,90,90,77,64,52,29,11,0,0,10
13,14,54,57,60,67,75,76,82,82,93,97,86,90,100,94,93,91,87,66,56,46,7,0,0,0
12,16,54,58,62,70,81,84,88,88,94,96,88,105,99,94,95,94,86,71,62,33,10,7,7,9
13,32,53,60,67,76,86,89,91,88,90,82,80,104,95,97,102,101,94,76,68,69,52,35,28,38
11,12,50,58,65,72,86,88,89,87,80,75,80,103,91,98,99,96,91,72,56,23,11,6,0,7
17,15,36,50,58,69,82,82,91,86,79,73,73,95,87,103,98,93,83,67,48,28,12,8,0,0
14,15,51,55,64,76,81,84,87,82,77,68,72,87,90,90,96,91,84,71,56,27,14,13,10,0
13,13,31,53,61,67,75,76,78,75,72,64,66,73,76,78,83,85,78,67,54,12,8,9,0,0
11,12,35,51,60,66,74,77,76,73,69,63,63,66,72,75,80,82,79,65,54,13,10,5,7,6
9,7,17,50,58,66,75,75,72,69,64,60,60,64,67,74,76,79,78,64,50,10,7,6,0,0
8,5,13,25,54,60,68,68,69,64,60,55,55,58,62,68,74,74,74,63,33,0,0,0,0,0
0,0,8,14,51,57,69,68,67,65,60,55,54,57,61,65,70,75,81,67,40,0,0,0,0,0
10,8,31,31,54,65,85,78,73,65,62,58,57,61,63,66,71,81,116,90,56,14,0,0,0,6
8,10,28,38,55,75,112,83,72,66,62,58,55,60,62,64,68,72,94,77,54,17,9,6,0,0
0,7,13,31,51,65,101,72,63,60,57,52,52,54,54,56,58,61,63,54,26,13,0,0,0,0
0,0,11,22,31,51,62,62,57,51,47,45,36,38,42,49,53,57,55,50,14,8,0,0,0,0
0,8,12,11,20,25,53,56,59,55,51,27,11,51,43,51,54,56,54,44,9,7,0,0,0,0
0,9,13,9,13,23,53,54,55,54,51,44,19,50,52,47,54,56,55,40,0,0,0,0,0,0
0,7,9,10,11,14,50,52,54,53,50,11,13,27,50,17,52,54,51,25,0,0,0,0,0,0
0,6,10,7,10,10,38,51,54,52,50,0,13,27,43,15,50,52,50,12,7,0,0,0,0,0
0,7,7,5,11,9,15,33,50,39,10,0,8,14,13,11,26,44,35,11,5,5,0,0,0,0
0,7,6,0,0,9,8,13,37,28,12,0,6,12,14,11,10,34,27,11,5,0,0,0,0,0
0,0,0,5,5,0,9,17,30,26,13,0,11,15,17,14,9,30,26,12,7,0,4,0,0,0
45,86,433,382,132,106,121,95,89,89,92,80,83,90,98,110,119,155,119,75,62,59,52,20,14,22
23,61,119,125,117,97,82,81,76,69,64,62,70,77,84,81,80,83,72,65,50,37,9,6,7,0
14,63,70,82,110,90,63,63,54,52,64,67,75,78,78,73,71,70,65,56,13,10,9,0,0,6
12,38,43,56,68,14,9,14,54,64,70,70,81,81,75,71,68,61,58,52,17,9,0,0,0,0
11,15,52,31,58,7,13,58,77,86,87,84,83,98,100,79,72,69,56,52,21,7,0,0,0,6
11,15,53,51,57,56,72,81,93,95,87,79,86,106,118,90,76,97,62,54,36,13,7,0,0,0
8,10,14,19,58,58,85,95,100,100,105,100,100,103,107,96,75,80,64,52,45,11,6,0,0,0
0,0,19,36,50,62,94,85,96,104,107,100,97,108,106,101,78,70,63,55,41,11,10,0,0,0
0,0,32,47,52,58,91,85,97,111,108,102,108,110,104,100,77,73,62,54,21,14,7,0,0,0
10,0,45,40,57,67,86,96,101,101,111,108,112,110,103,88,80,74,65,54,15,13,0,0,0,0
0,0,25,36,54,59,71,78,85,93,100,96,105,102,92,75,69,67,59,43,11,11,0,0,0,0
7,0,27,25,51,57,64,65,73,78,85,91,89,87,77,70,66,60,56,36,9,9,0,0,0,0
0,0,21,31,32,53,62,62,69,72,77,78,81,77,72,66,66,62,53,20,0,10,0,0,0,0
0,0,11,8,12,27,52,60,66,75,79,77,73,76,71,67,56,52,38,9,0,0,0,0,0,0
7,0,37,35,45,54,60,65,68,74,77,77,79,80,89,77,77,70,64,52,10,21,5,0,0,0
0,0,52,51,54,59,67,70,79,85,94,92,87,93,86,81,81,73,69,58,35,37,7,0,0,0
0,6,52,53,57,59,70,72,77,87,93,93,92,94,87,87,82,78,71,60,50,32,9,0,0,0
10,11,54,55,58,62,70,76,79,91,122,96,97,95,94,92,90,90,76,64,53,27,11,0,0,10
13,14,54,56,60,66,75,76,83,83,93,97,86,90,100,94,93,91,87,66,56,45,7,0,0,0
12,15,54,58,63,69,82,84,88,87,94,96,88,105,99,94,94,94,87,71,62,31,10,7,7,9
13,30,53,59,67,76,86,89,91,88,89,82,80,104,95,97,101,101,94,76,67,68,52,37,28,38
10,13,50,57,65,72,86,88,89,87,81,75,79,104,91,98,99,96,92,72,56,25,11,6,0,6
18,16,36,50,57,69,82,83,92,86,80,72,74,95,87,103,96,94,84,68,48,28,12,0,0,0
13,15,50,54,64,76,81,84,86,82,77,68,73,87,90,90,96,91,83,71,56,26,14,12,11,0
13,13,35,53,61,67,75,76,78,76,72,64,66,73,76,77,83,85,79,67,54,12,8,10,0,0
11,12,36,51,60,66,74,76,77,72,69,63,62,66,72,74,80,82,79,65,54,13,10,0,7,0
9,7,19,50,58,66,75,74,73,69,63,60,60,64,67,74,76,79,79,64,50,9,7,0,0,0
8,5,13,21,54,59,69,68,70,65,60,55,54,58,62,68,73,74,74,64,32,0,0,0,0,0
0,0,8,13,51,57,69,68,67,65,59,55,54,58,61,65,71,75,81,67,40,0,0,0,0,0
10,8,31,31,54,65,85,78,73,66,62,58,57,61,63,67,71,81,116,89,56,14,0,0,0,6
8,10,28,34,55,74,112,84,72,67,61,58,56,60,62,64,68,72,94,77,54,17,10,0,6,0
0,7,13,28,51,65,101,72,63,60,57,52,52,55,54,55,58,62,64,54,25,13,0,0,0,0
0,0,11,23,31,51,63,62,57,51,46,43,38,38,43,49,53,57,55,50,14,8,0,0,0,0
0,8,12,11,21,27,53,56,60,55,51,27,11,51,40,50,54,56,54,47,10,7,0,0,0,0
0,9,13,9,14,23,53,54,56,54,51,41,23,50,52,45,54,56,55,42,6,0,0,0,0,0
0,7,8,9,10,14,50,52,54,53,50,11,13,32,50,20,51,54,51,25,0,0,0,0,0,0
0,5,10,6,10,10,43,51,54,52,50,0,13,29,39,14,51,53,50,13,8,0,0,0,0,0
0,7,7,5,11,9,16,33,50,42,9,0,7,14,13,11,26,42,33,12,5,5,0,0,0,0
0,6,6,0,0,9,9,13,37,28,11,0,5,12,16,11,10,37,27,12,5,0,0,0,0,0
0,0,0,5,5,0,9,20,30,28,12,0,11,14,17,14,9,32,25,12,7,0,4,0,0,0
45,86,433,382,132,106,121,95,89,89,92,80,83,90,98,110,119,155,119,75,62,59,52,20,14,22
23,61,119,125,117,97,82,81,76,69,64,62,70,77,84,81,80,83,72,65,50,37,9,6,7,0
14,63,70,82,110,90,63,63,54,52,64,67,75,78,78,73,71,70,65,56,13,10,9,0,0,6
12,38,43,56,68,14,9,14,54,64,70,70,81,81,75,71,68,61,58,52,17,9,0,0,0,0
11,15,52,31,58,7,13,58,77,86,87,84,83,98,100,79,72,69,56,52,21,7,0,0,0,6
11,15,53,51,57,56,72,81,93,95,87,79,86,106,118,90,76,97,62,54,36,13,7,0,0,0
8,10,14,19,58,58,85,95,100,100,105,100,100,103,107,96,75,80,64,52,45,11,6,0,0,0
0,0,19,36,50,62,94,85,96,104,107,100,97,108,106,101,78,70,63,55,41,11,10,0,0,0
0,0,32,47,52,58,91,85,97,111,108,102,108,110,104,100,77,73,62,54,21,14,7,0,0,0
10,0,45,40,57,67,86,96,101,101,111,108,112,110,103,88,80,74,65,54,15,13,0,0,0,0
0,0,25,36,54,59,71,78,85,93,100,96,105,102,92,75,69,67,59,43,11,11,0,0,0,0
7,0,27,25,51,57,64,65,73,78,85,91,89,87,77,70,66,60,56,36,9,9,0,0,0,0
0,0,21,31,32,53,62,62,69,72,77,78,81,77,72,66,66,62,53,20,0,10,0,0,0,0
0,0,11,8,12,27,52,60,66,75,79,77,73,76,71,67,56,52,38,9,0,0,0,0,0,0
7,0,37,35,45,54,60,65,68,74,77,77,79,80,89,77,77,70,64,52,10,21,5,0,0,0
0,0,52,51,54,59,67,70,79,85,94,92,87,93,86,81,81,73,69,58,35,37,7,0,0,0
0,6,52,53,57,59,70,72,77,87,93,93,92,94,87,87,82,78,71,60,50,32,9,0,0,0
10,11,54,55,58,62,70,76,79,91,122,96,97,95,94,92,90,90,76,64,53,27,11,0,0,10
13,14,54,56,60,66,75,76,83,83,93,97,86,90,100,94,93,91,87,66,56,45,7,0,0,0
12,15,54,58,63,69,82,84,88,87,94,96,88,105,99,94,94,94,87,71,62,31,10,7,7,9
13,30,53,59,67,76,86,89,91,88,89,82,80,104,95,97,101,101,94,76,67,68,52,37,28,38
10,13,50,57,65,72,86,88,89,87,81,75,79,104,91,98,99,96,92,72,56,25,11,6,0,6
18,16,36,50,57,69,82,83,92,86,80,72,74,95,87,103,96,94,84,68,48,28,12,0,0,0
13,15,50,54,64,76,81,84,86,82,77,68,73,87,90,90,96,91,83,71,56,26,14,12,11,0
13,13,35,53,61,67,75,76,78,76,72,64,66,73,76,77,83,85,79,67,54,12,8,10,0,0
11,12,36,51,60,66,74,76,77,72,69,63,62,66,72,74,80,82,79,65,54,13,10,0,7,0
9,7,19,50,58,66,75,74,73,69,63,60,60,64,67,74,76,79,79,64,50,9,7,0,0,0
8,5,13,21,54,59,69,68,70,65,60,55,54,58,62,68,73,74,74,64,32,0,0,0,0,0
0,0,8,13,51,57,69,68,67,65,59,55,54,58,61,65,71,75,81,67,40,0,0,0,0,0
10,8,31,31,54,65,85,78,73,66,62,58,57,61,63,67,71,81,116,89,56,14,0,0,0,6
8,10,28,34,55,74,112,84,72,67,61,58,56,60,62,64,68,72,94,77,54,17,10,0,6,0
0,7,13,28,51,65,101,72,63,60,57,52,52,55,54,55,58,62,64,54,25,13,0,0,0,0
0,0,11,23,31,51,63,62,57,51,46,43,38,38,43,49,53,57,55,50,14,8,0,0,0,0
0,8,12,11,21,27,53,56,60,55,51,27,11,51,40,50,54,56,54,47,10,7,0,0,0,0
0,9,13,9,14,23,53,54,56,54,51,41,23,50,52,45,54,56,55,42,6,0,0,0,0,0
0,7,8,9,10,14,50,52,54,53,50,11,13,32,50,20,51,54,51,25,0,0,0,0,0,0
0,5,10,6,10,10,43,51,54,52,50,0,13,29,39,14,51,53,50,13,8,0,0,0,0,0
0,7,7,5,11,9,16,33,50,42,9,0,7,14,13,11,26,42,33,12,5,5,0,0,0,0
0,6,6,0,0,9,9,13,37,28,11,0,5,12,16,11,10,37,27,12,5,0,0,0,0,0
0,0,0,5,5,0,9,20,30,28,12,0,11,14,17,14,9,32,25,12,7,0,4,0,0,0
44,86,435,382,130,107,120,95,89,89,92,79,83,90,98,110,121,155,119,74,62,58,52,19,13,23
23,61,118,124,116,96,82,80,76,69,63,62,69,77,82,81,80,82,72,65,47,37,9,6,6,0
14,63,70,82,110,90,63,63,54,51,64,67,75,78,78,73,71,70,65,56,12,9,9,0,0,6
12,38,42,57,68,14,10,14,54,64,70,70,80,81,74,71,68,62,58,52,20,8,0,0,0,0
11,15,51,29,58,7,13,58,77,86,88,84,83,98,100,79,71,70,56,52,19,7,0,0,0,6
12,15,53,51,57,56,72,81,92,94,88,80,86,106,117,90,75,96,61,54,36,13,7,0,0,0
7,10,15,19,58,59,85,94,99,100,105,101,100,104,107,96,75,80,64,52,45,10,6,0,0,0
0,0,23,44,50,62,94,86,95,105,107,101,98,108,106,101,78,69,63,55,41,11,9,0,0,0
0,0,32,50,52,58,92,85,97,111,108,102,108,110,104,100,79,73,62,55,23,14,7,0,0,0
11,0,42,45,57,67,86,96,101,102,111,108,113,110,104,89,81,74,64,53,14,12,0,0,0,0
0,0,27,36,55,60,72,78,86,93,100,95,105,102,93,75,69,67,60,50,10,11,0,0,0,0
7,0,29,30,52,58,64,65,73,78,85,91,90,87,76,71,66,61,55,36,8,8,0,0,0,0
0,0,20,38,32,53,63,63,68,72,77,78,82,78,72,67,66,62,53,20,0,9,0,0,0,0
0,0,10,9,12,29,52,60,67,74,80,77,74,76,71,67,56,52,40,8,0,0,0,0,0,0
7,0,37,35,45,53,61,65,69,74,78,77,79,79,88,77,77,71,64,52,10,19,6,0,0,0
0,0,52,51,55,59,67,70,78,85,95,92,89,92,86,81,79,73,68,58,27,32,7,0,0,0
0,6,52,54,57,59,70,72,77,87,92,93,91,93,87,87,82,79,71,60,47,35,8,0,0,0
10,11,54,55,59,62,71,75,79,91,122,97,97,94,94,93,90,90,76,64,53,27,11,0,0,9
13,14,54,56,60,66,75,76,83,82,93,96,86,91,100,94,93,91,87,66,55,40,6,0,0,0
12,14,54,58,63,70,82,84,89,87,95,95,88,106,99,94,94,94,86,71,61,29,10,7,7,9
14,32,53,60,67,76,86,89,91,88,89,82,81,104,95,97,101,100,93,77,67,67,52,39,25,35
11,13,50,57,65,71,87,87,89,87,81,75,80,105,91,98,99,96,91,73,56,25,11,6,0,6
18,16,36,50,58,69,82,82,92,87,79,72,74,95,88,103,96,93,84,68,48,27,11,0,0,0
13,15,50,55,64,76,81,84,87,83,77,69,73,88,90,91,96,92,83,72,56,25,14,12,10,0
13,13,35,53,61,68,75,77,78,75,72,64,67,74,76,78,83,86,79,67,54,12,8,10,0,0
11,12,36,51,60,66,74,77,76,73,69,63,61,67,71,74,80,82,79,65,54,12,9,0,7,0
9,7,21,50,58,66,75,75,72,69,63,60,60,64,67,74,76,79,78,64,50,9,6,0,0,0
8,0,14,19,54,60,69,68,70,65,60,54,55,59,62,68,73,75,74,64,26,0,0,0,0,0
0,0,8,13,51,57,70,68,69,65,60,55,54,58,61,65,71,75,81,67,34,0,0,0,0,0
10,7,29,35,54,65,85,78,73,66,62,58,58,61,63,67,71,81,116,90,55,14,0,0,0,6
8,10,30,38,55,74,111,83,72,67,62,59,57,60,62,65,68,71,94,77,54,15,9,0,6,0
0,6,13,28,51,65,101,72,63,60,56,52,52,55,54,56,58,62,64,54,27,13,0,0,0,0
0,0,11,22,29,52,63,63,57,52,46,43,43,38,44,50,53,57,55,50,13,8,0,0,0,0
0,7,12,11,23,29,53,56,60,55,51,32,12,52,43,51,54,56,54,47,9,7,0,0,0,0
0,8,13,10,14,27,53,55,56,54,51,38,25,50,52,45,54,56,54,42,6,0,0,0,0,0
0,7,9,9,11,13,50,52,54,54,50,11,13,32,50,22,52,54,51,25,0,0,0,0,0,0
0,5,10,6,10,11,43,51,54,53,50,0,13,29,41,14,51,52,50,12,7,0,0,0,0,0
0,7,7,6,11,9,16,33,45,43,9,0,8,14,14,11,27,45,35,11,0,4,0,0,0,0
0,6,6,0,0,10,9,13,37,30,11,0,5,12,19,11,10,35,27,12,5,0,0,0,0,0
0,0,0,4,5,0,9,20,31,26,13,0,11,14,16,13,9,29,23,12,7,0,0,0,0,0
43,87,436,381,131,108,120,95,89,89,93,79,83,90,98,110,121,154,119,74,62,58,52,19,13,23
25,61,119,125,115,96,82,80,76,68,64,62,69,77,82,82,80,82,72,65,47,35,9,6,7,6
14,63,70,82,109,89,63,62,54,51,64,67,75,77,78,73,70,70,65,55,12,9,9,0,0,5
12,38,43,57,68,14,10,14,54,64,70,70,80,81,75,71,68,62,57,52,20,8,0,0,0,0
11,16,51,31,58,7,14,57,77,86,88,84,84,98,100,80,71,70,57,52,17,8,0,0,0,6
12,16,53,52,57,56,72,81,92,94,87,80,87,105,117,91,75,96,62,54,33,13,7,0,0,0
0,10,19,17,57,58,84,93,98,100,105,101,100,104,106,97,76,80,63,51,42,10,6,0,0,0
0,0,25,47,51,63,94,85,95,104,107,101,97,108,106,102,78,69,63,55,38,10,9,0,0,0
0,0,30,50,53,58,91,84,97,111,108,102,108,110,104,100,80,73,62,54,21,14,7,0,0,0
11,0,45,47,56,67,85,95,100,101,110,108,113,110,104,90,81,73,64,53,15,12,0,0,0,0
0,0,23,38,55,60,72,77,85,92,100,95,105,102,92,75,69,67,60,46,10,11,0,0,0,0
6,0,29,30,52,58,63,64,72,78,85,90,91,87,76,71,66,61,55,33,8,8,0,0,0,0
0,0,21,38,35,53,63,63,68,72,76,78,82,77,71,67,66,62,54,15,0,10,0,0,0,0
0,0,11,9,11,27,52,61,66,74,80,77,74,76,71,67,57,52,41,8,0,0,0,0,0,0
7,0,41,37,46,53,61,65,68,74,78,77,80,80,89,78,77,71,64,52,10,19,5,0,0,0
0,0,52,50,55,59,67,70,78,85,95,93,89,93,86,81,80,73,69,58,25,32,6,0,0,0
0,6,52,53,57,60,70,72,77,87,92,93,91,93,87,88,82,79,72,60,47,32,9,0,0,0
10,11,54,55,59,62,71,75,79,91,122,97,96,94,94,92,90,91,77,65,52,25,11,0,0,9
13,15,54,57,60,67,75,76,83,82,93,96,86,91,100,94,93,91,87,66,55,39,6,0,0,0
12,15,54,57,62,70,82,84,88,87,95,96,88,106,99,94,95,94,87,71,61,29,10,7,7,9
14,35,53,60,67,76,86,90,91,89,89,82,81,104,95,97,102,100,94,77,67,67,52,42,26,33
11,13,50,57,66,71,87,87,89,87,81,75,80,104,91,98,98,96,91,72,56,26,11,6,0,6
19,16,36,50,58,69,82,82,91,87,79,72,74,94,87,103,96,93,84,68,50,27,11,0,0,0
14,15,51,55,64,76,81,84,87,83,76,68,73,87,90,91,96,91,83,72,55,25,14,13,10,0
13,13,37,53,61,68,75,77,78,75,72,64,67,74,76,78,84,85,79,67,54,12,8,9,0,0
11,13,36,51,60,66,74,77,75,73,70,63,62,66,71,74,80,82,79,65,53,12,10,5,7,0
9,8,21,50,58,66,75,75,72,69,63,59,61,64,68,74,76,79,78,64,47,9,6,0,0,0
8,5,14,19,53,60,68,69,70,65,60,54,56,59,61,68,73,74,73,64,25,0,0,0,0,0
0,0,9,13,51,57,70,68,69,64,60,54,54,57,60,65,71,75,81,68,34,0,0,0,0,0
10,8,29,37,55,65,85,78,73,65,62,58,58,61,63,67,71,81,116,90,55,14,0,0,0,6
9,11,32,43,55,74,112,83,72,67,62,58,57,60,62,65,68,72,94,77,54,14,9,6,0,0
0,7,12,29,51,65,100,72,63,60,56,52,52,55,54,56,58,62,63,54,26,12,0,0,0,0
0,0,11,22,30,52,63,62,57,51,47,43,43,38,44,50,53,57,55,50,13,8,0,0,0,0
0,7,12,11,25,27,53,56,60,54,51,32,12,52,43,51,54,56,54,44,9,7,0,0,0,0
0,9,13,10,13,25,53,54,56,54,51,41,25,50,52,47,54,56,54,37,6,0,0,0,0,0
0,7,9,9,11,13,50,52,54,53,50,11,13,35,50,25,52,54,51,23,0,0,0,0,0,0
0,5,10,6,10,11,40,51,55,53,50,0,13,29,41,14,51,51,50,12,7,0,0,0,0,0
0,7,7,5,11,9,16,31,46,40,9,0,8,14,14,11,29,45,35,11,0,4,0,0,0,0
0,6,6,0,0,10,9,13,37,28,12,0,6,12,17,11,11,34,27,12,5,0,0,0,0,0
0,0,0,4,5,0,9,17,32,26,13,0,11,14,16,14,9,29,23,12,6,0,0,0,0,0
43,87,436,380,131,107,120,94,88,89,93,79,83,90,98,110,122,153,118,74,61,57,52,23,13,23
23,62,118,125,115,95,82,79,75,68,64,62,69,77,82,81,80,81,72,65,47,30,9,6,6,6
14,63,70,82,108,89,63,62,54,52,64,67,75,77,78,73,70,69,66,55,13,9,9,0,0,0
12,39,42,57,68,14,10,14,54,64,70,70,80,81,75,71,68,61,58,52,20,8,0,0,0,0
11,16,51,31,58,7,14,58,77,86,88,84,84,98,100,79,71,70,57,52,15,7,0,0,0,6
12,16,53,52,57,56,71,81,92,95,87,81,87,106,117,91,75,96,62,53,33,13,7,0,0,0
0,10,19,15,57,58,84,93,98,101,105,101,101,104,107,96,75,80,64,52,40,10,6,0,0,0
0,0,27,47,52,63,94,85,94,105,108,101,98,108,106,102,79,69,63,55,38,10,9,0,0,0
0,0,32,47,53,58,92,85,97,112,109,102,108,110,104,100,80,73,62,54,21,14,7,0,0,0
11,0,42,47,56,68,84,97,100,101,111,108,113,110,104,91,81,73,63,53,14,12,0,0,0,0
0,0,21,41,55,60,72,78,86,93,100,96,105,102,93,75,69,66,60,46,9,10,0,0,0,0
0,0,29,32,52,58,63,64,72,79,85,90,90,87,76,71,66,61,56,33,8,8,0,0,0,0
0,0,21,38,32,53,62,63,68,72,76,78,81,78,72,67,66,63,54,15,0,11,0,0,0,0
0,0,11,9,11,26,51,61,67,74,80,77,75,76,71,67,57,52,38,7,0,0,0,0,0,0
7,0,39,41,45,53,61,65,68,74,78,77,80,79,89,77,77,71,64,52,10,19,6,0,0,0
0,0,52,50,54,59,67,70,78,85,95,93,90,93,86,81,80,73,68,58,25,30,6,0,0,0
0,6,52,53,57,59,70,72,77,86,92,93,92,93,88,88,82,79,72,61,45,32,9,0,0,0
10,11,54,56,59,62,70,75,79,91,122,97,97,94,94,92,90,91,76,65,52,23,11,0,0,9
13,15,54,56,60,67,75,76,83,82,93,96,86,91,100,94,93,90,87,66,55,39,7,0,0,0
12,15,54,58,62,70,82,84,88,87,95,96,88,106,99,94,94,94,86,71,61,27,10,7,7,9
14,36,53,60,67,75,86,89,91,89,89,82,81,105,96,97,102,100,94,76,67,67,52,42,28,33
11,13,50,57,65,71,86,87,89,87,81,75,80,104,90,99,98,96,91,73,56,23,11,6,0,6
18,17,36,50,58,69,82,82,91,87,79,72,74,94,87,103,97,93,84,68,50,27,11,0,0,0
14,15,51,55,64,75,81,84,88,83,77,69,73,87,90,91,96,91,83,72,55,23,14,13,10,0
13,13,33,53,61,67,75,76,78,75,72,64,66,74,76,78,84,85,79,67,54,12,8,10,0,0
11,13,35,51,60,66,74,77,76,73,70,63,62,67,72,74,80,82,79,65,53,12,10,5,7,0
9,8,21,50,58,66,74,75,72,69,64,59,61,64,67,75,76,79,78,64,50,9,6,0,0,0
8,6,14,21,54,60,68,69,70,65,60,55,56,59,61,68,73,74,74,64,23,0,0,0,0,0
0,0,9,13,51,57,69,68,69,65,60,55,54,58,61,65,71,75,81,67,31,0,0,0,0,0
10,8,25,35,54,65,85,78,73,66,62,58,58,61,64,67,71,81,116,90,55,14,0,0,0,6
9,10,28,43,55,74,111,83,72,67,62,58,57,60,62,65,68,71,94,77,53,14,9,6,0,0
0,7,12,31,51,65,100,72,63,60,56,52,53,55,55,57,58,62,64,54,26,12,0,0,0,0
0,0,11,22,29,52,62,62,57,51,47,43,42,38,44,50,53,57,56,50,13,8,0,0,0,0
0,7,12,11,21,27,53,56,60,55,51,32,12,52,43,51,54,56,54,47,8,7,0,0,0,0
0,9,13,9,14,23,53,55,55,54,51,38,25,50,52,45,54,56,54,40,6,0,0,0,0,0
0,6,9,10,11,13,50,52,53,54,50,11,13,32,50,25,52,54,52,23,0,0,0,0,0,0
0,6,10,6,10,11,36,51,55,53,50,0,14,27,45,15,51,51,50,12,7,0,0,0,0,0
0,7,7,6,11,8,16,33,46,40,9,0,8,14,14,11,27,47,35,11,0,4,0,0,0,0
0,6,6,0,0,10,8,13,37,32,12,0,6,12,17,11,11,35,29,12,5,0,0,0,0,0
0,0,0,4,6,0,8,20,32,26,13,0,11,14,17,14,9,29,25,11,6,0,0,0,4,0
42,87,436,378,131,107,119,94,87,89,93,79,83,89,98,109,121,153,118,74,61,58,52,22,14,27
23,61,118,125,114,95,82,79,74,68,64,62,69,77,82,81,80,82,72,65,50,30,9,6,7,7
14,63,70,82,108,88,63,62,54,51,64,67,75,77,78,73,70,69,65,55,13,9,9,0,0,0
12,38,42,56,67,14,10,14,53,64,70,70,80,81,75,70,68,62,57,52,20,9,0,0,0,0
11,15,51,31,58,7,14,58,77,86,88,84,83,98,101,79,72,70,57,52,17,7,0,0,0,6
12,16,53,51,57,56,72,81,92,95,88,81,88,106,118,90,75,96,62,54,30,13,8,0,0,6
0,10,21,19,57,59,85,93,98,101,106,102,101,104,107,96,75,80,64,51,40,10,6,0,0,0
0,0,25,47,51,63,94,85,95,105,108,102,98,107,107,101,79,69,62,55,38,10,9,0,0,0
0,0,30,44,52,59,92,85,98,111,110,103,108,110,104,100,79,73,62,53,19,14,7,0,0,0
11,0,40,45,55,68,85,96,100,101,111,108,113,110,104,90,81,73,63,54,15,12,0,0,0,0
0,0,17,41,55,60,72,77,86,93,100,96,105,102,93,75,69,66,60,50,10,10,0,0,0,0
0,0,29,27,52,58,63,64,72,78,85,91,90,87,76,71,66,61,56,36,8,8,0,0,0,0
0,0,20,31,32,54,62,63,68,72,76,78,82,78,72,67,66,63,54,14,0,11,0,0,0,0
0,0,11,8,11,26,51,61,66,74,80,78,75,76,72,66,56,52,40,7,0,0,0,0,0,0
7,0,39,39,45,53,61,65,68,74,78,77,80,80,89,77,77,72,64,52,10,21,0,0,0,0
0,0,51,50,54,59,67,69,77,85,95,93,90,92,86,81,81,73,69,58,25,30,6,0,0,0
0,7,52,53,57,59,69,72,77,86,92,93,91,93,87,87,81,78,72,60,45,32,9,0,0,0
10,11,54,55,58,62,71,75,79,91,121,96,96,94,94,92,90,91,76,64,52,23,11,0,0,9
13,15,54,56,60,67,75,76,82,82,93,96,86,90,100,94,92,90,87,65,56,39,7,0,0,0
11,15,54,58,62,69,82,83,88,87,94,96,88,105,99,94,94,94,86,71,61,27,10,7,7,9
14,38,53,59,67,75,86,89,91,88,89,82,80,105,95,97,102,100,95,76,67,68,53,42,28,36
11,13,51,57,65,71,86,87,88,87,80,75,80,104,91,98,98,96,91,73,56,25,11,6,0,6
19,15,36,50,58,69,82,82,91,87,78,72,74,95,87,102,97,92,84,68,49,28,11,8,0,0
14,15,51,55,64,75,81,84,87,83,76,69,73,87,91,90,96,90,83,71,56,25,14,12,10,0
13,13,33,53,61,67,75,76,78,76,72,65,66,73,77,78,83,85,78,67,54,12,9,9,0,0
11,12,36,51,60,66,74,77,75,73,70,63,62,67,72,74,80,82,79,65,53,12,10,5,7,6
9,8,19,50,58,66,75,74,72,69,64,59,60,64,67,74,76,79,78,64,50,10,7,0,0,0
8,6,14,19,53,60,68,69,69,65,60,55,56,59,61,68,73,74,74,64,28,0,0,0,0,0
0,0,8,13,51,57,69,68,68,65,60,55,54,57,61,64,71,75,81,67,43,0,0,0,0,0
10,8,25,33,54,65,85,78,73,66,61,58,58,61,64,67,71,81,116,90,54,14,0,0,0,6
9,10,28,40,55,74,111,83,72,67,62,59,57,60,62,65,68,71,94,77,53,14,9,6,0,0
0,7,12,29,51,65,100,72,63,60,56,52,53,55,55,56,58,62,63,54,26,13,0,0,0,0
0,0,10,22,29,52,62,62,57,51,47,43,42,36,44,49,53,57,56,51,13,8,0,0,0,0
0,7,12,11,20,29,53,56,59,55,51,30,12,52,43,51,54,56,54,47,9,7,0,0,0,0
0,9,13,9,13,23,53,54,55,54,51,38,25,50,52,42,54,56,54,37,6,0,0,0,0,0
0,7,9,10,11,13,50,52,54,54,50,11,13,32,51,20,52,54,52,20,0,0,0,0,0,0
0,6,10,6,10,11,36,51,54,53,50,0,13,25,45,15,51,51,50,12,7,0,0,0,0,0
0,7,7,6,11,9,16,33,48,42,10,0,8,14,14,11,26,47,35,11,5,4,0,0,0,0
0,6,6,0,0,10,8,13,35,30,12,0,6,13,16,11,10,35,29,12,5,0,0,0,0,0
0,0,0,5,5,0,9,19,31,26,12,0,11,14,17,14,9,29,23,11,7,0,4,0,4,0
41,86,435,376,131,107,119,94,88,88,93,80,83,90,99,109,121,153,118,74,61,58,53,22,13,31
23,62,117,125,114,94,82,79,74,68,64,62,69,77,82,80,80,82,71,65,50,27,10,6,7,6
14,63,69,82,107,88,63,62,54,52,64,67,74,77,78,73,71,69,65,55,13,8,9,0,0,0
12,38,41,56,67,14,10,14,54,64,70,70,80,81,75,70,68,62,57,52,15,8,0,0,0,0
11,15,51,29,58,7,13,58,77,86,88,84,83,98,101,79,72,70,57,52,15,6,0,0,0,6
11,16,53,51,57,56,72,80,92,95,87,81,88,106,119,89,76,97,61,54,30,13,8,0,0,7
0,10,19,17,57,58,85,93,99,101,106,101,100,104,107,95,75,79,63,51,40,10,6,0,0,0
0,0,21,47,51,63,94,85,96,105,108,102,97,107,107,101,79,69,63,56,36,10,9,0,0,0
0,0,30,41,52,58,93,85,97,111,110,103,108,110,105,100,79,73,61,54,17,13,8,0,0,0
10,0,42,42,56,68,85,96,100,101,110,108,112,110,104,89,81,72,63,54,15,12,0,0,0,0
0,0,17,38,54,60,72,77,86,93,100,97,105,102,93,74,69,66,59,46,10,10,0,0,0,0
0,0,27,27,52,57,63,64,71,78,85,92,90,87,77,70,66,61,56,30,9,8,0,0,0,0
0,0,18,31,30,53,62,62,69,72,76,78,82,77,72,67,66,63,55,14,0,11,0,0,0,0
0,0,10,7,11,25,51,60,66,73,79,78,75,76,72,66,57,52,37,7,0,0,0,0,0,0
7,0,39,37,41,53,61,65,67,74,78,77,80,80,90,77,77,71,63,52,10,21,6,0,0,0
0,0,51,51,53,59,67,69,77,85,96,92,90,92,86,81,81,73,69,58,27,27,6,0,0,0
0,7,52,52,56,59,70,72,76,86,92,93,91,94,87,87,82,78,72,61,42,30,9,0,0,0
10,11,54,55,58,61,71,75,78,91,121,97,97,94,95,92,91,90,76,64,52,21,11,0,0,9
13,14,54,56,60,66,75,76,82,82,93,97,86,90,101,94,93,91,87,66,55,39,8,0,0,0
11,15,54,58,62,69,82,83,88,86,94,95,89,107,100,94,94,94,86,71,61,25,10,7,7,9
14,38,53,59,66,75,86,89,91,88,89,82,80,106,96,97,102,100,94,77,67,67,53,41,26,35
11,13,51,57,64,71,86,87,88,87,80,75,80,103,91,98,98,96,91,73,56,23,11,6,0,7
18,15,36,50,58,68,82,82,91,87,79,72,74,94,88,102,97,92,84,68,49,28,12,8,0,0
14,14,51,55,64,75,81,84,87,82,76,68,73,87,91,90,96,91,84,72,56,25,15,12,10,0
13,13,33,52,61,67,75,76,77,76,72,65,66,74,77,78,83,85,79,67,54,12,9,9,0,0
11,12,35,51,60,66,74,76,76,73,69,63,62,67,72,74,80,82,79,65,53,12,11,5,7,6
9,8,17,50,58,65,75,74,72,69,64,59,60,64,68,75,76,79,78,64,50,10,7,0,0,0
8,6,13,19,53,59,68,69,69,64,60,55,56,58,61,68,73,74,74,64,28,0,0,0,0,0
0,0,8,13,51,57,69,67,68,65,60,55,55,58,61,64,71,75,81,67,40,0,0,0,0,0
10,8,25,33,54,65,85,78,73,66,62,58,58,62,64,67,71,81,115,90,54,13,0,0,0,7
9,10,25,40,55,74,112,83,72,67,62,58,56,60,62,64,68,71,94,77,53,14,10,6,0,0
0,7,12,26,51,64,100,71,63,60,57,52,53,55,55,56,58,62,64,54,26,12,0,0,0,0
0,0,10,22,29,51,62,62,57,51,46,43,41,37,44,49,53,57,55,51,13,7,0,0,0,0
0,7,12,11,20,22,53,56,59,54,51,30,13,51,45,50,54,56,54,50,9,7,0,0,0,0
0,9,13,9,13,21,53,54,55,54,50,38,25,50,52,45,54,56,54,40,6,0,0,0,0,0
0,7,9,9,11,13,50,52,54,53,50,11,13,35,51,14,52,54,52,20,0,0,0,0,0,0
0,6,10,6,10,11,36,51,54,53,50,0,13,25,45,14,51,51,50,13,7,0,0,0,0,0
0,7,6,6,11,8,16,31,50,42,10,0,8,14,14,11,26,44,35,11,5,4,0,0,0,0
0,6,6,0,0,10,8,13,35,32,12,0,6,13,16,11,10,34,27,11,5,0,0,0,0,0
0,0,0,4,6,0,9,17,28,26,13,0,11,14,20,14,10,29,23,12,7,0,4,0,0,0
