8,14,61,78,50,47,57,62,72,94,104,112,134,129,124,138,128,122,88,66,60,54,50,11,13,12
11,13,50,53,58,60,68,69,80,93,92,106,137,138,121,143,131,113,85,70,60,54,47,27,12,11
6,14,38,42,63,57,44,64,74,87,106,125,142,123,128,143,133,128,93,75,62,56,52,32,25,15
14,14,22,17,13,14,11,52,90,110,109,103,115,121,137,144,130,120,91,77,60,55,51,21,12,12
30,15,12,14,7,0,11,65,108,122,103,87,84,117,146,143,127,113,91,72,60,56,46,21,0,12
0,0,0,0,0,10,54,72,109,113,82,68,79,122,142,143,132,120,99,74,60,53,50,9,0,10
0,0,11,7,8,44,58,76,128,100,85,81,86,121,139,142,136,122,106,75,62,55,50,12,7,10
0,0,0,0,0,13,43,57,79,82,75,77,89,120,135,142,134,119,109,79,62,55,40,14,0,0
8,0,0,0,8,11,17,57,68,86,75,78,95,114,125,133,132,117,106,77,62,55,47,15,8,0
7,9,9,8,6,10,13,55,68,69,73,88,102,109,118,123,119,107,106,79,61,53,34,13,11,7
0,7,7,8,10,0,8,27,61,62,65,80,97,101,110,108,108,99,100,77,63,51,14,10,10,0
0,6,9,9,6,7,0,20,55,56,63,75,86,93,92,99,96,91,93,71,60,50,11,0,0,7
0,0,9,7,0,0,0,14,50,54,57,69,78,78,85,94,88,91,89,75,62,50,19,9,10,7
0,0,0,0,0,0,0,6,35,50,54,58,68,71,83,99,113,109,101,84,66,50,11,0,0,0
7,9,11,11,11,11,13,12,54,60,66,72,78,85,116,139,157,162,134,112,87,65,52,31,23,14
10,11,16,11,0,9,17,50,62,66,73,80,87,108,139,139,157,150,132,111,93,69,55,47,40,14
13,17,20,12,12,16,52,53,63,73,76,82,92,112,147,158,156,150,138,117,91,73,61,53,38,17
12,12,15,10,11,20,52,53,59,73,78,85,102,138,145,174,170,171,144,114,90,73,63,54,50,25
14,12,19,16,23,52,57,56,70,75,80,98,119,140,160,179,179,170,142,110,89,73,62,53,51,31
17,16,28,37,44,52,56,62,80,82,91,112,128,148,162,163,172,143,117,101,87,69,58,55,52,52
21,33,30,46,50,56,61,65,77,86,95,110,134,157,139,148,146,132,119,94,86,95,74,67,62,58
11,14,19,30,51,54,61,61,75,85,93,112,123,155,128,137,124,110,95,83,71,63,56,44,25,20
12,18,22,25,30,38,55,57,76,86,100,121,120,158,124,137,112,95,83,67,57,51,44,34,31,31
10,14,15,11,23,44,52,58,75,82,89,96,108,124,113,102,99,82,74,65,58,53,50,17,28,13
10,0,5,7,11,13,50,57,71,75,81,85,84,90,89,86,81,77,67,60,54,51,25,13,13,0
0,7,0,0,7,13,50,57,69,72,75,79,83,80,81,77,73,71,64,57,51,47,17,13,10,8
7,7,0,0,0,0,39,57,66,66,69,70,73,72,74,71,68,62,61,53,43,21,12,9,0,5
0,0,0,8,0,10,41,55,62,62,63,65,65,66,67,67,62,58,55,52,26,12,9,7,0,0
0,0,0,0,0,7,50,55,63,61,59,66,59,63,66,64,62,57,55,39,20,10,8,6,0,0
0,0,0,0,7,9,30,56,67,66,62,67,62,64,66,64,62,57,56,53,12,12,9,7,6,0
0,5,0,0,0,8,14,54,68,68,68,73,64,62,64,63,60,56,55,40,10,10,9,6,6,6
0,0,0,0,0,6,11,37,58,69,76,77,67,64,63,59,55,50,42,31,12,10,0,6,0,0
0,0,0,0,0,0,12,14,37,60,69,80,78,68,65,61,58,56,54,50,28,14,9,0,0,0
0,0,0,0,0,0,10,9,47,54,65,76,77,73,68,62,60,54,55,51,19,13,10,0,0,0
0,0,0,0,0,6,8,0,32,17,54,65,71,67,65,60,58,53,50,25,13,10,9,5,0,0
0,0,0,0,0,0,8,9,14,10,50,55,63,66,65,60,57,53,47,21,10,8,7,0,0,0
0,0,0,0,5,6,0,0,10,11,30,27,55,58,62,60,56,50,50,12,6,0,0,0,0,0
0,0,0,0,0,0,0,0,9,11,14,13,50,54,58,57,55,48,35,12,8,7,6,0,0,0
0,0,0,0,0,0,0,0,12,11,8,13,45,48,56,57,56,51,33,11,9,0,0,5,5,0
0,0,0,0,0,0,0,0,5,10,0,13,38,50,53,55,62,62,42,15,11,8,7,0,4,0
8,14,61,77,48,47,58,61,72,94,104,112,134,128,124,138,128,122,88,66,59,54,50,11,13,13
11,13,50,53,58,60,68,69,80,93,92,106,136,137,121,144,131,114,85,69,59,54,47,25,12,11
7,14,38,45,62,57,44,63,74,87,106,125,142,123,129,145,134,128,93,74,62,55,52,37,25,14
14,14,22,22,13,13,12,52,90,110,109,102,115,123,139,146,132,121,92,77,60,55,50,23,12,12
26,15,11,15,7,0,11,65,109,123,104,87,84,118,148,145,128,114,91,72,60,56,48,20,0,12
0,0,0,0,0,10,54,72,110,114,83,68,81,125,144,144,132,121,100,74,60,53,50,9,0,10
0,0,11,7,8,41,57,75,127,100,85,81,86,123,140,142,137,123,106,75,62,55,51,12,7,10
0,0,0,0,0,13,43,56,78,82,75,78,90,120,135,143,134,119,109,79,61,54,40,14,0,0
7,0,0,0,8,10,17,57,69,86,75,78,96,115,125,134,133,117,106,77,62,54,50,17,8,0
7,9,9,8,6,10,13,56,67,69,73,88,102,110,117,123,119,107,105,79,60,53,31,13,11,7
0,7,7,9,10,0,8,27,61,62,64,81,98,102,110,108,107,98,100,75,62,51,14,11,9,0
0,0,9,10,7,6,0,17,55,56,63,76,87,93,93,99,95,90,92,70,60,50,11,0,0,7
0,0,9,7,8,0,0,14,50,54,57,70,78,78,85,94,88,91,88,74,61,51,21,9,10,7
0,0,0,0,0,0,0,6,35,50,55,59,69,71,82,97,111,108,99,83,65,50,11,0,0,0
7,9,11,11,11,11,13,12,54,60,65,72,78,84,116,138,156,159,132,110,86,66,52,33,23,14
10,11,18,11,0,9,17,50,62,66,73,80,87,109,138,138,155,148,130,109,91,69,56,47,40,14
13,17,20,13,12,16,52,53,62,73,75,82,92,112,146,154,156,148,135,114,90,73,61,53,40,17
12,12,14,10,11,21,52,52,59,72,78,86,102,138,145,171,168,165,140,111,89,73,63,54,50,25
15,13,20,18,21,52,57,56,70,75,80,99,119,139,160,176,175,165,138,108,87,72,62,53,51,33
17,15,28,37,44,52,56,61,79,82,91,112,129,149,161,162,170,140,115,100,86,69,59,55,52,52
20,33,28,50,50,56,60,64,77,87,95,110,135,157,139,146,144,131,118,94,85,95,74,67,62,58
11,14,19,31,51,54,60,60,75,85,93,112,123,156,128,136,122,109,95,82,70,62,56,44,25,18
13,18,22,25,29,37,55,57,76,86,100,121,121,157,124,135,111,94,82,67,57,51,44,34,32,31
10,14,14,11,21,45,52,58,74,82,89,96,109,124,112,101,98,82,74,64,58,53,50,20,28,13
9,0,5,7,11,13,47,57,71,74,81,85,84,90,89,86,81,76,67,60,54,50,25,13,13,0
0,7,0,0,8,12,47,57,68,72,75,79,83,80,80,77,73,71,64,57,51,45,17,14,10,8
7,7,0,0,0,0,37,57,66,67,69,70,74,73,75,71,68,62,61,52,39,19,12,9,0,0
0,0,0,8,0,10,39,55,62,62,64,66,65,66,67,67,61,58,55,51,23,11,9,7,0,0
0,0,0,0,0,7,50,55,63,61,60,66,60,63,66,64,61,57,55,37,18,10,8,6,0,0
0,0,0,0,7,9,30,55,68,66,63,67,63,64,66,64,62,56,56,53,12,11,9,7,6,0
0,0,0,0,0,8,14,53,68,70,68,73,65,62,64,63,59,56,54,35,10,9,10,6,6,6
0,0,0,0,0,6,11,35,57,70,76,78,68,64,64,60,55,50,41,30,12,10,0,6,0,0
0,0,0,0,0,0,12,14,37,61,71,81,79,68,65,61,58,56,53,50,29,13,9,0,0,0
0,0,0,0,0,0,10,9,50,55,67,78,78,73,67,62,60,54,54,51,17,12,10,0,0,0
0,0,0,0,0,6,8,0,35,23,54,67,73,68,66,60,58,52,50,25,13,10,9,6,0,0
0,0,0,0,0,0,8,9,17,11,51,56,65,68,66,60,57,53,43,20,10,8,7,0,0,0
0,0,0,0,5,6,0,0,11,12,32,36,55,59,63,60,57,50,48,12,6,0,0,0,0,0
0,0,0,0,0,0,0,0,9,11,16,14,50,55,59,57,55,50,35,13,8,7,6,4,0,0
0,0,0,0,0,0,0,0,11,11,8,14,45,50,56,58,56,51,33,11,10,0,0,5,5,0
0,0,0,0,0,0,0,0,0,10,0,14,41,50,54,56,65,63,41,15,11,7,7,0,4,0
7,14,61,78,50,43,58,61,72,94,105,112,133,129,123,138,128,122,89,66,59,53,50,11,13,13
11,13,48,53,57,60,69,69,80,93,93,105,137,138,121,145,131,115,86,69,59,54,47,23,12,11
7,14,38,45,62,56,44,63,73,87,106,124,141,124,129,143,133,128,94,74,62,55,52,37,25,14
14,14,25,22,14,13,11,52,90,110,110,102,114,125,139,146,132,121,93,78,60,55,50,27,12,11
25,15,12,16,7,0,11,66,109,123,105,87,84,119,148,145,129,114,92,72,60,55,46,21,0,12
0,0,0,0,0,9,54,72,109,115,83,68,81,126,144,144,132,122,100,74,61,53,50,9,0,10
0,0,11,7,9,41,58,76,127,100,85,81,86,124,141,142,137,123,108,75,62,55,51,12,7,10
0,0,0,0,0,13,43,57,77,82,75,77,90,121,135,144,134,120,110,79,61,54,40,14,0,0
8,0,0,0,8,11,17,58,69,86,74,77,97,115,125,134,133,117,107,77,62,54,47,14,8,0
7,9,9,8,6,10,13,56,67,69,73,88,103,110,117,122,120,107,106,78,61,53,28,13,11,7
0,7,7,9,10,0,8,25,60,62,64,81,98,102,109,107,107,99,101,76,63,51,14,11,9,0
0,0,9,10,7,6,0,17,54,56,63,76,86,94,93,99,95,91,92,70,60,50,11,0,0,7
0,0,8,0,7,0,0,14,50,54,58,70,78,79,86,93,88,91,88,75,62,51,23,9,9,7
0,0,0,0,0,0,0,6,34,50,56,59,69,72,82,97,111,108,99,83,65,45,11,0,0,0
7,10,11,11,11,11,13,12,54,60,66,72,78,85,116,137,156,160,132,110,86,65,52,33,25,14
10,11,18,11,0,9,15,50,62,66,73,80,87,109,138,138,154,148,130,109,91,69,56,47,40,14
13,17,18,13,12,16,52,53,62,74,75,82,91,112,146,155,156,149,136,114,90,72,61,53,38,15
12,12,14,10,11,20,52,52,59,73,78,86,102,139,144,170,167,167,140,112,89,72,63,54,50,25
15,13,20,18,23,52,57,56,70,76,81,100,119,139,160,176,174,166,137,109,87,72,62,52,51,31
15,15,28,39,42,52,57,61,79,82,92,111,129,152,159,162,169,141,116,99,86,69,59,55,52,52
18,33,28,50,51,56,60,64,77,87,95,110,136,159,138,146,144,131,119,94,85,95,74,66,62,57
11,14,17,33,51,54,60,60,75,85,94,112,123,158,127,136,122,110,95,82,70,62,56,44,26,16
12,18,22,25,29,37,55,57,75,87,100,121,122,159,123,135,111,94,83,67,57,50,44,33,32,31
10,14,14,11,18,44,52,58,74,82,89,96,109,126,111,101,98,82,74,64,58,53,50,22,27,12
9,0,0,7,11,13,47,57,70,74,81,85,85,91,89,85,81,76,67,60,54,50,29,13,13,0
0,6,0,0,8,12,45,57,68,72,75,79,83,81,80,77,73,71,65,57,51,43,17,13,10,8
7,6,0,0,0,0,37,57,66,67,69,70,75,74,74,71,68,62,62,52,41,17,12,10,0,0
0,0,0,8,0,10,41,55,62,62,63,66,65,67,67,66,61,59,55,51,25,10,9,8,0,0
0,0,0,0,0,7,50,55,63,62,60,66,59,63,66,64,61,57,56,37,21,9,8,6,0,0
0,0,0,0,0,9,30,56,67,66,63,67,63,64,66,64,62,56,56,52,12,11,9,7,6,0
0,5,0,0,0,8,14,53,68,70,69,74,65,63,64,63,60,56,55,35,10,9,10,7,6,6
0,0,0,5,0,6,11,35,58,71,76,78,68,65,64,60,55,50,44,31,12,9,0,6,0,0
0,0,0,0,0,0,12,14,37,61,71,81,79,68,65,62,59,56,54,50,31,13,9,0,0,0
0,0,0,0,0,0,10,9,50,55,67,78,78,74,67,62,60,54,54,51,21,13,10,0,0,0
0,0,0,0,0,6,9,0,37,27,54,67,73,69,66,60,57,53,51,27,14,10,9,6,0,0
0,0,0,0,0,0,8,9,17,11,51,56,65,68,66,61,58,54,50,25,10,8,7,0,0,0
0,0,0,0,5,6,0,0,10,12,32,36,56,60,63,60,57,50,50,13,6,0,0,0,0,0
0,0,0,0,0,0,0,0,10,11,16,14,50,56,59,57,55,50,38,13,8,6,6,4,0,0
0,0,0,0,0,0,0,0,11,11,9,14,46,50,57,58,56,51,36,11,10,0,0,5,5,0
0,0,0,0,0,0,0,0,0,10,0,14,43,51,53,56,65,64,44,14,11,7,7,0,4,0
7,13,61,78,48,43,58,61,72,94,106,112,133,129,123,138,128,122,89,66,59,54,47,11,13,13
11,13,47,53,57,59,69,69,80,93,93,105,136,137,120,146,131,115,86,69,58,54,47,20,12,10
7,14,36,50,62,56,41,63,74,87,107,124,141,125,129,143,133,128,93,74,62,55,51,40,23,13
14,14,25,20,14,13,11,52,91,109,110,103,115,125,139,145,132,121,93,78,60,55,50,27,13,11
26,16,12,16,7,0,11,66,109,124,105,88,84,119,148,145,128,114,92,73,60,55,44,18,0,12
0,0,0,0,0,9,54,72,109,115,84,69,81,126,145,144,133,122,99,74,61,53,50,9,0,9
0,0,10,8,9,38,58,76,128,100,85,81,85,124,140,142,138,123,108,75,62,55,51,11,7,9
0,0,0,0,0,13,46,56,77,81,75,77,91,122,135,144,134,120,110,80,61,54,40,14,0,0
8,0,0,0,8,10,17,57,69,84,76,77,97,116,125,134,133,117,108,77,62,54,47,14,8,0
7,9,9,8,6,10,13,55,67,69,74,88,102,111,117,122,120,107,105,79,60,53,28,13,11,7
0,8,8,9,9,0,8,27,60,61,65,81,97,102,109,108,108,100,100,76,63,51,14,11,10,0
0,6,9,10,7,6,0,15,54,56,63,76,86,94,92,98,96,91,92,71,60,50,11,0,7,7
0,0,8,7,7,0,0,14,50,53,58,70,78,79,85,94,88,91,87,75,62,51,23,9,10,7
0,0,0,0,0,0,0,0,36,50,56,60,69,72,81,98,111,108,99,83,65,45,11,0,0,0
7,10,11,11,11,11,13,12,55,59,67,72,78,85,116,137,156,159,132,110,86,65,52,33,26,14
10,11,20,11,0,8,15,50,62,66,74,80,86,109,138,138,153,147,130,109,91,69,56,45,40,14
12,19,18,13,12,16,52,53,62,74,76,82,90,113,146,156,157,149,136,114,90,72,61,52,40,16
12,12,14,11,11,16,52,51,60,73,78,86,102,139,143,171,168,166,140,112,89,72,63,54,50,22
15,13,17,18,20,52,57,56,70,76,82,100,119,138,160,176,175,165,137,109,87,72,62,52,51,31
15,16,28,41,44,52,56,61,79,82,92,111,129,152,158,161,171,141,116,100,87,69,59,55,52,51
21,35,28,50,50,56,60,64,77,87,95,111,135,160,138,146,145,131,119,94,85,95,74,67,62,58
10,14,19,33,51,54,60,60,75,85,94,112,123,157,126,136,122,110,95,83,70,62,56,44,26,15
12,17,22,27,28,37,55,57,75,87,101,121,122,159,124,135,111,95,83,67,56,51,44,32,32,31
11,14,14,11,18,42,52,57,74,82,89,96,109,126,111,101,98,82,74,64,58,53,50,23,27,13
9,0,0,6,11,12,43,57,70,74,81,85,84,91,89,85,81,76,67,60,54,50,25,12,13,0
0,6,0,0,7,12,45,57,68,72,76,79,83,82,80,77,73,71,65,57,51,43,14,13,10,8
7,6,0,0,0,0,35,57,66,67,69,71,75,74,74,71,68,63,62,53,39,17,12,10,0,0
0,0,0,7,0,10,39,55,62,63,64,66,65,66,67,66,61,58,55,51,23,10,9,8,0,0
0,0,0,0,0,6,50,55,63,62,60,66,59,63,66,64,61,56,56,41,21,10,8,6,0,0
0,0,0,0,7,9,32,55,68,67,63,67,63,64,65,64,62,56,56,52,12,12,9,7,6,0
0,5,0,0,0,8,14,53,68,70,69,74,64,63,64,63,60,56,55,37,11,9,9,6,6,0
0,0,0,4,0,6,11,35,58,71,77,78,68,65,64,60,55,50,45,33,12,9,0,6,0,0
0,0,0,0,0,0,11,14,37,61,72,81,78,68,65,61,60,56,55,51,29,13,9,0,0,0
0,0,0,0,0,0,10,8,50,55,68,78,78,74,67,62,60,54,54,51,21,12,9,0,0,0
0,0,0,0,0,6,9,0,35,27,55,67,73,69,66,61,58,53,50,30,13,10,9,6,0,0
0,0,0,0,0,0,8,9,23,11,51,56,65,68,66,61,58,54,50,27,10,8,7,0,0,0
0,0,0,0,5,5,0,0,11,12,35,38,56,60,63,60,57,50,50,13,6,0,0,0,0,0
0,0,0,0,0,0,0,0,10,11,19,14,50,56,59,57,54,50,38,13,8,6,6,0,0,0
0,0,0,0,0,0,0,0,11,11,9,14,45,51,57,58,56,51,36,11,10,0,0,5,5,0
0,0,0,0,0,0,0,0,5,10,6,14,40,51,53,56,65,64,45,14,11,7,7,0,5,0
7,13,60,78,50,43,58,61,73,93,106,112,134,128,123,138,128,122,88,67,58,54,47,11,13,12
11,13,44,53,56,58,69,69,80,93,92,105,136,137,120,146,131,116,85,70,58,53,50,18,12,10
8,14,35,50,61,56,41,62,74,86,107,125,141,124,129,144,133,127,94,74,62,55,52,40,23,13
14,14,25,22,14,13,11,52,91,108,111,103,115,125,139,145,132,121,93,77,61,55,50,25,13,11
26,15,11,18,7,0,12,66,109,123,105,88,84,118,148,146,128,114,91,73,60,55,42,18,0,11
0,0,0,0,0,9,54,72,109,115,84,69,81,126,144,144,132,122,99,73,60,53,50,9,6,9
0,0,10,7,9,38,58,76,128,100,85,81,85,125,140,142,138,123,108,74,61,55,51,11,7,9
0,0,0,0,0,13,50,55,77,81,75,77,91,122,135,144,134,119,109,80,61,54,40,13,0,0
7,0,0,0,8,10,20,57,69,85,75,77,97,116,125,134,133,118,107,78,62,54,44,14,8,0
7,9,9,9,6,10,13,55,67,69,74,89,103,111,117,122,120,108,104,77,60,54,31,13,11,6
0,8,8,9,9,0,8,25,59,61,65,82,96,103,109,108,108,100,100,75,63,51,17,11,10,0
0,6,9,11,7,6,0,17,55,56,63,77,86,94,93,99,96,91,92,71,60,50,11,0,7,7
0,0,8,8,7,0,0,15,51,53,58,71,77,79,85,93,88,91,87,75,61,50,21,8,10,6
0,0,0,0,0,0,0,0,38,50,56,60,69,72,81,98,111,109,99,84,65,45,11,0,0,0
7,10,12,11,10,11,13,12,55,59,66,72,78,85,116,136,157,157,131,111,86,65,52,32,23,14
11,11,21,11,0,8,17,50,62,66,73,81,87,108,138,138,155,147,130,109,91,69,56,47,36,13
12,19,20,14,12,16,52,53,62,73,76,82,91,113,146,155,158,149,135,113,90,73,60,53,43,15
13,12,14,11,11,20,52,51,60,72,78,87,102,139,143,170,167,166,139,113,88,73,63,55,50,23
16,13,17,20,18,52,58,56,70,76,81,100,119,139,159,175,175,166,136,109,87,72,62,52,51,28
18,16,26,41,40,52,57,60,79,82,92,111,130,150,158,162,172,142,115,100,86,69,59,55,52,51
21,35,28,50,50,56,60,64,77,87,95,112,135,159,138,146,145,131,118,94,85,95,74,66,61,57
11,14,20,35,50,54,60,60,75,85,94,112,123,157,126,136,122,110,94,83,70,62,56,44,25,14
13,18,22,28,27,37,55,57,76,87,101,121,123,159,124,135,111,95,82,67,56,51,44,32,32,29
11,14,13,11,15,44,52,57,74,82,89,96,109,126,112,101,98,82,74,64,58,53,50,23,28,12
9,0,0,6,11,12,45,57,70,74,81,86,85,91,89,85,81,77,66,60,54,50,27,12,13,0
0,6,0,0,7,12,43,57,68,71,76,79,83,82,80,77,73,71,65,58,51,45,14,13,10,8
7,6,0,0,0,5,37,57,66,67,70,71,75,74,74,71,68,63,61,53,37,19,12,10,0,0
0,0,0,7,0,10,39,55,63,63,63,66,66,66,67,66,62,58,55,51,22,10,9,8,0,0
0,0,0,0,0,7,50,55,63,62,59,67,60,63,65,64,61,56,56,39,21,10,7,6,0,0
0,0,0,0,0,9,32,55,68,66,63,68,63,64,65,65,62,56,56,52,11,12,9,7,7,0
0,5,0,0,0,8,14,53,68,70,69,74,65,63,64,63,61,56,55,40,11,9,10,7,7,0
0,0,0,5,0,6,11,34,58,71,78,78,68,65,64,59,55,50,43,33,12,9,0,6,0,0
0,0,0,0,0,0,11,14,37,60,71,82,78,68,65,61,60,56,54,50,29,12,9,0,0,0
0,0,0,0,0,0,10,8,50,54,68,78,79,74,67,62,60,54,54,51,21,13,9,0,0,0
0,0,0,0,0,6,9,0,40,25,55,68,74,69,66,60,58,53,50,27,13,10,9,6,0,0
0,0,0,0,0,0,9,10,25,11,51,57,65,69,66,61,58,54,50,27,10,8,7,0,0,0
0,0,0,0,5,6,0,0,11,12,35,38,56,61,62,60,57,50,50,13,7,0,0,0,0,0
0,0,0,0,0,0,0,0,10,11,19,15,50,56,59,57,55,50,38,13,8,6,6,0,0,0
0,0,0,0,0,0,0,0,11,11,9,15,45,51,56,58,56,51,36,11,9,0,0,5,5,0
0,0,0,0,0,0,0,0,5,10,5,14,40,51,53,56,65,65,44,14,11,8,7,0,5,0
7,13,60,78,50,43,57,61,72,93,107,112,134,128,122,138,128,122,89,66,58,55,47,11,13,12
11,13,44,53,57,58,69,69,80,93,92,106,136,137,120,145,131,116,86,70,58,53,50,15,12,10
8,14,36,48,61,56,36,63,74,87,106,124,141,124,128,144,132,127,94,73,62,56,52,37,25,13
14,14,23,17,14,13,11,52,91,109,110,103,115,125,138,145,132,121,93,77,61,55,51,23,12,11
30,15,11,15,6,0,12,66,109,123,105,88,84,118,148,146,129,114,91,73,60,55,42,15,0,11
0,0,0,0,0,9,54,72,109,114,84,69,80,127,144,145,133,122,100,73,60,53,50,9,7,9
0,0,11,7,9,41,59,76,128,99,84,81,85,125,141,141,139,123,107,74,62,55,51,11,7,9
0,0,0,0,0,13,50,55,77,81,75,77,91,123,135,143,134,120,108,80,60,54,40,13,0,0
8,0,0,0,8,10,15,57,68,84,74,77,97,115,125,134,133,118,107,78,61,54,44,13,8,0
7,9,9,8,6,10,13,55,67,69,74,88,103,111,117,122,120,108,104,77,60,54,34,13,11,6
0,8,8,9,9,0,8,20,60,61,65,81,97,102,109,108,109,99,101,75,63,51,20,10,10,0
0,7,9,10,7,6,0,17,55,56,63,77,86,94,94,98,96,91,92,71,60,50,11,0,7,8
0,0,8,8,0,0,0,15,50,53,58,70,77,78,85,93,88,90,87,75,61,50,23,7,10,6
0,0,0,0,0,0,0,0,38,50,55,60,69,72,82,99,111,109,100,83,64,45,11,0,0,0
7,10,11,11,10,11,13,12,55,59,66,71,78,85,116,136,157,157,131,111,85,65,52,30,23,14
11,11,18,12,0,8,14,50,62,66,73,81,87,108,138,137,156,147,130,108,91,69,56,45,36,13
13,19,21,13,13,16,52,52,63,73,76,81,91,113,145,156,158,149,136,113,90,73,61,53,40,16
13,12,14,11,11,20,52,51,60,72,78,86,103,138,143,170,167,167,139,113,88,73,62,54,50,23
16,13,14,18,20,52,58,56,70,75,81,100,119,139,158,175,175,165,137,109,87,72,63,52,51,28
20,16,25,37,40,52,57,60,80,82,92,111,129,150,158,161,172,142,115,100,86,69,59,55,53,52
23,36,28,50,50,56,60,64,77,87,96,112,134,160,138,147,145,131,118,94,85,95,73,67,61,57
10,14,20,33,50,54,60,59,75,85,94,112,123,157,125,137,122,110,94,83,70,62,57,42,25,14
13,17,22,27,26,37,55,57,76,87,101,121,123,160,123,136,111,95,82,67,56,51,45,31,31,29
11,14,13,11,14,44,52,57,75,82,89,96,109,126,112,101,98,82,74,64,58,53,50,20,27,12
9,0,0,6,11,12,43,57,70,75,81,87,85,91,89,86,81,77,67,60,54,51,29,12,13,0
0,6,0,0,7,12,45,57,68,71,76,79,84,82,80,77,73,71,65,57,51,43,14,13,10,8
7,7,0,0,0,6,37,57,66,67,69,71,75,74,74,71,69,63,62,53,37,17,12,10,0,0
0,0,0,7,0,10,39,55,63,63,62,66,66,66,66,66,62,58,55,51,22,10,9,8,0,0
0,0,0,0,0,7,50,55,63,62,59,67,60,63,66,64,61,56,56,35,21,10,8,6,0,0
0,5,0,0,7,9,32,55,68,67,63,68,63,65,65,65,62,56,56,52,11,12,9,0,6,0
0,5,0,0,0,8,14,53,68,70,69,75,65,63,64,63,61,56,55,40,11,10,10,6,7,0
0,5,0,4,0,6,11,34,58,71,78,78,68,65,64,59,55,50,43,33,12,10,0,0,0,0
0,0,0,0,0,0,12,14,38,60,70,82,78,68,65,61,60,56,54,50,29,13,10,0,0,0
0,0,0,0,0,0,9,8,50,55,68,79,79,74,67,62,61,55,55,51,21,13,10,0,0,0
0,0,0,0,0,6,9,0,42,25,55,67,74,69,66,60,58,53,50,25,13,10,9,5,0,0
0,0,0,0,0,0,9,10,27,11,51,57,65,69,66,61,58,53,50,30,10,9,8,0,0,0
0,0,0,0,5,6,0,0,12,12,37,40,56,61,63,60,57,48,50,13,7,0,0,0,0,0
0,0,0,0,0,0,0,0,10,11,19,15,50,56,59,57,55,50,36,13,8,7,6,0,0,0
0,0,0,0,0,0,0,0,11,11,9,15,46,51,56,58,57,51,36,11,9,0,0,5,5,0
0,0,0,0,0,0,0,0,5,11,6,14,43,51,53,57,66,65,45,14,11,8,7,0,5,0
7,13,60,77,48,46,57,61,72,93,106,112,134,127,122,139,128,123,89,66,58,55,45,11,13,12
11,13,44,53,56,58,69,69,79,93,92,106,136,136,120,144,130,116,85,70,58,54,50,15,12,10
8,14,36,47,61,56,33,63,74,86,106,124,141,123,129,145,132,128,93,74,62,55,52,35,25,13
15,14,20,16,13,13,11,52,91,109,110,103,116,124,138,146,132,121,92,77,60,55,51,23,12,11
32,15,11,14,6,0,12,66,109,123,105,88,84,117,147,146,128,114,90,73,60,55,42,14,0,11
0,0,0,0,0,9,54,71,109,115,83,69,80,127,143,145,133,121,99,73,59,53,50,8,7,9
0,0,11,7,9,44,57,76,128,100,84,81,85,124,140,143,139,123,106,75,62,55,51,11,7,8
0,0,0,0,0,13,50,55,76,80,75,77,90,122,135,143,134,120,108,79,60,53,40,13,0,0
8,0,0,0,8,10,15,56,68,84,75,78,96,115,125,134,134,118,107,78,61,54,50,14,8,0
7,9,9,8,6,10,14,55,66,68,74,88,102,111,117,122,120,107,104,78,59,54,34,12,11,6
0,8,8,8,8,0,8,17,59,61,65,81,97,102,109,108,108,98,100,75,62,51,20,10,10,0
0,7,9,10,6,6,0,15,55,56,63,77,86,93,94,99,96,92,92,71,60,50,11,0,0,7
0,0,8,7,0,0,0,15,50,53,58,71,77,78,85,93,88,90,87,74,61,50,21,7,10,6
0,0,0,0,0,0,0,0,36,50,54,60,69,72,81,100,112,108,100,84,64,43,11,0,0,0
7,10,11,11,10,11,13,12,54,59,65,71,78,85,116,136,156,157,131,112,85,65,52,30,22,13
11,11,18,12,0,8,14,50,61,65,73,81,87,108,137,138,157,147,129,109,90,69,56,47,38,13
13,19,21,13,12,16,52,52,62,73,76,81,90,113,146,156,158,148,136,113,90,73,60,53,40,20
13,12,14,11,11,20,52,51,59,72,78,86,102,138,143,170,167,167,139,113,88,73,62,54,48,22
15,13,15,16,20,52,58,56,70,76,82,100,119,139,158,175,174,165,137,107,87,72,63,52,51,28
22,16,26,33,40,52,57,60,79,82,92,112,129,149,158,162,172,141,114,101,86,68,59,55,53,51
23,36,30,48,50,56,60,64,77,86,96,111,134,159,139,147,145,131,118,94,85,94,74,67,61,57
10,14,22,31,50,54,60,59,75,85,93,112,123,155,126,137,122,109,94,83,70,62,57,41,20,16
13,18,22,26,26,37,55,57,75,87,101,121,122,159,124,136,111,94,82,68,55,51,45,31,30,30
11,14,14,10,15,44,52,57,75,82,89,96,109,126,113,101,98,81,74,64,58,53,50,19,26,12
9,0,0,6,11,12,40,57,69,75,81,86,84,91,89,86,81,77,67,60,54,51,27,12,13,0
0,7,0,0,8,12,45,57,68,72,75,79,83,81,80,77,73,71,65,58,51,45,15,13,11,8
8,7,0,0,0,6,39,57,66,67,69,71,74,74,74,71,69,63,62,54,33,19,12,9,0,0
0,0,0,7,0,10,35,55,62,63,62,66,66,66,66,67,62,58,55,51,22,10,9,7,0,0
0,0,0,0,0,6,50,55,63,61,59,67,60,62,66,64,61,56,56,39,20,10,7,6,0,0
0,0,0,0,7,9,35,55,68,67,63,68,63,64,65,65,62,56,57,52,11,12,9,0,7,0
0,5,0,0,0,8,15,53,68,70,69,75,65,62,64,63,61,55,55,47,10,10,10,6,7,0
0,0,0,0,0,6,11,32,58,71,78,79,67,64,64,60,55,50,43,33,12,10,0,6,0,0
0,0,0,0,0,0,11,14,37,60,70,82,78,68,65,62,59,55,54,51,29,13,9,0,0,0
0,0,0,0,0,0,9,8,50,55,68,79,79,74,67,62,60,55,55,51,19,12,10,0,0,0
0,0,0,0,0,6,10,0,37,23,55,68,74,69,66,61,58,53,50,25,13,10,9,6,0,0
0,0,0,0,0,0,8,9,23,11,51,57,65,69,66,62,58,53,47,30,10,8,7,0,0,0
0,0,0,0,5,6,0,0,11,12,37,40,56,61,63,60,57,48,50,14,6,0,6,0,0,0
0,0,0,0,0,0,0,0,10,11,20,14,50,55,60,58,55,50,36,13,8,7,7,0,0,0
0,0,0,0,0,0,0,0,12,12,10,15,45,50,56,58,57,51,35,12,9,0,0,5,4,0
0,0,0,0,0,0,0,0,6,10,6,15,41,51,53,57,66,64,45,16,11,7,7,0,5,0
7,13,60,76,48,47,57,61,71,93,106,112,134,127,122,139,128,123,89,66,58,55,50,11,12,12
11,13,44,53,56,59,69,69,79,92,92,106,135,137,121,144,130,116,85,70,58,53,50,16,12,10
7,14,35,45,61,56,36,63,74,86,106,124,141,123,129,145,132,128,93,74,62,55,52,35,25,14
15,15,19,16,13,13,11,52,91,110,110,103,116,124,138,146,132,122,92,77,61,55,51,25,12,12
32,16,11,14,6,0,12,65,109,123,104,87,84,118,147,146,128,114,90,73,60,56,42,14,0,11
0,0,0,0,0,9,54,71,109,115,83,69,80,128,143,145,133,120,100,73,59,53,50,8,7,10
0,0,11,7,9,44,58,75,127,100,85,80,85,125,140,142,138,122,105,75,61,55,51,11,7,9
0,0,0,0,0,13,46,55,76,81,74,77,90,122,135,143,134,120,107,79,60,54,37,13,0,0
8,0,0,0,8,10,15,56,68,84,74,79,96,115,125,134,133,117,107,78,61,54,50,14,8,0
7,9,10,8,6,11,14,54,65,68,73,88,102,111,118,122,120,107,104,77,60,54,34,12,11,6
0,8,7,8,9,0,9,15,59,61,64,81,97,102,109,108,107,98,100,76,61,51,17,10,10,0
0,6,9,10,7,6,0,17,54,57,63,77,86,94,94,99,96,92,92,71,60,50,11,0,0,7
0,0,8,7,0,0,0,15,50,53,57,71,77,78,84,93,88,90,87,75,60,50,21,8,9,7
0,0,0,0,0,0,0,0,35,50,54,60,69,72,81,100,112,108,99,84,64,41,11,0,0,0
7,10,11,10,10,11,13,12,54,59,65,72,78,85,116,136,156,158,131,112,85,65,52,28,21,14
11,11,15,11,0,8,15,50,61,65,73,80,87,108,138,138,156,147,129,109,90,69,55,50,36,13
14,17,20,13,12,16,52,52,61,73,75,81,90,113,146,154,156,148,135,113,89,73,60,54,36,22
13,12,14,10,11,21,52,51,59,72,78,86,102,138,144,170,165,167,139,113,88,73,61,54,48,25
16,13,17,16,21,52,58,55,70,75,82,100,119,139,158,175,173,165,137,107,87,72,62,52,51,31
22,18,26,33,40,52,57,60,79,82,91,112,129,150,158,162,172,141,114,101,86,68,59,55,52,51
23,35,28,48,50,56,60,64,77,86,96,111,134,159,138,147,144,130,118,93,84,94,74,67,61,57
10,14,22,30,50,54,60,59,74,84,93,112,123,155,126,137,122,108,94,83,70,62,57,41,20,18
13,19,21,25,27,37,56,57,75,87,101,121,122,160,123,136,111,94,81,68,56,51,45,32,30,30
11,14,13,10,15,44,52,57,74,82,89,96,109,126,112,101,98,81,73,64,57,53,50,17,26,12
9,0,0,6,11,13,43,56,69,75,81,87,85,91,88,86,81,77,67,60,54,50,29,12,13,0
0,6,0,0,8,12,47,57,68,72,75,79,83,81,80,77,73,70,64,57,51,45,15,13,11,8
7,6,0,0,0,6,41,56,66,67,69,71,74,74,74,71,68,62,62,53,33,19,12,10,0,0
0,0,0,7,0,10,37,55,63,63,62,66,66,66,66,67,62,59,55,51,23,10,9,7,0,0
0,0,0,0,0,6,50,54,63,62,59,67,60,62,66,64,61,56,56,37,20,10,8,0,0,0
0,0,0,0,0,9,35,55,68,66,63,68,63,65,65,65,62,57,56,52,11,12,9,0,6,0
0,5,0,0,0,8,14,53,68,70,69,74,65,63,64,63,60,55,55,42,9,9,10,6,6,6
0,5,0,0,0,6,11,34,58,71,78,79,68,65,64,59,55,50,44,32,12,10,0,6,0,0
0,0,0,0,0,0,12,15,36,60,70,82,78,69,65,62,59,55,54,51,29,13,10,0,0,0
0,0,0,0,0,0,9,8,50,56,67,79,79,74,68,62,60,55,55,51,21,12,10,0,0,0
0,0,0,0,0,6,10,0,35,23,54,68,74,69,66,61,58,52,50,22,13,10,9,6,0,0
0,0,0,0,0,0,9,9,21,11,51,57,65,69,66,61,58,53,45,27,10,9,7,0,0,0
0,0,0,0,5,6,0,0,11,12,35,40,56,61,63,60,57,50,50,14,6,0,0,0,0,0
0,0,0,0,0,0,0,0,9,11,20,14,50,55,60,58,56,50,36,13,9,7,7,0,0,0
0,0,0,0,0,0,0,0,11,12,9,14,45,50,56,58,56,51,35,11,9,0,0,5,4,0
0,0,0,0,0,0,0,0,5,10,6,16,41,51,53,56,66,64,45,17,10,7,7,0,5,0
7,13,60,75,46,46,58,61,71,94,106,112,134,127,122,140,129,122,89,66,58,55,50,10,12,13
12,13,47,53,56,59,68,69,79,92,92,106,135,137,121,144,130,116,86,70,58,54,47,18,12,10
7,14,34,44,62,56,38,63,74,86,106,124,141,124,129,144,132,128,93,74,62,55,52,37,25,14
14,14,17,15,13,13,12,52,91,111,109,102,116,124,139,146,132,122,93,77,60,55,51,25,12,12
30,16,11,14,6,0,12,65,108,123,104,87,83,119,148,146,128,114,90,73,60,56,42,14,0,11
0,0,0,0,0,9,54,71,108,115,83,69,81,128,143,145,133,121,100,73,59,53,50,8,7,10
0,0,11,8,8,41,58,75,127,100,85,80,85,124,140,142,138,122,106,75,61,55,51,11,8,10
0,0,0,0,0,12,40,56,76,80,74,77,90,122,135,143,134,120,107,79,61,54,35,13,0,0
8,0,0,0,8,10,14,56,68,83,74,78,96,115,125,134,134,118,107,78,61,54,50,15,8,0
7,9,10,8,6,10,14,54,66,68,72,87,101,110,117,122,120,107,105,78,60,53,31,12,11,7
0,7,7,8,9,0,9,17,60,61,65,81,97,102,109,108,107,98,100,76,61,51,17,10,10,0
0,6,8,9,6,0,0,17,54,56,63,77,87,93,94,99,95,92,92,71,60,50,11,0,0,7
0,0,8,7,0,0,0,15,50,53,57,71,78,78,84,93,87,90,87,74,61,50,23,8,10,7
0,0,0,0,0,0,0,0,34,48,54,60,68,71,81,99,112,107,99,84,63,45,11,0,0,0
7,9,11,11,10,11,13,12,54,59,65,72,77,85,115,136,154,160,131,112,85,65,52,28,22,14
11,11,14,11,0,8,15,50,61,65,73,80,87,108,138,137,155,147,129,109,91,69,56,50,40,13
14,17,18,13,12,16,52,52,62,73,75,81,90,112,145,155,156,148,136,113,90,73,61,53,36,23
13,12,14,10,11,18,52,51,59,71,77,86,102,137,144,170,166,167,140,113,88,73,61,54,48,26
16,13,17,15,21,52,57,55,69,75,82,100,119,139,158,175,172,165,137,107,87,73,62,52,51,33
21,18,25,33,38,51,57,61,79,82,91,112,129,151,158,161,170,140,115,101,86,68,59,55,52,52
23,35,28,48,50,56,61,64,76,87,95,111,134,159,139,147,143,130,119,92,84,94,74,67,62,57
10,14,22,30,50,54,60,59,75,84,93,112,122,155,126,137,123,109,94,82,70,62,57,39,20,20
13,19,21,25,28,36,55,57,74,87,101,121,122,161,123,136,110,94,82,67,56,51,45,32,30,30
11,14,14,10,15,42,52,57,74,82,89,96,109,126,112,101,98,81,73,64,58,52,50,16,28,12
9,0,0,6,11,13,45,56,69,75,81,86,84,91,88,86,80,77,67,60,54,50,27,12,13,0
0,6,0,0,8,12,50,57,68,72,75,79,83,81,79,77,73,70,64,57,51,47,15,13,10,8
8,6,0,0,0,6,43,57,66,67,68,71,74,74,74,71,68,62,62,53,31,19,12,10,0,0
0,0,0,7,0,10,39,55,63,62,62,66,65,66,65,66,61,59,55,51,23,10,9,7,0,0
0,0,0,0,0,6,50,55,63,61,59,67,60,62,66,64,61,57,56,35,20,10,8,6,0,0
0,0,0,0,0,9,35,56,68,66,63,68,62,65,65,64,62,57,56,52,12,12,9,7,6,0
0,5,0,0,0,8,14,53,68,70,69,74,65,63,64,63,60,55,55,40,9,10,9,6,6,6
0,0,0,0,0,6,11,35,58,71,78,79,67,65,63,60,55,50,46,32,12,10,0,6,0,0
0,0,0,0,0,0,12,16,36,60,70,82,79,69,65,61,59,55,55,51,29,14,10,0,0,0
0,0,0,0,0,0,9,9,50,56,67,79,78,74,67,62,60,55,55,51,23,12,10,0,0,0
0,0,0,0,0,6,10,0,32,21,55,68,74,69,66,61,58,53,51,22,12,10,9,6,0,0
0,0,0,0,0,0,9,9,19,11,51,57,65,69,65,61,58,53,50,27,10,9,7,0,0,0
0,0,0,0,5,6,0,0,11,12,35,40,56,61,63,60,57,50,50,14,6,0,0,0,0,0
0,0,0,0,0,0,0,0,10,10,22,14,50,55,60,58,55,50,36,13,9,7,7,0,0,0
0,0,0,0,0,0,0,0,12,11,9,14,46,50,56,58,56,52,36,11,10,0,0,5,4,0
0,0,0,0,0,0,0,0,5,10,6,16,41,51,53,57,65,65,47,17,10,7,7,0,5,0
7,13,60,75,45,44,58,60,71,93,105,112,134,128,122,140,128,123,89,66,58,55,50,10,12,13
12,13,45,52,56,59,69,70,79,92,92,106,135,137,120,144,129,116,85,70,58,54,45,20,12,10
7,14,34,45,61,56,44,62,74,86,106,124,140,124,130,144,133,128,93,74,62,56,52,37,23,14
14,14,20,19,13,13,11,52,90,110,110,103,116,124,139,146,131,123,93,77,60,55,50,29,13,12
32,16,11,15,6,0,12,64,108,123,103,88,83,119,147,145,128,112,91,73,60,55,42,15,0,11
0,0,0,0,0,9,54,71,109,115,84,68,81,128,144,144,133,121,100,73,60,53,50,8,6,10
0,0,10,8,8,38,57,75,128,99,85,79,85,124,140,143,137,122,106,75,61,55,51,11,8,11
0,0,0,0,0,12,40,56,76,79,74,77,90,122,135,144,134,120,107,79,61,54,37,13,0,0
8,0,0,0,8,10,15,57,68,83,74,79,95,115,125,133,133,118,107,78,61,54,50,15,8,0
7,9,10,8,6,10,14,54,66,68,73,88,101,110,117,122,119,108,105,78,60,53,31,12,11,6
0,8,8,8,10,0,9,22,60,61,64,81,97,102,109,108,106,98,100,76,61,51,17,10,10,0
0,7,8,9,6,0,0,15,54,56,62,77,86,93,93,100,95,92,92,71,60,50,12,0,0,6
0,0,8,7,0,0,0,14,50,53,57,71,77,78,85,93,87,91,87,74,61,50,21,8,9,6
0,0,0,0,0,0,0,0,34,46,55,59,68,71,81,99,111,107,99,85,64,45,11,0,0,0
7,9,10,11,10,11,13,12,54,60,65,73,77,85,115,135,154,159,132,112,85,65,52,28,21,14
11,11,16,11,0,8,15,50,62,65,72,80,86,108,138,137,153,148,129,109,91,69,55,50,38,14
14,16,18,13,12,15,52,52,61,72,75,81,90,113,146,154,156,148,135,114,90,73,60,54,38,22
13,12,14,10,11,16,52,51,59,71,77,86,101,137,144,170,165,166,140,112,88,73,61,54,48,26
18,13,20,15,21,51,57,55,70,76,82,100,118,139,158,175,172,165,137,107,87,73,61,52,50,31
20,18,28,35,40,52,57,61,79,82,92,112,128,151,158,160,171,140,115,101,86,68,59,55,52,51
23,30,28,50,50,56,61,63,76,87,95,111,134,159,139,147,143,130,119,92,84,94,74,67,62,57
11,14,22,31,50,54,60,59,75,84,93,112,123,155,126,136,123,109,94,83,70,62,56,41,22,21
13,19,22,26,28,35,54,57,74,86,101,121,122,161,125,135,109,94,82,67,56,51,45,31,31,30
11,14,14,11,15,42,52,57,74,82,89,96,109,126,111,101,98,81,73,65,57,53,50,15,29,12
9,0,0,6,11,12,45,56,69,74,81,86,84,90,88,85,80,77,67,60,54,50,23,12,12,0
0,6,0,0,8,11,47,57,68,72,75,79,84,81,80,76,72,70,64,58,51,50,15,13,10,8
8,0,0,0,0,6,43,57,66,67,68,71,74,74,74,71,67,62,62,53,31,23,12,10,0,0
0,0,0,8,0,10,39,55,63,63,62,66,65,66,65,65,60,58,55,51,23,10,9,7,0,0
0,0,0,0,0,6,50,55,63,61,59,67,60,63,66,64,61,57,55,41,18,10,8,6,0,0
0,0,0,0,0,8,35,56,68,67,63,68,62,65,65,64,61,56,56,52,12,12,9,7,7,0
0,5,0,0,0,8,14,53,69,70,69,74,65,63,64,62,60,56,55,40,9,10,9,6,6,6
0,0,0,4,0,6,11,37,58,71,78,79,68,65,63,59,55,50,45,33,12,10,0,6,0,0
0,0,0,0,0,0,12,16,37,60,71,82,79,68,64,61,58,55,54,51,26,13,9,0,0,0
0,0,0,0,0,0,10,9,50,55,68,79,78,74,67,61,60,55,54,51,23,12,10,0,0,0
0,0,0,0,0,6,10,0,30,25,55,68,73,70,66,61,57,53,51,25,13,10,8,6,0,0
0,0,0,0,0,0,9,9,19,11,51,57,65,69,66,61,58,53,50,30,10,9,7,0,0,0
0,0,0,0,5,6,0,0,11,12,35,38,56,61,63,60,56,50,50,14,6,0,6,0,0,0
0,0,0,0,0,0,0,0,9,10,20,14,50,56,60,58,55,50,36,14,9,7,7,4,0,0
0,0,0,0,0,0,0,0,11,11,9,14,46,50,57,58,56,52,36,11,10,0,0,5,4,0
0,0,0,0,0,0,0,0,0,10,5,15,38,51,53,57,65,65,48,17,10,8,7,0,4,0
7,13,59,75,45,40,58,60,72,93,105,112,133,129,122,139,128,122,88,66,58,55,50,10,12,13
12,13,47,52,56,58,68,69,80,92,92,105,135,137,120,144,129,115,85,69,58,54,42,20,12,10
7,14,33,45,61,55,44,63,75,86,106,123,141,124,129,143,132,128,93,73,62,56,51,37,23,15
14,14,19,19,13,13,11,52,90,111,109,103,115,125,139,146,132,123,93,77,61,56,50,29,13,11
32,16,11,14,7,0,12,64,109,122,103,88,83,120,149,146,128,113,91,72,60,55,44,14,0,11
0,0,0,0,0,8,55,70,109,115,84,69,81,127,146,143,133,121,100,72,60,53,50,9,0,10
0,0,10,7,8,44,57,75,128,99,85,79,86,125,141,141,137,122,106,75,61,55,51,11,8,10
0,0,0,0,0,13,40,56,77,80,74,77,90,122,135,143,134,120,107,78,61,54,35,13,0,0
8,0,0,0,8,10,17,56,68,83,74,78,96,115,125,133,133,118,107,77,61,53,47,14,8,0
7,9,10,8,6,9,14,54,66,68,73,88,101,110,117,122,119,108,105,77,61,53,28,12,11,7
0,8,9,8,9,0,9,25,60,61,65,81,97,102,109,107,107,99,99,75,62,51,14,10,10,0
0,6,8,9,7,0,0,17,54,56,62,76,86,93,94,100,94,92,92,70,60,50,11,0,0,7
0,0,8,7,7,0,0,14,50,53,57,70,77,79,84,92,87,91,87,73,61,50,17,8,9,7
0,0,0,0,0,0,0,0,36,46,54,59,69,71,82,98,111,107,99,83,64,50,11,0,0,0
7,9,10,11,10,11,13,13,55,60,65,73,77,85,114,136,154,159,131,111,85,65,52,28,22,14
10,11,14,11,0,8,14,50,62,65,72,79,86,108,137,137,153,148,129,108,91,69,55,47,36,14
14,15,18,13,12,14,52,53,62,72,75,81,90,112,145,154,155,149,135,113,90,74,60,54,36,17
13,12,14,11,11,18,52,51,59,71,77,86,101,136,143,169,164,167,140,111,88,73,62,54,50,26
20,13,19,16,20,52,57,55,70,75,81,99,118,139,158,175,172,166,137,107,87,73,61,52,50,30
17,20,23,35,42,51,56,61,79,81,92,112,129,150,158,159,170,140,114,100,85,68,59,55,52,51
23,32,30,50,50,56,60,63,76,86,96,112,134,159,138,146,143,130,118,92,85,94,74,67,62,58
11,14,20,31,50,53,60,59,75,84,93,112,123,156,126,135,123,110,94,83,71,62,56,39,25,20
13,18,22,26,28,35,54,57,75,86,101,121,123,160,124,133,109,95,82,67,57,52,44,31,30,30
11,14,14,11,15,41,52,57,74,82,89,97,109,126,111,101,97,82,73,64,58,53,50,14,29,12
9,0,0,6,11,12,45,56,71,75,81,86,84,91,88,85,80,77,66,59,54,51,23,12,12,0
0,6,0,0,8,11,45,57,68,72,76,79,84,81,80,76,73,70,64,57,51,50,14,13,10,8
8,0,0,0,0,6,43,57,66,67,68,70,74,74,74,71,67,62,62,52,33,21,12,10,0,0
0,0,0,7,0,10,41,55,63,63,62,66,65,66,65,65,60,58,55,51,23,10,9,8,0,0
0,0,0,0,0,6,50,55,63,61,59,66,59,63,66,63,61,58,55,37,18,10,8,0,0,0
0,0,0,0,0,9,35,56,68,67,63,68,62,65,65,64,62,56,56,51,12,12,8,7,6,0
0,5,0,0,0,8,14,53,68,70,68,74,65,63,64,62,60,56,54,32,10,10,10,6,6,6
0,0,0,5,0,6,11,37,58,71,77,79,68,66,63,59,55,50,43,32,12,10,0,6,0,0
0,0,0,0,0,0,12,16,38,60,71,82,79,69,64,61,59,56,54,50,28,13,9,0,0,0
0,0,0,0,0,0,10,8,50,55,68,79,78,74,67,61,60,54,54,51,21,12,9,0,0,0
0,0,0,0,0,6,9,0,35,25,55,68,74,70,66,60,58,53,51,20,12,11,8,6,0,0
0,0,0,0,0,0,9,9,23,11,51,57,65,70,66,61,58,54,50,25,10,9,7,0,0,0
0,0,0,0,5,6,0,0,11,12,35,38,56,61,63,60,56,51,50,13,6,0,6,0,0,0
0,0,0,0,0,0,0,0,10,11,22,14,50,56,59,57,55,50,38,13,9,7,6,4,4,0
0,0,0,0,0,0,0,0,11,11,9,14,46,51,57,58,56,52,35,11,10,6,0,5,5,0
0,0,0,0,0,0,0,0,0,10,5,14,40,51,54,56,65,65,47,15,10,8,7,0,5,0
7,13,60,75,45,39,57,61,72,93,104,112,132,128,122,138,128,122,88,65,58,55,50,10,13,13
12,13,45,52,56,59,68,70,80,92,92,105,135,137,120,144,129,116,85,69,58,54,47,18,12,10
7,14,35,45,62,55,41,63,75,86,106,124,141,123,130,143,133,128,93,73,62,56,52,40,23,14
14,14,20,19,13,13,11,52,90,110,109,102,114,124,139,145,131,123,93,77,61,56,50,29,12,11
32,15,11,14,7,0,12,64,109,122,104,88,84,119,148,145,128,113,90,72,60,55,44,14,0,11
0,0,0,0,0,9,55,70,109,115,85,68,80,126,145,143,133,123,99,72,60,53,50,9,6,10
0,0,10,7,8,41,57,75,128,99,85,79,86,125,141,141,137,122,106,75,62,55,51,11,8,10
0,0,0,0,0,13,43,56,76,80,73,77,91,122,135,143,133,120,107,79,61,53,40,13,0,0
8,0,0,0,8,10,17,57,68,83,74,77,96,115,125,133,133,119,108,77,62,53,47,14,8,0
7,9,10,8,6,9,13,54,67,68,73,88,101,110,117,122,119,108,105,77,61,54,31,12,11,7
0,8,9,8,9,0,9,25,60,60,65,81,96,102,108,107,107,99,100,75,62,51,14,10,10,0
0,6,8,9,6,0,0,17,55,56,62,77,86,93,93,100,94,92,92,70,60,50,12,0,0,6
0,0,9,7,7,0,0,14,50,53,57,70,77,79,84,92,87,91,87,74,61,50,19,8,9,7
0,0,0,0,0,0,0,0,38,46,55,59,69,71,81,97,111,108,99,83,64,50,12,0,0,0
7,10,10,12,10,11,13,13,54,60,65,72,77,85,113,136,154,158,131,110,86,65,51,30,23,13
10,12,15,11,0,8,14,50,62,65,72,80,86,108,136,137,153,148,129,108,91,69,56,43,36,14
14,15,20,13,12,14,52,52,63,72,75,81,90,111,145,154,155,150,135,113,90,74,60,53,38,16
13,12,14,11,11,18,52,50,59,71,77,86,100,137,143,168,164,167,140,110,89,74,62,54,48,23
18,13,19,18,18,51,58,55,70,75,81,99,119,139,157,175,173,165,137,106,87,73,61,53,50,28
17,18,23,35,42,51,56,60,79,81,92,113,129,150,158,158,170,140,114,99,85,68,59,55,52,51
23,32,30,50,50,55,60,63,76,86,95,112,134,159,138,146,143,129,119,93,85,94,73,67,62,58
11,14,22,33,50,54,60,59,75,84,93,112,122,156,125,135,123,110,94,83,71,62,56,39,26,18
13,18,22,26,28,34,54,57,75,86,102,121,122,159,124,133,109,95,82,66,57,51,44,31,31,30
11,14,15,11,15,42,52,57,75,82,89,97,109,126,110,101,97,82,73,64,58,53,48,16,28,12
9,0,0,6,11,12,43,56,71,75,81,86,84,90,88,85,81,77,66,59,54,50,20,12,12,0
0,6,0,0,8,11,45,57,69,72,76,80,84,81,80,76,73,70,64,57,51,50,14,13,10,8
8,6,0,0,0,6,41,57,66,67,69,71,74,73,74,70,68,62,62,53,33,21,12,10,0,0
0,0,0,8,0,10,41,55,64,63,63,66,65,66,65,65,60,58,55,51,23,11,9,8,0,0
0,0,0,0,0,7,50,55,63,61,60,66,59,63,65,63,61,58,55,37,18,10,8,6,0,0
0,0,0,0,0,9,32,56,69,67,63,68,62,65,65,64,62,56,56,52,12,12,9,7,6,0
0,5,0,0,0,8,14,53,68,70,69,75,65,63,63,62,59,56,54,35,10,10,10,6,6,0
0,0,0,5,0,6,11,34,58,71,78,79,68,65,64,59,55,51,42,32,13,10,0,6,0,0
0,0,0,0,0,0,12,15,41,60,71,82,79,68,64,61,59,56,54,50,28,14,9,0,0,0
0,0,0,0,0,0,10,8,50,55,68,79,79,74,67,62,60,55,54,50,23,13,10,0,0,0
0,0,0,0,0,6,9,0,35,27,54,69,74,70,66,60,58,53,51,22,13,11,8,6,0,0
0,0,0,0,0,0,9,10,21,10,51,57,65,69,65,61,58,54,50,25,10,9,7,0,0,0
0,0,0,0,5,6,0,0,12,12,37,40,56,61,63,60,56,51,50,13,6,0,7,0,0,0
0,0,0,0,0,0,0,0,10,11,20,14,50,56,59,57,56,50,40,13,9,7,6,4,0,0
0,0,0,0,0,0,0,0,11,11,9,15,48,51,56,58,56,52,36,11,10,6,0,5,5,0
0,0,0,0,0,0,0,0,0,10,6,14,38,51,53,56,66,65,48,15,11,8,7,0,5,0
