0,5,8,17,57,22,12,36,57,62,63,71,66,60,64,65,63,59,55,51,31,12,11,9,6,5
0,0,7,24,60,52,50,54,62,66,66,70,75,67,72,74,70,68,63,56,51,27,13,12,9,0
0,0,13,30,53,60,58,62,58,64,80,86,85,76,79,82,82,77,72,65,57,50,37,16,11,10
8,19,28,48,53,59,54,56,80,91,99,109,112,95,96,106,118,107,83,65,59,54,52,41,25,15
10,20,42,55,56,50,62,79,95,123,136,131,121,129,136,129,118,119,95,71,62,59,56,53,43,29
8,10,31,53,61,67,67,83,105,130,132,120,137,139,139,135,127,123,105,80,65,60,58,55,50,40
14,11,14,55,62,71,73,92,112,135,149,150,167,148,141,135,127,115,99,80,67,61,58,56,50,30
9,14,14,56,67,70,75,83,125,144,176,149,141,138,132,130,121,112,95,76,66,62,59,55,45,14
11,20,45,55,68,66,62,72,113,183,185,146,140,138,126,126,120,115,91,72,64,60,58,53,50,36
12,14,35,54,57,60,65,74,96,116,134,144,136,134,134,129,124,113,89,70,62,56,53,14,32,17
13,36,47,56,64,57,63,66,86,122,149,174,141,128,137,148,149,139,98,74,65,61,56,54,50,12
8,13,43,54,60,53,55,55,71,91,119,150,142,128,118,124,142,119,83,68,67,64,60,57,53,47
0,11,13,51,54,50,50,57,69,86,111,141,128,114,110,108,107,94,75,64,57,53,53,52,13,11
0,0,0,8,14,11,14,33,60,78,95,90,92,89,91,84,78,70,62,52,26,13,13,10,0,0
0,0,0,19,50,28,37,55,64,76,88,88,94,91,92,96,85,83,70,61,54,50,45,35,14,9
0,0,8,25,50,45,38,58,73,80,92,96,99,100,94,95,93,81,69,62,55,51,50,40,14,11
0,0,8,18,51,52,50,59,80,92,94,91,96,99,93,97,91,82,71,63,57,52,51,50,17,12
0,0,0,11,55,54,57,62,76,115,89,94,98,102,98,98,93,89,74,64,57,53,52,51,30,14
0,0,10,50,58,56,59,68,77,139,104,105,108,108,102,99,93,85,75,64,59,52,54,51,32,10
9,12,50,55,61,63,66,73,86,119,152,134,144,147,139,128,108,98,94,91,82,66,61,66,56,52
10,29,48,56,64,71,72,74,86,97,208,110,113,116,121,116,115,102,91,90,92,75,63,63,57,52
9,12,26,54,61,66,69,74,84,97,143,110,110,114,112,105,98,90,82,74,70,54,53,50,37,23
11,14,28,41,53,59,64,69,84,96,145,142,108,110,110,115,95,87,77,69,74,54,52,42,38,28
10,16,29,52,62,64,65,72,85,93,99,132,96,104,114,98,98,87,77,74,70,58,58,57,42,27
10,11,29,52,60,59,62,67,78,92,96,96,82,94,104,88,87,96,79,75,66,57,57,54,50,28
7,11,30,50,59,56,57,65,84,101,96,86,83,93,106,88,95,93,86,76,63,57,56,53,46,26
7,8,19,50,55,56,56,64,80,97,94,84,88,88,92,90,104,90,92,73,62,55,53,52,38,14
0,9,13,25,51,52,51,59,75,85,92,84,88,76,77,81,80,82,77,75,60,53,50,34,14,12
0,0,12,17,40,50,50,60,71,81,93,81,88,74,73,78,80,79,82,70,64,51,40,25,12,9
7,8,9,11,21,36,50,57,73,77,90,82,80,72,71,73,80,80,71,72,58,52,40,15,12,10
0,8,8,11,14,18,47,57,72,78,86,83,80,74,73,79,80,79,76,71,60,50,35,21,12,10
0,7,9,11,14,12,25,55,73,79,88,83,77,68,67,73,75,75,69,59,52,30,12,12,10,0
0,0,13,22,26,11,34,53,66,75,85,83,82,68,63,71,80,78,72,62,54,31,20,10,8,7
6,9,0,12,14,12,16,51,67,75,85,80,77,68,63,72,79,75,69,61,53,30,13,11,8,7
0,10,10,0,11,25,21,51,63,73,82,80,76,67,64,74,79,75,69,59,52,25,15,11,6,0
0,9,9,9,9,14,23,50,59,68,81,82,73,67,61,73,75,73,65,57,51,17,8,8,8,0
5,9,9,9,13,21,16,35,58,65,86,89,76,64,60,74,79,74,63,54,44,21,11,0,9,6
7,12,11,12,14,14,14,41,57,68,102,100,77,65,67,75,94,109,66,54,50,25,9,12,13,12
9,10,13,13,17,13,18,43,58,68,97,94,71,63,67,80,87,114,68,53,48,25,19,13,13,10
0,0,0,11,10,9,6,14,38,54,64,64,59,51,52,57,63,66,52,31,15,13,12,10,9,0
0,5,8,14,57,22,12,34,57,61,63,70,66,61,64,65,62,59,54,51,25,13,11,9,6,5
0,0,8,23,59,52,44,53,62,66,65,70,75,67,73,73,70,68,63,56,50,27,13,12,9,0
0,0,14,29,52,59,59,62,58,63,81,86,86,75,79,82,81,77,72,66,57,50,40,21,12,10
8,19,28,48,53,59,55,55,79,90,99,109,112,95,95,106,117,108,82,66,59,54,53,45,25,15
10,20,47,54,55,50,63,79,95,122,136,132,122,129,136,129,118,119,95,72,62,59,56,54,45,31
8,10,35,52,61,67,67,83,105,129,132,120,137,140,140,136,126,124,106,80,64,60,58,54,51,45
14,11,15,55,62,71,72,92,112,134,149,149,168,148,142,135,128,116,100,80,66,61,58,55,50,35
10,13,14,55,68,70,74,83,124,142,172,149,140,138,132,131,120,112,94,76,65,61,58,55,47,17
12,21,47,55,68,66,61,72,112,177,183,146,140,138,126,126,119,116,91,72,64,61,58,53,51,38
12,16,37,54,57,58,64,73,95,116,134,144,136,134,133,129,123,113,89,69,62,57,53,17,37,19
13,36,50,57,64,57,64,65,85,121,149,175,141,129,136,149,149,139,98,74,65,61,57,54,51,13
8,13,47,54,60,53,55,55,71,91,119,151,142,128,118,123,143,120,83,68,66,63,60,57,53,47
0,11,14,51,53,47,51,56,69,86,111,141,129,115,110,107,107,95,75,64,57,53,53,52,14,11
0,0,0,8,15,11,13,32,59,77,95,89,92,89,91,84,78,70,62,52,26,13,13,10,0,0
0,0,0,14,46,28,37,55,64,75,87,88,93,90,92,95,84,83,69,60,54,50,43,35,15,9
0,0,8,19,50,45,33,58,73,79,90,96,99,100,94,94,92,80,68,62,55,51,50,40,14,12
0,0,9,18,51,52,50,59,80,91,93,91,96,99,93,97,90,83,70,63,57,52,51,50,21,13
0,0,6,11,55,54,57,61,75,114,89,94,98,102,98,98,93,89,74,64,57,53,52,51,30,14
0,0,10,50,58,56,59,68,76,137,103,105,108,107,102,100,93,85,75,64,59,52,54,51,35,10
9,13,50,54,61,63,65,72,85,117,149,134,144,147,139,126,107,98,93,90,81,66,61,66,56,52
10,29,48,56,64,71,72,74,86,96,201,109,113,116,120,115,113,102,89,89,91,76,63,63,57,52
9,12,25,54,61,66,69,73,83,96,140,108,110,112,110,103,97,90,81,73,70,55,53,50,37,21
10,14,29,40,52,58,63,68,83,95,143,139,107,110,109,113,94,86,76,68,73,54,52,42,39,27
10,15,32,52,61,63,64,71,85,91,98,131,95,102,112,97,98,87,76,73,68,58,58,56,42,26
10,11,31,51,59,58,62,67,77,92,95,96,81,94,104,87,87,96,78,75,65,57,57,54,50,26
7,11,31,50,58,56,57,65,83,99,95,86,83,93,105,87,94,93,84,75,62,57,55,53,48,30
7,8,21,48,55,55,55,63,80,97,94,83,88,87,92,89,103,90,91,72,61,56,52,51,38,14
0,9,13,23,51,52,51,59,75,85,91,84,88,77,77,81,79,82,76,75,59,53,50,36,14,12
0,0,12,15,40,47,51,60,70,81,93,82,88,74,73,77,80,79,82,70,63,52,40,23,12,10
7,7,9,11,21,34,50,57,72,76,90,82,80,71,70,73,79,80,71,73,57,52,40,17,12,10
0,8,9,10,14,20,47,57,71,78,86,82,80,73,72,78,79,79,76,71,59,50,37,21,13,10
0,7,9,11,13,12,26,55,73,79,88,83,77,68,66,73,75,75,69,59,52,31,13,12,10,0
0,0,14,20,25,10,34,53,66,75,85,83,83,68,64,70,79,78,72,61,54,31,20,10,9,8
6,9,0,12,15,12,15,51,67,75,85,80,78,68,63,71,78,75,69,61,53,30,13,11,8,7
0,11,11,0,11,25,23,51,63,73,82,79,77,67,64,74,79,75,69,59,52,27,15,11,7,7
6,9,10,8,9,14,23,50,59,68,81,83,74,67,61,73,74,74,65,57,50,19,9,9,8,0
6,8,9,9,13,21,18,33,58,65,86,89,77,63,60,73,78,74,63,53,41,26,11,0,9,6
8,12,11,12,14,14,14,40,57,68,104,101,77,65,67,75,93,111,66,54,50,25,10,12,13,12
9,10,13,13,16,13,17,45,58,66,98,94,71,63,66,79,86,116,68,52,50,26,19,13,13,10
0,0,0,11,10,8,5,13,37,54,64,64,59,51,52,56,63,67,52,31,15,13,12,9,10,0
0,5,8,15,57,20,12,31,57,61,63,71,66,61,64,65,62,58,54,51,23,13,12,9,6,6
0,0,8,22,59,52,50,53,62,66,65,70,74,67,73,73,70,68,63,56,50,25,13,12,8,0
0,0,14,29,53,60,59,62,59,63,81,85,85,75,79,82,81,77,72,65,57,51,40,20,12,11
8,18,30,47,54,59,55,55,80,91,98,108,112,95,95,106,117,108,82,65,59,55,53,45,23,16
9,21,45,54,55,50,63,79,96,123,135,131,123,130,136,129,119,119,94,72,62,59,55,54,40,36
8,10,41,52,61,67,68,83,105,130,132,120,137,140,139,136,127,125,105,80,65,60,57,55,51,50
14,11,19,55,62,71,73,92,112,134,148,150,170,149,142,134,129,116,100,80,66,61,58,55,50,35
9,13,15,54,68,70,73,84,124,142,171,149,140,138,132,130,121,112,94,76,65,62,58,55,47,19
11,21,45,55,68,66,61,72,111,175,181,146,141,138,126,125,120,115,90,72,64,60,58,54,50,38
11,15,37,53,57,59,64,72,96,116,134,143,136,134,133,129,123,112,88,69,62,57,53,17,35,23
13,34,50,57,66,57,63,65,85,121,149,175,141,129,137,148,149,139,98,73,65,61,57,54,50,13
8,14,50,54,61,53,55,55,72,91,119,151,143,128,119,123,145,120,83,68,66,63,60,58,53,50
0,11,14,50,53,47,51,56,69,86,112,141,129,116,110,107,107,95,74,64,57,53,53,52,14,11
0,0,0,7,15,11,13,33,60,77,95,89,92,89,91,85,78,70,62,52,30,12,13,10,0,0
0,0,0,14,48,29,36,55,64,76,88,88,93,90,92,95,85,83,69,60,54,50,42,35,15,9
0,0,8,23,50,45,33,57,73,80,90,96,99,100,94,94,92,80,67,62,55,51,45,40,14,12
0,0,9,16,51,52,50,59,79,91,93,90,97,99,93,97,91,82,70,63,57,52,51,50,21,13
0,0,7,11,55,54,57,60,75,113,89,94,98,103,97,98,93,88,73,64,57,53,52,51,26,14
0,0,9,50,57,56,58,67,77,136,102,104,108,107,102,99,93,85,74,63,58,52,53,51,33,9
9,13,50,54,61,64,64,71,84,117,149,134,143,146,139,126,106,98,92,90,80,66,61,66,55,52
10,26,48,55,64,70,71,73,86,96,199,109,113,116,120,114,113,101,89,89,91,76,63,62,57,52
9,12,26,53,61,67,69,73,83,95,140,108,109,112,110,102,97,89,81,73,69,54,53,50,35,25
10,14,29,40,53,58,63,67,83,94,142,139,106,109,108,112,94,86,75,68,73,54,51,41,37,27
10,14,32,52,61,63,64,71,85,90,98,131,95,102,112,97,98,86,75,72,68,58,58,57,41,28
9,12,31,51,60,58,61,66,77,91,95,96,81,94,104,87,87,95,77,75,65,57,57,53,50,26
6,11,30,50,58,56,57,64,83,99,95,87,82,93,105,87,95,93,84,75,62,56,55,53,46,30
6,8,21,48,55,55,55,63,80,97,93,83,88,87,91,89,103,90,90,72,61,56,52,51,36,15
0,9,14,26,51,52,52,58,74,85,91,84,88,77,76,81,79,81,76,75,59,53,47,38,14,12
0,0,13,15,40,45,51,59,71,81,93,81,88,73,73,77,80,79,81,70,63,52,40,21,11,10
7,7,9,11,21,31,50,57,72,76,90,81,80,71,70,73,80,79,70,73,58,52,38,15,12,10
0,8,9,10,14,20,44,57,71,78,86,82,80,74,72,78,79,79,75,70,59,50,33,19,13,11
0,7,9,11,13,12,26,55,73,79,88,83,77,68,66,74,75,75,68,59,52,30,13,12,10,0
0,0,14,20,26,10,35,52,66,75,85,83,83,68,63,70,79,78,71,61,55,34,20,10,8,8
6,9,0,12,16,12,16,51,67,75,85,81,78,68,63,71,79,75,68,61,53,27,13,11,7,7
0,11,11,0,11,27,21,51,63,73,82,79,77,67,64,74,79,75,69,59,52,30,14,11,7,7
0,10,10,8,9,14,25,50,59,69,80,83,74,67,61,73,74,74,65,57,50,19,9,9,8,0
5,8,9,9,13,21,18,31,58,65,87,89,77,63,60,73,78,74,63,54,39,28,12,0,9,6
8,12,11,12,14,16,14,40,57,68,104,101,77,65,67,75,93,112,66,54,50,25,10,12,13,12
9,10,13,13,16,14,16,41,58,66,98,94,71,62,66,79,86,116,68,53,46,28,19,14,13,10
0,0,0,11,11,8,5,13,37,54,64,64,59,51,52,56,62,67,52,31,14,13,12,9,10,0
0,5,8,19,57,20,12,31,57,62,63,70,66,60,64,64,63,58,54,50,21,13,12,9,6,6
0,0,8,22,58,53,44,53,62,66,65,70,74,67,73,73,70,69,62,56,50,27,13,12,9,0
0,0,14,27,53,60,59,62,59,63,80,85,86,75,78,82,82,77,72,65,57,51,42,20,12,11
8,19,28,50,54,59,55,55,80,90,98,108,113,95,95,106,117,108,82,65,58,54,53,45,23,14
9,21,50,54,56,51,62,79,96,122,135,131,123,130,136,129,120,119,94,72,62,59,56,54,38,31
8,10,43,52,61,68,67,83,106,130,132,119,137,140,139,135,126,125,106,80,64,60,57,55,51,47
14,11,17,56,61,71,73,91,112,133,148,150,170,148,142,135,129,116,100,80,66,61,58,54,50,37
10,13,15,54,68,70,73,83,123,141,169,149,140,138,132,130,121,112,94,76,66,62,58,54,50,21
12,23,47,56,68,66,61,71,111,173,180,145,141,138,126,125,120,115,90,72,64,60,57,54,51,36
12,15,40,54,57,59,64,72,96,115,134,143,136,134,133,129,124,112,88,69,61,57,53,17,35,23
12,36,50,58,65,57,63,65,86,121,149,175,141,129,137,148,150,140,98,73,65,61,57,54,51,13
8,13,47,55,61,54,55,55,72,91,120,153,142,128,119,124,145,120,83,68,65,63,60,58,53,50
0,11,14,50,53,47,51,56,69,86,112,141,128,116,110,107,108,95,74,64,56,53,53,52,14,11
0,0,0,8,14,11,13,33,60,77,95,89,92,89,91,85,79,70,61,51,28,12,13,10,0,0
0,0,0,14,48,29,36,55,64,75,87,87,93,90,92,95,85,83,69,60,54,50,43,33,15,9
0,0,8,25,50,45,33,57,73,80,90,96,100,100,95,94,92,80,67,61,55,51,45,40,14,12
0,0,9,16,51,52,50,59,80,91,92,90,97,99,92,97,91,82,70,62,56,52,51,50,21,13
0,0,7,11,55,54,56,60,75,113,88,94,98,104,97,98,92,88,73,64,57,53,52,50,28,14
0,0,10,50,57,56,58,67,77,136,101,103,107,108,102,100,93,84,74,63,58,51,53,50,33,9
8,13,50,54,61,63,64,71,84,117,147,134,143,146,139,126,107,97,92,89,80,66,60,66,55,52
10,26,46,56,64,70,70,73,86,96,197,108,113,116,120,113,113,100,89,89,90,76,63,62,57,52
9,13,25,53,62,66,68,73,82,95,138,108,109,111,109,101,96,89,79,73,69,54,53,50,35,23
10,15,28,40,52,58,63,67,83,94,142,138,106,109,107,112,93,85,75,67,72,54,51,41,37,28
10,14,32,52,62,63,64,71,85,89,98,130,95,102,111,97,98,86,75,72,68,58,58,56,41,29
9,12,31,52,59,58,61,66,76,91,95,96,81,94,104,86,87,95,77,75,64,56,57,53,50,26
6,11,30,50,58,57,56,64,83,99,95,86,82,93,105,87,95,93,84,75,62,56,54,53,44,30
6,9,19,50,55,55,55,62,80,97,93,83,88,87,91,89,104,89,90,72,61,56,52,51,40,14
0,9,13,25,50,52,52,59,74,85,91,84,88,77,76,81,80,81,75,74,59,53,50,38,14,12
0,0,13,14,40,43,50,59,71,81,93,81,88,73,73,77,80,79,81,70,63,52,43,19,12,10
7,7,9,11,21,31,47,56,72,76,89,81,80,71,70,72,80,79,70,72,57,52,40,15,12,10
0,8,9,10,15,20,41,57,71,77,86,82,80,74,72,78,79,79,75,70,58,50,35,19,13,10
0,7,9,11,13,12,25,55,73,79,88,83,77,68,66,73,75,74,68,59,51,30,13,12,11,0
0,0,14,18,23,11,35,52,66,75,85,83,83,68,63,70,79,78,71,61,54,32,22,11,9,8
6,9,0,13,18,12,14,51,67,75,85,80,78,69,63,71,79,74,68,61,53,27,13,11,8,7
0,11,11,0,11,25,23,51,63,73,82,79,77,67,64,74,79,74,69,59,51,33,14,11,7,7
0,10,10,8,8,14,23,50,59,68,80,82,74,67,61,72,75,73,65,57,50,19,9,9,8,0
5,8,9,9,13,21,20,29,58,65,87,89,77,63,60,73,78,74,62,53,39,25,12,0,9,6
8,12,11,12,14,18,14,40,57,68,104,101,77,65,67,75,93,112,66,54,50,23,10,12,13,12
9,10,13,14,17,14,15,41,58,66,98,94,71,63,66,79,86,117,68,53,46,28,20,14,13,10
0,0,0,11,11,8,5,13,37,54,64,64,59,51,52,56,63,67,52,31,14,13,12,10,9,0
0,5,8,19,56,20,12,29,56,61,63,71,66,60,64,64,63,58,54,51,19,13,12,9,6,6
0,0,8,23,59,53,47,53,62,66,65,70,74,67,73,73,70,69,62,56,50,32,13,12,9,0
0,0,13,27,53,60,59,62,59,63,80,86,86,75,78,82,82,77,72,65,57,51,45,21,12,12
8,20,25,50,54,59,55,55,80,90,98,108,113,95,95,106,118,108,82,66,58,54,53,43,23,15
9,20,50,54,56,51,62,79,96,123,136,131,122,130,136,129,120,120,94,72,62,59,56,54,34,34
8,10,41,53,62,68,68,83,106,131,133,119,138,140,139,136,127,125,106,80,64,60,57,55,51,50
14,12,19,56,62,71,73,90,112,133,147,151,170,148,142,135,130,116,100,80,67,61,58,55,50,40
10,14,15,55,68,71,73,83,122,141,168,150,140,137,132,130,122,113,94,76,66,62,59,55,45,21
12,21,47,56,68,67,62,71,110,172,178,145,140,138,126,125,120,115,91,72,64,60,58,54,50,38
12,14,37,54,58,59,64,72,96,115,134,143,136,134,133,129,124,112,88,70,61,57,53,20,32,25
12,38,50,57,65,57,63,65,86,121,148,175,141,128,137,149,149,140,98,74,65,61,57,54,50,13
9,13,50,55,61,55,55,54,72,90,119,154,142,128,119,124,145,121,83,68,65,64,60,58,53,50
0,11,14,51,54,50,51,56,68,86,113,142,128,116,110,107,108,96,74,64,56,54,54,52,14,12
0,0,0,8,15,12,14,32,60,77,95,90,92,89,91,85,79,71,61,52,28,12,13,10,0,0
0,0,0,14,48,29,36,55,64,75,88,88,93,91,92,96,86,83,69,60,54,50,43,36,14,9
0,0,8,25,51,43,33,57,73,80,90,96,100,101,94,95,92,80,68,62,55,52,47,43,14,12
0,0,9,16,51,52,50,58,79,90,92,91,96,99,92,97,91,82,70,63,56,52,51,50,19,13
0,0,6,11,55,54,56,60,75,113,88,94,99,104,97,98,93,88,73,64,57,54,52,50,26,14
0,0,10,50,57,56,58,67,77,135,100,103,107,107,102,100,93,85,74,64,58,52,53,50,32,9
9,13,50,54,61,64,63,70,84,116,147,134,143,146,139,126,107,97,92,89,80,65,61,66,55,52
9,25,46,56,64,70,69,72,85,95,195,107,113,115,120,113,114,100,88,89,90,76,63,62,56,52
9,12,23,53,62,66,68,72,82,95,138,107,109,111,109,101,96,89,79,73,69,54,53,50,37,21
10,14,29,40,53,58,63,66,83,93,142,137,105,108,105,112,93,85,75,67,72,54,51,42,36,27
10,15,31,53,61,63,64,70,85,89,97,129,95,102,111,96,97,86,75,72,68,58,58,56,41,28
9,12,31,52,59,58,61,66,76,91,95,96,81,94,104,87,87,95,78,75,64,56,57,53,48,25
7,10,31,50,58,57,56,63,83,99,95,86,83,93,105,87,95,92,84,75,62,56,54,52,44,28
6,8,21,50,55,56,55,62,80,96,93,83,88,88,91,89,104,89,90,72,61,55,52,51,40,14
0,9,14,26,51,52,51,58,74,84,91,84,88,77,76,82,80,81,76,74,58,53,50,38,14,13
0,0,13,17,40,45,50,59,70,80,93,81,88,73,73,77,80,79,81,70,63,52,43,19,12,9
7,7,9,11,23,31,50,56,72,76,89,81,80,71,70,73,80,79,70,72,57,52,40,17,12,10
0,8,9,10,15,21,41,56,71,77,86,82,81,74,72,78,79,79,75,71,58,50,35,21,12,10
0,7,9,11,14,12,25,55,73,79,88,83,77,68,66,73,76,74,68,59,51,29,13,12,10,0
0,0,14,20,25,11,35,52,66,75,85,83,83,68,63,71,80,78,71,61,54,34,22,11,9,8
6,10,0,13,18,13,14,50,67,75,85,80,78,68,63,71,79,74,69,61,53,32,13,11,8,8
0,11,11,0,11,27,23,50,63,73,82,79,77,68,64,75,79,74,69,59,51,33,14,11,6,7
0,10,10,8,8,14,25,50,59,68,80,83,74,67,61,73,75,73,65,57,50,19,9,9,8,0
6,9,9,9,13,21,20,27,58,65,86,90,77,63,60,74,79,74,63,54,41,25,12,0,9,7
8,12,11,12,14,18,14,40,58,68,105,101,77,65,67,75,94,112,67,54,50,26,10,12,13,12
8,10,13,14,18,14,15,41,58,66,98,94,71,63,66,79,86,117,68,53,45,26,20,14,13,10
0,0,0,11,11,8,5,13,37,54,64,64,59,50,52,56,63,67,52,31,14,13,12,10,9,0
0,5,8,19,56,17,12,31,57,60,62,71,65,59,64,64,63,57,54,50,23,13,12,9,6,6
0,0,8,22,58,53,50,53,62,66,65,70,74,66,73,73,71,69,62,56,50,35,13,12,9,0
0,0,13,29,53,60,59,62,59,63,80,85,86,75,78,82,82,77,72,65,57,52,45,23,12,12
8,19,27,50,54,59,55,56,80,91,98,108,113,95,95,107,118,108,82,66,59,54,53,43,23,15
9,20,50,54,56,51,62,79,96,123,136,131,123,130,135,129,120,120,94,72,62,59,56,54,38,38
8,10,43,53,61,68,67,83,106,131,132,119,138,140,140,136,128,124,105,80,64,60,57,55,51,47
14,12,17,56,62,72,73,91,113,133,147,151,170,149,142,135,130,116,100,81,67,61,58,56,50,40
10,14,15,55,68,70,73,82,122,141,168,150,141,138,132,130,122,112,94,76,66,62,59,55,45,17
12,21,50,56,68,66,61,72,110,171,178,145,141,138,126,125,120,114,90,71,64,60,58,55,51,36
12,14,40,55,58,60,64,72,95,115,134,143,136,134,133,129,125,112,88,70,61,57,54,22,35,21
12,38,50,57,65,57,63,64,86,121,148,174,141,128,137,148,150,141,98,74,64,61,57,54,50,13
8,13,50,56,61,55,55,54,71,91,119,153,141,128,118,124,145,121,83,68,65,64,60,58,53,50
0,10,16,51,54,50,51,56,69,86,112,141,128,117,109,108,108,96,74,65,56,54,54,52,14,11
0,0,0,8,14,12,14,30,60,77,96,90,92,89,91,85,79,71,61,51,26,12,13,10,7,0
0,0,0,14,48,28,37,56,64,76,88,87,93,91,91,96,86,83,69,60,53,50,45,37,14,9
0,0,8,25,51,43,36,56,73,80,90,96,100,101,94,95,92,80,68,62,55,51,50,43,15,12
0,0,9,18,51,52,50,58,80,90,93,91,96,99,93,98,91,82,70,63,56,52,51,50,21,13
0,0,6,11,55,54,56,60,75,112,88,94,98,103,97,98,92,88,73,64,57,54,52,51,28,14
0,0,10,50,57,56,58,66,76,135,100,102,107,107,103,100,93,84,74,64,57,52,54,50,32,8
9,12,50,55,61,64,64,70,84,115,146,133,143,144,138,126,107,97,92,89,80,65,61,66,56,52
9,25,48,56,64,70,69,72,85,95,192,107,112,115,120,113,114,99,89,89,90,75,63,63,56,52
9,13,23,52,62,66,68,72,82,94,137,107,108,111,109,101,96,87,79,72,69,54,53,50,35,23
10,14,29,40,53,59,63,66,82,93,142,137,105,107,105,111,93,85,75,67,72,54,52,42,36,27
10,16,32,53,61,63,64,70,85,89,97,129,95,101,111,96,97,86,75,72,68,58,58,56,41,28
9,12,31,52,59,58,61,66,77,91,95,96,81,94,104,86,86,95,78,74,64,56,57,53,46,25
7,10,33,50,58,57,57,63,83,100,95,86,83,93,105,88,95,92,84,75,62,56,55,53,42,26
6,9,21,50,55,55,55,62,81,96,93,84,87,88,91,89,103,89,89,72,61,55,53,51,36,14
0,9,14,28,51,52,52,58,74,84,91,84,88,76,76,81,80,81,76,74,59,53,47,38,14,12
0,0,13,19,38,45,50,59,71,80,92,81,88,73,73,77,80,79,81,70,63,52,43,21,12,9
6,7,9,11,23,31,50,56,71,76,88,81,80,71,70,73,80,79,70,72,57,52,43,19,13,10
0,7,9,10,14,20,41,56,71,77,86,82,81,74,72,79,79,79,75,71,58,50,35,23,12,10
0,7,9,11,14,12,25,55,73,79,88,83,77,68,66,73,76,74,68,59,51,29,13,12,10,0
0,0,14,20,25,11,35,52,66,75,84,83,83,67,63,71,80,77,71,61,54,34,23,11,8,8
6,10,0,13,18,13,15,50,66,75,85,80,78,68,63,72,79,75,68,61,52,30,13,11,8,8
0,11,11,0,10,27,21,50,63,72,82,79,78,67,64,75,79,74,69,59,51,33,14,11,6,7
0,10,10,7,8,14,23,50,59,68,80,82,74,66,61,72,75,73,65,57,50,19,9,9,8,0
6,9,9,9,13,21,21,27,58,64,86,90,77,63,60,74,79,74,63,54,41,23,12,0,10,6
8,12,12,12,14,16,15,40,58,68,105,101,77,65,66,75,94,113,67,54,50,27,10,12,13,12
8,10,13,14,18,14,17,40,58,67,98,94,71,63,66,78,86,117,69,53,43,28,22,14,13,10
0,0,0,11,11,9,6,13,37,54,64,64,59,50,52,56,63,67,52,31,14,13,12,10,9,0
0,5,8,19,56,19,12,31,56,61,62,70,65,59,64,64,63,58,55,50,23,13,11,9,6,6
0,0,8,22,58,52,50,53,62,66,65,70,74,66,73,73,71,70,62,56,50,35,13,13,9,0
0,5,14,30,53,60,59,62,59,63,80,85,86,75,78,82,82,77,73,65,57,51,45,25,12,12
8,19,27,50,53,59,56,56,80,90,99,108,114,95,95,107,119,109,83,65,59,55,53,47,25,16
10,20,50,54,56,50,61,79,95,123,136,131,123,129,135,128,120,120,95,72,62,59,56,54,40,36
8,10,39,53,62,68,67,83,106,131,133,120,137,140,140,135,128,125,107,80,63,60,57,56,51,42
14,12,17,56,63,71,74,91,113,133,147,151,170,149,142,136,130,116,101,80,66,61,58,56,50,42
10,15,15,55,68,70,73,81,122,140,168,149,140,138,132,130,122,113,94,75,66,61,58,55,42,19
11,23,50,56,68,66,62,72,110,170,176,145,140,137,125,125,120,115,91,71,64,60,58,54,51,36
12,14,40,55,57,59,65,72,95,115,134,143,136,134,133,129,125,112,88,69,62,57,54,22,32,23
12,40,51,57,64,56,63,64,86,121,149,175,141,128,136,149,151,142,99,74,65,61,57,54,50,13
9,13,50,55,61,55,55,54,72,91,120,153,140,127,117,124,144,121,84,67,65,64,60,58,54,47
0,10,18,51,54,50,51,56,69,87,113,141,127,117,110,108,109,96,75,64,56,53,54,52,14,12
0,0,0,8,15,12,14,29,60,77,96,90,92,89,91,85,80,72,62,51,23,13,14,10,0,0
0,0,0,14,48,29,38,56,64,75,87,87,94,92,92,96,86,84,70,60,54,50,45,37,14,9
0,0,8,23,51,41,36,56,73,80,90,96,100,100,95,95,93,80,69,61,55,51,50,45,17,12
0,0,9,20,51,52,50,58,80,90,93,91,96,99,93,98,91,82,71,62,56,52,51,50,23,13
0,0,7,11,55,54,56,60,74,112,88,94,98,102,97,97,93,88,74,64,56,53,52,51,30,15
0,0,11,50,57,56,58,66,76,134,100,102,107,106,102,100,93,84,74,63,58,52,54,51,33,9
9,12,50,55,61,63,64,70,84,115,146,133,143,144,138,126,107,97,92,88,80,65,61,66,56,52
9,25,48,56,64,70,69,72,84,95,191,107,111,114,120,113,114,99,88,89,90,75,63,63,56,51
9,12,22,53,62,66,67,71,81,94,136,106,108,110,109,100,96,88,80,72,68,54,53,50,35,21
10,14,29,42,52,58,63,66,82,93,142,136,105,106,105,111,93,85,75,67,71,54,52,42,37,27
10,16,31,53,61,63,64,70,84,89,97,128,94,101,111,96,97,86,76,72,67,58,57,56,41,28
9,12,31,52,59,58,61,66,77,91,95,96,81,93,104,86,86,95,78,73,64,56,57,53,48,25
7,11,33,50,59,57,57,63,83,99,95,86,83,92,104,87,95,92,85,75,62,56,55,53,46,26
6,9,23,50,55,56,55,62,80,96,93,83,87,87,91,89,103,89,90,72,61,55,53,52,38,14
0,9,14,28,51,52,52,58,74,84,91,84,88,76,76,81,80,81,76,74,59,53,47,38,15,12
0,0,12,19,40,43,50,59,70,80,92,81,88,73,73,76,80,79,81,69,63,52,40,23,12,10
7,7,9,11,21,31,50,56,71,75,89,81,80,71,70,72,80,79,70,72,58,52,43,19,12,10
0,8,9,10,14,20,41,56,70,77,86,82,81,74,72,78,79,79,75,70,59,50,37,23,12,10
0,7,9,11,14,12,27,54,73,78,88,83,77,68,66,72,76,74,69,58,51,29,13,12,10,0
0,0,13,20,25,12,35,52,65,75,84,83,83,67,63,71,80,77,72,60,54,31,23,11,9,8
6,10,0,13,16,12,15,51,67,75,85,80,77,67,63,72,79,74,69,60,52,32,13,12,9,8
0,11,11,0,10,23,23,50,63,72,82,80,77,67,64,75,79,74,70,58,52,30,14,11,7,7
0,9,10,7,8,14,23,50,60,68,80,82,73,66,61,73,75,73,66,57,50,19,9,9,8,0
6,8,9,9,13,21,21,29,58,64,86,91,77,63,60,74,78,74,64,53,41,21,12,0,10,7
8,12,11,12,14,15,16,40,58,68,106,100,77,65,66,74,93,113,67,54,50,26,10,12,13,12
8,10,13,14,20,14,15,40,58,67,98,94,71,63,66,78,86,118,69,52,48,28,23,14,13,10
0,0,0,11,11,9,6,13,38,54,64,64,58,51,52,56,64,67,53,29,14,13,12,10,9,0
0,5,8,17,56,20,12,31,56,60,62,70,66,60,64,64,63,58,55,50,23,13,11,9,6,6
0,0,8,22,58,52,50,53,61,66,65,70,74,66,72,73,71,70,63,56,50,37,13,13,9,0
0,5,14,30,53,60,59,62,59,63,80,85,86,76,79,82,82,77,74,66,57,51,40,23,12,11
8,20,28,50,54,60,55,57,79,91,98,109,113,96,95,107,118,109,83,65,59,55,53,47,23,18
10,20,47,55,56,50,62,79,95,123,137,131,123,129,135,129,119,120,96,72,63,59,56,54,43,38
8,10,37,53,62,68,68,83,106,131,132,121,137,140,140,135,129,125,107,80,64,60,58,56,51,40
14,12,21,57,63,71,74,92,112,133,147,152,170,150,143,136,130,117,101,80,66,61,58,56,50,37
10,17,17,55,68,70,72,81,120,140,168,149,140,138,132,131,122,112,95,75,65,62,59,55,42,14
11,20,50,55,69,66,62,73,109,168,176,146,140,137,126,125,120,115,91,71,64,60,58,54,50,38
12,14,40,55,57,59,65,73,94,115,134,144,136,134,132,129,124,113,89,69,62,56,54,27,35,19
12,38,51,57,65,56,63,64,86,121,149,175,141,128,136,149,151,141,99,73,64,61,57,55,50,12
8,13,50,55,62,55,55,54,71,91,120,152,141,127,117,124,145,121,84,67,65,64,60,59,53,45
0,10,18,51,54,50,51,56,68,86,112,141,127,115,110,108,108,96,75,64,56,53,54,53,14,11
0,0,0,8,15,12,14,28,59,75,95,90,92,88,91,85,79,71,62,51,25,12,13,11,0,0
0,0,0,15,48,31,37,56,64,75,87,88,94,91,91,96,86,84,70,59,54,48,43,37,14,9
0,0,8,23,50,43,38,56,73,79,90,95,100,100,94,95,92,79,69,61,54,51,51,45,15,11
0,0,9,20,51,53,50,57,79,90,92,91,96,99,93,98,91,82,71,62,56,52,52,50,21,13
0,0,6,11,55,54,56,59,73,112,88,94,97,102,96,98,93,88,74,65,57,53,52,51,28,15
0,0,11,50,57,56,58,66,75,133,100,103,106,106,102,100,93,84,74,63,57,52,54,51,32,9
9,12,50,55,61,64,64,70,83,115,145,132,142,144,137,126,106,97,92,88,80,65,61,67,56,52
10,25,48,56,64,70,69,71,84,94,190,106,110,114,119,113,113,99,88,89,90,75,63,63,56,51
9,12,22,53,61,66,67,71,81,94,137,106,108,110,108,101,96,87,80,72,68,54,53,50,35,20
10,14,30,42,53,58,63,66,82,93,140,136,105,106,104,111,93,85,75,67,72,54,52,42,37,26
10,17,31,53,61,63,64,70,84,89,96,127,94,100,111,96,97,86,76,72,68,57,57,56,42,26
9,11,31,52,59,58,61,66,76,91,95,96,81,94,103,86,86,95,78,73,64,57,57,53,48,23
7,10,35,50,59,57,57,64,83,99,95,87,83,92,104,87,94,92,85,75,62,56,55,53,44,23
7,9,25,50,55,56,55,62,80,96,93,83,87,87,92,89,102,89,90,72,61,55,53,52,36,14
0,9,13,28,51,52,52,57,74,84,91,84,88,76,76,82,80,81,76,74,59,53,47,38,14,12
0,0,12,21,40,45,51,59,70,80,93,82,88,73,73,76,80,79,81,70,63,52,40,25,12,9
7,7,9,11,23,31,50,56,71,76,89,81,80,71,70,73,80,79,70,72,58,52,38,19,12,10
0,8,9,10,14,20,44,56,70,78,86,82,81,74,72,79,79,78,75,70,59,50,37,25,12,10
0,7,9,11,14,12,27,54,72,78,88,84,77,68,66,72,76,74,69,58,51,30,13,12,10,0
5,0,13,20,27,12,35,52,65,75,84,84,83,67,64,71,80,77,72,61,54,31,22,11,9,7
6,10,6,13,15,12,16,51,66,75,85,81,77,67,63,71,79,75,69,60,52,35,13,11,8,8
0,10,11,6,10,25,23,50,63,72,82,80,77,67,63,74,79,75,70,58,52,33,15,12,7,7
6,9,10,7,8,14,21,50,59,68,81,82,73,66,61,73,75,74,66,57,50,19,9,9,8,0
6,8,9,9,13,23,20,31,58,65,87,91,77,63,60,74,79,74,64,53,41,21,12,6,10,6
8,12,11,12,14,16,15,40,57,68,105,101,77,65,66,75,93,113,67,54,50,27,10,13,13,11
9,9,13,14,18,14,16,40,58,67,98,94,70,63,66,78,86,118,69,52,48,28,22,14,13,10
0,0,0,11,11,8,6,13,37,54,64,64,58,51,52,56,64,67,53,29,14,13,12,10,9,0
0,5,9,17,55,20,12,31,56,61,62,70,66,60,64,64,63,58,55,50,27,13,12,9,6,5
0,0,8,21,57,51,50,52,61,66,65,70,75,66,73,73,71,70,63,56,50,32,13,12,9,0
0,0,14,32,53,60,59,62,59,63,80,85,86,76,79,82,82,77,74,66,57,51,42,23,12,11
8,20,32,50,53,60,55,56,79,91,98,109,113,96,96,107,118,109,83,65,59,55,53,50,27,17
10,21,47,55,56,51,62,79,95,124,136,132,123,130,135,129,118,120,96,72,63,58,56,53,47,31
9,10,39,53,61,68,68,83,106,131,131,121,138,140,141,135,130,125,107,80,64,60,58,55,51,37
14,11,19,57,62,71,74,92,113,133,148,151,169,150,143,137,130,117,101,80,66,61,58,56,51,37
10,15,17,55,68,69,73,81,121,139,166,149,140,138,132,131,121,112,95,75,65,62,58,55,47,14
12,21,50,55,68,66,61,73,108,166,176,146,140,137,126,124,119,114,91,70,64,60,58,54,51,33
12,14,40,55,57,59,64,73,93,115,134,144,136,134,132,129,124,112,88,68,62,56,54,22,35,23
13,38,51,57,65,56,63,65,86,121,149,174,141,128,136,148,151,140,98,73,64,61,57,54,50,12
8,13,50,55,62,55,56,54,71,91,119,151,142,127,117,124,144,121,84,67,66,64,60,58,53,47
0,10,18,51,54,44,51,55,69,86,111,141,128,114,109,108,108,96,75,64,57,53,54,52,14,11
0,0,0,8,15,12,14,28,59,75,95,90,92,88,91,85,79,71,62,51,25,12,13,10,7,0
0,0,7,14,46,29,37,56,64,75,87,87,93,91,91,95,85,84,70,59,54,48,43,35,15,9
0,0,8,21,50,45,36,56,73,79,90,96,99,100,95,94,92,79,69,61,55,51,51,43,14,11
0,0,9,20,51,52,50,58,79,90,92,91,96,98,93,97,91,82,71,62,57,52,52,50,21,13
0,0,7,10,55,54,56,59,73,112,86,94,97,102,96,97,93,88,73,64,57,53,52,51,28,15
0,0,11,50,57,55,58,66,75,133,100,103,106,106,102,99,93,83,74,62,57,51,54,51,30,9
9,12,50,54,61,64,64,70,84,115,144,132,142,143,137,126,106,97,92,88,80,65,60,67,56,52
10,26,48,56,64,70,69,72,84,94,188,106,110,114,119,112,112,100,88,89,90,75,63,63,56,51
9,12,22,53,61,65,67,71,82,94,136,106,108,109,109,100,96,87,81,72,69,54,53,50,35,21
10,13,28,42,52,59,62,66,82,93,139,135,105,107,105,111,93,85,75,67,72,54,52,40,37,27
10,16,32,53,62,63,65,70,84,89,96,128,94,100,111,96,97,85,76,71,68,57,57,56,42,26
9,11,31,51,59,58,61,66,77,91,94,96,81,94,103,86,87,95,78,73,64,57,57,54,46,25
7,11,33,50,58,57,58,64,83,100,95,87,83,93,105,87,95,93,84,75,62,56,55,53,48,25
7,9,25,50,55,56,55,63,80,97,93,84,87,87,92,89,102,90,90,72,61,55,52,52,38,14
0,9,13,28,51,52,52,58,75,84,91,84,88,77,77,82,80,82,76,74,59,53,47,36,14,12
0,0,12,19,40,45,50,59,71,80,93,82,88,73,73,77,81,79,82,70,63,52,43,23,12,9
7,7,9,11,23,29,50,56,71,77,89,81,80,71,70,73,80,79,71,72,58,52,38,19,12,10
0,8,9,10,14,16,44,57,70,78,85,82,80,74,72,79,79,78,75,70,59,50,37,23,12,11
0,7,9,11,14,12,26,54,73,78,88,84,77,68,66,72,76,75,68,58,51,30,13,12,10,0
5,0,14,20,26,12,35,52,66,75,84,84,83,67,64,71,80,77,72,61,55,31,22,11,9,7
6,10,6,12,16,12,18,51,67,74,85,81,78,68,63,71,78,75,69,60,52,32,13,11,9,8
0,10,11,7,10,23,21,51,63,72,82,80,77,67,63,74,79,75,70,58,52,33,15,11,7,7
6,9,10,7,8,13,21,50,59,68,81,83,73,66,61,73,75,74,66,56,50,21,10,9,8,0
6,8,9,9,13,25,21,31,58,65,87,90,77,63,60,74,78,74,64,53,41,21,12,6,10,7
8,12,11,12,14,15,14,41,58,68,106,102,77,65,66,73,93,113,67,54,50,27,10,12,13,11
9,10,13,13,18,14,15,41,58,67,98,94,70,63,66,78,86,118,70,52,50,26,22,14,13,10
0,0,0,11,11,8,6,13,38,55,64,64,59,51,52,56,64,67,53,28,14,13,12,10,9,0
0,5,9,15,55,20,12,34,56,61,63,70,66,61,65,64,63,58,55,50,27,13,12,9,6,5
0,0,8,21,58,51,47,53,61,66,65,70,75,67,73,73,70,69,63,56,51,30,13,12,9,0
0,5,14,32,53,60,59,62,59,63,80,86,86,76,78,82,82,77,74,66,57,51,40,23,12,11
8,19,31,50,53,60,54,56,79,91,98,110,113,95,96,106,118,107,83,65,59,55,53,47,27,17
10,21,47,55,56,51,62,79,95,124,136,131,123,130,136,129,118,120,96,72,63,58,56,54,45,31
8,10,37,53,61,67,68,84,106,131,132,121,138,141,141,135,129,125,108,80,65,60,58,55,51,37
13,11,19,57,63,69,74,92,112,133,148,151,170,150,143,136,130,116,101,80,67,61,58,56,51,37
9,14,17,55,67,69,73,81,120,139,165,148,140,138,132,131,121,112,96,75,65,62,58,55,45,14
11,20,50,55,68,66,61,72,108,165,174,145,140,137,126,124,119,114,91,70,64,60,58,53,51,33
12,14,37,54,57,59,64,73,93,115,134,144,136,134,132,129,124,112,89,68,62,57,54,22,37,21
12,36,51,57,65,56,62,66,85,121,149,174,141,128,137,148,150,139,99,73,64,61,57,54,50,12
8,13,50,55,61,55,55,54,71,91,120,151,141,128,118,124,144,120,84,67,66,64,59,59,53,47
0,10,16,51,54,44,51,56,69,86,112,140,128,114,110,108,108,95,75,64,57,53,54,52,14,11
0,0,0,7,15,12,14,30,59,75,95,90,92,88,91,85,79,70,62,51,25,12,14,10,7,0
0,0,7,15,48,31,36,55,64,75,87,88,94,91,91,95,86,83,70,59,54,48,43,33,16,9
0,0,8,23,50,43,33,57,72,79,90,96,99,100,95,94,91,78,69,61,55,51,50,40,14,11
0,0,9,16,51,52,50,58,79,90,92,91,96,99,93,97,91,82,71,62,57,53,51,50,23,12
0,0,7,11,55,54,56,60,73,112,86,93,97,102,96,97,93,87,73,63,57,53,52,51,28,15
0,0,11,50,56,55,58,66,75,133,100,103,106,107,101,98,93,83,74,62,58,51,54,50,32,9
9,12,48,54,61,64,64,70,83,115,144,132,142,144,136,126,105,96,92,88,80,65,60,67,56,52
10,25,46,56,64,70,68,72,84,94,188,106,110,114,118,112,111,100,88,89,90,75,63,63,56,51
9,12,23,53,61,66,67,72,81,94,136,106,108,109,108,100,95,87,80,72,68,54,53,50,37,21
10,14,28,40,52,58,62,66,82,93,139,134,106,107,105,111,92,85,75,67,72,53,51,40,37,26
10,14,31,53,61,63,64,70,84,89,96,128,94,100,111,96,96,85,76,71,68,58,56,56,42,26
9,11,29,51,59,58,61,65,77,91,95,95,81,94,104,86,86,95,78,73,64,57,57,53,48,21
6,10,30,50,58,57,57,64,83,100,95,87,83,92,105,87,95,93,84,75,62,56,55,53,50,25
7,8,21,50,55,56,55,63,80,97,93,83,87,87,92,89,102,90,90,72,61,55,52,52,41,14
0,9,13,28,51,52,52,59,75,85,91,84,88,77,76,82,80,81,76,74,59,53,50,34,14,12
0,0,12,19,43,45,50,59,71,80,93,82,88,73,73,77,81,79,82,69,63,52,40,21,13,9
7,7,9,11,21,31,50,56,72,77,90,82,80,71,70,73,80,79,71,71,58,52,38,17,12,10
0,8,8,10,14,16,44,57,71,78,86,82,81,74,72,78,80,78,75,70,59,50,39,21,13,11
0,7,9,11,13,12,26,55,73,78,88,84,77,68,66,72,76,74,68,58,51,30,13,12,11,0
0,0,13,18,25,11,35,53,66,75,84,84,83,67,64,71,80,77,72,61,55,32,20,11,9,0
6,10,6,12,14,12,16,51,67,74,85,80,78,68,63,71,79,74,69,60,52,35,13,11,9,7
0,10,11,7,11,23,21,51,63,73,82,80,77,67,64,74,79,74,70,58,52,33,14,11,7,7
6,9,9,7,9,14,23,51,59,68,81,83,74,66,61,73,75,74,66,57,50,21,10,8,8,0
6,8,9,9,13,23,18,33,58,65,88,90,77,63,61,74,78,74,64,53,41,23,12,6,10,7
8,12,11,12,14,15,14,44,57,68,106,102,77,65,66,74,93,112,68,54,51,27,10,12,13,12
9,10,13,13,18,14,14,45,58,67,99,93,71,63,65,78,85,118,69,52,50,26,22,14,13,10
0,0,0,11,11,8,6,14,40,54,64,65,59,51,52,56,64,67,53,28,15,13,12,10,9,0
0,5,8,14,55,22,12,34,56,61,63,70,66,61,64,64,62,58,54,50,29,13,12,9,6,5
0,0,8,20,58,51,44,53,61,66,66,69,75,67,72,73,70,69,62,56,51,30,13,12,9,0
0,0,14,32,52,60,59,61,58,63,80,85,86,76,78,82,82,76,74,66,58,51,42,23,12,10
8,19,32,50,53,60,53,55,79,91,98,110,113,95,96,106,117,107,82,65,59,55,53,45,25,14
10,21,50,55,56,51,62,80,95,124,136,131,123,130,136,129,117,119,96,72,63,58,56,53,45,27
8,10,39,53,60,67,68,83,106,131,132,121,139,141,141,135,128,124,107,81,64,60,58,55,51,32
14,12,21,57,63,70,74,92,112,133,148,150,170,150,143,136,129,115,100,80,67,61,58,56,51,37
10,14,17,55,66,69,74,81,120,139,165,147,140,139,132,131,121,111,95,75,66,62,58,55,45,14
11,20,50,55,68,66,61,71,107,164,174,145,140,137,126,125,118,114,90,70,64,60,58,53,50,25
12,14,37,54,57,59,65,74,93,115,134,144,136,134,132,129,124,112,88,69,61,57,54,20,40,17
12,34,50,57,65,56,63,64,85,121,149,172,141,129,137,148,150,139,98,74,64,61,57,54,50,11
8,13,50,54,61,55,55,54,70,90,120,150,142,127,118,125,143,120,83,68,66,64,59,58,53,45
0,10,16,51,54,44,51,56,68,86,112,140,127,114,109,108,107,95,74,64,57,53,54,53,14,10
0,0,0,7,14,11,14,29,59,75,96,90,93,88,91,85,78,70,62,52,26,12,13,11,0,0
0,0,7,15,48,31,34,55,64,75,87,88,93,91,91,96,85,83,69,60,54,50,43,35,17,8
0,0,8,21,50,43,33,57,71,79,90,95,99,100,95,94,91,79,69,62,55,51,50,40,14,11
0,0,9,20,50,52,50,58,79,90,92,91,96,99,93,98,90,82,70,62,58,52,52,50,23,12
0,0,6,11,55,54,56,60,73,112,87,93,98,102,96,98,93,87,73,64,57,53,53,50,26,14
0,0,10,50,56,55,58,66,75,132,100,103,106,107,101,99,93,83,74,63,58,52,54,51,30,8
9,12,50,54,61,64,63,70,83,115,143,131,142,142,136,127,105,97,92,88,80,64,60,67,55,51
9,25,46,56,64,70,68,72,84,94,186,106,111,114,118,112,111,99,88,89,90,75,63,63,56,50
9,12,23,53,61,65,67,71,81,94,135,105,108,109,108,100,95,87,80,72,68,53,53,50,37,20
10,14,27,39,52,58,62,66,81,93,139,135,106,107,105,112,92,84,75,67,72,53,51,41,37,25
10,14,31,53,61,62,64,70,83,89,96,127,95,101,111,96,96,85,76,71,68,58,57,55,42,25
9,11,29,51,59,58,61,65,77,91,95,95,81,94,104,87,86,94,78,74,64,57,56,53,46,20
6,10,30,50,58,57,58,64,82,100,95,87,84,93,105,87,94,92,84,75,62,56,55,53,46,23
7,8,21,50,55,56,55,63,80,97,93,84,87,88,92,89,102,89,90,72,61,55,52,52,41,13
0,8,13,28,50,52,52,59,74,85,91,84,88,77,77,81,80,81,76,74,59,53,47,32,14,12
0,0,12,17,43,50,50,60,71,80,93,82,88,73,73,77,80,79,82,70,63,52,40,21,12,9
7,7,9,11,19,31,50,56,71,77,89,82,81,71,70,74,80,79,71,72,58,52,40,17,12,9
0,8,9,10,14,16,44,57,71,78,86,83,81,74,72,79,79,78,75,71,59,50,39,21,12,10
0,7,9,11,13,13,23,55,73,78,88,84,77,68,66,73,75,74,68,59,51,29,13,12,10,0
0,0,14,18,25,11,35,53,66,75,84,84,83,67,64,71,80,77,72,61,54,31,20,11,9,0
6,9,6,12,15,13,16,51,67,75,85,80,78,68,63,72,79,74,69,60,53,35,13,11,9,7
0,10,11,7,11,25,21,52,63,72,82,80,78,67,63,74,79,75,69,59,52,33,15,11,7,6
0,9,9,7,9,14,23,51,59,68,81,83,74,66,61,73,74,74,65,57,50,21,9,8,8,0
6,8,9,9,13,23,18,31,58,65,88,90,77,63,60,74,78,73,63,54,42,25,12,6,10,6
8,12,11,12,13,15,14,44,57,68,106,102,77,65,66,74,92,111,67,55,51,27,10,13,13,11
9,10,13,13,18,14,15,45,57,67,98,93,71,63,65,78,85,118,69,53,50,26,22,14,13,9
0,0,0,11,10,9,6,13,37,54,64,64,59,51,52,56,63,67,52,31,14,13,12,10,9,0
0,5,8,14,55,20,12,31,56,62,63,70,65,60,64,64,62,58,55,50,29,13,12,9,6,5
0,0,8,20,58,51,41,53,61,66,65,69,74,67,73,73,70,69,62,57,51,32,13,11,9,0
0,0,14,32,53,60,58,62,58,63,80,85,86,76,78,82,81,77,74,66,58,51,42,23,12,10
9,19,30,50,53,59,54,55,79,91,99,110,112,95,96,106,117,107,83,65,59,55,53,47,25,14
10,21,47,55,56,51,61,79,96,124,135,131,123,131,136,129,118,120,96,72,63,58,56,54,47,31
8,10,39,53,60,67,67,83,106,131,133,120,139,142,141,136,128,124,107,81,64,60,58,55,51,40
13,12,17,57,63,69,73,92,112,132,148,150,169,148,143,136,129,115,100,80,67,61,59,56,51,42
10,13,15,56,66,70,74,82,121,138,164,147,140,139,132,130,120,111,95,76,67,62,58,55,45,15
11,20,45,55,69,66,60,71,107,163,173,144,140,138,126,124,119,114,90,71,64,60,58,53,51,27
11,14,35,55,57,59,64,73,93,114,134,144,135,134,132,129,124,112,88,69,61,57,54,20,37,21
12,36,50,57,65,56,63,64,85,120,149,172,141,129,137,149,149,139,98,74,64,61,57,55,50,11
8,13,50,54,61,54,55,54,71,90,120,149,142,127,119,125,143,120,83,68,67,64,60,58,53,47
0,11,15,51,55,44,51,56,68,85,111,139,127,114,110,108,107,95,75,64,57,54,54,53,14,11
0,0,0,7,15,11,14,30,58,75,96,89,92,88,91,84,78,70,62,52,26,13,13,11,0,0
0,0,7,14,48,28,36,54,63,75,86,87,93,91,91,95,85,83,70,60,54,50,43,35,17,9
0,0,8,19,51,43,33,57,71,79,90,95,99,100,95,93,91,79,69,62,55,51,50,38,14,11
0,0,9,18,51,52,46,58,78,90,92,90,96,98,93,97,90,82,70,62,58,52,52,50,25,12
0,0,6,11,55,54,55,59,73,111,86,93,97,102,97,97,93,87,73,63,57,53,53,50,28,14
0,0,9,50,56,56,57,66,74,131,100,102,106,107,102,98,93,83,73,63,58,52,53,51,28,9
9,12,48,54,61,63,63,70,82,114,143,131,142,142,136,126,104,96,92,88,80,65,60,67,55,51
9,26,46,56,64,70,68,71,84,94,185,106,111,113,118,111,111,99,88,89,90,75,63,63,55,51
9,12,23,53,61,65,67,72,81,94,134,104,108,108,108,100,95,87,79,72,68,53,53,50,39,20
10,14,27,40,52,58,62,66,81,92,139,133,105,106,106,111,91,84,75,67,72,54,51,41,37,26
10,14,31,53,61,62,64,70,83,89,96,127,95,100,112,96,96,85,76,72,68,58,57,55,41,26
9,11,31,52,59,58,61,65,77,91,95,95,81,94,104,86,86,94,78,74,64,57,57,53,46,20
6,10,28,50,58,57,57,64,82,101,95,87,84,93,106,87,94,92,84,75,63,56,55,53,46,25
6,8,19,50,55,56,55,63,80,97,93,83,87,88,93,89,102,90,90,72,61,55,53,52,43,14
0,9,13,30,50,52,52,59,74,85,91,84,88,77,77,81,80,81,76,74,59,53,50,34,14,13
0,0,12,19,45,50,50,60,70,80,93,82,88,73,74,77,80,79,82,70,63,52,38,19,12,9
7,7,8,11,21,34,50,56,71,76,90,81,81,71,71,74,80,79,71,72,58,52,45,15,12,10
0,7,9,10,14,16,41,57,71,77,86,82,80,74,73,79,79,79,75,71,59,50,39,21,12,11
0,7,9,11,13,12,25,55,73,78,88,83,77,68,67,73,75,75,69,59,52,30,13,12,10,0
0,0,14,20,25,11,39,53,66,75,84,84,83,68,65,71,80,77,72,61,55,34,22,11,9,8
5,10,0,13,14,13,18,51,67,74,86,80,78,68,63,72,78,74,69,61,53,40,14,11,9,7
0,10,11,8,11,23,19,52,63,72,82,79,78,67,64,74,78,75,70,59,52,36,15,12,7,7
0,9,9,7,9,13,21,51,59,67,81,82,75,67,61,73,74,73,65,57,50,19,9,8,8,0
6,8,9,9,13,23,18,33,58,65,88,91,78,63,61,74,78,74,63,54,44,26,12,6,10,6
8,12,11,12,13,14,14,43,57,68,107,102,77,65,66,74,92,111,67,55,51,27,11,12,13,12
9,10,13,14,20,14,15,46,57,67,99,94,71,63,66,77,85,118,70,53,50,26,23,13,13,10
0,0,0,11,10,9,5,13,36,54,64,64,59,51,52,56,63,67,52,31,15,13,12,10,9,0
0,5,8,14,55,19,12,34,56,62,62,70,65,60,63,64,62,59,55,50,27,12,11,9,6,5
0,0,8,19,58,53,44,53,61,66,64,69,74,67,73,73,70,69,63,56,51,35,13,12,9,0
0,5,14,32,53,60,59,62,58,63,80,85,86,76,78,82,80,77,74,66,58,51,42,23,12,10
9,19,30,50,53,60,55,55,79,90,99,108,113,95,96,106,116,107,83,65,59,55,53,50,23,15
10,21,47,54,55,51,61,79,95,123,135,131,123,130,136,129,118,119,95,71,62,58,56,54,47,34
8,10,41,53,61,67,68,83,106,130,132,120,138,142,140,136,128,123,107,81,64,60,58,55,51,40
13,12,17,56,63,70,72,92,112,132,147,152,170,148,143,135,129,114,100,80,68,62,59,56,50,37
10,14,17,56,67,70,73,81,120,137,164,146,140,139,132,130,120,111,95,76,66,62,58,55,42,14
11,20,47,55,69,66,61,72,107,162,171,144,141,137,125,125,119,113,91,71,64,60,58,53,51,30
11,14,35,54,57,60,64,73,94,114,133,144,136,134,132,128,124,111,88,69,61,57,54,20,35,17
12,31,50,57,64,57,64,64,85,120,148,172,141,128,137,149,149,138,98,73,64,61,57,55,50,11
8,13,50,54,61,55,55,54,71,90,120,149,141,127,118,124,144,119,83,68,66,64,60,58,53,43
0,10,15,51,55,47,51,56,68,85,111,139,127,114,109,107,107,95,74,65,57,54,55,53,14,11
0,0,0,8,14,11,14,30,58,75,95,89,92,88,91,84,78,70,63,52,28,13,13,10,0,0
0,0,7,14,46,29,36,54,63,75,86,87,93,90,91,95,85,83,69,60,54,50,45,33,17,8
0,0,8,19,51,45,33,56,71,79,90,94,99,100,94,93,91,79,69,62,56,51,50,38,15,11
0,0,9,18,50,52,46,58,78,90,92,90,96,98,92,97,90,82,70,63,58,52,52,50,25,12
0,0,7,11,55,55,55,60,73,110,87,93,97,102,97,97,93,86,73,63,57,53,53,50,28,14
0,0,9,50,56,57,58,66,74,131,99,101,106,106,100,98,92,83,73,63,58,52,52,51,30,8
9,12,48,54,61,63,63,70,82,114,142,131,142,141,135,126,103,96,92,88,80,65,60,67,56,51
9,25,48,56,64,70,68,71,83,94,185,105,111,113,118,111,111,99,87,88,90,75,63,63,55,51
8,12,20,53,61,66,67,71,80,94,134,105,108,108,107,100,95,87,79,72,68,54,53,50,37,18
10,14,27,40,52,58,62,66,80,92,138,133,105,105,105,111,91,84,75,66,72,53,51,41,37,26
10,14,29,52,61,62,64,70,83,88,96,127,94,101,112,96,96,85,75,71,68,57,58,55,41,26
9,11,27,51,59,58,61,65,76,91,95,95,81,94,104,86,86,94,78,74,64,57,57,53,46,18
0,10,30,50,58,57,57,64,82,100,95,87,84,93,106,87,94,92,84,75,62,56,55,52,40,25
6,8,19,50,55,56,55,62,79,97,93,84,87,88,92,89,102,90,91,72,61,55,53,52,41,13
0,8,13,30,50,52,52,59,74,85,90,84,88,77,76,81,80,81,76,74,59,53,50,36,15,12
0,0,12,17,43,50,50,60,70,80,93,82,88,73,73,77,80,79,82,70,63,52,43,21,12,9
7,7,8,11,19,36,50,57,71,76,90,81,81,71,70,74,80,79,71,72,58,52,45,14,12,10
0,7,9,10,14,18,44,57,71,77,86,82,81,74,72,78,79,78,75,71,59,50,37,23,12,11
0,7,9,11,14,12,23,55,73,78,88,83,76,68,67,74,75,74,69,58,52,30,13,12,10,0
0,0,14,18,26,11,35,53,65,75,84,83,84,68,64,71,80,77,73,61,54,34,20,11,9,8
6,10,0,13,15,13,20,51,67,75,86,80,78,67,63,72,78,74,69,60,53,42,13,11,9,7
0,10,11,8,11,27,21,52,62,72,81,79,78,67,64,75,78,75,70,59,52,33,15,12,7,6
0,9,9,7,9,14,21,52,59,67,81,83,75,66,61,73,75,73,65,57,50,19,9,9,8,0
6,8,9,9,13,25,20,33,57,65,87,91,78,63,60,74,79,73,63,54,44,28,13,6,9,7
8,12,11,13,13,14,15,44,57,68,106,102,77,64,66,75,92,111,67,55,51,26,10,12,13,12
9,9,13,14,20,14,15,45,57,67,99,94,72,63,66,77,85,118,70,53,50,26,23,14,13,10
0,0,0,11,11,9,6,13,33,54,64,64,59,50,52,56,63,67,52,29,14,13,12,10,9,0
0,5,8,14,55,20,12,29,55,62,62,70,65,59,63,64,62,59,55,50,25,13,11,9,6,5
0,0,8,20,57,52,44,52,61,65,64,70,74,67,73,73,70,70,62,56,51,37,13,12,9,0
0,5,13,30,53,60,59,62,58,63,80,85,86,76,78,81,80,77,74,66,58,51,45,21,12,10
9,20,30,50,54,60,55,55,79,90,99,108,113,94,96,106,117,108,83,65,59,55,53,50,25,14
10,22,47,54,55,50,61,79,95,123,135,130,123,131,136,128,118,120,95,72,62,59,55,54,47,29
8,10,41,53,61,67,67,83,106,131,132,119,138,142,140,136,128,124,107,81,64,60,58,55,51,42
14,12,15,56,63,71,72,92,112,132,148,150,169,149,143,136,129,116,101,80,67,62,59,56,51,35
11,14,14,56,68,71,72,81,120,137,162,146,140,138,132,130,120,111,95,76,65,62,58,54,45,15
11,20,45,55,68,65,61,72,106,161,170,144,141,137,126,124,119,114,91,71,64,60,58,53,51,33
11,15,37,55,57,60,64,72,94,114,133,144,135,133,132,128,124,112,89,69,61,58,54,15,35,15
13,34,50,57,65,57,64,63,85,120,147,172,140,128,137,149,149,139,98,73,64,61,57,55,50,11
8,13,50,55,62,55,56,54,71,91,119,149,142,126,118,124,145,119,83,68,66,63,60,57,53,45
0,11,14,51,55,47,51,56,68,85,111,139,126,114,109,107,107,96,74,64,57,54,55,53,14,11
0,0,0,8,15,11,14,29,58,75,94,89,91,88,90,83,78,70,62,51,26,13,13,11,7,0
0,0,0,14,46,28,36,54,62,74,86,87,92,89,90,94,84,83,69,60,54,50,45,33,16,8
0,0,8,19,51,47,36,56,71,79,89,94,99,100,93,93,92,79,68,62,55,51,50,40,14,11
0,0,9,18,51,52,40,57,78,90,91,90,96,97,92,96,90,82,70,63,57,52,52,50,23,13
0,0,7,11,55,55,55,59,73,110,86,93,97,101,96,96,92,87,73,64,57,53,52,50,28,14
0,0,9,50,57,57,58,65,74,130,98,100,105,106,100,98,92,83,73,62,58,53,53,51,28,9
9,12,50,55,61,63,62,69,82,114,142,131,141,141,135,125,103,96,91,88,80,65,60,66,55,51
9,25,48,56,64,70,68,71,84,94,183,105,110,112,118,110,110,98,88,89,90,75,63,62,55,51
8,12,20,53,61,65,67,71,80,94,133,105,108,108,107,99,95,87,79,71,68,54,53,50,35,18
10,15,27,41,53,58,62,66,80,92,137,133,105,105,106,110,91,84,75,65,72,54,52,41,37,27
10,15,29,52,62,62,64,69,83,88,95,127,94,100,111,95,96,85,76,71,68,57,58,55,41,26
10,11,29,52,60,58,60,65,76,92,94,95,81,94,104,86,86,95,78,74,64,57,57,54,46,23
6,10,31,50,59,57,57,63,82,101,95,87,83,93,106,86,94,93,84,75,62,56,55,52,40,25
6,8,19,50,56,56,55,62,79,98,93,84,88,87,92,89,103,90,91,72,61,55,53,51,40,13
0,8,13,28,51,53,52,59,74,85,90,84,88,77,76,80,80,81,76,75,59,54,50,38,15,12
0,0,12,17,43,50,51,60,70,80,92,81,88,73,74,76,80,79,81,70,63,52,45,25,12,9
7,8,9,11,23,34,50,57,71,76,90,81,81,71,70,73,80,79,72,72,57,52,43,14,12,10
0,7,9,10,15,20,44,57,71,77,86,82,80,74,73,78,79,79,76,70,59,50,37,23,12,11
0,7,9,11,14,12,25,55,72,78,88,83,77,68,67,74,76,75,69,58,52,30,13,12,10,0
0,0,14,20,27,11,35,53,66,75,84,83,83,68,64,71,80,78,73,61,54,34,22,11,9,8
6,10,0,13,16,13,20,51,67,74,85,81,78,67,63,72,78,74,69,60,53,42,13,11,8,8
0,10,11,8,11,27,21,51,63,72,81,79,78,66,64,75,79,75,70,59,52,33,15,11,7,6
6,9,9,7,9,14,25,51,59,68,80,83,75,66,61,73,74,74,65,57,50,21,9,9,8,0
6,8,9,10,13,25,20,33,57,65,87,90,78,63,60,74,79,74,63,54,44,28,13,6,9,6
8,12,11,12,14,14,14,41,57,68,105,102,77,64,66,74,92,112,67,55,50,26,10,12,13,11
9,10,13,14,20,14,15,43,57,67,98,94,71,63,66,77,85,118,70,53,50,28,26,14,13,10
0,0,0,11,11,9,6,13,33,54,64,64,59,50,52,56,62,68,52,31,14,13,12,10,9,0
0,5,8,14,55,20,12,29,55,62,62,70,65,59,63,64,62,59,55,50,25,13,11,9,6,5
0,0,8,20,57,52,44,52,61,65,64,70,74,67,73,73,70,70,62,56,51,37,13,12,9,0
0,5,13,30,53,60,59,62,58,63,80,85,86,76,78,81,80,77,74,66,58,51,45,21,12,10
9,20,30,50,54,60,55,55,79,90,99,108,113,94,96,106,117,108,83,65,59,55,53,50,25,14
10,22,47,54,55,50,61,79,95,123,135,130,123,131,136,128,118,120,95,72,62,59,55,54,47,29
8,10,41,53,61,67,67,83,106,131,132,119,138,142,140,136,128,124,107,81,64,60,58,55,51,42
14,12,15,56,63,71,72,92,112,132,148,150,169,149,143,136,129,116,101,80,67,62,59,56,51,35
11,14,14,56,68,71,72,81,120,137,162,146,140,138,132,130,120,111,95,76,65,62,58,54,45,15
11,20,45,55,68,65,61,72,106,161,170,144,141,137,126,124,119,114,91,71,64,60,58,53,51,33
11,15,37,55,57,60,64,72,94,114,133,144,135,133,132,128,124,112,89,69,61,58,54,15,35,15
13,34,50,57,65,57,64,63,85,120,147,172,140,128,137,149,149,139,98,73,64,61,57,55,50,11
8,13,50,55,62,55,56,54,71,91,119,149,142,126,118,124,145,119,83,68,66,63,60,57,53,45
0,11,14,51,55,47,51,56,68,85,111,139,126,114,109,107,107,96,74,64,57,54,55,53,14,11
0,0,0,8,15,11,14,29,58,75,94,89,91,88,90,83,78,70,62,51,26,13,13,11,7,0
0,0,0,14,46,28,36,54,62,74,86,87,92,89,90,94,84,83,69,60,54,50,45,33,16,8
0,0,8,19,51,47,36,56,71,79,89,94,99,100,93,93,92,79,68,62,55,51,50,40,14,11
0,0,9,18,51,52,40,57,78,90,91,90,96,97,92,96,90,82,70,63,57,52,52,50,23,13
0,0,7,11,55,55,55,59,73,110,86,93,97,101,96,96,92,87,73,64,57,53,52,50,28,14
0,0,9,50,57,57,58,65,74,130,98,100,105,106,100,98,92,83,73,62,58,53,53,51,28,9
9,12,50,55,61,63,62,69,82,114,142,131,141,141,135,125,103,96,91,88,80,65,60,66,55,51
9,25,48,56,64,70,68,71,84,94,183,105,110,112,118,110,110,98,88,89,90,75,63,62,55,51
8,12,20,53,61,65,67,71,80,94,133,105,108,108,107,99,95,87,79,71,68,54,53,50,35,18
10,15,27,41,53,58,62,66,80,92,137,133,105,105,106,110,91,84,75,65,72,54,52,41,37,27
10,15,29,52,62,62,64,69,83,88,95,127,94,100,111,95,96,85,76,71,68,57,58,55,41,26
10,11,29,52,60,58,60,65,76,92,94,95,81,94,104,86,86,95,78,74,64,57,57,54,46,23
6,10,31,50,59,57,57,63,82,101,95,87,83,93,106,86,94,93,84,75,62,56,55,52,40,25
6,8,19,50,56,56,55,62,79,98,93,84,88,87,92,89,103,90,91,72,61,55,53,51,40,13
0,8,13,28,51,53,52,59,74,85,90,84,88,77,76,80,80,81,76,75,59,54,50,38,15,12
0,0,12,17,43,50,51,60,70,80,92,81,88,73,74,76,80,79,81,70,63,52,45,25,12,9
7,8,9,11,23,34,50,57,71,76,90,81,81,71,70,73,80,79,72,72,57,52,43,14,12,10
0,7,9,10,15,20,44,57,71,77,86,82,80,74,73,78,79,79,76,70,59,50,37,23,12,11
0,7,9,11,14,12,25,55,72,78,88,83,77,68,67,74,76,75,69,58,52,30,13,12,10,0
0,0,14,20,27,11,35,53,66,75,84,83,83,68,64,71,80,78,73,61,54,34,22,11,9,8
6,10,0,13,16,13,20,51,67,74,85,81,78,67,63,72,78,74,69,60,53,42,13,11,8,8
0,10,11,8,11,27,21,51,63,72,81,79,78,66,64,75,79,75,70,59,52,33,15,11,7,6
6,9,9,7,9,14,25,51,59,68,80,83,75,66,61,73,74,74,65,57,50,21,9,9,8,0
6,8,9,10,13,25,20,33,57,65,87,90,78,63,60,74,79,74,63,54,44,28,13,6,9,6
8,12,11,12,14,14,14,41,57,68,105,102,77,64,66,74,92,112,67,55,50,26,10,12,13,11
9,10,13,14,20,14,15,43,57,67,98,94,71,63,66,77,85,118,70,53,50,28,26,14,13,10
0,0,0,11,11,9,6,13,33,54,64,64,59,50,52,56,62,68,52,31,14,13,12,10,9,0
0,5,8,14,55,20,12,29,55,62,62,70,65,59,63,64,62,59,55,50,25,13,11,9,6,5
0,0,8,20,57,52,44,52,61,65,64,70,74,67,73,73,70,70,62,56,51,37,13,12,9,0
0,5,13,30,53,60,59,62,58,63,80,85,86,76,78,81,80,77,74,66,58,51,45,21,12,10
9,20,30,50,54,60,55,55,79,90,99,108,113,94,96,106,117,108,83,65,59,55,53,50,25,14
10,22,47,54,55,50,61,79,95,123,135,130,123,131,136,128,118,120,95,72,62,59,55,54,47,29
8,10,41,53,61,67,67,83,106,131,132,119,138,142,140,136,128,124,107,81,64,60,58,55,51,42
14,12,15,56,63,71,72,92,112,132,148,150,169,149,143,136,129,116,101,80,67,62,59,56,51,35
11,14,14,56,68,71,72,81,120,137,162,146,140,138,132,130,120,111,95,76,65,62,58,54,45,15
11,20,45,55,68,65,61,72,106,161,170,144,141,137,126,124,119,114,91,71,64,60,58,53,51,33
11,15,37,55,57,60,64,72,94,114,133,144,135,133,132,128,124,112,89,69,61,58,54,15,35,15
13,34,50,57,65,57,64,63,85,120,147,172,140,128,137,149,149,139,98,73,64,61,57,55,50,11
8,13,50,55,62,55,56,54,71,91,119,149,142,126,118,124,145,119,83,68,66,63,60,57,53,45
0,11,14,51,55,47,51,56,68,85,111,139,126,114,109,107,107,96,74,64,57,54,55,53,14,11
0,0,0,8,15,11,14,29,58,75,94,89,91,88,90,83,78,70,62,51,26,13,13,11,7,0
0,0,0,14,46,28,36,54,62,74,86,87,92,89,90,94,84,83,69,60,54,50,45,33,16,8
0,0,8,19,51,47,36,56,71,79,89,94,99,100,93,93,92,79,68,62,55,51,50,40,14,11
0,0,9,18,51,52,40,57,78,90,91,90,96,97,92,96,90,82,70,63,57,52,52,50,23,13
0,0,7,11,55,55,55,59,73,110,86,93,97,101,96,96,92,87,73,64,57,53,52,50,28,14
0,0,9,50,57,57,58,65,74,130,98,100,105,106,100,98,92,83,73,62,58,53,53,51,28,9
9,12,50,55,61,63,62,69,82,114,142,131,141,141,135,125,103,96,91,88,80,65,60,66,55,51
9,25,48,56,64,70,68,71,84,94,183,105,110,112,118,110,110,98,88,89,90,75,63,62,55,51
8,12,20,53,61,65,67,71,80,94,133,105,108,108,107,99,95,87,79,71,68,54,53,50,35,18
10,15,27,41,53,58,62,66,80,92,137,133,105,105,106,110,91,84,75,65,72,54,52,41,37,27
10,15,29,52,62,62,64,69,83,88,95,127,94,100,111,95,96,85,76,71,68,57,58,55,41,26
10,11,29,52,60,58,60,65,76,92,94,95,81,94,104,86,86,95,78,74,64,57,57,54,46,23
6,10,31,50,59,57,57,63,82,101,95,87,83,93,106,86,94,93,84,75,62,56,55,52,40,25
6,8,19,50,56,56,55,62,79,98,93,84,88,87,92,89,103,90,91,72,61,55,53,51,40,13
0,8,13,28,51,53,52,59,74,85,90,84,88,77,76,80,80,81,76,75,59,54,50,38,15,12
0,0,12,17,43,50,51,60,70,80,92,81,88,73,74,76,80,79,81,70,63,52,45,25,12,9
7,8,9,11,23,34,50,57,71,76,90,81,81,71,70,73,80,79,72,72,57,52,43,14,12,10
0,7,9,10,15,20,44,57,71,77,86,82,80,74,73,78,79,79,76,70,59,50,37,23,12,11
0,7,9,11,14,12,25,55,72,78,88,83,77,68,67,74,76,75,69,58,52,30,13,12,10,0
0,0,14,20,27,11,35,53,66,75,84,83,83,68,64,71,80,78,73,61,54,34,22,11,9,8
6,10,0,13,16,13,20,51,67,74,85,81,78,67,63,72,78,74,69,60,53,42,13,11,8,8
0,10,11,8,11,27,21,51,63,72,81,79,78,66,64,75,79,75,70,59,52,33,15,11,7,6
6,9,9,7,9,14,25,51,59,68,80,83,75,66,61,73,74,74,65,57,50,21,9,9,8,0
6,8,9,10,13,25,20,33,57,65,87,90,78,63,60,74,79,74,63,54,44,28,13,6,9,6
8,12,11,12,14,14,14,41,57,68,105,102,77,64,66,74,92,112,67,55,50,26,10,12,13,11
9,10,13,14,20,14,15,43,57,67,98,94,71,63,66,77,85,118,70,53,50,28,26,14,13,10
0,0,0,11,11,9,6,13,33,54,64,64,59,50,52,56,62,68,52,31,14,13,12,10,9,0
0,5,8,14,55,20,12,29,55,62,62,70,65,59,63,64,62,59,55,50,25,13,11,9,6,5
0,0,8,20,57,52,44,52,61,65,64,70,74,67,73,73,70,70,62,56,51,37,13,12,9,0
0,5,13,30,53,60,59,62,58,63,80,85,86,76,78,81,80,77,74,66,58,51,45,21,12,10
9,20,30,50,54,60,55,55,79,90,99,108,113,94,96,106,117,108,83,65,59,55,53,50,25,14
10,22,47,54,55,50,61,79,95,123,135,130,123,131,136,128,118,120,95,72,62,59,55,54,47,29
8,10,41,53,61,67,67,83,106,131,132,119,138,142,140,136,128,124,107,81,64,60,58,55,51,42
14,12,15,56,63,71,72,92,112,132,148,150,169,149,143,136,129,116,101,80,67,62,59,56,51,35
11,14,14,56,68,71,72,81,120,137,162,146,140,138,132,130,120,111,95,76,65,62,58,54,45,15
11,20,45,55,68,65,61,72,106,161,170,144,141,137,126,124,119,114,91,71,64,60,58,53,51,33
11,15,37,55,57,60,64,72,94,114,133,144,135,133,132,128,124,112,89,69,61,58,54,15,35,15
13,34,50,57,65,57,64,63,85,120,147,172,140,128,137,149,149,139,98,73,64,61,57,55,50,11
8,13,50,55,62,55,56,54,71,91,119,149,142,126,118,124,145,119,83,68,66,63,60,57,53,45
0,11,14,51,55,47,51,56,68,85,111,139,126,114,109,107,107,96,74,64,57,54,55,53,14,11
0,0,0,8,15,11,14,29,58,75,94,89,91,88,90,83,78,70,62,51,26,13,13,11,7,0
0,0,0,14,46,28,36,54,62,74,86,87,92,89,90,94,84,83,69,60,54,50,45,33,16,8
0,0,8,19,51,47,36,56,71,79,89,94,99,100,93,93,92,79,68,62,55,51,50,40,14,11
0,0,9,18,51,52,40,57,78,90,91,90,96,97,92,96,90,82,70,63,57,52,52,50,23,13
0,0,7,11,55,55,55,59,73,110,86,93,97,101,96,96,92,87,73,64,57,53,52,50,28,14
0,0,9,50,57,57,58,65,74,130,98,100,105,106,100,98,92,83,73,62,58,53,53,51,28,9
9,12,50,55,61,63,62,69,82,114,142,131,141,141,135,125,103,96,91,88,80,65,60,66,55,51
9,25,48,56,64,70,68,71,84,94,183,105,110,112,118,110,110,98,88,89,90,75,63,62,55,51
8,12,20,53,61,65,67,71,80,94,133,105,108,108,107,99,95,87,79,71,68,54,53,50,35,18
10,15,27,41,53,58,62,66,80,92,137,133,105,105,106,110,91,84,75,65,72,54,52,41,37,27
10,15,29,52,62,62,64,69,83,88,95,127,94,100,111,95,96,85,76,71,68,57,58,55,41,26
10,11,29,52,60,58,60,65,76,92,94,95,81,94,104,86,86,95,78,74,64,57,57,54,46,23
6,10,31,50,59,57,57,63,82,101,95,87,83,93,106,86,94,93,84,75,62,56,55,52,40,25
6,8,19,50,56,56,55,62,79,98,93,84,88,87,92,89,103,90,91,72,61,55,53,51,40,13
0,8,13,28,51,53,52,59,74,85,90,84,88,77,76,80,80,81,76,75,59,54,50,38,15,12
0,0,12,17,43,50,51,60,70,80,92,81,88,73,74,76,80,79,81,70,63,52,45,25,12,9
7,8,9,11,23,34,50,57,71,76,90,81,81,71,70,73,80,79,72,72,57,52,43,14,12,10
0,7,9,10,15,20,44,57,71,77,86,82,80,74,73,78,79,79,76,70,59,50,37,23,12,11
0,7,9,11,14,12,25,55,72,78,88,83,77,68,67,74,76,75,69,58,52,30,13,12,10,0
0,0,14,20,27,11,35,53,66,75,84,83,83,68,64,71,80,78,73,61,54,34,22,11,9,8
6,10,0,13,16,13,20,51,67,74,85,81,78,67,63,72,78,74,69,60,53,42,13,11,8,8
0,10,11,8,11,27,21,51,63,72,81,79,78,66,64,75,79,75,70,59,52,33,15,11,7,6
6,9,9,7,9,14,25,51,59,68,80,83,75,66,61,73,74,74,65,57,50,21,9,9,8,0
6,8,9,10,13,25,20,33,57,65,87,90,78,63,60,74,79,74,63,54,44,28,13,6,9,6
8,12,11,12,14,14,14,41,57,68,105,102,77,64,66,74,92,112,67,55,50,26,10,12,13,11
9,10,13,14,20,14,15,43,57,67,98,94,71,63,66,77,85,118,70,53,50,28,26,14,13,10
0,0,0,11,11,9,6,13,33,54,64,64,59,50,52,56,62,68,52,31,14,13,12,10,9,0
0,5,8,14,55,20,12,29,55,62,62,70,65,59,63,64,62,59,55,50,25,13,11,9,6,5
0,0,8,20,57,52,44,52,61,65,64,70,74,67,73,73,70,70,62,56,51,37,13,12,9,0
0,5,13,30,53,60,59,62,58,63,80,85,86,76,78,81,80,77,74,66,58,51,45,21,12,10
9,20,30,50,54,60,55,55,79,90,99,108,113,94,96,106,117,108,83,65,59,55,53,50,25,14
10,22,47,54,55,50,61,79,95,123,135,130,123,131,136,128,118,120,95,72,62,59,55,54,47,29
8,10,41,53,61,67,67,83,106,131,132,119,138,142,140,136,128,124,107,81,64,60,58,55,51,42
14,12,15,56,63,71,72,92,112,132,148,150,169,149,143,136,129,116,101,80,67,62,59,56,51,35
11,14,14,56,68,71,72,81,120,137,162,146,140,138,132,130,120,111,95,76,65,62,58,54,45,15
11,20,45,55,68,65,61,72,106,161,170,144,141,137,126,124,119,114,91,71,64,60,58,53,51,33
11,15,37,55,57,60,64,72,94,114,133,144,135,133,132,128,124,112,89,69,61,58,54,15,35,15
13,34,50,57,65,57,64,63,85,120,147,172,140,128,137,149,149,139,98,73,64,61,57,55,50,11
8,13,50,55,62,55,56,54,71,91,119,149,142,126,118,124,145,119,83,68,66,63,60,57,53,45
0,11,14,51,55,47,51,56,68,85,111,139,126,114,109,107,107,96,74,64,57,54,55,53,14,11
0,0,0,8,15,11,14,29,58,75,94,89,91,88,90,83,78,70,62,51,26,13,13,11,7,0
0,0,0,14,46,28,36,54,62,74,86,87,92,89,90,94,84,83,69,60,54,50,45,33,16,8
0,0,8,19,51,47,36,56,71,79,89,94,99,100,93,93,92,79,68,62,55,51,50,40,14,11
0,0,9,18,51,52,40,57,78,90,91,90,96,97,92,96,90,82,70,63,57,52,52,50,23,13
0,0,7,11,55,55,55,59,73,110,86,93,97,101,96,96,92,87,73,64,57,53,52,50,28,14
0,0,9,50,57,57,58,65,74,130,98,100,105,106,100,98,92,83,73,62,58,53,53,51,28,9
9,12,50,55,61,63,62,69,82,114,142,131,141,141,135,125,103,96,91,88,80,65,60,66,55,51
9,25,48,56,64,70,68,71,84,94,183,105,110,112,118,110,110,98,88,89,90,75,63,62,55,51
8,12,20,53,61,65,67,71,80,94,133,105,108,108,107,99,95,87,79,71,68,54,53,50,35,18
10,15,27,41,53,58,62,66,80,92,137,133,105,105,106,110,91,84,75,65,72,54,52,41,37,27
10,15,29,52,62,62,64,69,83,88,95,127,94,100,111,95,96,85,76,71,68,57,58,55,41,26
10,11,29,52,60,58,60,65,76,92,94,95,81,94,104,86,86,95,78,74,64,57,57,54,46,23
6,10,31,50,59,57,57,63,82,101,95,87,83,93,106,86,94,93,84,75,62,56,55,52,40,25
6,8,19,50,56,56,55,62,79,98,93,84,88,87,92,89,103,90,91,72,61,55,53,51,40,13
0,8,13,28,51,53,52,59,74,85,90,84,88,77,76,80,80,81,76,75,59,54,50,38,15,12
0,0,12,17,43,50,51,60,70,80,92,81,88,73,74,76,80,79,81,70,63,52,45,25,12,9
7,8,9,11,23,34,50,57,71,76,90,81,81,71,70,73,80,79,72,72,57,52,43,14,12,10
0,7,9,10,15,20,44,57,71,77,86,82,80,74,73,78,79,79,76,70,59,50,37,23,12,11
0,7,9,11,14,12,25,55,72,78,88,83,77,68,67,74,76,75,69,58,52,30,13,12,10,0
0,0,14,20,27,11,35,53,66,75,84,83,83,68,64,71,80,78,73,61,54,34,22,11,9,8
6,10,0,13,16,13,20,51,67,74,85,81,78,67,63,72,78,74,69,60,53,42,13,11,8,8
0,10,11,8,11,27,21,51,63,72,81,79,78,66,64,75,79,75,70,59,52,33,15,11,7,6
6,9,9,7,9,14,25,51,59,68,80,83,75,66,61,73,74,74,65,57,50,21,9,9,8,0
6,8,9,10,13,25,20,33,57,65,87,90,78,63,60,74,79,74,63,54,44,28,13,6,9,6
8,12,11,12,14,14,14,41,57,68,105,102,77,64,66,74,92,112,67,55,50,26,10,12,13,11
9,10,13,14,20,14,15,43,57,67,98,94,71,63,66,77,85,118,70,53,50,28,26,14,13,10
0,0,0,11,11,9,6,13,33,54,64,64,59,50,52,56,62,68,52,31,14,13,12,10,9,0
0,5,8,14,55,20,12,29,55,62,62,70,65,59,63,64,62,59,55,50,25,13,11,9,6,5
0,0,8,20,57,52,44,52,61,65,64,70,74,67,73,73,70,70,62,56,51,37,13,12,9,0
0,5,13,30,53,60,59,62,58,63,80,85,86,76,78,81,80,77,74,66,58,51,45,21,12,10
9,20,30,50,54,60,55,55,79,90,99,108,113,94,96,106,117,108,83,65,59,55,53,50,25,14
10,22,47,54,55,50,61,79,95,123,135,130,123,131,136,128,118,120,95,72,62,59,55,54,47,29
8,10,41,53,61,67,67,83,106,131,132,119,138,142,140,136,128,124,107,81,64,60,58,55,51,42
14,12,15,56,63,71,72,92,112,132,148,150,169,149,143,136,129,116,101,80,67,62,59,56,51,35
11,14,14,56,68,71,72,81,120,137,162,146,140,138,132,130,120,111,95,76,65,62,58,54,45,15
11,20,45,55,68,65,61,72,106,161,170,144,141,137,126,124,119,114,91,71,64,60,58,53,51,33
11,15,37,55,57,60,64,72,94,114,133,144,135,133,132,128,124,112,89,69,61,58,54,15,35,15
13,34,50,57,65,57,64,63,85,120,147,172,140,128,137,149,149,139,98,73,64,61,57,55,50,11
8,13,50,55,62,55,56,54,71,91,119,149,142,126,118,124,145,119,83,68,66,63,60,57,53,45
0,11,14,51,55,47,51,56,68,85,111,139,126,114,109,107,107,96,74,64,57,54,55,53,14,11
0,0,0,8,15,11,14,29,58,75,94,89,91,88,90,83,78,70,62,51,26,13,13,11,7,0
0,0,0,14,46,28,36,54,62,74,86,87,92,89,90,94,84,83,69,60,54,50,45,33,16,8
0,0,8,19,51,47,36,56,71,79,89,94,99,100,93,93,92,79,68,62,55,51,50,40,14,11
0,0,9,18,51,52,40,57,78,90,91,90,96,97,92,96,90,82,70,63,57,52,52,50,23,13
0,0,7,11,55,55,55,59,73,110,86,93,97,101,96,96,92,87,73,64,57,53,52,50,28,14
0,0,9,50,57,57,58,65,74,130,98,100,105,106,100,98,92,83,73,62,58,53,53,51,28,9
9,12,50,55,61,63,62,69,82,114,142,131,141,141,135,125,103,96,91,88,80,65,60,66,55,51
9,25,48,56,64,70,68,71,84,94,183,105,110,112,118,110,110,98,88,89,90,75,63,62,55,51
8,12,20,53,61,65,67,71,80,94,133,105,108,108,107,99,95,87,79,71,68,54,53,50,35,18
10,15,27,41,53,58,62,66,80,92,137,133,105,105,106,110,91,84,75,65,72,54,52,41,37,27
10,15,29,52,62,62,64,69,83,88,95,127,94,100,111,95,96,85,76,71,68,57,58,55,41,26
10,11,29,52,60,58,60,65,76,92,94,95,81,94,104,86,86,95,78,74,64,57,57,54,46,23
6,10,31,50,59,57,57,63,82,101,95,87,83,93,106,86,94,93,84,75,62,56,55,52,40,25
6,8,19,50,56,56,55,62,79,98,93,84,88,87,92,89,103,90,91,72,61,55,53,51,40,13
0,8,13,28,51,53,52,59,74,85,90,84,88,77,76,80,80,81,76,75,59,54,50,38,15,12
0,0,12,17,43,50,51,60,70,80,92,81,88,73,74,76,80,79,81,70,63,52,45,25,12,9
7,8,9,11,23,34,50,57,71,76,90,81,81,71,70,73,80,79,72,72,57,52,43,14,12,10
0,7,9,10,15,20,44,57,71,77,86,82,80,74,73,78,79,79,76,70,59,50,37,23,12,11
0,7,9,11,14,12,25,55,72,78,88,83,77,68,67,74,76,75,69,58,52,30,13,12,10,0
0,0,14,20,27,11,35,53,66,75,84,83,83,68,64,71,80,78,73,61,54,34,22,11,9,8
6,10,0,13,16,13,20,51,67,74,85,81,78,67,63,72,78,74,69,60,53,42,13,11,8,8
0,10,11,8,11,27,21,51,63,72,81,79,78,66,64,75,79,75,70,59,52,33,15,11,7,6
6,9,9,7,9,14,25,51,59,68,80,83,75,66,61,73,74,74,65,57,50,21,9,9,8,0
6,8,9,10,13,25,20,33,57,65,87,90,78,63,60,74,79,74,63,54,44,28,13,6,9,6
8,12,11,12,14,14,14,41,57,68,105,102,77,64,66,74,92,112,67,55,50,26,10,12,13,11
9,10,13,14,20,14,15,43,57,67,98,94,71,63,66,77,85,118,70,53,50,28,26,14,13,10
0,0,0,11,11,9,6,13,33,54,64,64,59,50,52,56,62,68,52,31,14,13,12,10,9,0
0,5,8,14,55,20,12,29,55,62,62,70,65,59,63,64,62,59,55,50,25,13,11,9,6,5
0,0,8,20,57,52,44,52,61,65,64,70,74,67,73,73,70,70,62,56,51,37,13,12,9,0
0,5,13,30,53,60,59,62,58,63,80,85,86,76,78,81,80,77,74,66,58,51,45,21,12,10
9,20,30,50,54,60,55,55,79,90,99,108,113,94,96,106,117,108,83,65,59,55,53,50,25,14
10,22,47,54,55,50,61,79,95,123,135,130,123,131,136,128,118,120,95,72,62,59,55,54,47,29
8,10,41,53,61,67,67,83,106,131,132,119,138,142,140,136,128,124,107,81,64,60,58,55,51,42
14,12,15,56,63,71,72,92,112,132,148,150,169,149,143,136,129,116,101,80,67,62,59,56,51,35
11,14,14,56,68,71,72,81,120,137,162,146,140,138,132,130,120,111,95,76,65,62,58,54,45,15
11,20,45,55,68,65,61,72,106,161,170,144,141,137,126,124,119,114,91,71,64,60,58,53,51,33
11,15,37,55,57,60,64,72,94,114,133,144,135,133,132,128,124,112,89,69,61,58,54,15,35,15
13,34,50,57,65,57,64,63,85,120,147,172,140,128,137,149,149,139,98,73,64,61,57,55,50,11
8,13,50,55,62,55,56,54,71,91,119,149,142,126,118,124,145,119,83,68,66,63,60,57,53,45
0,11,14,51,55,47,51,56,68,85,111,139,126,114,109,107,107,96,74,64,57,54,55,53,14,11
0,0,0,8,15,11,14,29,58,75,94,89,91,88,90,83,78,70,62,51,26,13,13,11,7,0
0,0,0,14,46,28,36,54,62,74,86,87,92,89,90,94,84,83,69,60,54,50,45,33,16,8
0,0,8,19,51,47,36,56,71,79,89,94,99,100,93,93,92,79,68,62,55,51,50,40,14,11
0,0,9,18,51,52,40,57,78,90,91,90,96,97,92,96,90,82,70,63,57,52,52,50,23,13
0,0,7,11,55,55,55,59,73,110,86,93,97,101,96,96,92,87,73,64,57,53,52,50,28,14
0,0,9,50,57,57,58,65,74,130,98,100,105,106,100,98,92,83,73,62,58,53,53,51,28,9
9,12,50,55,61,63,62,69,82,114,142,131,141,141,135,125,103,96,91,88,80,65,60,66,55,51
9,25,48,56,64,70,68,71,84,94,183,105,110,112,118,110,110,98,88,89,90,75,63,62,55,51
8,12,20,53,61,65,67,71,80,94,133,105,108,108,107,99,95,87,79,71,68,54,53,50,35,18
10,15,27,41,53,58,62,66,80,92,137,133,105,105,106,110,91,84,75,65,72,54,52,41,37,27
10,15,29,52,62,62,64,69,83,88,95,127,94,100,111,95,96,85,76,71,68,57,58,55,41,26
10,11,29,52,60,58,60,65,76,92,94,95,81,94,104,86,86,95,78,74,64,57,57,54,46,23
6,10,31,50,59,57,57,63,82,101,95,87,83,93,106,86,94,93,84,75,62,56,55,52,40,25
6,8,19,50,56,56,55,62,79,98,93,84,88,87,92,89,103,90,91,72,61,55,53,51,40,13
0,8,13,28,51,53,52,59,74,85,90,84,88,77,76,80,80,81,76,75,59,54,50,38,15,12
0,0,12,17,43,50,51,60,70,80,92,81,88,73,74,76,80,79,81,70,63,52,45,25,12,9
7,8,9,11,23,34,50,57,71,76,90,81,81,71,70,73,80,79,72,72,57,52,43,14,12,10
0,7,9,10,15,20,44,57,71,77,86,82,80,74,73,78,79,79,76,70,59,50,37,23,12,11
0,7,9,11,14,12,25,55,72,78,88,83,77,68,67,74,76,75,69,58,52,30,13,12,10,0
0,0,14,20,27,11,35,53,66,75,84,83,83,68,64,71,80,78,73,61,54,34,22,11,9,8
6,10,0,13,16,13,20,51,67,74,85,81,78,67,63,72,78,74,69,60,53,42,13,11,8,8
0,10,11,8,11,27,21,51,63,72,81,79,78,66,64,75,79,75,70,59,52,33,15,11,7,6
6,9,9,7,9,14,25,51,59,68,80,83,75,66,61,73,74,74,65,57,50,21,9,9,8,0
6,8,9,10,13,25,20,33,57,65,87,90,78,63,60,74,79,74,63,54,44,28,13,6,9,6
8,12,11,12,14,14,14,41,57,68,105,102,77,64,66,74,92,112,67,55,50,26,10,12,13,11
9,10,13,14,20,14,15,43,57,67,98,94,71,63,66,77,85,118,70,53,50,28,26,14,13,10
0,0,0,11,11,9,6,13,33,54,64,64,59,50,52,56,62,68,52,31,14,13,12,10,9,0
0,5,8,14,55,20,12,29,55,62,62,70,65,59,63,64,62,59,55,50,25,13,11,9,6,5
0,0,8,20,57,52,44,52,61,65,64,70,74,67,73,73,70,70,62,56,51,37,13,12,9,0
0,5,13,30,53,60,59,62,58,63,80,85,86,76,78,81,80,77,74,66,58,51,45,21,12,10
9,20,30,50,54,60,55,55,79,90,99,108,113,94,96,106,117,108,83,65,59,55,53,50,25,14
10,22,47,54,55,50,61,79,95,123,135,130,123,131,136,128,118,120,95,72,62,59,55,54,47,29
8,10,41,53,61,67,67,83,106,131,132,119,138,142,140,136,128,124,107,81,64,60,58,55,51,42
14,12,15,56,63,71,72,92,112,132,148,150,169,149,143,136,129,116,101,80,67,62,59,56,51,35
11,14,14,56,68,71,72,81,120,137,162,146,140,138,132,130,120,111,95,76,65,62,58,54,45,15
11,20,45,55,68,65,61,72,106,161,170,144,141,137,126,124,119,114,91,71,64,60,58,53,51,33
11,15,37,55,57,60,64,72,94,114,133,144,135,133,132,128,124,112,89,69,61,58,54,15,35,15
13,34,50,57,65,57,64,63,85,120,147,172,140,128,137,149,149,139,98,73,64,61,57,55,50,11
8,13,50,55,62,55,56,54,71,91,119,149,142,126,118,124,145,119,83,68,66,63,60,57,53,45
0,11,14,51,55,47,51,56,68,85,111,139,126,114,109,107,107,96,74,64,57,54,55,53,14,11
0,0,0,8,15,11,14,29,58,75,94,89,91,88,90,83,78,70,62,51,26,13,13,11,7,0
0,0,0,14,46,28,36,54,62,74,86,87,92,89,90,94,84,83,69,60,54,50,45,33,16,8
0,0,8,19,51,47,36,56,71,79,89,94,99,100,93,93,92,79,68,62,55,51,50,40,14,11
0,0,9,18,51,52,40,57,78,90,91,90,96,97,92,96,90,82,70,63,57,52,52,50,23,13
0,0,7,11,55,55,55,59,73,110,86,93,97,101,96,96,92,87,73,64,57,53,52,50,28,14
0,0,9,50,57,57,58,65,74,130,98,100,105,106,100,98,92,83,73,62,58,53,53,51,28,9
9,12,50,55,61,63,62,69,82,114,142,131,141,141,135,125,103,96,91,88,80,65,60,66,55,51
9,25,48,56,64,70,68,71,84,94,183,105,110,112,118,110,110,98,88,89,90,75,63,62,55,51
8,12,20,53,61,65,67,71,80,94,133,105,108,108,107,99,95,87,79,71,68,54,53,50,35,18
10,15,27,41,53,58,62,66,80,92,137,133,105,105,106,110,91,84,75,65,72,54,52,41,37,27
10,15,29,52,62,62,64,69,83,88,95,127,94,100,111,95,96,85,76,71,68,57,58,55,41,26
10,11,29,52,60,58,60,65,76,92,94,95,81,94,104,86,86,95,78,74,64,57,57,54,46,23
6,10,31,50,59,57,57,63,82,101,95,87,83,93,106,86,94,93,84,75,62,56,55,52,40,25
6,8,19,50,56,56,55,62,79,98,93,84,88,87,92,89,103,90,91,72,61,55,53,51,40,13
0,8,13,28,51,53,52,59,74,85,90,84,88,77,76,80,80,81,76,75,59,54,50,38,15,12
0,0,12,17,43,50,51,60,70,80,92,81,88,73,74,76,80,79,81,70,63,52,45,25,12,9
7,8,9,11,23,34,50,57,71,76,90,81,81,71,70,73,80,79,72,72,57,52,43,14,12,10
0,7,9,10,15,20,44,57,71,77,86,82,80,74,73,78,79,79,76,70,59,50,37,23,12,11
0,7,9,11,14,12,25,55,72,78,88,83,77,68,67,74,76,75,69,58,52,30,13,12,10,0
0,0,14,20,27,11,35,53,66,75,84,83,83,68,64,71,80,78,73,61,54,34,22,11,9,8
6,10,0,13,16,13,20,51,67,74,85,81,78,67,63,72,78,74,69,60,53,42,13,11,8,8
0,10,11,8,11,27,21,51,63,72,81,79,78,66,64,75,79,75,70,59,52,33,15,11,7,6
6,9,9,7,9,14,25,51,59,68,80,83,75,66,61,73,74,74,65,57,50,21,9,9,8,0
6,8,9,10,13,25,20,33,57,65,87,90,78,63,60,74,79,74,63,54,44,28,13,6,9,6
8,12,11,12,14,14,14,41,57,68,105,102,77,64,66,74,92,112,67,55,50,26,10,12,13,11
9,10,13,14,20,14,15,43,57,67,98,94,71,63,66,77,85,118,70,53,50,28,26,14,13,10
0,0,0,11,11,9,6,13,33,54,64,64,59,50,52,56,62,68,52,31,14,13,12,10,9,0
0,5,8,14,55,20,12,29,55,62,62,70,65,59,63,64,62,59,55,50,25,13,11,9,6,5
0,0,8,20,57,52,44,52,61,65,64,70,74,67,73,73,70,70,62,56,51,37,13,12,9,0
0,5,13,30,53,60,59,62,58,63,80,85,86,76,78,81,80,77,74,66,58,51,45,21,12,10
9,20,30,50,54,60,55,55,79,90,99,108,113,94,96,106,117,108,83,65,59,55,53,50,25,14
10,22,47,54,55,50,61,79,95,123,135,130,123,131,136,128,118,120,95,72,62,59,55,54,47,29
8,10,41,53,61,67,67,83,106,131,132,119,138,142,140,136,128,124,107,81,64,60,58,55,51,42
14,12,15,56,63,71,72,92,112,132,148,150,169,149,143,136,129,116,101,80,67,62,59,56,51,35
11,14,14,56,68,71,72,81,120,137,162,146,140,138,132,130,120,111,95,76,65,62,58,54,45,15
11,20,45,55,68,65,61,72,106,161,170,144,141,137,126,124,119,114,91,71,64,60,58,53,51,33
11,15,37,55,57,60,64,72,94,114,133,144,135,133,132,128,124,112,89,69,61,58,54,15,35,15
13,34,50,57,65,57,64,63,85,120,147,172,140,128,137,149,149,139,98,73,64,61,57,55,50,11
8,13,50,55,62,55,56,54,71,91,119,149,142,126,118,124,145,119,83,68,66,63,60,57,53,45
0,11,14,51,55,47,51,56,68,85,111,139,126,114,109,107,107,96,74,64,57,54,55,53,14,11
0,0,0,8,15,11,14,29,58,75,94,89,91,88,90,83,78,70,62,51,26,13,13,11,7,0
0,0,0,14,46,28,36,54,62,74,86,87,92,89,90,94,84,83,69,60,54,50,45,33,16,8
0,0,8,19,51,47,36,56,71,79,89,94,99,100,93,93,92,79,68,62,55,51,50,40,14,11
0,0,9,18,51,52,40,57,78,90,91,90,96,97,92,96,90,82,70,63,57,52,52,50,23,13
0,0,7,11,55,55,55,59,73,110,86,93,97,101,96,96,92,87,73,64,57,53,52,50,28,14
0,0,9,50,57,57,58,65,74,130,98,100,105,106,100,98,92,83,73,62,58,53,53,51,28,9
9,12,50,55,61,63,62,69,82,114,142,131,141,141,135,125,103,96,91,88,80,65,60,66,55,51
9,25,48,56,64,70,68,71,84,94,183,105,110,112,118,110,110,98,88,89,90,75,63,62,55,51
8,12,20,53,61,65,67,71,80,94,133,105,108,108,107,99,95,87,79,71,68,54,53,50,35,18
10,15,27,41,53,58,62,66,80,92,137,133,105,105,106,110,91,84,75,65,72,54,52,41,37,27
10,15,29,52,62,62,64,69,83,88,95,127,94,100,111,95,96,85,76,71,68,57,58,55,41,26
10,11,29,52,60,58,60,65,76,92,94,95,81,94,104,86,86,95,78,74,64,57,57,54,46,23
6,10,31,50,59,57,57,63,82,101,95,87,83,93,106,86,94,93,84,75,62,56,55,52,40,25
6,8,19,50,56,56,55,62,79,98,93,84,88,87,92,89,103,90,91,72,61,55,53,51,40,13
0,8,13,28,51,53,52,59,74,85,90,84,88,77,76,80,80,81,76,75,59,54,50,38,15,12
0,0,12,17,43,50,51,60,70,80,92,81,88,73,74,76,80,79,81,70,63,52,45,25,12,9
7,8,9,11,23,34,50,57,71,76,90,81,81,71,70,73,80,79,72,72,57,52,43,14,12,10
0,7,9,10,15,20,44,57,71,77,86,82,80,74,73,78,79,79,76,70,59,50,37,23,12,11
0,7,9,11,14,12,25,55,72,78,88,83,77,68,67,74,76,75,69,58,52,30,13,12,10,0
0,0,14,20,27,11,35,53,66,75,84,83,83,68,64,71,80,78,73,61,54,34,22,11,9,8
6,10,0,13,16,13,20,51,67,74,85,81,78,67,63,72,78,74,69,60,53,42,13,11,8,8
0,10,11,8,11,27,21,51,63,72,81,79,78,66,64,75,79,75,70,59,52,33,15,11,7,6
6,9,9,7,9,14,25,51,59,68,80,83,75,66,61,73,74,74,65,57,50,21,9,9,8,0
6,8,9,10,13,25,20,33,57,65,87,90,78,63,60,74,79,74,63,54,44,28,13,6,9,6
8,12,11,12,14,14,14,41,57,68,105,102,77,64,66,74,92,112,67,55,50,26,10,12,13,11
9,10,13,14,20,14,15,43,57,67,98,94,71,63,66,77,85,118,70,53,50,28,26,14,13,10
0,0,0,11,11,9,6,13,33,54,64,64,59,50,52,56,62,68,52,31,14,13,12,10,9,0
0,5,8,14,55,20,12,29,55,62,62,70,65,59,63,64,62,59,55,50,25,13,11,9,6,5
0,0,8,20,57,52,44,52,61,65,64,70,74,67,73,73,70,70,62,56,51,37,13,12,9,0
0,5,13,30,53,60,59,62,58,63,80,85,86,76,78,81,80,77,74,66,58,51,45,21,12,10
9,20,30,50,54,60,55,55,79,90,99,108,113,94,96,106,117,108,83,65,59,55,53,50,25,14
10,22,47,54,55,50,61,79,95,123,135,130,123,131,136,128,118,120,95,72,62,59,55,54,47,29
8,10,41,53,61,67,67,83,106,131,132,119,138,142,140,136,128,124,107,81,64,60,58,55,51,42
14,12,15,56,63,71,72,92,112,132,148,150,169,149,143,136,129,116,101,80,67,62,59,56,51,35
11,14,14,56,68,71,72,81,120,137,162,146,140,138,132,130,120,111,95,76,65,62,58,54,45,15
11,20,45,55,68,65,61,72,106,161,170,144,141,137,126,124,119,114,91,71,64,60,58,53,51,33
11,15,37,55,57,60,64,72,94,114,133,144,135,133,132,128,124,112,89,69,61,58,54,15,35,15
13,34,50,57,65,57,64,63,85,120,147,172,140,128,137,149,149,139,98,73,64,61,57,55,50,11
8,13,50,55,62,55,56,54,71,91,119,149,142,126,118,124,145,119,83,68,66,63,60,57,53,45
0,11,14,51,55,47,51,56,68,85,111,139,126,114,109,107,107,96,74,64,57,54,55,53,14,11
0,0,0,8,15,11,14,29,58,75,94,89,91,88,90,83,78,70,62,51,26,13,13,11,7,0
0,0,0,14,46,28,36,54,62,74,86,87,92,89,90,94,84,83,69,60,54,50,45,33,16,8
0,0,8,19,51,47,36,56,71,79,89,94,99,100,93,93,92,79,68,62,55,51,50,40,14,11
0,0,9,18,51,52,40,57,78,90,91,90,96,97,92,96,90,82,70,63,57,52,52,50,23,13
0,0,7,11,55,55,55,59,73,110,86,93,97,101,96,96,92,87,73,64,57,53,52,50,28,14
0,0,9,50,57,57,58,65,74,130,98,100,105,106,100,98,92,83,73,62,58,53,53,51,28,9
9,12,50,55,61,63,62,69,82,114,142,131,141,141,135,125,103,96,91,88,80,65,60,66,55,51
9,25,48,56,64,70,68,71,84,94,183,105,110,112,118,110,110,98,88,89,90,75,63,62,55,51
8,12,20,53,61,65,67,71,80,94,133,105,108,108,107,99,95,87,79,71,68,54,53,50,35,18
10,15,27,41,53,58,62,66,80,92,137,133,105,105,106,110,91,84,75,65,72,54,52,41,37,27
10,15,29,52,62,62,64,69,83,88,95,127,94,100,111,95,96,85,76,71,68,57,58,55,41,26
10,11,29,52,60,58,60,65,76,92,94,95,81,94,104,86,86,95,78,74,64,57,57,54,46,23
6,10,31,50,59,57,57,63,82,101,95,87,83,93,106,86,94,93,84,75,62,56,55,52,40,25
6,8,19,50,56,56,55,62,79,98,93,84,88,87,92,89,103,90,91,72,61,55,53,51,40,13
0,8,13,28,51,53,52,59,74,85,90,84,88,77,76,80,80,81,76,75,59,54,50,38,15,12
0,0,12,17,43,50,51,60,70,80,92,81,88,73,74,76,80,79,81,70,63,52,45,25,12,9
7,8,9,11,23,34,50,57,71,76,90,81,81,71,70,73,80,79,72,72,57,52,43,14,12,10
0,7,9,10,15,20,44,57,71,77,86,82,80,74,73,78,79,79,76,70,59,50,37,23,12,11
0,7,9,11,14,12,25,55,72,78,88,83,77,68,67,74,76,75,69,58,52,30,13,12,10,0
0,0,14,20,27,11,35,53,66,75,84,83,83,68,64,71,80,78,73,61,54,34,22,11,9,8
6,10,0,13,16,13,20,51,67,74,85,81,78,67,63,72,78,74,69,60,53,42,13,11,8,8
0,10,11,8,11,27,21,51,63,72,81,79,78,66,64,75,79,75,70,59,52,33,15,11,7,6
6,9,9,7,9,14,25,51,59,68,80,83,75,66,61,73,74,74,65,57,50,21,9,9,8,0
6,8,9,10,13,25,20,33,57,65,87,90,78,63,60,74,79,74,63,54,44,28,13,6,9,6
8,12,11,12,14,14,14,41,57,68,105,102,77,64,66,74,92,112,67,55,50,26,10,12,13,11
9,10,13,14,20,14,15,43,57,67,98,94,71,63,66,77,85,118,70,53,50,28,26,14,13,10
0,0,0,11,11,9,6,13,33,54,64,64,59,50,52,56,62,68,52,31,14,13,12,10,9,0
0,5,8,14,55,20,12,29,55,62,62,70,65,59,63,64,62,59,55,50,25,13,11,9,6,5
0,0,8,20,57,52,44,52,61,65,64,70,74,67,73,73,70,70,62,56,51,37,13,12,9,0
0,5,13,30,53,60,59,62,58,63,80,85,86,76,78,81,80,77,74,66,58,51,45,21,12,10
9,20,30,50,54,60,55,55,79,90,99,108,113,94,96,106,117,108,83,65,59,55,53,50,25,14
10,22,47,54,55,50,61,79,95,123,135,130,123,131,136,128,118,120,95,72,62,59,55,54,47,29
8,10,41,53,61,67,67,83,106,131,132,119,138,142,140,136,128,124,107,81,64,60,58,55,51,42
14,12,15,56,63,71,72,92,112,132,148,150,169,149,143,136,129,116,101,80,67,62,59,56,51,35
11,14,14,56,68,71,72,81,120,137,162,146,140,138,132,130,120,111,95,76,65,62,58,54,45,15
11,20,45,55,68,65,61,72,106,161,170,144,141,137,126,124,119,114,91,71,64,60,58,53,51,33
11,15,37,55,57,60,64,72,94,114,133,144,135,133,132,128,124,112,89,69,61,58,54,15,35,15
13,34,50,57,65,57,64,63,85,120,147,172,140,128,137,149,149,139,98,73,64,61,57,55,50,11
8,13,50,55,62,55,56,54,71,91,119,149,142,126,118,124,145,119,83,68,66,63,60,57,53,45
0,11,14,51,55,47,51,56,68,85,111,139,126,114,109,107,107,96,74,64,57,54,55,53,14,11
0,0,0,8,15,11,14,29,58,75,94,89,91,88,90,83,78,70,62,51,26,13,13,11,7,0
0,0,0,14,46,28,36,54,62,74,86,87,92,89,90,94,84,83,69,60,54,50,45,33,16,8
0,0,8,19,51,47,36,56,71,79,89,94,99,100,93,93,92,79,68,62,55,51,50,40,14,11
0,0,9,18,51,52,40,57,78,90,91,90,96,97,92,96,90,82,70,63,57,52,52,50,23,13
0,0,7,11,55,55,55,59,73,110,86,93,97,101,96,96,92,87,73,64,57,53,52,50,28,14
0,0,9,50,57,57,58,65,74,130,98,100,105,106,100,98,92,83,73,62,58,53,53,51,28,9
9,12,50,55,61,63,62,69,82,114,142,131,141,141,135,125,103,96,91,88,80,65,60,66,55,51
9,25,48,56,64,70,68,71,84,94,183,105,110,112,118,110,110,98,88,89,90,75,63,62,55,51
8,12,20,53,61,65,67,71,80,94,133,105,108,108,107,99,95,87,79,71,68,54,53,50,35,18
10,15,27,41,53,58,62,66,80,92,137,133,105,105,106,110,91,84,75,65,72,54,52,41,37,27
10,15,29,52,62,62,64,69,83,88,95,127,94,100,111,95,96,85,76,71,68,57,58,55,41,26
10,11,29,52,60,58,60,65,76,92,94,95,81,94,104,86,86,95,78,74,64,57,57,54,46,23
6,10,31,50,59,57,57,63,82,101,95,87,83,93,106,86,94,93,84,75,62,56,55,52,40,25
6,8,19,50,56,56,55,62,79,98,93,84,88,87,92,89,103,90,91,72,61,55,53,51,40,13
0,8,13,28,51,53,52,59,74,85,90,84,88,77,76,80,80,81,76,75,59,54,50,38,15,12
0,0,12,17,43,50,51,60,70,80,92,81,88,73,74,76,80,79,81,70,63,52,45,25,12,9
7,8,9,11,23,34,50,57,71,76,90,81,81,71,70,73,80,79,72,72,57,52,43,14,12,10
0,7,9,10,15,20,44,57,71,77,86,82,80,74,73,78,79,79,76,70,59,50,37,23,12,11
0,7,9,11,14,12,25,55,72,78,88,83,77,68,67,74,76,75,69,58,52,30,13,12,10,0
0,0,14,20,27,11,35,53,66,75,84,83,83,68,64,71,80,78,73,61,54,34,22,11,9,8
6,10,0,13,16,13,20,51,67,74,85,81,78,67,63,72,78,74,69,60,53,42,13,11,8,8
0,10,11,8,11,27,21,51,63,72,81,79,78,66,64,75,79,75,70,59,52,33,15,11,7,6
6,9,9,7,9,14,25,51,59,68,80,83,75,66,61,73,74,74,65,57,50,21,9,9,8,0
6,8,9,10,13,25,20,33,57,65,87,90,78,63,60,74,79,74,63,54,44,28,13,6,9,6
8,12,11,12,14,14,14,41,57,68,105,102,77,64,66,74,92,112,67,55,50,26,10,12,13,11
9,10,13,14,20,14,15,43,57,67,98,94,71,63,66,77,85,118,70,53,50,28,26,14,13,10
0,0,0,11,11,9,6,13,33,54,64,64,59,50,52,56,62,68,52,31,14,13,12,10,9,0
