0,10,13,54,72,54,57,63,74,73,70,78,81,72,78,79,69,61,56,50,29,17,11,5,6,5
0,14,33,57,76,65,64,68,78,76,74,78,92,81,88,86,79,73,64,55,51,50,14,9,6,0
0,27,42,51,54,66,65,71,66,69,82,89,94,87,93,91,83,74,66,60,55,50,32,13,5,10
9,40,50,54,51,59,60,61,82,89,94,100,109,97,103,107,98,87,70,57,54,53,50,19,10,11
11,50,53,53,43,47,69,79,94,101,117,114,106,119,127,117,102,90,67,57,55,54,52,35,11,12
30,55,57,52,52,60,72,80,106,106,112,103,117,129,134,124,102,86,67,59,56,56,53,27,14,12
42,53,54,54,50,55,76,84,108,114,130,132,136,132,129,120,101,79,67,59,59,57,53,47,13,12
31,53,51,50,23,56,75,81,94,115,128,125,119,125,122,118,96,74,66,58,57,57,52,25,11,9
37,58,51,15,15,57,66,76,88,113,120,115,115,118,114,110,91,76,60,56,54,54,50,12,9,10
59,62,50,11,23,52,51,79,91,99,115,116,112,112,111,106,85,75,62,56,53,57,55,25,12,9
57,61,50,14,40,31,51,72,82,95,106,107,109,106,106,93,80,68,60,54,54,70,64,25,12,0
47,51,47,37,9,50,57,67,78,88,102,107,102,97,93,88,77,66,59,30,57,55,59,54,40,31
16,44,31,11,12,41,59,68,80,88,94,99,92,86,85,84,75,64,56,56,51,52,51,45,9,6
6,11,6,0,0,0,47,66,73,85,94,85,78,75,71,69,61,53,51,15,11,11,10,7,0,0
11,23,11,25,20,39,58,72,86,90,96,92,93,89,88,88,77,74,59,51,46,42,42,25,14,9
11,9,11,36,41,55,62,73,87,93,100,100,101,103,95,88,91,67,62,53,35,13,31,14,10,9
12,10,25,13,50,56,63,76,89,106,106,96,99,109,98,98,81,70,60,54,50,25,18,14,12,11
13,28,21,50,62,75,90,101,112,109,120,121,121,132,113,115,96,86,70,62,55,52,51,38,25,23
13,18,14,52,53,67,71,93,112,123,128,133,122,127,113,108,95,84,71,57,53,32,15,10,0,0
26,38,54,59,64,78,91,109,132,134,163,193,179,188,157,139,122,102,92,80,72,64,56,57,55,53
47,55,56,61,66,92,112,111,134,140,147,162,145,159,146,140,131,109,90,85,84,75,64,59,56,52
32,52,53,59,64,83,103,120,143,153,164,164,149,160,146,137,127,104,83,69,62,53,50,30,20,50
34,45,47,50,60,71,96,126,152,171,185,187,156,153,151,157,125,98,79,64,55,54,46,26,39,44
34,50,52,57,62,75,94,127,142,149,151,142,128,136,139,129,121,94,78,66,61,57,53,51,33,34
25,50,53,55,59,71,87,94,117,123,125,117,98,110,112,108,96,92,73,63,59,55,54,51,34,26
11,25,50,51,58,65,74,85,98,96,100,89,82,88,97,98,89,86,74,59,54,52,52,39,17,14
7,12,23,34,51,59,65,71,77,77,73,72,73,75,86,85,80,67,68,54,39,13,16,12,6,7
0,11,12,13,25,52,56,59,66,62,62,63,63,68,77,75,70,63,55,50,13,11,9,9,0,0
0,0,7,10,14,39,51,54,58,58,58,57,60,65,66,65,62,57,51,17,10,0,0,0,0,0
7,7,7,10,12,23,50,51,53,55,58,53,58,62,64,64,60,55,48,13,8,8,0,0,0,0
0,5,0,6,7,12,21,45,52,51,57,52,56,60,63,63,58,53,36,13,10,6,6,0,0,0
0,7,8,9,8,12,23,35,39,32,55,50,51,58,61,64,55,50,27,11,7,8,0,0,0,0
0,0,0,9,9,11,14,39,33,35,53,45,53,59,62,61,57,52,35,13,11,0,0,0,0,0
0,9,7,8,9,10,14,14,42,50,55,30,55,60,60,60,57,53,27,12,8,0,0,0,0,0
0,9,9,7,0,10,12,20,37,15,52,13,52,59,62,60,59,52,21,11,7,6,0,0,0,0
0,9,9,5,6,6,12,14,37,23,54,51,53,57,61,60,58,51,13,10,8,0,0,0,0,0
7,7,4,7,6,9,11,13,51,51,76,69,52,57,60,62,59,51,30,12,10,9,0,0,0,0
5,10,10,8,7,7,10,41,51,40,62,62,36,56,59,64,60,51,30,14,11,10,8,0,0,0
0,8,12,0,0,8,8,31,48,30,55,52,25,53,57,63,60,51,25,12,9,7,0,5,0,0
0,0,0,8,8,0,11,31,43,51,52,41,16,52,60,62,61,55,23,12,8,8,9,5,5,0
0,10,13,54,72,55,57,63,75,73,69,78,80,72,78,78,68,61,56,51,27,19,11,5,6,5
0,14,32,57,75,65,63,68,79,76,72,78,92,80,88,86,79,72,64,56,51,47,15,9,6,0
0,27,45,51,54,66,65,71,67,69,82,89,93,86,93,90,83,75,66,60,55,51,42,13,5,10
9,40,50,53,51,59,59,61,82,88,92,100,110,96,103,106,98,87,70,57,53,52,50,23,10,11
11,50,53,52,50,47,69,80,94,101,117,115,106,118,127,117,102,90,67,58,55,55,51,37,11,12
30,55,57,51,53,60,71,80,106,106,112,103,117,128,134,124,100,85,67,59,57,55,54,30,14,13
44,53,54,54,50,55,76,85,108,114,130,131,136,132,128,119,101,79,68,59,58,57,52,42,12,12
30,54,51,50,25,57,75,81,95,115,128,125,119,124,121,117,96,74,66,58,56,56,52,21,11,9
35,58,51,15,15,57,67,76,89,113,119,116,116,117,115,110,91,76,60,56,53,54,51,12,9,10
59,61,50,11,23,52,51,79,91,100,115,116,112,111,111,106,85,74,61,56,53,56,55,27,12,9
56,60,50,15,37,31,51,72,82,96,106,107,109,106,105,93,80,68,61,54,54,69,63,30,11,0
45,51,50,45,9,50,57,67,78,88,101,107,102,97,93,87,77,65,58,33,56,55,59,54,36,29
17,44,29,11,12,44,59,68,80,88,94,97,92,85,85,84,75,64,55,56,50,52,52,45,9,6
7,11,0,0,0,0,47,66,73,85,93,84,77,73,71,69,60,53,52,16,11,11,11,7,0,0
11,26,12,25,25,40,58,73,86,90,95,92,93,88,88,87,76,74,59,51,45,42,43,27,13,10
11,9,11,36,41,54,62,73,87,93,99,99,100,101,94,87,90,66,61,52,30,13,34,14,10,10
12,10,23,13,50,55,63,76,89,107,105,96,99,107,97,97,80,69,60,54,45,25,20,14,12,11
13,30,23,50,62,75,90,102,112,109,118,121,120,131,112,113,95,86,69,61,55,51,51,38,23,23
13,16,14,52,54,67,72,93,112,123,128,132,121,125,112,107,95,83,70,57,52,28,16,10,0,0
26,38,54,59,64,78,91,110,133,133,162,193,178,184,154,139,121,102,91,80,72,64,56,58,55,54
46,55,56,61,65,92,112,111,134,140,146,162,145,158,144,139,130,107,90,85,84,75,66,59,56,52
32,52,53,59,63,84,103,120,144,153,163,163,149,159,145,137,126,103,83,69,61,54,51,30,20,50
34,46,47,50,59,72,96,127,154,171,183,186,155,152,151,156,123,98,79,63,54,54,46,26,37,44
36,50,52,57,62,75,94,128,143,150,151,141,127,135,139,129,121,94,77,66,60,57,54,52,33,33
25,50,54,55,59,71,86,95,117,123,125,117,97,109,112,108,96,93,72,63,58,55,54,51,28,25
11,26,50,51,57,66,75,85,99,96,100,89,82,87,97,98,89,86,73,60,54,52,52,39,17,13
7,12,23,36,51,59,66,71,78,77,72,72,73,74,86,86,80,67,68,54,35,13,18,12,0,8
0,12,12,13,21,52,57,59,66,62,62,63,63,68,77,75,69,62,54,50,13,11,10,9,0,0
0,0,7,10,14,41,51,54,57,58,58,57,60,65,66,66,61,56,51,14,9,0,0,0,0,0
7,7,8,11,12,23,50,52,53,55,57,53,58,62,64,64,60,55,48,13,8,8,0,0,0,0
0,5,0,6,7,12,23,50,52,51,56,52,56,60,63,63,58,53,40,13,9,6,6,0,0,0
0,8,8,9,7,12,25,37,44,32,54,50,52,58,61,63,55,50,27,11,0,0,0,0,0,0
0,0,0,9,9,11,14,39,35,37,51,46,53,59,62,61,57,52,35,14,11,0,0,0,0,0
0,9,7,8,9,10,14,13,47,51,54,35,55,59,60,60,57,53,27,12,8,6,0,0,0,0
0,9,9,7,0,11,12,20,42,17,51,15,53,59,62,60,59,52,23,11,7,6,0,0,0,0
0,9,9,5,0,7,12,14,40,23,54,50,53,57,61,60,57,51,14,11,9,0,0,0,0,0
7,7,4,6,6,9,11,13,51,51,73,67,52,56,60,62,59,50,30,12,10,8,0,0,0,0
6,10,10,8,7,7,10,41,51,40,60,61,38,56,59,64,60,50,26,14,11,10,7,0,0,0
0,8,12,0,0,8,8,30,50,30,54,51,23,52,57,63,60,51,23,12,9,7,0,5,0,0
0,0,0,8,7,0,11,33,46,50,50,40,16,51,61,63,61,56,23,12,8,8,9,5,5,0
0,10,13,54,72,54,57,63,74,73,69,78,80,71,78,78,68,61,56,51,27,17,11,5,6,5
0,14,32,57,75,65,63,68,79,76,71,77,91,80,88,86,79,72,63,56,51,50,15,9,6,0
0,27,44,51,54,66,65,71,67,69,82,89,93,86,93,89,83,75,66,60,55,51,40,13,5,10
9,41,50,54,51,59,59,61,82,88,92,100,111,96,102,106,98,86,69,57,54,52,51,23,10,11
11,48,54,53,47,47,69,80,94,102,116,114,107,117,127,116,102,90,67,57,55,54,51,35,11,12
33,55,57,51,53,61,71,81,106,106,112,103,117,127,134,123,100,85,68,60,57,55,54,27,14,12
44,53,53,54,50,55,76,86,108,114,130,131,136,132,127,119,101,79,67,58,58,56,52,37,12,11
30,54,51,50,25,56,75,81,94,115,127,125,119,124,121,117,96,74,66,58,56,56,52,19,11,8
35,58,50,19,17,58,67,76,88,113,119,116,116,118,115,111,91,76,60,55,54,54,51,12,9,9
60,61,50,11,25,53,51,79,91,100,115,116,112,111,110,106,85,74,62,56,52,56,55,22,12,9
56,60,50,17,37,34,51,72,82,96,106,107,109,106,105,93,80,69,60,54,53,69,63,33,10,0
45,51,50,42,10,50,57,67,78,88,101,107,102,96,92,87,77,65,57,33,57,55,58,54,36,27
17,44,27,11,12,41,59,68,80,88,94,98,92,85,84,84,74,64,55,57,51,51,52,37,9,6
6,11,0,0,0,0,47,66,73,85,93,84,77,73,70,69,60,52,52,14,11,10,11,7,0,0
11,28,11,26,28,40,59,73,86,90,95,93,92,87,87,86,75,74,59,51,43,42,43,27,13,10
11,9,11,38,45,54,62,73,88,93,99,98,100,101,94,86,90,66,61,51,30,12,29,14,10,10
12,10,21,13,50,56,63,77,89,107,104,96,98,107,96,97,80,69,60,54,47,23,20,14,12,11
13,30,21,50,63,75,91,103,112,109,118,122,120,131,112,112,95,86,69,61,54,51,51,38,25,26
13,18,14,52,54,67,72,93,112,123,127,132,122,125,110,106,95,82,70,57,53,26,17,10,0,0
27,39,54,59,64,78,91,110,133,134,161,193,178,183,154,139,120,101,90,81,72,63,55,58,55,54
47,55,57,61,66,92,112,111,134,140,145,163,144,157,144,138,130,107,90,85,84,75,65,59,56,52
33,53,53,59,64,84,103,121,144,153,162,163,149,158,145,135,126,102,82,68,61,53,50,30,19,50
35,46,47,50,59,72,96,128,154,170,183,186,156,151,150,154,122,97,78,63,54,54,46,26,38,44
36,50,52,57,63,76,94,128,144,150,151,141,127,135,139,128,121,93,77,66,60,57,54,52,33,32
25,51,54,56,59,71,86,95,118,123,125,118,97,108,112,108,96,93,72,62,58,56,54,51,30,21
11,26,50,51,58,67,75,86,99,97,100,89,82,87,97,97,88,86,73,59,54,52,52,39,19,13
7,12,23,36,51,59,66,71,79,77,72,72,73,74,86,85,80,67,68,54,35,14,16,12,0,8
0,12,12,14,20,52,57,59,66,63,61,64,64,68,77,75,69,62,54,51,13,11,9,9,0,0
0,0,7,10,17,41,51,54,58,58,58,57,61,65,66,65,61,56,51,14,9,0,0,0,0,0
7,7,8,11,12,23,50,52,53,55,57,53,58,62,64,64,59,54,48,12,8,8,0,0,0,0
0,5,0,6,7,12,23,50,52,51,56,52,56,60,63,63,58,53,40,13,9,6,6,0,0,0
0,8,8,9,7,12,25,37,42,30,54,50,52,58,61,63,55,50,28,12,0,7,0,0,0,0
0,0,0,10,9,11,14,41,35,37,51,45,54,59,61,61,57,53,35,14,11,0,0,0,0,0
0,9,7,8,9,11,13,14,50,50,53,35,55,59,60,60,57,53,27,12,8,6,0,0,0,0
0,9,9,7,0,11,12,22,45,19,51,17,53,59,62,60,60,52,23,11,7,6,0,0,0,0
0,9,9,5,0,6,12,15,40,25,53,50,53,58,61,60,57,51,14,11,9,0,0,0,0,0
7,7,4,6,6,9,11,12,51,50,72,66,52,56,59,62,59,50,32,12,10,8,0,0,0,0
6,10,9,8,7,7,10,41,51,38,60,61,38,56,59,64,60,50,26,14,11,10,7,0,0,0
0,8,12,0,0,8,8,30,50,30,53,51,23,52,56,63,61,51,25,12,9,7,0,5,0,0
0,0,0,9,8,0,10,35,46,50,50,40,16,51,60,62,61,56,23,12,8,8,9,5,5,0
0,10,13,53,72,55,58,63,74,73,69,78,80,71,77,78,69,60,56,51,27,17,11,5,6,4
0,14,32,57,75,65,63,68,78,76,71,77,92,80,88,86,79,71,63,55,51,47,19,9,6,0
0,29,42,51,55,65,65,71,67,69,82,88,94,85,92,91,83,74,66,59,55,51,45,13,5,10
9,41,50,54,51,59,59,62,82,89,92,99,111,96,101,107,98,85,69,57,54,52,51,23,10,10
11,48,54,53,47,45,69,81,94,102,116,114,107,117,126,116,102,90,67,57,55,55,51,32,11,12
33,55,57,50,53,61,71,81,106,107,112,103,117,127,133,124,100,85,67,59,56,55,54,30,14,13
42,52,54,54,50,55,76,87,108,114,129,130,136,131,127,119,101,78,67,58,58,56,53,37,11,12
31,54,51,50,27,56,75,82,94,115,127,125,120,124,120,117,96,74,66,58,56,56,53,17,11,9
35,58,50,17,20,57,66,76,87,114,119,116,116,117,114,111,91,75,60,55,53,54,51,11,9,9
59,61,50,11,25,53,51,80,91,101,115,116,113,111,110,107,85,74,62,56,51,56,56,20,12,9
56,60,50,17,37,34,51,73,82,96,106,107,110,106,105,93,81,69,61,53,53,69,63,33,11,0
45,51,50,42,10,50,57,67,78,88,101,107,102,97,92,87,78,65,57,33,56,55,59,54,36,27
17,45,29,11,11,41,58,68,80,88,94,97,93,84,84,83,75,63,54,56,50,51,53,35,9,0
7,11,0,0,0,0,46,66,73,85,93,84,77,72,70,69,61,52,52,14,10,10,12,7,0,0
11,28,11,26,31,42,59,73,86,90,95,93,93,87,87,86,76,74,58,51,45,44,45,28,14,10
11,9,11,38,43,54,62,73,88,93,99,99,100,101,93,87,90,66,60,52,25,12,31,14,10,10
12,10,21,13,50,56,63,77,89,106,104,96,98,107,96,97,80,69,60,53,42,21,21,14,12,11
13,30,21,50,63,75,91,103,112,109,118,120,120,129,111,113,95,86,68,61,53,51,51,40,25,28
13,20,14,52,54,67,72,94,112,123,127,131,122,124,110,107,94,82,70,57,52,29,18,11,0,0
27,39,54,59,64,78,91,111,133,133,161,192,180,182,152,139,119,100,91,80,71,64,56,58,55,53
47,55,57,61,66,92,112,111,134,140,146,163,144,156,143,138,130,107,90,85,84,75,66,59,56,52
35,52,53,58,64,84,102,122,145,152,162,163,149,157,144,136,127,102,82,69,61,53,50,28,19,50
34,45,47,50,59,72,97,128,154,170,181,186,156,150,149,155,122,97,78,62,53,54,47,26,37,43
36,50,52,57,63,76,94,129,144,150,151,141,127,134,138,129,121,93,77,66,60,57,54,52,33,32
23,51,54,56,59,72,86,95,118,123,125,118,97,108,111,109,95,93,72,62,58,56,54,51,32,20
11,25,50,51,58,67,75,86,99,97,101,89,83,87,97,98,89,86,73,59,54,52,53,39,20,13
7,12,23,32,51,59,66,71,79,77,72,71,73,73,86,86,80,67,68,54,31,14,18,11,0,8
0,11,12,13,20,52,57,59,66,63,61,64,64,67,77,75,69,62,54,51,13,10,10,9,0,0
0,0,7,10,17,41,51,54,58,58,58,56,60,65,66,66,61,56,51,14,9,0,0,0,0,0
7,7,8,11,12,25,50,53,53,56,57,53,58,62,64,64,59,54,50,12,7,7,0,0,0,0
0,5,0,7,7,13,25,50,53,51,55,52,56,60,63,64,58,53,40,13,9,5,6,0,0,0
0,8,8,10,7,12,25,37,42,32,53,50,52,58,61,64,55,50,27,12,0,7,0,0,0,0
0,0,0,10,9,11,14,44,35,37,51,45,54,59,61,62,57,53,35,14,11,0,0,0,0,0
0,9,7,8,9,11,14,15,45,51,53,40,55,59,59,60,57,53,25,12,8,6,0,0,0,0
0,9,9,7,0,11,12,27,45,19,50,19,53,59,61,61,60,52,23,11,7,6,0,0,0,0
0,8,9,5,6,7,12,19,37,23,53,50,54,58,61,60,57,51,14,11,8,0,0,0,0,0
7,7,0,6,6,9,11,13,51,50,71,65,52,56,59,62,59,50,32,12,10,8,0,0,0,0
6,10,9,8,7,7,10,43,50,39,59,60,38,56,59,64,60,50,26,14,11,10,8,0,0,0
0,8,12,0,0,8,8,31,46,28,52,50,25,52,55,63,60,51,26,12,9,7,0,5,0,0
0,0,0,8,8,0,10,38,45,50,50,39,19,52,60,63,61,56,25,12,8,8,9,6,5,0
0,10,13,53,71,54,58,63,74,73,69,78,80,70,77,78,69,60,56,51,29,16,11,5,6,5
0,14,32,57,75,65,63,68,78,76,72,77,92,79,88,86,79,71,63,55,51,47,14,9,6,0
0,29,42,51,55,66,65,71,66,69,82,88,94,85,92,90,83,74,66,59,55,51,45,13,5,10
9,41,47,54,51,59,59,61,82,89,92,99,111,96,102,106,98,85,69,57,53,52,51,27,10,11
11,47,55,52,45,42,69,81,94,102,117,113,107,117,126,115,102,89,66,57,55,54,51,32,11,12
33,55,57,50,52,60,71,81,105,107,111,103,117,126,133,123,100,84,67,59,56,55,54,27,14,13
44,53,54,54,50,55,75,87,108,114,130,130,137,130,127,118,101,78,67,58,58,56,53,40,11,12
31,54,52,51,23,56,75,81,94,115,127,124,119,125,120,116,96,74,65,58,56,56,53,15,11,9
37,57,50,19,17,58,65,76,87,114,119,116,116,117,113,110,90,75,61,56,54,54,51,11,9,9
59,61,50,11,23,53,51,79,91,100,115,116,113,111,110,106,86,74,62,55,51,56,55,17,12,9
56,60,51,19,40,40,52,73,81,96,106,106,110,106,105,93,81,69,60,53,53,69,63,30,11,0
45,51,50,37,9,50,57,67,78,88,101,107,102,96,91,87,77,65,58,36,56,54,59,54,36,31
17,44,27,11,12,41,59,68,80,87,94,98,93,84,84,83,75,62,54,56,50,51,52,40,9,6
7,11,0,0,0,0,43,66,72,85,93,84,78,73,69,69,60,52,51,14,10,10,11,7,0,0
11,28,11,26,33,43,59,73,86,90,96,94,93,87,87,86,76,74,58,50,43,42,46,28,14,9
11,9,11,38,43,54,62,72,88,93,99,98,100,100,93,86,90,66,60,52,25,12,31,14,10,10
12,10,21,13,50,56,63,77,89,106,104,96,98,106,96,96,80,68,60,53,42,21,23,14,12,11
12,32,20,50,63,75,92,103,113,109,118,120,120,129,110,112,95,85,68,60,53,51,51,40,25,28
13,20,14,52,54,67,73,94,112,123,128,131,122,123,109,106,94,82,70,57,52,29,17,10,0,6
27,39,54,59,64,78,91,110,134,133,161,191,180,180,152,138,119,100,90,80,71,63,56,57,54,54
47,55,57,61,66,92,113,111,134,140,146,163,144,156,142,138,130,107,90,85,83,74,65,59,56,52
36,52,53,58,64,84,103,121,144,151,163,162,149,156,144,135,126,102,83,69,61,53,50,28,19,50
34,45,47,50,59,72,96,127,153,170,181,186,157,149,148,155,123,97,78,62,53,53,47,26,37,44
38,50,52,57,63,76,95,129,144,151,151,141,127,134,138,129,120,93,77,66,60,57,54,52,33,32
25,50,54,56,59,72,86,95,118,124,125,118,97,108,111,108,95,92,72,62,58,56,54,51,32,21
11,26,48,51,58,67,75,86,99,97,101,90,83,87,96,98,89,86,73,59,54,52,53,39,16,14
8,12,23,30,50,59,66,71,79,77,72,72,73,74,85,85,80,67,67,54,31,14,16,11,0,8
0,11,11,13,21,52,57,59,66,63,61,63,64,67,76,75,70,62,54,50,13,10,9,9,0,0
0,0,7,10,19,39,52,54,58,58,58,56,60,65,66,66,62,56,51,14,9,0,0,0,0,0
7,7,8,10,12,27,50,53,53,56,58,53,59,62,63,64,59,54,48,12,7,7,0,0,0,0
0,5,0,7,7,13,27,50,52,51,55,52,56,60,63,63,58,53,40,13,9,5,6,0,0,0
0,8,7,10,7,12,23,39,39,32,53,48,52,57,61,64,55,50,26,12,0,0,0,0,0,0
0,0,0,9,9,11,14,42,34,36,51,45,54,59,61,61,57,53,35,14,10,0,0,0,0,0
0,9,7,8,9,11,14,15,42,50,53,37,55,59,59,60,58,53,25,12,8,0,0,0,0,0
0,9,9,7,0,11,12,27,42,19,51,19,53,59,61,61,60,52,23,11,7,6,0,0,0,0
0,8,9,5,6,6,12,15,37,21,53,44,54,58,60,59,58,50,15,11,8,0,0,0,0,0
6,7,4,6,6,9,11,13,51,50,71,64,53,56,59,62,59,50,32,12,10,8,0,0,0,0
6,10,9,7,8,7,10,43,51,38,59,59,38,56,58,64,60,50,28,14,10,10,8,0,0,0
0,8,12,0,0,8,8,28,46,26,51,50,25,52,55,63,60,51,25,12,9,7,0,5,0,0
0,0,0,8,8,0,10,36,46,50,50,38,19,52,60,63,61,56,25,12,8,8,9,6,5,0
0,10,13,53,71,55,58,64,73,73,69,78,80,71,77,77,69,61,56,50,31,15,11,0,6,5
0,14,33,57,75,65,63,68,78,76,71,77,92,79,87,86,79,71,63,54,51,47,14,9,6,0
0,29,42,52,55,66,65,71,67,68,82,88,94,86,91,91,83,75,66,58,55,51,42,13,0,10
8,42,50,54,51,59,59,62,82,89,93,99,111,96,101,107,98,86,69,57,54,52,51,25,10,11
11,48,55,53,43,45,68,81,93,102,117,114,106,117,125,115,102,89,66,56,55,55,52,25,12,12
31,55,57,50,52,61,71,81,105,106,111,103,117,126,132,123,100,85,67,58,56,55,54,25,15,13
42,53,54,53,50,56,75,87,108,114,130,131,136,130,126,118,101,78,66,58,58,56,54,40,12,12
31,54,52,51,25,56,75,81,94,115,127,124,119,125,120,116,96,75,65,57,56,56,53,17,13,9
40,57,51,19,17,58,65,76,87,113,119,116,116,117,113,110,89,75,61,55,54,54,51,11,8,9
58,61,50,11,23,54,52,79,91,100,115,116,112,111,110,106,86,74,62,55,52,57,56,15,12,9
57,60,51,19,43,43,52,73,82,96,106,107,109,106,104,93,81,69,60,53,53,69,63,25,11,0
50,51,50,40,9,50,57,67,78,87,102,107,102,96,91,88,77,65,58,33,57,54,59,54,40,31
19,44,34,11,12,47,59,68,79,87,94,98,93,84,83,83,75,62,54,56,50,51,51,37,9,6
6,11,6,0,0,0,43,66,72,85,93,84,77,73,69,69,60,51,51,13,10,11,11,0,0,0
11,28,11,28,33,45,60,73,85,89,96,94,92,87,86,86,76,74,58,50,43,44,48,28,15,9
11,9,11,38,43,55,62,73,88,93,100,98,100,99,92,86,89,65,60,51,25,13,29,14,11,10
12,10,23,13,50,56,63,77,88,105,104,96,98,106,95,96,80,69,59,52,42,23,21,14,12,11
13,30,20,50,63,75,92,103,113,108,118,121,120,128,109,112,95,85,68,60,53,52,51,42,26,28
13,20,15,52,54,68,72,94,112,123,128,132,121,122,108,106,94,82,69,56,52,28,18,10,0,6
28,39,55,59,64,79,91,110,133,133,161,193,179,180,151,138,119,99,90,80,72,63,56,57,55,53
48,55,57,61,65,93,112,111,135,139,146,164,143,155,142,139,130,107,90,84,83,75,65,59,56,51
38,52,53,59,64,84,103,121,144,151,164,163,150,156,144,135,126,102,82,68,61,53,50,28,20,50
34,45,47,50,59,72,96,128,152,169,181,188,157,149,147,155,123,96,77,62,53,53,46,26,37,43
38,51,52,57,63,76,95,128,144,150,151,141,127,134,137,128,120,93,77,66,60,57,54,52,34,32
25,50,54,56,59,72,87,95,118,124,125,118,98,108,109,107,95,92,72,62,58,56,55,51,34,23
11,28,50,51,58,67,75,86,99,97,101,90,83,87,96,98,88,86,73,58,54,52,53,41,17,14
8,12,25,32,50,60,66,71,78,77,72,72,73,74,85,85,80,67,68,53,31,14,16,12,6,8
0,11,12,13,21,52,57,59,66,63,62,64,64,67,75,75,70,63,54,50,13,11,9,8,0,0
0,0,7,10,19,43,52,54,58,58,59,56,61,65,65,65,62,56,50,14,9,0,0,0,0,0
6,8,8,10,12,29,50,53,53,55,59,53,59,62,63,64,59,54,48,12,7,8,0,0,0,0
0,5,0,7,7,13,25,50,52,51,56,52,57,60,62,63,58,53,38,12,9,5,6,0,0,0
0,8,7,10,8,13,22,39,39,30,53,50,52,58,60,64,55,50,25,12,0,7,0,0,0,0
0,0,0,9,9,12,14,42,34,35,52,46,54,59,61,61,58,53,36,14,10,0,0,0,0,0
0,9,7,8,9,11,14,15,47,50,53,42,55,59,59,60,58,53,23,12,8,6,0,0,0,0
0,9,9,7,0,12,12,27,45,17,51,23,53,59,61,61,60,52,21,10,7,6,0,0,0,0
0,9,9,5,6,6,11,17,40,19,53,50,54,58,60,60,58,51,14,10,8,0,0,0,0,0
6,7,5,6,6,9,11,13,51,50,70,64,52,56,58,62,59,50,30,12,10,8,0,0,0,0
5,10,10,7,8,7,10,44,51,36,58,59,39,56,57,64,60,50,28,14,10,10,8,0,0,0
0,7,12,0,0,9,8,28,46,26,51,50,26,52,55,63,60,51,23,12,9,7,0,5,0,0
0,0,0,8,8,0,10,37,43,48,50,38,22,52,61,63,61,56,23,12,8,8,9,5,4,0
0,10,13,53,71,55,58,64,74,72,69,79,80,71,77,77,68,60,56,50,31,15,10,0,6,5
0,13,32,57,74,65,64,68,78,76,72,78,92,80,87,86,78,71,63,54,51,47,15,9,6,0
0,26,45,52,55,66,65,71,66,69,82,88,93,86,91,91,83,74,66,59,54,50,42,13,5,10
8,42,50,54,51,59,60,62,81,88,93,99,110,95,101,107,98,86,69,56,53,53,50,25,10,11
11,48,55,53,47,42,69,82,93,101,117,114,106,117,125,115,101,89,67,57,56,55,52,27,12,12
28,55,57,51,52,60,71,81,105,106,111,103,117,126,132,123,100,85,67,58,56,55,54,27,14,12
42,53,55,53,50,56,74,87,108,114,130,131,136,129,126,118,101,78,67,58,58,56,54,42,12,11
30,54,52,51,25,57,75,81,94,114,127,123,118,124,120,116,95,75,65,58,56,56,53,19,12,9
37,57,51,15,17,58,66,76,87,113,119,116,115,117,113,110,89,75,61,55,54,54,51,11,8,8
58,61,50,11,23,55,52,80,91,100,115,115,113,111,110,107,86,73,62,55,53,57,56,17,12,9
56,60,50,17,46,43,53,73,81,96,106,107,109,106,104,93,81,69,59,54,52,70,63,19,11,0
45,51,47,42,9,50,57,67,78,87,101,107,102,96,91,88,77,65,58,27,57,54,59,54,43,31
19,45,34,11,12,47,59,68,79,88,94,98,93,84,83,84,75,62,54,56,50,51,51,40,10,6
6,11,6,0,0,0,46,66,72,85,93,84,77,73,69,69,60,51,51,13,10,11,11,0,0,0
11,28,11,26,33,45,60,73,86,89,96,93,93,87,86,86,76,74,58,50,46,44,48,27,16,9
11,9,11,38,41,54,62,73,88,93,99,98,99,99,91,86,89,65,61,51,25,12,34,14,11,10
12,10,25,13,50,56,63,77,88,105,104,96,97,105,95,96,80,68,59,52,40,23,21,14,12,11
13,28,20,50,62,75,92,102,113,108,118,121,120,127,108,111,94,85,68,60,53,51,51,42,25,23
13,21,15,52,54,67,72,94,112,124,128,132,121,122,108,106,93,81,69,56,52,26,18,10,0,0
27,38,54,59,64,79,91,110,134,134,161,192,178,180,150,138,119,99,90,80,72,63,56,57,55,53
47,54,57,61,66,93,112,111,135,140,147,161,143,155,142,139,129,107,90,84,83,75,65,58,56,51
36,52,53,59,64,84,103,120,144,151,163,163,149,157,144,135,125,102,82,68,61,53,50,26,22,50
33,45,48,50,59,72,97,128,152,169,181,187,156,149,146,155,123,96,78,62,53,53,47,25,37,42
38,51,52,57,63,76,95,128,144,151,150,142,126,134,137,128,120,93,77,66,60,57,54,52,35,32
25,50,54,55,59,73,88,96,118,124,124,119,98,108,110,108,95,92,72,62,58,55,55,51,34,23
11,32,50,51,58,67,75,87,98,97,101,90,82,87,96,98,89,86,73,58,54,52,53,41,17,14
7,12,25,34,50,60,67,71,78,77,72,72,73,74,85,86,80,67,68,53,29,15,16,12,6,8
0,11,12,13,23,53,57,59,66,62,61,63,64,68,75,75,70,62,54,50,13,11,10,8,0,0
0,0,7,10,19,43,52,54,58,58,58,56,61,65,65,66,61,56,51,14,9,0,0,0,0,0
6,8,7,10,12,29,50,53,53,55,58,53,59,62,63,64,59,55,48,12,8,8,0,0,0,0
0,5,0,7,7,13,25,50,52,52,55,52,56,60,62,63,58,53,38,12,9,6,6,0,0,0
0,8,7,10,8,13,25,39,41,28,53,50,52,58,60,64,55,50,23,11,7,0,0,0,0,0
0,0,0,9,9,12,14,42,34,36,51,47,55,59,61,61,57,52,37,14,10,0,0,0,0,0
0,9,7,8,9,11,14,15,45,51,53,42,55,59,59,61,57,53,23,12,8,6,0,0,0,0
0,9,9,7,0,11,12,25,45,17,51,27,53,59,61,61,60,52,21,10,7,6,0,0,0,0
0,8,9,5,6,6,12,15,37,21,53,47,53,58,60,60,57,51,17,10,9,0,0,0,0,0
6,7,5,6,6,9,11,13,50,50,69,62,53,56,58,62,59,50,30,12,10,8,0,0,0,0
0,10,10,7,7,7,10,44,50,38,58,59,38,56,57,64,60,50,28,13,10,10,8,0,0,0
0,7,12,0,0,9,8,28,46,26,50,50,26,53,56,63,61,51,21,12,9,7,0,5,0,0
0,0,0,8,8,0,10,36,43,48,48,34,22,52,61,63,62,56,25,12,8,8,9,6,5,0
0,10,13,53,71,55,58,64,74,73,68,78,79,71,77,77,68,61,56,50,31,16,10,0,6,5
0,14,33,57,74,65,64,68,78,76,72,78,92,80,87,86,78,72,63,55,51,47,14,9,5,0
0,26,45,52,55,67,65,71,66,69,81,88,93,86,91,91,83,74,66,59,55,51,40,13,5,6
8,40,50,54,50,60,60,62,82,88,92,99,110,95,101,106,98,86,69,57,53,53,51,25,10,11
11,50,55,53,50,45,69,82,93,101,117,113,107,117,125,115,101,89,67,57,56,55,52,25,12,12
28,55,57,51,53,60,71,81,104,105,112,102,117,126,132,123,100,85,67,58,56,55,54,30,14,12
44,54,54,53,50,57,74,86,108,114,130,131,136,130,126,118,101,78,66,58,58,56,54,40,12,11
28,54,52,51,23,57,75,80,94,113,127,123,118,125,120,116,95,74,65,57,56,56,52,19,13,8
32,57,51,15,17,58,66,75,88,113,119,116,115,117,113,110,89,75,60,55,54,53,51,11,8,8
58,60,50,12,23,55,51,79,90,100,115,116,112,111,109,106,86,73,62,54,53,57,56,20,12,9
56,60,51,17,43,43,53,73,82,95,107,107,109,106,104,93,81,69,58,53,52,70,63,19,11,0
45,51,50,40,10,50,57,67,78,87,102,107,102,96,91,88,77,64,58,25,57,54,59,54,40,31
17,47,34,11,13,47,59,68,79,89,94,97,93,84,83,84,74,63,54,56,50,51,51,35,9,6
6,11,6,0,0,0,48,66,72,85,93,84,76,74,69,69,60,51,51,13,11,12,11,7,0,0
11,28,11,28,35,43,59,72,86,89,96,93,93,88,86,86,75,73,58,50,43,44,48,27,15,9
11,9,11,36,43,55,62,72,88,92,99,98,99,99,91,86,89,65,61,51,25,12,31,14,11,10
12,10,23,13,50,56,63,76,88,105,104,96,98,105,95,96,79,68,59,52,42,23,20,14,12,11
13,28,20,50,62,75,92,102,113,108,118,122,119,127,108,111,94,84,68,60,53,51,51,42,25,22
13,20,14,52,54,67,72,94,112,124,128,132,120,122,109,105,93,81,69,56,52,26,17,10,0,0
27,38,54,59,64,79,91,110,134,134,161,193,176,179,150,138,119,99,90,79,72,63,56,57,55,53
48,55,57,61,66,93,112,111,134,140,146,161,143,155,142,139,129,107,90,84,84,75,65,58,56,51
36,52,53,59,64,84,104,119,143,152,162,163,148,156,143,135,125,101,82,68,61,53,50,26,22,50
34,46,48,50,60,72,97,128,152,169,182,188,155,149,146,153,124,96,78,62,53,54,46,25,37,42
40,51,52,57,63,76,95,128,144,151,151,142,126,134,137,128,121,93,77,66,60,57,54,52,34,32
26,50,54,56,59,73,88,95,118,123,124,119,98,108,111,108,95,92,71,62,58,56,54,51,34,23
11,32,50,51,58,67,75,86,98,97,101,90,82,87,96,98,89,86,73,58,54,52,53,39,16,13
7,12,25,36,50,60,67,71,78,77,73,72,72,74,85,86,80,67,67,53,35,15,16,12,6,8
0,11,12,14,26,53,57,59,66,62,61,63,63,68,75,75,70,63,54,50,13,11,9,8,0,0
0,0,7,10,19,43,52,54,58,58,58,57,61,65,65,66,62,56,51,14,9,0,0,0,0,0
6,8,7,11,12,27,50,52,53,55,58,53,59,62,64,64,59,55,46,12,8,8,0,0,0,0
0,6,0,7,7,13,25,50,52,51,56,52,56,60,62,64,59,53,38,12,9,6,0,0,0,0
0,7,8,10,8,13,25,40,44,30,53,50,52,58,60,64,55,50,25,11,7,0,0,0,0,0
0,0,0,9,9,12,14,40,34,37,51,48,55,59,61,61,57,52,38,14,11,0,0,0,0,0
0,9,7,8,9,11,14,14,47,51,53,42,55,59,60,61,58,53,23,12,8,6,0,0,0,0
0,9,9,7,0,11,13,22,42,14,51,30,53,59,61,61,60,52,19,10,8,6,0,0,0,0
0,9,9,5,6,6,12,14,40,21,53,44,53,58,60,60,57,51,17,10,9,0,0,0,0,0
6,7,5,6,6,9,11,12,50,50,69,62,53,56,59,62,59,50,30,11,10,8,0,0,0,0
0,10,10,7,7,7,10,41,50,36,58,59,38,56,58,64,60,50,28,13,11,10,8,0,0,0
0,8,12,0,0,8,8,26,45,26,50,50,25,53,56,64,61,51,21,12,9,7,0,5,0,0
0,0,0,8,8,0,11,35,45,45,48,33,23,52,61,63,62,56,23,12,9,8,9,6,4,0
0,10,13,53,71,55,58,64,74,73,68,78,80,71,77,77,68,61,55,50,31,17,10,0,6,4
0,13,32,57,74,65,64,68,78,76,72,77,92,80,87,85,78,71,63,55,51,47,17,9,5,0
0,26,45,52,55,67,65,71,66,69,82,88,93,86,92,91,83,74,66,59,55,51,40,13,5,6
8,40,50,54,50,60,60,62,81,88,92,99,111,95,101,107,98,86,68,57,53,53,51,21,10,10
11,48,54,53,50,47,69,82,93,101,117,113,107,117,126,115,101,89,67,57,56,55,52,25,13,12
30,55,57,51,53,61,72,81,105,106,112,102,117,127,132,123,99,84,67,58,56,55,53,35,14,12
42,53,55,53,50,57,75,87,108,114,130,132,136,130,126,118,100,78,66,58,58,56,53,37,12,11
28,54,51,51,27,57,76,80,94,114,127,124,119,124,120,116,95,74,65,57,56,56,52,19,13,8
32,57,51,14,20,58,68,76,88,113,119,117,116,117,113,110,90,75,60,54,54,54,51,11,8,8
58,60,50,12,28,55,53,79,91,101,115,116,112,111,110,107,86,74,62,54,53,57,56,22,13,8
56,60,50,15,40,43,53,73,82,96,107,107,110,106,104,93,81,69,59,53,52,70,63,17,10,0
45,51,50,42,10,50,57,67,78,87,101,107,102,96,91,88,77,65,57,22,57,55,58,54,43,29
17,45,38,10,12,47,60,68,79,89,94,97,93,84,83,84,74,63,53,56,50,52,51,32,9,0
6,11,6,0,0,0,50,66,72,85,93,84,76,73,68,69,60,51,50,13,11,12,10,7,0,0
11,28,12,28,36,42,59,73,85,90,95,93,93,88,87,86,75,73,59,50,43,46,50,27,16,9
11,9,12,38,43,55,62,73,88,92,99,98,99,99,91,86,89,65,60,50,23,12,29,14,11,9
12,10,23,13,50,56,63,77,88,105,104,96,98,105,95,96,79,68,59,51,42,23,20,14,12,11
13,26,20,50,62,75,91,102,112,108,118,121,120,127,109,111,94,84,68,60,53,51,51,42,26,21
13,21,15,52,54,67,72,94,112,124,128,132,120,122,109,105,93,81,69,56,52,26,17,10,0,0
26,38,54,59,64,79,91,110,134,134,162,194,176,180,149,138,120,99,90,80,72,64,56,58,55,53
48,55,57,61,66,92,112,111,134,140,146,161,143,155,142,138,128,106,90,84,84,75,65,59,56,51
36,52,53,59,64,84,103,120,143,153,162,163,149,155,142,135,124,101,82,68,60,53,51,25,20,50
34,46,47,51,60,72,97,128,152,171,183,188,155,150,147,153,123,96,78,62,53,54,46,25,37,41
39,50,52,57,63,76,95,129,144,150,151,142,126,134,138,128,120,92,77,66,60,57,54,52,35,31
25,50,54,56,59,73,88,95,117,123,124,119,98,108,111,108,95,92,71,62,58,56,55,51,34,23
11,30,50,51,58,67,75,87,98,97,101,90,82,87,96,98,88,86,73,58,54,52,53,39,20,13
7,12,25,36,51,59,67,71,78,77,73,73,72,75,85,86,80,67,68,53,35,14,16,12,6,8
0,11,12,14,26,53,57,59,67,63,61,63,64,68,76,75,70,63,54,50,13,12,10,8,0,0
0,0,7,10,23,43,52,55,57,58,58,57,61,65,66,66,62,56,50,13,9,0,0,0,0,0
6,8,7,11,12,29,50,52,53,56,58,53,59,62,64,64,59,55,46,12,8,8,0,0,0,0
0,6,0,7,7,13,27,50,52,52,55,52,57,60,63,64,58,53,36,12,9,6,6,0,0,0
0,7,8,10,8,13,23,40,42,30,53,51,52,58,60,64,55,50,25,11,8,7,0,0,0,0
0,0,0,9,10,12,14,41,34,38,51,50,55,59,61,61,58,53,36,14,11,0,0,0,0,0
0,9,7,8,10,10,14,15,45,51,53,47,55,59,60,61,58,53,23,12,8,6,0,0,0,0
0,9,9,7,0,11,12,25,37,14,51,33,53,59,61,61,60,52,17,10,7,6,0,0,0,0
0,9,9,5,0,7,12,15,37,25,52,50,53,58,60,60,57,51,15,10,8,0,0,0,0,0
6,7,5,6,6,9,11,12,50,47,68,61,53,56,59,62,59,50,28,12,10,8,0,0,0,0
0,10,9,8,7,7,10,41,50,36,57,59,42,56,58,64,59,50,26,13,11,10,8,0,0,0
0,7,12,0,0,8,7,28,43,28,50,50,26,53,56,63,61,51,21,12,9,7,0,5,0,0
0,0,0,8,8,0,10,36,41,46,48,35,26,53,61,63,62,56,23,12,8,9,9,6,5,0
0,10,13,53,71,54,57,64,73,72,68,77,79,70,77,77,68,61,55,50,29,17,11,5,6,0
0,14,30,57,74,65,64,69,78,76,72,77,91,79,87,85,78,71,63,55,51,47,15,9,6,0
0,25,44,52,54,67,65,71,66,69,82,88,93,85,92,91,82,75,66,59,55,51,40,13,5,0
9,40,50,54,51,59,60,62,82,87,93,99,111,95,101,107,98,86,69,57,53,53,51,19,10,10
12,50,54,53,50,50,70,81,94,102,117,112,108,117,126,115,101,89,67,57,56,55,52,27,12,11
36,55,58,51,53,60,72,81,106,106,112,102,117,127,132,123,99,85,67,59,56,55,54,32,14,12
50,53,54,54,51,57,76,87,109,114,130,131,137,130,127,119,100,78,66,58,58,56,54,40,12,0
36,54,51,50,25,57,76,80,94,114,128,125,119,124,120,116,95,75,65,57,56,57,52,19,12,8
50,59,51,14,22,58,69,76,88,114,119,116,116,117,114,110,90,75,60,54,54,54,51,12,8,8
67,64,50,12,28,55,53,80,92,100,115,115,113,111,110,107,85,75,61,55,53,57,56,25,12,8
60,59,50,15,34,43,54,75,83,96,108,106,110,106,104,93,81,69,59,54,52,69,63,17,10,0
40,50,45,37,10,50,58,67,78,87,102,107,102,96,91,88,77,65,57,25,57,54,59,54,40,29
15,39,31,9,12,41,59,68,80,89,94,97,93,84,83,84,74,64,54,57,51,51,52,32,9,6
0,10,0,0,0,0,50,66,73,85,94,84,76,73,68,70,60,52,51,13,11,12,10,7,0,0
11,21,11,23,36,40,59,73,86,90,96,92,93,87,86,86,75,74,59,50,41,46,48,28,14,8
11,8,11,34,43,54,62,73,88,92,98,98,99,99,91,86,89,65,60,50,23,12,31,14,11,8
11,10,20,12,50,55,63,77,88,104,104,96,97,104,95,96,79,67,59,51,45,21,21,14,12,10
13,26,18,50,63,75,91,102,111,108,118,120,119,126,109,111,94,84,68,60,53,51,51,44,25,20
13,20,14,52,54,67,72,94,112,123,127,131,120,122,108,104,93,80,69,56,52,28,17,10,0,0
28,38,54,59,64,79,91,110,133,134,162,192,176,179,149,138,119,99,90,79,72,63,56,58,55,53
48,54,57,60,66,92,113,111,134,141,146,160,143,154,141,138,128,106,89,84,84,74,65,59,56,51
36,52,53,59,63,84,104,120,142,153,162,162,148,155,143,134,125,101,82,68,60,53,50,22,17,48
32,45,46,50,60,72,97,129,152,171,183,186,154,150,147,153,123,96,78,61,53,54,47,25,37,40
39,46,52,57,63,76,95,129,144,150,151,141,126,134,138,128,120,93,77,66,60,57,54,52,34,31
26,50,54,56,59,73,88,96,117,124,124,118,98,108,111,108,95,93,71,62,58,56,55,51,34,21
11,28,50,51,58,67,75,87,98,97,101,90,82,87,96,98,88,86,73,59,54,52,53,39,19,12
7,12,25,34,51,59,67,71,78,77,73,72,72,74,85,86,80,67,67,53,37,14,20,12,6,8
0,11,12,13,26,53,57,59,66,63,62,63,64,68,76,75,70,63,54,50,13,11,10,9,0,0
0,0,8,9,23,41,51,55,57,58,58,56,61,65,66,66,62,57,51,14,9,0,0,0,0,0
7,7,7,11,13,29,50,53,53,56,58,53,59,62,64,64,59,54,48,12,8,8,0,0,0,0
0,5,0,7,7,13,27,50,52,52,55,52,56,60,63,64,58,54,36,12,9,6,6,0,0,0
0,7,8,10,8,12,25,40,42,30,54,50,53,58,61,64,56,51,25,11,8,7,0,0,0,0
0,0,0,9,9,12,14,41,35,37,51,48,55,59,61,61,57,53,35,14,10,0,0,0,0,0
0,8,7,8,10,10,14,15,45,50,54,40,55,60,60,60,58,53,21,12,8,6,0,0,0,0
0,9,9,7,0,11,13,27,37,14,51,33,53,59,61,61,60,53,19,10,7,6,0,0,0,0
0,8,9,5,0,7,12,14,35,25,52,41,54,58,60,61,57,51,15,11,8,0,0,0,0,0
7,7,4,6,6,9,12,12,50,40,68,60,53,56,59,62,59,51,26,12,10,8,0,0,0,0
6,10,9,8,7,7,10,40,50,35,57,58,42,56,58,64,59,50,28,13,11,10,8,0,0,0
0,8,12,0,0,8,7,28,43,26,50,50,28,53,57,64,61,52,21,12,9,7,0,5,0,0
0,0,0,8,8,0,11,35,42,48,50,35,25,52,61,63,62,56,25,12,8,9,9,6,5,0
0,10,13,52,70,52,56,62,72,71,68,76,77,69,75,76,67,61,54,50,23,14,11,5,6,0
0,13,26,56,73,63,63,68,77,74,72,75,89,78,86,84,77,71,62,53,50,35,14,9,5,0
0,22,41,52,54,66,64,71,66,68,82,87,92,85,91,90,82,75,66,59,54,50,40,13,5,5
8,39,47,54,51,59,58,62,82,88,93,99,111,96,101,107,99,86,69,56,52,52,50,17,9,10
12,48,54,53,50,50,69,81,95,105,119,114,110,120,127,117,103,90,67,57,55,54,51,30,12,12
36,55,58,51,54,60,72,82,108,109,115,106,121,130,134,126,102,86,68,59,56,55,54,40,14,13
51,54,55,54,52,57,78,88,111,118,134,136,141,135,130,122,102,80,67,59,59,56,53,42,12,7
41,54,52,50,36,58,78,83,98,118,131,129,125,129,124,119,99,76,67,57,56,57,52,23,12,8
53,61,52,15,27,59,70,79,92,117,123,121,120,121,117,113,94,79,62,55,55,54,50,12,9,9
70,67,50,13,31,55,57,82,94,103,118,119,116,114,113,109,89,77,63,56,53,56,54,32,12,9
62,59,50,19,40,46,56,76,85,100,110,110,113,108,106,96,84,72,60,54,51,65,61,30,11,0
40,48,40,35,11,50,58,67,79,89,105,110,105,98,94,90,79,66,58,30,55,53,56,53,40,29
14,32,23,8,13,41,59,68,80,89,95,99,95,85,84,85,75,65,54,57,42,50,33,21,8,6
0,8,0,0,0,0,47,66,73,88,96,87,78,74,69,70,60,53,51,14,10,11,10,0,0,0
10,15,11,21,38,43,59,73,86,91,98,94,95,89,88,87,76,75,59,50,38,42,40,26,13,9
11,7,12,30,47,54,62,73,88,94,102,101,101,100,93,87,90,66,60,50,21,12,22,13,10,9
10,9,20,13,50,56,63,77,89,107,106,98,100,107,96,97,79,69,59,52,42,19,15,14,11,10
13,28,18,50,63,75,91,102,112,111,121,122,121,129,110,112,95,85,68,60,53,51,50,38,22,20
14,14,15,52,54,67,72,94,113,125,130,134,122,124,110,106,94,82,69,57,52,28,14,10,0,0
30,38,55,59,64,79,90,110,134,136,166,195,179,183,151,139,120,99,90,79,71,63,55,57,55,54
48,55,57,61,66,92,113,111,135,141,147,165,145,157,142,139,129,107,89,84,83,74,64,59,56,51
36,52,53,59,64,84,103,118,143,155,165,165,150,157,144,136,126,102,82,68,60,53,50,19,16,48
32,45,45,51,60,72,95,126,150,172,186,189,157,150,148,154,123,96,77,62,53,53,45,25,36,39
35,41,51,56,62,75,92,125,143,150,152,141,127,134,138,128,120,93,77,66,59,56,52,51,33,30
21,50,53,55,58,71,86,93,114,122,124,118,98,109,111,108,95,92,71,62,58,56,53,50,32,23
11,22,46,50,57,65,73,83,96,95,100,89,83,87,96,98,88,86,73,59,54,51,52,37,17,12
7,11,21,30,50,58,64,69,76,76,72,72,73,74,84,85,79,67,68,53,37,13,15,12,6,7
0,11,11,13,23,51,56,58,65,62,62,63,64,68,76,75,70,63,54,50,12,10,9,8,0,0
0,0,8,9,17,37,51,54,57,57,58,56,61,65,65,66,62,57,51,14,8,0,0,0,0,0
7,6,7,11,12,25,45,52,53,55,58,54,59,63,63,64,59,55,48,12,7,7,0,0,0,0
0,5,0,7,7,12,25,50,52,52,56,52,57,60,63,65,58,54,38,12,9,6,0,0,0,0
0,7,7,10,8,12,20,39,39,37,54,50,53,59,61,65,56,51,25,11,7,0,0,0,0,0
0,0,0,9,9,12,13,36,33,39,52,46,55,59,62,62,58,53,34,13,10,0,0,0,0,0
0,8,7,7,10,10,13,14,40,50,54,40,55,60,60,61,59,53,21,12,8,0,0,0,0,0
0,9,9,7,0,10,11,22,35,14,51,23,54,59,61,61,60,53,19,10,7,6,0,0,0,0
0,8,8,5,0,6,12,14,35,23,52,36,54,58,60,61,58,51,14,11,8,0,0,0,0,0
6,7,0,6,6,9,11,12,50,43,68,60,53,56,59,62,59,50,26,11,9,7,0,0,0,0
0,9,9,8,7,7,10,36,50,36,58,58,42,56,57,64,59,50,26,13,11,9,7,0,0,0
0,7,12,0,0,8,7,23,42,26,50,48,28,53,56,63,61,51,21,12,9,7,0,5,0,0
0,0,0,8,8,0,10,32,38,45,45,39,22,52,60,63,62,56,25,12,8,8,9,6,5,0
0,9,12,51,69,51,55,60,70,70,67,75,74,69,74,74,66,59,53,42,19,12,10,5,6,4
0,13,23,55,73,63,62,66,75,74,71,75,86,77,85,82,75,69,61,53,44,25,13,9,5,0
0,21,40,52,54,66,64,70,66,67,81,87,90,84,90,88,81,74,65,59,53,50,32,12,5,9
7,38,46,54,52,59,59,61,82,88,93,100,111,97,102,107,99,86,69,56,52,51,50,19,9,10
12,48,54,53,50,50,69,81,95,106,120,116,110,122,130,117,104,90,67,57,55,54,50,30,12,12
40,55,59,52,55,61,73,83,109,111,117,109,123,134,137,128,103,87,69,59,56,55,54,45,14,13
52,55,56,55,53,58,80,90,112,120,136,139,145,139,134,124,105,82,69,60,59,56,53,50,13,7
45,56,52,51,50,59,78,84,101,121,135,133,128,133,127,123,101,78,69,59,56,57,53,30,13,9
56,63,52,23,41,61,72,82,95,120,126,124,124,125,121,116,97,82,63,56,57,54,52,14,10,10
72,70,51,14,34,56,61,84,99,105,121,122,118,118,117,112,93,78,65,57,54,56,55,40,13,10
61,57,50,27,50,50,58,77,86,102,113,113,115,112,110,100,86,72,61,55,50,64,61,38,12,5
36,42,40,42,11,51,59,68,80,90,107,112,106,103,97,93,81,67,59,44,55,52,57,54,45,33
12,23,14,9,14,41,59,68,80,90,96,101,95,87,86,85,76,65,55,57,42,42,33,20,8,0
0,6,0,0,0,7,46,66,74,88,97,87,78,76,71,72,61,54,53,14,10,10,9,0,0,0
9,13,10,23,40,45,59,73,86,92,100,95,95,91,90,88,76,77,60,51,38,39,37,19,13,9
10,7,12,30,50,54,62,73,88,94,103,103,101,103,95,88,91,67,60,51,25,13,22,13,11,9
8,8,20,14,51,56,63,77,90,107,108,99,101,112,99,100,82,71,60,53,42,19,16,14,12,11
12,30,21,51,64,75,91,102,112,112,123,125,125,136,116,117,98,87,70,61,53,51,51,34,26,22
15,14,19,52,55,68,73,96,114,127,133,137,125,129,116,112,97,85,72,58,52,32,18,11,0,6
32,39,55,60,65,79,91,111,134,137,170,200,183,192,158,141,123,102,92,81,72,63,56,58,55,54
48,55,57,61,68,93,114,111,135,143,150,169,149,167,148,143,133,111,92,86,83,75,64,59,57,52
36,52,53,60,65,85,103,118,141,154,168,169,156,166,149,139,130,106,84,69,61,53,50,23,23,50
30,43,47,52,61,72,95,124,148,171,187,192,161,157,154,160,126,99,80,63,54,54,46,27,36,40
32,37,52,57,63,75,92,123,140,147,151,141,128,138,141,130,122,95,78,67,60,56,53,51,34,31
21,50,54,56,60,71,85,92,111,120,124,117,98,110,112,108,96,94,73,63,58,55,53,50,30,23
12,20,50,51,59,65,73,82,94,94,97,89,82,87,96,98,88,86,73,60,54,51,51,35,15,13
7,11,21,36,51,58,63,68,74,74,71,72,72,74,83,84,79,68,69,54,35,12,14,11,7,7
0,10,11,13,21,51,55,56,63,61,62,63,63,68,75,74,69,63,55,51,12,10,9,9,0,0
0,0,7,9,15,35,50,53,56,57,59,56,59,65,65,64,61,56,51,15,9,0,0,0,0,0
6,6,7,10,12,17,40,51,52,55,58,55,56,62,62,63,59,54,48,13,8,7,0,0,0,0
0,0,0,6,6,10,16,41,51,52,55,52,54,58,62,63,57,53,36,13,9,0,0,0,0,0
0,6,6,9,7,12,15,28,32,33,54,47,51,57,59,62,55,50,22,11,7,0,0,0,0,0
0,0,0,9,9,10,12,35,33,39,52,44,52,58,60,60,57,52,30,13,9,0,0,0,0,0
0,8,6,7,10,9,12,13,32,50,55,40,52,59,58,59,57,52,17,12,7,0,0,0,0,0
0,8,8,6,6,10,10,20,25,19,52,25,52,58,60,60,58,52,15,9,7,5,0,0,0,0
0,7,8,6,0,8,13,17,30,35,53,50,51,56,59,60,57,50,13,10,7,0,0,0,0,0
7,6,5,6,6,11,13,14,50,50,69,62,50,54,58,61,57,50,23,11,9,7,0,0,0,0
0,10,9,9,8,8,12,44,52,44,60,59,35,54,56,62,58,48,21,13,10,8,7,0,0,0
0,7,12,5,0,9,10,38,52,50,54,54,28,52,55,62,59,51,25,12,8,6,0,5,0,0
0,0,0,8,8,6,11,38,51,54,62,55,30,52,58,61,60,55,27,12,7,8,9,6,5,0
