15,31,38,42,29,55,69,110,135,133,121,108,124,94,87,81,73,66,62,56,53,38,14,11,10,10
15,25,33,22,50,60,81,109,136,120,94,98,130,105,96,84,75,69,65,60,44,37,15,12,11,9
26,39,45,47,52,61,85,95,84,87,105,114,131,115,100,87,76,74,88,80,57,43,30,23,13,12
35,43,45,51,63,66,72,76,97,106,114,119,145,123,114,109,101,91,82,65,56,53,50,27,16,14
50,33,53,53,51,54,88,107,117,128,136,121,134,149,172,138,100,81,71,68,59,55,51,40,25,23
14,26,19,15,17,71,113,122,126,125,107,86,125,155,149,140,113,90,76,75,66,55,52,40,25,16
17,23,54,52,58,93,135,128,131,122,112,121,147,162,155,141,127,105,83,71,66,57,53,45,37,15
36,44,54,54,60,101,130,129,130,115,103,117,133,145,143,137,128,108,87,72,63,57,54,41,19,12
20,35,54,54,60,97,122,117,108,108,103,100,130,139,135,134,121,113,88,69,60,55,50,17,12,8
23,25,50,50,57,77,109,109,88,75,87,105,120,128,133,128,118,108,90,71,59,51,25,11,10,9
10,34,25,21,52,71,99,91,71,69,77,90,112,120,127,124,120,112,91,71,53,47,22,13,10,6
13,14,25,27,50,60,77,68,65,66,73,83,99,114,117,119,120,97,79,64,55,37,17,12,10,9
12,14,12,43,23,54,62,62,62,64,73,82,88,94,102,100,93,88,78,64,54,30,8,0,0,0
0,0,7,0,0,13,33,39,51,54,64,70,74,78,81,81,77,73,67,54,28,8,0,0,0,0
21,13,14,14,12,42,55,42,57,60,67,71,87,84,90,90,87,89,76,70,56,39,11,8,0,0
53,20,40,14,15,35,53,58,58,66,75,78,85,96,96,91,92,84,82,76,58,40,12,7,8,6
51,39,50,40,32,33,56,54,58,65,75,78,89,91,95,98,94,107,94,77,58,45,10,10,9,6
59,57,56,52,53,56,62,59,65,72,79,84,93,114,128,140,174,161,123,93,74,58,50,14,14,12
72,64,61,58,57,59,64,65,68,73,73,80,91,110,108,128,137,126,101,85,73,58,44,13,10,0
68,74,69,68,63,65,71,91,115,103,130,122,131,156,145,180,172,145,129,117,98,75,61,57,54,45
66,73,71,68,63,68,71,73,78,79,90,91,97,126,133,164,170,141,123,113,98,81,63,56,54,41
62,66,69,61,59,64,70,70,73,76,84,85,99,120,176,155,146,130,114,88,71,63,46,14,9,14
51,61,57,54,48,56,64,65,72,73,82,89,102,127,150,184,144,125,103,84,66,50,30,14,20,7
53,57,61,60,59,58,65,66,71,74,78,82,101,126,141,133,136,116,95,81,67,56,43,30,18,10
54,55,58,60,58,58,61,62,68,71,75,82,100,111,121,123,116,112,89,76,65,54,50,25,12,12
43,53,54,56,57,57,60,62,67,69,73,82,97,110,112,121,109,101,90,71,60,53,30,13,12,12
23,50,52,55,57,56,59,58,62,66,70,82,99,107,109,112,99,86,92,68,55,50,23,15,8,9
14,15,33,51,52,54,56,53,57,61,68,78,94,101,107,101,92,80,69,67,39,18,13,9,7,0
9,10,11,15,38,51,54,51,52,58,62,77,88,93,96,91,80,72,64,52,27,9,9,7,0,0
10,13,11,10,14,50,55,53,54,57,62,75,84,87,88,82,80,65,56,47,8,10,0,0,0,0
8,9,9,7,9,21,54,56,54,55,60,70,73,80,88,79,68,61,51,35,11,8,0,0,0,0
0,9,8,9,7,13,50,58,50,51,57,63,69,74,75,70,62,54,20,11,0,7,0,0,0,0
6,6,0,0,0,11,19,51,51,45,55,59,73,70,70,64,58,55,28,10,0,0,0,0,0,0
7,9,7,8,11,12,14,50,56,55,59,60,65,68,66,62,60,54,21,5,8,0,0,0,0,0
0,9,8,0,7,12,23,37,54,57,60,58,62,66,65,62,59,50,13,6,10,7,0,0,0,0
0,9,5,10,7,13,30,45,54,71,76,56,61,65,64,64,56,25,11,14,11,7,5,0,0,0
0,8,8,8,8,11,31,50,53,62,93,54,62,63,66,62,56,39,20,25,12,9,6,0,0,0
6,9,9,7,0,12,28,31,52,56,95,54,60,62,63,59,54,42,28,18,12,10,8,5,0,0
0,0,11,0,6,12,15,28,45,51,61,30,58,60,59,56,51,39,30,12,9,6,0,5,0,0
0,0,8,10,9,9,12,15,37,17,32,23,52,56,55,55,45,27,16,7,5,0,5,0,0,0
15,31,38,42,29,55,69,110,135,133,121,108,124,94,88,81,73,67,61,57,52,38,14,11,10,10
15,26,35,22,50,60,81,109,136,120,94,98,129,106,96,84,75,70,65,60,47,35,17,12,11,9
26,41,44,47,52,61,85,95,84,87,105,114,131,114,101,87,77,74,88,79,56,45,32,21,13,12
36,44,46,50,62,66,72,76,97,107,114,119,145,122,114,110,101,92,82,65,56,53,50,29,17,14
46,34,53,53,51,54,88,107,118,127,136,121,134,150,172,139,100,82,71,68,60,55,51,45,25,23
14,28,20,15,15,71,114,122,126,125,107,86,124,157,149,139,112,89,75,75,66,55,52,42,25,18
19,23,54,52,58,93,135,128,131,122,112,121,146,164,155,141,127,105,83,70,66,57,53,42,37,14
37,50,54,54,60,101,130,129,130,114,103,117,133,145,143,138,127,109,87,72,63,57,53,41,19,12
20,40,53,54,60,97,121,117,109,108,103,100,129,139,135,135,121,114,89,70,60,55,50,19,13,9
23,25,47,51,57,79,109,109,88,75,87,106,120,129,132,128,117,108,90,71,58,52,22,11,10,9
11,31,25,25,52,72,100,92,71,69,77,91,111,120,126,124,120,112,90,71,53,47,25,13,10,6
13,14,25,27,50,61,77,68,65,66,72,83,99,114,116,118,120,97,79,64,55,37,17,13,10,9
12,14,12,38,21,54,62,62,62,64,73,82,87,95,102,100,93,88,78,64,54,30,8,0,0,0
0,0,7,0,0,13,35,39,51,54,64,69,74,78,82,82,76,73,67,54,30,8,0,0,0,0
21,13,14,14,11,43,55,42,57,60,67,71,87,84,90,90,87,90,76,70,56,39,12,8,0,0
53,20,40,14,14,39,52,58,58,66,75,79,84,96,95,91,92,85,82,76,58,40,12,8,8,6
50,39,50,37,32,36,57,54,58,66,74,78,89,91,95,98,94,107,94,77,58,47,10,10,9,6
59,57,56,52,52,57,62,58,66,72,78,84,93,114,128,139,173,160,123,93,74,57,50,14,15,12
73,64,61,58,57,60,64,65,68,72,73,80,91,110,108,129,137,126,101,86,73,58,44,13,10,0
68,74,69,68,63,65,71,92,115,102,131,121,131,155,145,180,172,145,128,117,98,75,61,57,54,45
66,73,71,68,62,69,71,73,78,79,90,91,97,126,132,165,170,141,123,113,99,81,63,57,54,41
63,66,69,61,59,64,70,70,73,76,84,85,99,119,177,155,145,130,114,88,71,63,44,14,10,14
50,61,57,54,48,56,65,65,72,73,82,89,102,127,150,184,145,126,102,85,66,50,29,14,19,7
53,57,61,60,59,58,65,67,70,74,78,81,101,126,141,133,136,116,95,82,67,56,41,30,17,10
55,55,58,60,57,58,61,63,68,71,75,82,100,111,120,123,116,112,89,77,65,54,50,23,12,12
45,53,54,55,57,58,60,62,67,68,73,83,97,110,112,121,109,102,90,72,61,53,30,13,12,12
21,50,52,55,57,56,59,58,62,66,70,82,98,107,108,112,99,86,92,68,55,50,25,15,8,9
15,16,32,51,52,54,56,53,57,61,68,78,94,101,107,101,92,80,69,67,41,16,13,9,7,0
9,10,11,15,40,52,54,51,52,58,62,77,88,93,96,91,80,72,64,53,27,9,9,6,0,0
10,13,11,10,14,50,55,54,54,57,62,75,84,87,88,82,80,66,56,47,8,10,0,0,0,0
8,10,9,8,8,21,54,56,54,55,60,70,72,80,88,79,68,61,51,35,11,8,6,0,0,0
0,9,8,9,6,13,51,58,50,51,57,64,69,74,75,70,62,55,18,11,0,7,0,0,0,0
6,6,0,0,0,11,19,52,51,46,55,60,73,70,70,64,58,54,28,11,0,0,0,0,0,0
7,9,7,8,10,12,14,50,56,55,59,60,65,69,66,62,59,54,19,5,9,0,0,0,0,0
0,10,8,0,7,12,25,37,54,57,60,58,62,66,64,63,58,50,12,7,10,7,0,0,0,0
0,9,5,10,7,13,32,45,54,71,76,56,61,65,65,64,56,27,11,15,11,7,5,0,0,0
0,8,8,8,8,11,36,51,53,62,93,54,62,63,66,63,56,39,20,22,12,9,6,0,0,0
6,9,9,7,0,12,31,31,52,56,95,54,59,61,63,59,54,44,28,20,13,10,8,5,0,0
0,0,11,0,6,12,16,30,43,52,61,30,58,59,59,56,51,40,29,12,9,6,0,6,0,0
0,0,8,10,9,10,12,16,36,17,32,25,51,56,55,55,45,29,15,8,6,0,5,0,0,0
15,31,40,44,29,56,69,110,136,133,121,108,123,94,88,81,73,66,62,57,53,36,14,11,10,10
15,26,36,21,50,60,81,109,136,120,94,99,129,106,96,84,75,69,65,61,47,32,19,12,11,9
26,42,45,47,52,61,85,95,84,87,105,114,131,114,101,88,76,74,88,80,56,45,35,23,13,12
38,43,45,51,62,66,71,76,97,106,114,119,145,122,114,109,101,91,82,66,56,53,50,31,17,14
46,34,53,53,51,54,88,107,118,128,136,121,134,149,172,138,100,82,71,68,60,55,51,45,25,27
14,28,20,14,19,71,114,122,126,125,106,86,124,157,148,139,112,89,76,75,66,55,52,42,29,23
17,23,54,52,58,93,136,128,131,122,112,121,146,163,156,141,127,105,83,71,66,57,53,45,32,15
37,50,55,53,60,101,130,129,130,114,103,117,133,145,143,137,127,109,87,72,63,57,53,41,19,12
20,40,53,54,60,97,121,117,109,108,102,101,129,139,135,135,120,113,89,70,60,56,50,19,13,9
25,23,47,50,57,79,109,110,87,75,87,106,120,129,132,128,118,108,90,71,59,52,20,11,10,9
11,31,25,25,53,72,100,92,71,69,77,90,111,120,126,124,120,112,91,71,53,47,25,14,10,6
13,14,23,27,46,61,77,68,66,66,73,83,99,114,116,118,120,97,79,64,55,40,17,13,11,9
12,13,12,38,25,54,62,62,62,64,72,82,87,95,103,100,94,87,77,64,55,32,8,0,0,0
0,0,7,0,0,13,35,39,51,54,63,69,74,78,82,82,76,73,67,54,28,8,0,0,0,0
21,13,13,14,12,46,55,43,57,60,68,71,86,84,90,90,88,89,77,70,56,39,12,9,0,0
52,20,38,14,17,41,52,58,59,65,75,79,84,96,94,91,92,85,82,76,58,37,12,8,8,7
50,41,50,40,32,36,57,54,58,66,74,78,89,91,95,98,94,107,94,77,58,47,10,10,9,6
59,57,56,53,52,57,62,58,65,72,78,85,93,114,129,139,173,161,123,93,74,58,47,14,15,12
73,64,61,58,57,60,64,65,68,72,73,80,90,111,108,128,137,126,101,86,73,58,44,13,10,0
68,74,69,68,63,65,71,91,115,102,130,122,131,154,145,180,172,145,127,117,98,75,61,57,54,45
66,73,71,68,62,69,71,73,78,79,90,91,97,126,133,165,169,140,122,113,99,81,63,57,54,45
63,66,69,61,59,64,70,70,73,75,84,85,99,120,177,155,145,130,114,88,71,63,44,14,10,14
50,61,57,54,48,57,65,65,73,73,82,89,101,126,150,183,144,125,103,85,66,50,30,14,19,7
53,57,61,60,59,58,64,67,70,74,78,81,101,126,140,133,136,116,95,82,67,56,40,29,18,10
55,55,58,59,57,59,61,63,68,70,75,83,100,111,120,123,116,112,89,77,65,54,50,25,12,12
43,53,54,55,57,58,60,62,67,68,73,83,97,110,112,120,111,101,90,72,61,53,30,12,12,13
23,50,52,55,57,56,59,58,62,66,70,82,98,107,108,112,99,86,92,69,55,50,25,14,9,10
14,16,33,52,52,54,56,53,57,61,68,78,93,101,107,101,92,80,69,67,42,16,13,9,7,0
8,10,11,15,43,52,54,51,52,58,62,77,88,93,96,91,80,72,64,52,27,9,10,6,0,0
10,13,11,10,14,51,55,54,54,57,61,75,83,87,87,82,80,65,56,50,8,9,0,0,0,0
8,10,9,7,9,23,54,56,54,55,59,70,72,80,88,79,68,61,51,32,11,8,6,0,0,0
0,9,8,9,6,13,51,58,50,51,57,64,69,74,74,70,62,54,18,11,0,7,0,0,0,0
6,6,0,0,0,11,19,51,51,46,55,60,73,70,70,63,58,54,27,11,0,0,0,0,0,0
7,9,7,8,10,12,14,51,56,55,58,60,65,69,66,62,59,54,21,6,8,0,0,0,0,0
0,9,8,0,7,12,23,37,54,57,60,58,62,66,65,62,58,50,13,6,10,8,0,0,0,0
0,9,5,10,7,13,32,47,54,71,76,56,61,65,65,64,56,25,12,15,11,7,5,0,0,0
0,8,8,8,8,11,31,51,53,62,93,54,62,63,66,62,56,37,21,25,12,9,7,0,0,0
5,9,9,7,0,12,29,30,52,56,95,54,59,61,63,59,54,42,28,23,13,10,7,5,0,0
0,0,11,0,6,12,17,30,45,52,61,32,57,59,59,56,50,42,29,12,9,6,0,6,0,0
0,0,8,10,9,10,12,16,36,19,31,25,51,55,55,55,43,27,15,8,6,0,5,0,0,0
16,31,41,42,29,55,70,110,136,133,121,108,124,94,88,81,73,66,62,57,52,38,14,11,10,10
15,25,35,23,50,60,81,109,137,120,93,99,129,106,96,84,75,69,65,60,44,32,21,12,11,9
26,42,46,47,52,61,85,95,84,87,105,114,132,114,101,87,76,73,88,80,56,43,35,25,13,12
38,43,46,50,62,66,71,76,97,106,113,119,146,122,114,109,101,91,82,66,56,53,50,31,17,14
46,34,53,53,51,54,88,107,118,128,135,120,135,149,173,138,100,81,71,68,60,55,51,45,25,25
14,26,19,14,19,72,114,122,126,125,106,86,124,156,149,138,112,89,75,76,66,55,52,42,31,21
17,26,54,52,58,93,135,129,131,122,112,120,147,164,156,141,127,105,83,71,66,57,54,42,35,17
37,50,54,53,61,101,130,129,130,114,103,117,133,145,143,138,127,108,87,72,63,57,53,44,21,12
20,42,53,54,60,96,122,117,109,108,102,100,130,139,135,135,120,113,89,69,60,56,50,19,13,9
25,21,50,50,56,78,109,110,87,76,86,106,121,129,132,128,117,108,90,71,59,52,22,11,11,9
11,29,25,25,53,72,100,92,72,69,76,89,112,120,126,124,120,112,92,71,53,47,25,15,10,6
13,14,25,27,46,61,77,69,65,66,73,83,99,114,116,119,120,96,79,64,54,40,19,13,11,9
12,13,12,43,25,54,62,62,62,64,72,82,88,95,103,100,94,87,78,64,55,32,8,0,0,0
0,0,8,0,0,12,33,40,52,54,63,69,74,78,81,82,77,73,67,54,28,8,0,0,0,0
23,13,13,15,11,43,55,42,57,60,68,71,86,84,90,91,87,90,77,69,56,41,12,8,0,0
52,20,40,14,17,39,53,58,59,65,75,79,84,96,94,91,92,85,82,76,58,37,12,8,8,7
51,42,50,37,32,38,57,54,58,66,74,77,89,91,95,98,93,107,94,78,58,47,10,10,10,6
59,57,56,53,52,57,61,58,65,73,78,84,93,114,129,140,172,160,123,93,74,58,47,14,14,12
73,64,61,59,57,60,64,65,68,72,73,79,91,110,108,129,138,126,101,86,73,58,44,13,9,0
68,74,69,68,63,65,70,92,114,102,130,122,131,154,145,180,171,145,128,117,97,75,61,57,54,45
66,73,71,68,63,69,71,73,78,79,89,91,97,126,132,165,169,140,122,113,99,80,63,57,54,45
63,66,69,61,59,64,70,70,74,76,84,85,98,119,177,155,146,130,114,88,71,63,44,14,10,14
50,61,57,54,48,57,65,66,73,74,82,89,102,127,150,182,145,125,103,85,66,50,30,14,18,8
53,56,61,60,59,58,65,67,70,74,77,81,101,126,140,133,136,117,95,82,66,56,40,30,18,9
54,55,58,59,57,58,61,63,68,71,75,82,100,111,119,123,115,112,90,77,65,54,50,26,12,12
42,53,54,55,57,58,60,63,67,68,73,83,97,110,112,120,110,101,91,72,60,52,30,12,12,12
23,50,52,55,57,56,58,59,62,66,70,82,98,106,109,112,98,86,92,68,55,50,25,15,8,9
14,15,33,52,52,54,56,54,57,61,68,78,94,100,107,101,93,80,69,67,41,18,13,9,7,0
8,10,11,14,43,52,54,51,52,58,62,77,88,93,96,91,80,72,64,52,31,9,10,6,0,0
10,12,11,10,15,51,55,54,54,57,61,75,84,87,88,82,80,65,56,50,8,10,0,0,0,0
8,10,9,7,9,21,54,56,54,55,59,70,73,80,88,79,69,61,51,35,11,8,6,0,5,0
0,9,9,9,7,13,51,59,50,52,57,63,69,74,74,70,62,54,18,11,0,7,0,0,0,0
6,6,0,0,0,11,17,52,51,46,55,59,73,70,70,63,58,54,27,11,0,0,0,0,0,0
7,9,7,8,10,12,14,51,56,55,58,60,65,69,65,62,59,53,23,5,8,0,0,0,0,0
0,9,8,0,7,12,21,40,55,57,60,58,62,66,65,62,58,50,13,7,10,8,0,0,0,0
0,9,5,10,7,13,30,50,53,71,77,56,61,65,65,64,55,25,12,16,11,7,5,0,0,0
0,8,8,8,8,10,31,51,53,62,93,55,62,63,66,62,56,41,20,25,12,9,7,0,0,0
5,10,9,7,0,12,26,33,52,56,95,54,60,61,63,59,54,44,30,23,12,10,8,5,0,0
0,0,11,0,6,12,16,30,45,52,62,30,58,59,59,56,50,42,29,12,9,6,0,6,0,0
0,0,8,10,9,10,12,15,36,19,29,25,52,55,55,54,43,27,15,8,5,0,5,0,0,0
17,31,41,40,29,56,69,111,135,133,121,108,124,94,88,80,73,66,62,57,52,41,14,11,10,10
16,23,33,23,50,59,81,110,136,120,94,98,129,106,95,84,75,69,66,60,41,30,21,12,11,8
26,44,45,45,52,61,85,96,84,87,106,113,132,113,101,87,76,74,88,80,56,43,35,23,13,12
38,44,45,50,61,67,72,76,97,106,114,118,146,122,114,109,101,91,82,65,56,53,50,29,19,10
46,34,53,53,51,55,88,107,118,127,135,120,135,148,172,138,100,81,71,68,60,55,51,45,25,23
14,28,20,15,19,72,114,122,126,125,106,86,124,157,149,138,112,89,75,76,66,55,52,42,31,18
16,26,54,52,58,95,135,128,131,122,112,120,146,164,156,140,127,104,83,71,66,57,54,40,32,17
38,50,54,53,60,101,130,129,130,114,103,116,134,145,143,137,127,108,88,72,63,58,53,44,23,12
20,45,53,54,59,97,122,117,108,108,102,100,130,139,135,134,120,113,88,69,60,55,50,19,13,10
27,23,45,50,56,79,109,110,87,76,87,106,121,129,132,128,117,108,90,71,59,52,20,11,11,9
10,31,23,23,53,73,100,92,72,70,76,89,112,120,126,124,120,112,92,70,53,47,25,14,10,6
12,14,25,27,50,62,77,69,65,66,73,82,100,114,116,118,119,96,79,64,54,40,17,13,11,9
12,13,12,43,23,54,62,62,62,64,72,81,88,94,103,100,94,87,78,64,54,35,8,0,0,0
0,0,7,0,0,13,35,41,51,54,63,70,74,78,81,82,77,72,67,54,26,8,0,0,0,0
21,14,14,14,11,43,55,43,56,61,68,71,87,84,90,90,87,90,77,69,56,42,12,8,0,0
53,21,40,14,17,41,52,58,58,65,75,79,85,96,94,90,92,85,82,76,58,37,12,8,8,7
51,44,50,37,30,38,57,54,58,66,75,77,89,91,95,98,93,107,94,77,58,50,10,10,10,6
59,57,57,52,53,57,61,58,65,73,78,84,94,114,129,139,173,158,123,93,74,58,43,14,14,12
73,65,61,58,57,60,63,66,67,71,73,80,91,111,108,129,138,126,102,86,73,58,44,13,10,0
68,74,69,68,63,65,71,92,114,103,130,121,131,154,145,178,171,145,128,117,98,76,61,57,54,43
66,73,71,68,63,69,71,73,78,79,89,91,97,126,132,164,169,140,122,113,99,80,63,57,54,45
63,66,69,61,60,64,69,70,73,76,84,85,98,119,177,155,145,129,114,88,71,63,44,14,10,14
51,61,57,54,48,57,64,66,72,74,81,88,102,126,150,182,145,126,104,85,65,50,30,14,19,8
53,57,61,60,59,59,65,67,70,74,77,81,101,125,140,132,136,117,95,82,66,56,38,28,19,9
54,55,58,59,57,59,61,63,68,70,75,81,100,110,120,123,116,112,90,77,65,54,50,25,12,12
43,53,54,55,57,58,60,63,67,68,74,83,97,110,112,120,111,101,91,72,60,52,30,13,11,12
23,50,52,55,57,56,58,59,62,66,70,82,99,106,109,112,98,86,92,69,55,50,25,15,8,9
14,15,35,51,52,54,56,54,57,61,68,78,94,100,107,101,92,79,69,67,42,18,13,9,7,0
9,10,11,14,43,52,54,50,53,59,62,77,88,93,96,91,80,71,64,52,31,10,10,6,0,0
10,12,11,9,17,51,55,54,54,57,62,75,84,87,88,81,80,65,56,50,8,10,0,0,5,0
8,10,9,7,8,21,54,56,54,55,59,70,73,80,88,79,69,61,51,35,11,8,6,0,5,0
0,9,8,9,7,13,51,59,51,51,58,63,69,74,75,70,62,54,17,11,0,0,0,0,0,0
6,6,0,0,0,11,17,53,50,45,55,59,73,70,70,63,58,54,27,11,0,0,0,0,0,0
7,10,7,7,10,12,14,51,56,55,59,59,65,69,66,62,59,53,23,6,8,0,0,0,0,0
0,9,8,0,7,12,17,42,55,57,60,58,62,66,65,62,58,50,12,6,10,8,0,0,0,0
0,9,5,10,7,13,30,50,53,71,77,56,61,65,65,64,55,25,12,16,11,7,0,0,0,0
0,8,8,8,8,10,31,51,54,63,92,54,62,63,66,62,56,41,21,25,12,9,7,0,0,0
0,10,9,7,0,12,26,31,52,56,95,54,60,61,63,58,54,42,31,23,12,10,8,5,0,0
0,0,11,0,6,11,17,30,43,52,62,30,58,59,59,56,50,40,27,12,8,6,0,6,0,0
0,0,8,10,9,10,12,16,35,20,31,23,52,55,55,54,45,26,14,8,5,0,5,0,0,0
16,31,41,38,29,56,70,111,136,133,121,108,124,94,88,80,73,67,62,57,53,44,14,11,10,11
15,23,32,23,50,59,81,110,136,120,93,99,130,106,96,85,74,69,66,60,41,32,19,12,11,9
25,44,45,45,52,61,84,96,84,87,106,113,132,113,101,87,76,74,88,81,57,40,35,21,13,13
35,43,45,50,62,66,72,76,96,106,114,119,146,122,114,108,101,91,82,65,56,53,50,29,17,10
44,34,53,53,52,55,87,107,119,128,135,119,135,148,173,138,100,81,71,68,60,55,51,45,23,25
14,28,20,14,23,71,114,122,127,125,106,85,125,156,150,138,112,89,76,75,66,55,52,45,29,16
15,26,53,52,59,94,135,128,131,122,111,120,146,163,156,141,126,105,82,71,65,58,54,42,32,17
38,50,54,53,61,101,129,129,130,114,103,116,133,145,143,137,127,108,88,72,63,58,53,50,21,12
18,40,54,55,60,95,121,117,108,108,102,100,130,139,135,134,120,113,88,69,60,55,50,17,12,10
25,23,47,50,56,78,108,110,87,76,86,105,121,128,132,128,117,108,90,71,59,53,20,11,10,9
10,29,23,21,54,73,98,93,72,70,75,89,112,120,126,124,119,111,92,70,54,47,25,17,9,6
12,14,25,25,50,62,77,69,65,66,73,82,99,114,116,119,119,96,78,64,54,42,17,14,10,9
12,13,12,45,25,54,62,62,62,64,72,81,88,94,103,100,94,87,78,64,54,35,8,0,0,0
0,0,7,0,0,13,33,41,51,54,63,70,75,77,81,81,77,73,67,53,26,8,0,0,0,0
21,13,14,14,11,43,55,44,56,61,68,71,87,83,90,90,87,90,77,69,56,44,12,9,0,0
52,20,38,14,17,41,53,58,58,65,74,79,85,96,94,91,92,85,83,76,58,37,12,8,7,7
51,42,50,40,32,36,57,54,58,66,75,77,89,91,95,98,93,107,94,77,58,47,10,10,10,6
58,57,57,52,53,56,61,58,65,73,78,84,94,114,130,140,173,159,123,93,74,58,41,14,14,13
73,65,62,58,58,59,63,65,67,71,73,80,91,110,109,129,138,126,101,86,73,58,42,13,10,0
68,74,69,68,64,65,70,92,114,103,129,121,131,154,146,178,170,145,129,117,98,75,61,57,54,45
66,73,71,68,63,69,71,73,78,79,90,91,98,126,132,164,169,140,123,114,99,80,63,57,54,46
63,66,69,61,60,64,69,70,73,76,84,85,98,118,176,155,145,129,115,88,71,63,44,14,10,14
51,61,57,54,48,56,64,66,72,74,81,88,103,126,151,182,144,126,104,85,66,50,30,14,19,8
53,57,61,60,59,59,64,67,70,74,77,81,101,125,140,132,136,117,95,82,66,56,36,29,19,9
54,55,58,59,58,59,61,63,68,70,75,81,100,110,120,123,116,112,90,77,65,54,45,23,12,12
43,53,54,55,58,58,60,63,68,69,73,83,98,110,112,120,110,102,91,71,60,53,30,13,11,12
25,50,52,55,57,56,58,59,62,65,69,82,99,106,109,112,98,86,92,69,56,50,25,15,8,9
14,14,35,51,52,54,56,54,57,61,68,78,94,101,107,101,92,80,69,67,41,20,13,9,6,0
9,11,11,14,43,52,54,51,53,59,62,77,88,93,97,91,80,71,64,52,29,9,10,6,0,0
10,12,11,9,19,51,54,54,54,57,62,75,84,87,88,82,80,65,57,50,8,10,0,0,5,0
7,9,9,7,9,23,54,56,55,55,59,70,73,80,88,79,69,61,51,35,11,8,6,0,0,0
0,9,8,9,7,13,51,59,51,51,57,63,69,74,75,70,61,54,17,11,0,0,0,0,0,0
6,6,0,0,0,11,17,52,51,45,55,59,73,70,70,63,58,54,27,11,0,0,0,0,0,0
7,10,7,7,11,12,13,51,56,55,59,60,65,69,66,62,60,53,23,5,8,0,0,0,0,0
0,10,8,0,8,12,15,42,54,57,60,57,61,66,65,62,58,50,13,6,10,8,0,0,0,0
0,9,6,10,8,13,27,50,53,72,76,56,61,65,65,64,55,25,12,15,11,7,0,0,0,0
0,8,8,8,9,10,31,51,54,63,92,55,62,63,66,61,56,42,23,22,12,9,7,0,0,0
0,10,9,7,0,12,25,30,52,57,95,53,60,61,63,58,54,42,31,21,12,10,7,5,0,0
0,0,11,0,6,11,16,30,45,52,61,30,58,59,60,56,50,40,29,12,8,6,0,6,0,0
0,0,8,10,9,10,12,16,35,20,32,22,52,55,55,54,43,27,15,7,5,0,5,0,0,0
16,31,40,36,28,55,69,111,136,133,121,107,125,94,88,80,73,67,62,57,52,44,14,11,10,11
17,23,32,23,50,59,81,110,137,120,93,98,130,106,96,85,75,69,66,60,41,32,21,12,11,8
25,42,44,45,52,61,84,96,84,87,106,112,132,113,100,87,76,74,87,81,57,43,30,21,13,13
33,43,45,50,62,66,72,76,96,106,114,118,146,122,114,109,101,91,82,65,55,53,50,27,17,10
44,32,53,53,51,55,87,108,119,128,135,119,135,148,173,139,100,82,72,68,59,55,51,42,23,21
14,28,22,14,19,71,113,122,127,125,106,85,125,157,150,139,113,89,75,75,66,55,52,42,25,14
16,26,53,52,58,93,134,127,131,122,111,121,146,162,155,141,126,105,82,71,65,58,53,42,35,17
38,48,54,53,61,101,129,129,130,114,103,116,133,146,143,137,127,108,88,72,63,58,54,47,23,12
20,42,54,55,60,95,121,117,108,108,102,100,130,139,135,134,120,114,88,69,60,55,50,17,12,9
25,23,47,51,56,78,108,110,87,76,87,106,121,128,132,128,117,109,90,70,58,53,22,12,10,9
10,29,25,23,53,72,99,92,72,70,76,89,112,121,127,124,119,112,91,71,53,44,22,14,9,6
12,13,25,25,50,61,77,69,65,67,73,82,99,114,116,118,119,96,79,64,54,40,19,13,11,9
12,13,12,47,21,54,62,62,62,64,72,81,88,94,103,100,93,88,78,65,54,32,8,0,0,0
0,0,7,0,0,13,35,41,51,54,64,69,75,78,81,81,77,73,67,54,25,8,0,0,0,0
21,13,14,14,11,43,55,43,56,61,68,70,87,83,90,90,87,90,77,69,56,46,12,8,0,0
52,18,38,14,17,39,53,58,58,66,75,78,85,96,94,91,92,85,83,76,57,37,12,8,7,7
51,41,50,37,35,36,56,54,58,66,75,77,89,91,95,98,93,107,94,77,57,45,10,10,10,6
58,57,57,52,53,56,61,58,65,72,78,84,93,115,129,140,174,158,123,93,74,58,43,14,14,13
73,65,62,58,58,59,63,65,67,72,74,79,91,110,108,129,138,127,101,86,73,58,44,13,10,0
68,74,69,68,63,65,70,92,114,102,129,121,131,155,146,178,170,145,129,117,98,75,61,57,54,45
66,73,71,68,63,69,70,73,78,79,90,90,97,126,132,164,169,140,123,114,98,80,63,57,54,45
63,66,69,61,60,64,69,70,73,76,84,85,98,119,175,155,145,129,115,88,71,63,46,14,10,14
50,61,57,54,48,56,64,66,72,75,80,88,104,126,151,182,145,126,104,85,66,50,29,14,19,8
52,57,61,60,59,59,64,67,70,74,77,81,101,125,140,133,136,117,95,81,66,56,34,30,19,9
53,55,58,59,58,58,61,63,68,71,75,81,100,111,120,123,116,112,90,77,64,55,43,21,12,12
43,53,54,55,57,58,60,62,68,69,73,83,98,110,111,120,111,101,91,71,60,52,30,13,11,12
23,48,52,55,57,56,58,59,62,66,69,82,99,106,109,112,98,86,92,69,55,50,25,14,8,9
14,15,35,52,52,54,56,54,57,61,68,78,94,101,107,102,92,80,69,67,37,20,12,9,6,0
9,10,11,14,43,52,54,51,53,59,62,77,88,93,97,92,80,72,64,52,27,9,10,6,0,0
9,12,11,9,15,51,54,54,54,57,62,75,84,87,88,82,80,65,57,50,8,10,0,0,0,0
7,9,9,7,9,21,54,56,55,55,60,70,73,80,88,79,69,61,51,35,11,8,0,0,0,0
0,9,8,9,7,13,51,59,51,51,57,63,70,74,75,70,61,54,17,11,0,0,0,0,0,0
6,6,0,0,0,11,17,52,50,45,55,59,73,70,70,63,59,55,28,11,0,0,0,0,0,0
7,9,7,7,10,12,13,51,56,55,59,59,65,69,66,62,60,53,21,5,8,0,0,0,0,0
0,9,8,0,8,11,14,42,54,57,60,57,61,66,65,63,58,50,13,0,10,8,0,0,0,0
0,8,6,10,8,13,27,50,53,71,76,55,61,65,64,64,55,30,12,15,11,7,0,0,0,0
0,8,8,8,8,11,29,51,54,63,92,54,62,63,66,62,56,44,23,22,12,9,7,0,0,0
0,9,9,7,0,12,25,30,52,57,95,53,60,61,63,59,54,44,31,21,12,10,8,5,0,0
0,0,11,0,6,11,15,30,45,52,62,30,58,60,60,56,50,40,29,12,8,6,0,6,0,0
0,0,8,10,9,10,12,16,36,20,32,23,52,55,55,54,45,29,15,7,5,0,5,0,0,0
16,31,37,40,29,55,69,111,135,133,121,107,124,94,88,80,74,67,61,57,52,44,14,11,10,11
17,23,32,23,51,59,81,110,136,120,93,98,130,106,96,84,75,69,66,60,38,30,19,12,11,8
26,42,42,45,52,61,84,95,84,87,106,113,131,113,100,87,77,75,88,81,57,43,32,21,13,12
35,43,43,50,62,66,72,76,96,106,115,119,145,122,114,109,101,91,82,65,55,53,50,29,22,11
44,33,53,53,51,55,87,107,119,128,135,120,135,148,173,139,100,82,71,68,59,55,51,45,23,21
14,29,22,15,17,71,114,122,127,125,105,85,125,157,150,139,114,90,76,75,66,55,52,45,25,14
16,25,53,52,58,93,134,127,132,122,111,120,146,163,155,141,127,105,81,71,65,58,53,42,35,17
38,48,54,53,60,101,129,129,129,115,103,116,133,146,143,136,128,108,88,71,63,58,54,47,23,12
20,45,53,54,60,95,121,117,108,108,102,100,129,139,135,134,120,114,87,69,60,55,50,17,12,9
25,25,45,51,55,78,108,110,87,76,86,105,120,129,132,127,117,109,90,70,58,51,20,11,10,9
10,31,25,25,54,72,98,92,72,70,77,89,112,121,126,124,120,112,91,71,53,44,25,14,9,6
13,13,25,25,50,62,77,68,65,67,73,81,98,115,116,118,119,96,79,64,54,40,19,13,11,10
12,14,12,47,23,53,62,62,62,64,72,81,87,94,103,100,93,88,78,64,53,30,8,0,0,0
0,0,7,0,0,13,35,40,51,54,64,70,74,78,81,81,77,73,67,54,25,8,0,0,0,0
20,13,14,15,12,43,54,42,56,61,68,70,87,83,90,90,87,90,77,69,56,44,12,0,0,0
52,18,36,14,17,37,52,58,57,67,75,79,85,96,94,90,92,85,82,75,58,35,12,8,7,7
51,39,50,42,37,33,56,54,58,66,75,77,88,91,96,98,93,107,94,77,58,45,10,11,9,6
59,57,57,52,53,56,61,57,65,72,78,84,93,115,129,140,175,159,123,94,74,58,43,13,14,13
73,64,62,58,58,59,62,65,67,72,73,79,91,110,108,128,138,126,102,86,73,58,46,14,10,0
68,74,70,68,64,64,70,91,114,103,129,121,131,156,146,177,171,145,129,117,98,75,61,57,54,46
66,73,71,68,63,69,70,73,78,79,90,90,97,126,132,164,171,141,123,114,98,80,63,57,53,45
63,66,69,61,60,64,69,70,73,76,84,85,98,119,176,154,144,129,114,88,71,62,46,14,10,14
51,61,57,55,48,56,64,65,72,75,81,88,103,126,151,182,144,125,104,85,66,50,29,14,19,8
53,58,61,60,59,58,64,67,70,74,77,81,101,125,140,132,136,117,95,81,67,56,34,30,19,10
54,55,58,59,58,58,61,63,68,71,75,81,101,111,120,123,117,112,90,77,64,55,43,20,12,13
43,53,54,55,57,58,60,62,67,69,73,83,98,110,111,120,111,101,91,71,60,52,30,13,11,12
23,50,52,55,57,56,58,59,61,66,70,82,99,107,109,112,99,86,92,69,56,50,25,14,9,9
14,16,35,52,52,54,56,54,56,61,68,78,93,101,107,101,93,80,69,67,37,18,12,9,7,0
9,10,11,15,43,52,54,50,53,59,62,77,88,93,97,91,80,72,64,52,25,9,9,6,0,0
10,12,11,9,15,51,54,54,54,57,62,75,83,87,88,82,80,65,56,50,8,10,0,0,0,0
8,9,9,7,9,23,54,56,54,55,60,70,73,81,88,79,69,61,51,35,11,8,6,0,0,0
0,9,8,9,7,13,50,59,51,51,57,63,70,74,76,70,61,54,18,11,0,0,0,0,0,0
6,6,0,0,0,11,17,52,51,45,56,60,73,70,70,63,59,55,28,11,0,0,0,0,0,0
7,9,7,7,10,12,13,51,56,55,59,59,65,69,66,62,60,54,21,6,8,0,0,0,0,0
0,10,8,0,8,11,14,40,54,56,60,57,61,66,65,63,58,50,13,0,10,8,0,0,0,0
0,9,6,10,8,13,25,47,53,72,76,56,61,65,64,64,55,32,12,15,11,7,0,0,0,0
0,8,8,8,8,11,29,51,54,63,92,54,62,63,66,62,56,46,25,22,12,9,6,0,0,0
0,10,9,7,0,12,25,27,52,57,95,53,60,61,64,59,54,44,31,20,13,10,8,5,0,0
0,0,11,0,6,12,15,30,45,52,62,28,58,59,60,55,51,40,29,12,8,6,0,6,0,0
0,0,8,10,9,9,12,15,36,19,32,23,52,56,55,54,45,29,16,8,5,0,5,0,0,0
15,31,34,40,31,55,69,111,136,132,121,107,124,94,88,81,73,67,61,57,52,41,14,11,9,11
16,23,35,22,51,59,81,109,136,120,93,98,130,106,96,84,75,69,66,60,41,32,19,12,11,8
25,41,41,47,52,61,85,95,84,87,105,114,131,114,100,87,77,74,88,81,57,43,35,20,13,13
35,44,46,50,62,65,72,76,97,106,114,119,145,122,114,108,102,91,82,65,55,52,50,31,20,17
44,32,53,53,51,54,87,107,119,128,135,120,135,149,172,138,101,82,71,68,59,55,51,45,21,23
14,26,22,14,21,71,113,121,127,125,105,85,125,155,150,139,114,90,76,75,66,55,52,45,25,15
15,26,53,52,58,92,135,128,131,122,110,120,146,163,156,140,127,105,81,71,66,58,53,45,32,19
36,46,54,53,60,101,129,128,129,115,103,117,133,146,143,136,128,109,87,71,63,58,54,50,21,13
18,42,53,54,60,95,121,117,108,108,102,101,129,139,135,134,120,114,87,69,60,55,50,19,12,9
25,23,47,51,56,78,109,109,87,76,86,105,120,128,132,127,117,108,90,71,58,51,22,12,10,9
10,29,25,27,53,71,98,93,71,69,77,89,112,121,127,123,120,112,91,70,53,47,25,14,9,6
13,13,27,25,50,61,77,68,65,67,73,82,99,114,117,118,119,96,79,65,54,40,21,13,11,9
12,13,12,47,25,53,61,62,62,64,72,81,88,94,103,100,93,88,78,64,54,35,8,0,0,0
0,0,8,0,0,13,33,38,51,54,63,70,74,78,81,82,77,73,66,54,23,8,0,0,0,0
20,13,14,17,12,42,54,40,56,61,68,71,87,84,89,90,88,90,77,69,56,44,13,0,0,0
52,16,38,14,17,35,52,58,58,67,75,79,85,96,94,90,92,85,82,75,58,35,12,8,7,7
51,39,50,42,37,33,56,54,57,66,75,77,88,91,96,97,93,107,94,77,58,45,10,11,9,6
58,57,57,52,53,56,61,57,65,72,78,84,93,115,128,140,175,159,122,93,74,58,45,13,14,13
73,64,62,58,58,60,63,65,68,72,74,79,91,110,108,128,137,127,101,86,73,58,46,14,9,0
67,74,70,68,64,65,70,91,114,102,129,121,131,157,146,178,171,145,128,116,98,75,61,57,54,45
65,73,71,68,63,69,71,72,78,79,90,90,97,126,133,164,171,141,122,114,98,80,63,57,53,45
63,66,69,61,60,64,70,69,73,76,83,85,98,119,176,153,145,129,114,88,71,62,46,14,9,14
51,61,57,55,48,56,64,65,72,74,81,88,102,126,151,182,144,126,103,85,66,50,29,13,20,9
53,57,61,60,59,58,64,67,70,74,77,81,101,126,140,132,136,117,95,81,67,56,34,31,19,10
54,55,58,60,58,58,61,63,68,71,75,81,101,111,121,123,117,113,90,77,64,55,45,21,12,12
45,53,54,55,58,58,59,62,67,69,73,83,98,110,111,120,111,101,91,72,60,52,32,13,11,12
25,50,53,55,57,56,58,59,62,66,70,82,99,107,109,112,99,86,92,68,56,50,25,13,8,9
14,16,35,52,52,54,55,53,56,61,68,79,94,101,107,101,93,80,69,67,39,18,12,9,6,0
8,10,11,15,43,52,54,51,53,59,62,77,88,93,97,91,80,71,64,52,27,9,10,6,0,0
9,12,11,10,15,51,55,54,54,56,62,75,84,88,88,82,80,65,56,50,8,10,0,0,0,0
8,9,9,8,9,23,54,56,54,55,60,70,74,81,88,79,69,61,51,35,11,8,6,0,0,0
0,9,8,9,7,13,50,58,50,51,57,64,70,74,76,70,61,54,18,12,0,7,0,0,0,0
6,6,0,0,0,10,19,51,51,46,55,60,73,70,70,63,58,55,28,11,0,0,0,0,0,0
7,9,7,7,11,12,13,51,56,55,59,60,65,69,66,62,60,53,23,6,8,0,0,0,0,0
0,10,8,0,7,11,15,37,54,57,60,58,62,66,65,63,59,50,13,0,10,8,0,0,0,0
0,9,6,10,8,13,25,42,54,72,76,56,61,65,65,64,55,30,12,15,11,7,0,0,0,0
0,9,8,8,9,11,29,51,53,63,93,54,62,64,66,62,57,46,23,20,12,9,7,0,0,0
0,10,9,7,0,12,25,29,52,56,95,53,60,61,64,59,54,45,31,20,13,10,8,5,0,0
0,0,11,0,6,12,15,28,45,52,62,32,58,60,60,55,51,40,29,12,9,6,0,6,0,0
0,0,8,11,9,9,12,15,36,19,32,25,52,56,55,53,45,30,16,8,6,0,5,0,0,0
17,31,34,40,31,55,69,111,136,132,121,107,124,94,88,81,73,67,62,57,52,38,14,11,10,11
16,22,32,22,50,59,81,109,136,120,93,98,130,107,96,84,75,69,66,60,41,32,21,11,11,8
26,39,42,45,52,60,85,95,84,87,105,114,131,114,100,87,76,74,88,81,56,43,35,23,13,13
36,43,48,50,61,65,72,76,97,106,114,119,144,122,114,108,102,91,82,65,55,52,50,31,20,15
46,32,53,53,51,54,87,106,118,128,135,121,135,149,173,138,101,82,71,68,60,55,51,45,21,19
14,26,22,15,19,71,113,121,127,125,105,86,125,155,150,139,113,89,76,75,65,55,52,47,25,18
16,26,54,52,58,92,135,128,131,122,110,121,147,163,156,140,127,104,82,71,66,58,53,42,32,17
37,46,54,53,60,101,130,128,129,114,103,117,133,146,143,136,128,109,87,71,63,58,54,47,21,13
20,45,53,54,59,95,121,117,108,108,102,100,129,139,134,134,120,114,87,69,59,55,50,19,13,9
27,23,47,51,55,77,109,110,87,77,87,105,120,129,132,127,118,108,90,71,58,51,22,12,10,9
11,27,27,25,53,70,98,92,71,69,77,89,112,121,127,123,120,112,91,70,53,47,25,13,10,6
13,13,27,27,50,61,76,68,65,67,73,82,100,115,116,118,119,96,79,65,54,37,19,12,12,9
12,13,13,45,23,53,61,62,62,64,72,82,88,94,103,100,94,88,78,64,54,35,8,0,0,0
0,0,8,0,0,12,33,39,50,54,64,70,74,78,81,81,77,73,66,54,23,8,0,0,0,0
21,13,13,15,12,42,53,40,56,61,68,71,88,84,90,90,88,90,77,69,56,42,13,0,0,0
52,18,38,14,17,33,52,58,58,67,75,79,85,96,94,90,92,85,82,75,58,35,12,8,7,7
51,39,50,37,35,30,56,54,57,66,75,77,89,92,96,97,93,107,94,78,58,42,10,11,9,6
59,57,56,52,52,56,61,56,65,73,77,84,94,115,128,140,175,157,122,93,74,58,47,13,14,13
73,64,62,59,58,60,63,65,68,72,74,79,91,110,108,128,138,127,101,86,73,58,48,14,9,0
68,74,70,68,63,64,70,91,114,102,129,121,131,157,146,178,172,145,129,116,98,75,61,57,54,45
66,73,71,68,62,68,71,72,78,79,90,90,97,126,133,164,171,141,122,113,98,80,63,57,54,43
63,66,69,61,59,63,70,69,73,75,83,85,98,120,176,153,145,129,114,88,71,62,46,14,9,14
51,61,57,55,48,56,64,65,72,74,81,88,103,127,151,182,145,125,104,85,66,50,29,14,20,8
53,57,61,60,59,58,64,67,70,74,77,81,101,126,140,132,136,117,95,81,67,56,34,31,20,10
54,55,58,60,58,58,61,63,68,71,75,81,101,111,121,122,117,112,90,77,64,55,50,23,12,12
45,53,54,55,57,57,59,62,67,69,73,83,98,111,111,120,111,101,91,72,60,52,30,13,11,12
23,50,52,55,57,55,58,59,62,66,70,82,99,107,109,111,99,86,93,68,56,50,25,14,8,9
14,16,37,52,52,54,55,53,57,61,68,79,94,101,107,100,93,80,70,67,37,16,12,9,7,0
8,10,12,15,43,51,54,51,53,59,62,77,88,93,97,91,81,71,64,52,27,9,10,6,0,0
9,13,12,10,14,51,55,53,53,57,62,75,84,88,88,82,80,65,56,50,8,10,0,0,0,0
8,9,9,7,9,21,54,56,54,55,60,70,73,81,88,79,69,61,51,35,11,8,6,0,0,0
0,9,8,9,7,13,50,58,50,51,57,64,70,74,76,70,62,54,18,11,0,7,0,0,0,0
6,6,0,0,0,10,17,51,51,46,55,60,73,71,70,63,58,55,28,11,0,0,0,0,0,0
7,9,7,7,11,12,13,51,56,55,59,60,65,69,66,62,60,53,25,6,8,0,0,0,0,0
0,10,8,0,7,11,15,35,54,57,60,58,62,66,65,62,59,50,13,0,10,8,0,0,0,0
0,9,6,10,8,13,27,42,53,72,76,56,62,66,65,64,55,30,12,15,11,7,0,0,0,0
0,9,8,8,8,10,27,51,52,63,93,54,62,64,66,62,57,46,25,22,12,9,7,0,0,0
5,9,8,7,0,12,25,30,52,56,95,53,60,61,64,58,55,45,30,20,12,10,8,5,0,0
0,0,11,0,6,11,15,28,45,51,62,32,58,60,60,56,51,39,29,12,9,6,0,6,0,0
0,0,8,10,9,9,12,14,36,19,34,25,52,56,55,53,46,29,15,8,6,0,5,0,0,0
17,31,36,42,32,55,69,110,136,132,121,108,124,94,88,80,73,65,61,57,52,38,13,11,10,11
15,22,32,22,50,59,81,109,136,120,93,98,129,106,96,84,75,68,66,60,44,30,17,12,11,8
27,39,42,47,52,61,84,95,84,88,105,114,131,114,100,87,77,74,88,81,56,43,35,23,13,12
36,43,47,50,62,65,71,76,97,106,114,119,144,122,114,108,102,91,82,65,56,52,50,31,20,15
48,34,53,53,51,54,87,106,118,128,135,121,134,147,172,137,101,81,71,68,60,55,51,45,23,19
14,28,20,15,19,71,113,121,126,125,106,86,125,155,150,139,113,89,76,75,65,55,52,45,27,18
16,26,54,52,58,93,135,128,131,122,111,121,147,164,155,140,127,104,82,71,66,57,53,42,32,14
36,48,54,54,60,100,129,128,129,114,103,117,133,145,143,136,128,109,87,71,63,58,54,47,21,13
20,45,53,54,59,95,121,117,108,108,101,100,129,139,134,134,120,113,87,69,60,55,50,17,12,9
27,27,47,50,56,77,109,110,87,77,86,106,120,129,132,127,118,108,90,71,59,51,20,12,10,9
11,29,27,25,53,70,98,92,72,69,77,89,111,121,126,124,120,112,92,70,53,47,27,14,10,6
13,14,29,25,50,61,76,67,65,67,73,82,100,115,116,118,119,96,79,65,55,40,21,12,11,9
12,13,13,43,23,53,61,62,63,64,73,82,88,95,103,100,93,88,78,64,55,32,8,0,0,0
0,0,7,7,0,12,33,38,51,55,64,70,74,78,80,81,77,72,66,53,25,8,0,0,0,0
23,13,13,14,12,43,53,40,57,61,68,71,87,84,89,90,88,89,77,70,56,41,12,0,0,0
52,20,40,14,15,35,52,58,58,67,75,79,86,96,94,90,91,85,82,75,58,35,12,8,7,7
51,39,48,35,30,30,56,54,57,66,75,78,88,92,95,97,93,107,94,77,58,42,9,11,9,6
59,57,56,52,52,57,60,57,65,73,78,84,94,115,129,140,174,157,122,93,75,58,45,13,14,13
73,64,62,59,58,60,63,64,68,72,74,80,91,110,108,128,138,126,102,86,73,58,48,14,9,0
68,74,70,68,63,64,70,91,113,102,129,121,131,157,146,178,172,145,129,116,98,75,61,57,54,45
66,73,71,68,62,68,71,72,78,80,90,91,97,126,133,164,171,140,122,113,98,80,63,57,54,43
63,66,69,60,59,63,70,69,73,76,83,85,98,120,176,153,145,129,114,88,71,63,44,14,9,14
51,61,57,55,48,56,64,65,72,74,80,88,102,127,151,183,145,125,104,85,66,50,28,14,18,8
53,57,61,60,59,58,64,67,70,74,77,81,101,126,140,132,136,117,95,82,67,55,34,32,19,10
54,55,58,60,58,58,61,63,68,71,75,82,101,111,120,122,117,112,90,77,65,54,50,23,12,12
45,53,54,55,57,57,60,62,67,69,73,83,98,111,111,120,111,101,91,72,60,52,30,12,12,12
25,50,52,55,57,55,58,59,62,66,70,82,100,107,109,111,99,86,93,68,56,50,25,14,8,9
15,16,35,52,52,54,56,53,57,61,68,79,93,101,107,100,93,80,70,67,41,18,12,9,7,0
8,10,12,15,40,51,54,51,53,58,62,77,88,93,97,91,81,71,64,52,29,9,10,6,0,0
10,12,11,10,14,51,55,53,54,57,62,75,84,88,89,82,79,65,56,50,9,10,0,0,0,0
8,10,9,7,9,21,54,56,54,55,60,71,73,81,88,79,69,61,51,37,11,8,6,0,0,0
0,9,8,9,7,13,50,59,50,51,57,64,70,74,76,70,62,54,18,11,0,0,0,0,0,0
6,7,0,0,0,10,17,51,51,46,55,60,73,71,70,63,58,55,28,11,0,0,0,0,0,0
7,9,7,7,11,12,13,50,56,55,59,60,65,69,66,62,60,53,27,6,9,0,0,0,0,0
0,10,8,0,7,11,15,35,54,57,60,58,62,66,64,63,58,50,13,6,10,8,0,0,0,0
0,9,6,9,8,13,27,42,54,72,76,56,62,66,64,64,55,27,12,15,11,7,5,0,0,0
0,9,8,8,8,10,27,51,53,63,93,54,62,64,66,62,56,42,25,25,12,9,7,0,0,0
5,10,8,7,0,12,23,30,52,56,95,53,60,62,64,58,55,44,31,20,13,10,8,5,0,0
0,0,11,0,6,11,16,28,46,51,62,30,58,60,59,56,51,37,27,12,9,6,0,6,0,0
0,0,8,10,9,9,12,14,35,19,35,27,52,56,55,53,46,27,15,8,6,0,5,0,0,0
17,32,37,38,32,55,69,110,136,132,121,107,124,94,88,81,73,65,61,57,52,38,13,11,9,11
14,22,32,22,50,58,81,108,136,120,93,98,129,106,96,84,75,68,66,60,47,35,19,11,11,8
27,42,41,47,51,61,85,95,84,87,105,114,131,113,100,88,76,74,88,80,56,45,35,21,13,13
36,43,47,51,62,66,72,76,97,106,114,118,144,122,114,108,102,91,82,65,56,53,50,29,16,15
48,34,53,53,51,54,87,107,118,128,135,121,134,147,172,138,101,81,72,68,60,55,50,45,20,21
13,28,20,15,19,71,113,121,126,125,106,86,125,155,149,139,112,89,75,75,65,55,52,45,25,20
16,27,54,52,58,93,135,128,131,122,111,121,147,162,155,140,127,104,82,71,66,57,53,47,30,15
36,50,54,54,60,100,129,128,129,115,103,117,133,145,142,136,126,108,87,71,63,58,53,47,19,13
16,42,53,54,59,95,121,117,109,108,102,101,129,139,134,134,120,113,87,69,60,55,50,19,12,9
23,27,50,50,56,78,109,109,87,78,87,106,120,129,132,128,117,108,90,71,59,51,20,12,10,9
11,27,27,25,52,71,98,91,71,69,77,89,111,121,126,124,120,111,92,70,53,50,25,14,9,6
13,13,27,25,50,60,76,68,65,67,73,83,100,115,117,119,120,96,80,65,55,40,21,12,11,9
13,13,13,40,23,53,61,62,63,64,73,82,88,95,103,100,93,88,78,64,55,35,8,0,0,0
0,0,7,0,0,12,32,39,51,55,64,70,75,78,81,81,77,73,66,54,26,8,0,0,0,0
25,13,13,13,11,42,53,42,57,61,68,72,88,85,90,91,88,89,77,70,56,41,12,9,0,0
52,20,38,13,15,35,52,58,58,67,75,80,86,96,95,90,92,85,82,76,58,37,12,8,8,7
51,41,50,32,32,30,56,53,58,66,76,78,89,92,95,97,93,106,94,78,58,45,9,11,9,6
59,57,56,52,52,57,61,57,65,73,78,84,94,114,129,140,172,156,122,93,74,58,43,14,13,13
73,65,62,58,57,60,63,64,67,72,74,80,91,110,108,128,137,126,102,85,73,58,48,13,9,0
68,74,70,68,63,64,70,91,113,102,129,121,131,155,147,179,170,145,128,116,98,75,61,57,54,46
66,73,71,68,62,68,71,72,78,80,90,91,97,126,133,165,170,140,122,113,98,80,62,57,54,43
62,66,68,61,59,63,70,69,73,75,84,85,98,119,176,154,145,129,114,88,71,63,42,14,10,14
51,61,57,55,48,56,63,65,72,74,80,89,102,126,150,184,145,125,104,85,66,50,28,14,18,8
53,57,61,60,59,58,64,67,70,74,77,81,101,126,140,132,136,117,96,82,67,55,34,32,18,10
54,55,58,60,58,58,61,63,67,71,75,82,101,111,120,122,116,112,89,77,64,54,47,23,12,12
46,53,54,55,57,57,60,62,67,69,73,83,98,110,111,121,111,102,91,72,60,53,30,12,12,13
26,50,52,55,57,55,58,58,62,66,70,82,100,106,109,112,98,86,93,69,56,50,25,14,8,9
15,16,35,52,52,54,56,53,57,61,68,79,93,100,107,101,92,80,69,67,42,20,12,10,7,0
9,11,12,17,40,52,54,51,52,58,62,77,88,93,97,91,80,71,64,52,29,9,10,6,0,0
10,13,11,10,14,51,54,53,54,57,62,76,84,87,89,82,79,65,57,50,8,10,0,0,0,0
8,9,9,7,9,20,54,55,55,55,59,71,73,81,88,79,69,61,51,35,11,8,6,0,0,0
0,9,8,9,7,13,51,59,50,52,57,64,70,74,75,70,61,54,17,11,0,7,0,0,0,0
6,6,0,0,0,10,17,51,51,46,55,61,73,71,70,63,58,55,29,11,0,0,0,0,0,0
7,10,7,7,11,12,13,50,56,55,59,61,66,69,66,62,60,53,27,6,9,0,0,0,0,0
0,10,8,0,7,11,15,35,54,57,60,58,62,66,65,63,58,50,13,6,10,8,0,0,0,0
0,9,6,10,8,12,30,42,54,72,76,56,62,65,65,64,55,25,12,16,11,7,5,0,0,0
0,9,8,8,8,10,25,51,53,63,93,54,62,63,66,62,56,42,25,25,12,10,7,0,0,0
5,10,9,7,0,12,25,30,52,56,95,54,60,61,63,59,54,45,31,21,13,10,8,6,0,0
0,0,11,0,6,11,16,28,46,52,62,30,59,60,59,56,51,37,29,12,9,6,0,6,0,0
0,0,8,10,9,9,12,15,35,22,34,28,52,55,55,54,45,27,15,8,6,0,5,0,0,0
