0,0,11,12,12,10,13,54,60,73,91,108,128,127,132,112,112,100,85,59,30,26,20,13,13,16
8,0,11,8,10,11,12,63,86,104,112,129,145,142,131,104,108,115,108,77,61,54,21,15,12,13
0,0,11,11,9,15,14,68,93,105,117,139,150,143,137,103,93,111,106,92,60,55,38,25,14,9
11,10,12,12,13,13,13,62,91,105,120,146,150,143,134,102,78,87,89,76,60,59,47,34,18,10
8,4,0,7,8,9,0,13,69,108,124,133,141,138,130,89,70,60,63,50,25,52,31,13,13,12
0,0,0,0,0,0,0,12,73,106,127,134,139,141,129,85,63,53,56,21,11,25,13,8,10,13
10,0,9,9,9,0,9,30,70,98,125,134,138,141,131,80,63,51,57,36,9,44,16,6,13,10
9,0,0,10,6,11,12,47,79,109,125,133,139,134,114,76,57,50,51,23,9,14,12,6,12,12
5,0,0,0,0,8,10,53,95,106,111,118,119,115,90,66,56,32,44,7,0,11,6,6,5,6
9,0,5,4,9,10,10,59,105,112,117,108,114,104,100,74,54,50,30,9,0,11,8,0,7,9
0,0,0,0,6,6,11,67,104,109,118,108,110,85,96,75,51,52,13,10,0,0,0,0,5,7
0,0,0,0,8,10,14,84,113,118,121,115,125,113,104,91,60,65,37,15,7,13,7,10,8,8
6,0,0,0,0,9,13,101,120,128,128,116,120,114,110,101,65,67,55,28,8,14,11,6,9,11
7,0,5,0,7,11,52,107,124,135,140,135,147,120,106,84,76,81,69,51,11,28,12,6,12,9
5,0,0,10,12,14,63,115,131,144,150,145,158,150,111,77,74,77,77,61,13,50,18,12,12,13
10,0,7,0,13,13,76,114,134,150,162,165,165,141,126,85,75,87,76,52,21,47,36,14,14,27
41,13,16,10,31,62,91,120,140,147,169,178,188,151,139,106,83,88,85,58,23,51,25,15,22,21
14,14,14,34,54,54,66,106,133,141,179,198,201,159,142,112,94,89,70,54,28,51,21,14,20,13
8,5,14,12,22,50,67,102,127,136,158,192,190,177,134,113,102,83,71,51,14,50,29,9,10,11
10,9,9,12,45,50,61,90,118,127,154,168,179,159,142,125,109,87,67,56,12,53,34,11,11,14
13,9,12,12,10,14,58,89,114,118,120,132,150,149,138,113,106,106,71,54,32,52,13,13,14,14
12,11,11,13,9,15,13,66,100,99,113,119,134,136,125,110,107,106,93,51,14,50,29,11,8,11
10,5,10,7,10,13,11,53,61,76,82,96,110,119,112,93,91,86,68,53,13,30,13,12,9,7
8,0,5,7,9,7,10,25,51,61,61,72,77,95,96,83,81,79,66,51,12,21,14,9,11,10
8,0,0,9,9,6,8,10,52,52,60,62,63,71,83,75,74,77,61,50,13,13,10,8,9,8
9,0,6,7,10,8,9,9,51,45,56,61,58,61,74,68,72,71,56,50,13,11,0,5,6,6
6,0,5,8,7,8,6,21,13,44,52,57,51,57,63,62,63,60,52,25,11,9,0,0,6,6
0,0,0,0,0,0,5,11,14,40,53,56,47,51,51,52,52,53,45,17,11,8,5,0,5,0
6,4,0,6,9,0,8,0,14,17,55,57,51,55,52,31,52,53,50,25,13,8,0,3,7,5
0,0,5,0,0,0,6,0,13,13,52,54,55,56,55,55,54,53,55,19,9,9,6,6,0,0
0,0,0,0,0,8,0,10,32,15,53,55,59,61,63,61,58,54,41,13,7,8,0,0,0,0
5,0,6,0,0,7,4,12,32,20,56,56,64,69,77,73,68,59,35,12,6,9,5,0,0,0
0,0,0,0,0,0,6,12,13,35,54,52,64,73,78,77,70,53,23,5,0,9,4,5,0,5
0,0,0,0,5,0,6,12,13,29,51,54,65,77,78,75,61,35,11,11,4,7,0,0,6,0
0,0,0,0,0,0,6,13,8,45,55,61,73,90,80,67,51,12,11,8,0,8,0,6,6,0
0,0,0,6,0,0,6,13,14,48,57,69,83,80,64,51,24,13,8,6,0,9,0,0,0,0
0,0,0,4,5,0,6,7,15,31,66,70,76,60,51,38,16,11,6,0,0,9,0,3,5,0
0,0,0,0,0,5,7,8,20,50,56,65,66,53,34,13,13,7,0,0,0,9,6,0,0,0
0,0,0,0,6,0,8,7,27,55,58,54,56,41,19,11,12,4,0,5,0,7,0,0,6,6
6,5,6,0,0,0,9,50,52,43,43,32,44,37,18,11,12,0,0,0,6,0,6,0,0,0
0,0,10,11,12,9,13,53,59,73,90,108,128,128,131,112,113,100,86,57,30,26,20,13,13,16
8,0,11,8,10,10,13,62,85,104,112,129,145,142,131,104,108,115,109,75,62,54,21,15,12,13
0,0,11,11,9,14,15,67,92,105,117,139,149,143,138,103,94,111,107,88,61,55,38,25,14,8
10,10,12,12,13,13,13,61,91,105,120,145,150,143,134,102,79,87,89,73,60,59,47,34,18,10
8,0,0,6,8,9,0,12,68,107,123,133,140,138,130,90,70,61,63,42,25,51,31,13,13,12
0,0,0,0,0,0,0,12,71,105,126,133,139,141,129,86,64,54,56,16,11,25,13,8,10,13
9,0,9,8,8,0,9,26,70,98,125,133,138,141,132,80,64,51,57,31,9,44,15,6,13,10
9,0,0,10,0,12,12,47,77,109,125,133,139,134,114,76,58,50,51,17,9,14,12,6,12,12
5,0,0,0,0,8,10,51,93,106,111,118,120,115,92,67,56,34,46,0,0,11,6,5,4,6
9,0,0,4,9,10,11,58,104,112,117,107,114,105,100,75,54,50,33,8,0,11,8,0,7,9
0,0,0,0,6,0,11,65,104,109,118,108,110,85,97,75,52,53,13,9,0,0,0,0,5,7
0,0,0,0,8,9,14,81,112,118,121,115,125,113,104,91,60,65,37,14,7,13,7,10,8,8
6,0,0,0,0,9,14,100,120,128,127,115,120,114,111,101,65,68,55,18,8,14,11,6,10,11
7,0,0,0,8,11,57,105,124,134,139,134,146,120,106,84,76,82,70,47,11,28,12,6,12,9
5,0,0,9,12,14,72,114,130,143,149,144,157,150,111,77,75,78,77,58,14,50,18,12,12,13
9,0,7,0,13,13,83,113,133,149,161,164,165,141,127,85,76,88,76,50,22,48,36,14,14,26
41,13,15,10,38,65,95,119,140,146,167,177,187,150,139,106,84,89,85,56,25,51,25,15,23,21
14,14,14,36,55,55,71,104,132,140,177,197,200,158,142,112,95,90,70,53,28,51,21,14,20,14
8,5,14,12,27,50,70,101,126,135,157,191,189,177,134,113,103,84,72,51,14,50,29,8,10,11
9,9,8,11,45,50,62,89,118,126,153,168,179,159,142,125,109,88,67,54,12,53,31,11,11,14
13,9,11,12,10,14,58,88,113,117,120,131,150,150,138,113,106,106,71,53,37,51,13,12,14,14
12,10,11,13,10,15,13,65,100,98,112,119,134,137,126,110,108,106,94,50,14,50,29,11,8,10
10,5,9,7,10,13,11,52,61,75,81,95,110,119,112,93,91,87,69,52,14,30,13,11,9,7
8,0,0,6,9,7,10,22,50,60,60,72,76,95,96,83,82,79,67,50,12,19,14,9,11,10
8,0,0,9,8,6,8,10,51,52,59,62,63,71,83,75,74,77,61,43,13,12,9,8,9,8
9,0,6,6,10,8,8,8,51,45,56,61,58,61,74,68,72,71,57,43,14,11,0,4,6,6
6,0,5,8,7,7,6,20,13,44,52,57,51,57,64,61,64,60,53,21,11,9,0,0,6,6
0,0,0,0,0,0,5,11,13,40,53,55,47,52,52,53,52,54,46,14,11,8,5,0,5,0
6,0,0,5,9,0,8,0,14,17,55,57,51,55,53,35,53,54,50,22,13,9,0,3,7,5
0,0,5,0,0,0,6,0,13,14,52,54,55,57,56,55,54,53,55,16,9,9,6,6,0,0
0,0,0,0,0,7,0,10,32,17,53,55,59,61,63,61,59,54,45,12,7,8,0,0,0,0
5,0,5,0,0,7,4,13,33,25,57,57,65,69,77,73,68,59,36,11,6,9,5,0,0,0
0,0,0,0,0,0,7,13,13,37,54,54,65,74,79,76,70,53,25,5,0,9,4,5,0,5
0,0,0,0,5,0,6,12,12,31,50,54,66,77,79,75,62,39,12,10,4,7,0,0,6,0
0,0,0,0,0,0,6,13,8,43,54,60,74,90,80,67,51,12,11,7,0,8,0,6,6,0
0,0,0,6,0,0,5,13,14,47,57,69,83,80,65,51,26,14,8,6,0,9,0,0,0,0
4,0,0,4,5,0,7,7,15,31,66,71,76,61,51,39,21,12,6,0,0,10,0,3,5,0
0,0,0,0,0,5,7,8,20,50,56,65,66,54,35,13,13,7,0,0,0,9,6,0,0,0
0,0,0,0,6,0,8,7,26,54,57,54,56,42,20,11,12,4,0,0,0,7,4,0,6,6
7,5,6,0,0,0,9,51,52,43,44,33,44,38,20,11,13,0,0,0,6,0,6,0,0,0
0,0,10,12,12,9,13,54,60,72,90,108,128,128,131,112,112,100,85,57,33,27,21,12,13,16
8,0,11,8,10,10,13,62,85,104,112,129,145,142,131,104,108,115,109,75,62,53,20,14,12,13
0,0,11,11,9,14,14,68,92,105,117,139,149,143,138,104,94,111,107,89,60,54,38,25,14,9
10,10,12,12,13,13,12,59,90,105,120,145,150,143,134,102,79,87,88,73,61,59,47,34,18,10
8,0,0,6,7,9,0,12,68,107,123,133,140,138,130,90,70,61,62,40,25,51,31,13,12,12
0,0,0,0,0,0,0,12,70,105,126,133,139,141,129,86,64,54,55,18,11,23,13,8,10,13
9,0,9,8,8,0,9,28,70,97,125,133,137,141,132,81,64,51,57,31,9,44,15,6,13,10
8,0,0,10,0,12,12,47,76,108,125,133,139,134,114,76,58,50,51,17,9,14,12,5,12,12
5,0,0,0,0,8,10,50,92,106,111,118,120,115,92,67,56,34,44,0,0,11,6,5,4,6
9,0,0,4,8,10,10,58,104,112,116,107,114,104,100,75,54,46,33,8,0,11,8,0,7,9
0,0,0,0,6,0,11,65,104,109,118,108,110,85,97,75,52,53,13,10,0,0,0,0,5,7
0,0,0,0,8,9,14,81,112,118,121,115,125,113,104,92,61,66,37,14,7,13,7,10,8,8
6,0,0,0,0,9,14,100,119,127,127,115,120,114,111,102,65,68,54,18,8,14,11,6,9,11
7,0,0,0,7,11,55,106,124,134,139,134,147,120,106,85,76,81,72,50,11,28,12,6,12,9
5,0,0,9,12,14,72,114,130,144,149,145,157,151,112,77,75,78,79,58,14,50,18,12,12,13
9,0,7,0,13,13,82,113,133,149,161,164,165,141,127,85,76,88,76,51,22,48,35,14,14,25
40,13,15,10,40,65,95,118,139,146,167,177,187,151,139,107,84,89,85,56,26,50,26,14,22,21
14,14,14,34,55,55,70,104,132,140,177,197,200,158,143,112,95,90,70,53,30,51,23,14,17,14
8,5,14,12,25,51,70,101,127,136,157,191,190,177,134,113,103,84,72,52,16,50,29,8,10,11
9,9,8,11,42,46,63,89,118,126,154,168,179,159,142,125,109,88,68,55,12,52,29,11,11,15
13,9,11,12,10,14,58,87,113,117,120,132,150,151,138,113,107,106,71,53,37,51,13,12,14,14
12,10,11,13,10,17,13,66,100,98,112,119,135,138,126,111,108,106,94,51,15,50,29,11,8,10
10,0,9,7,10,13,11,52,61,76,82,95,110,119,112,93,91,86,69,52,14,29,13,11,9,7
8,0,0,6,9,7,10,22,50,60,60,72,77,95,96,83,82,79,66,50,12,19,14,9,11,10
8,0,0,8,8,6,8,10,51,52,60,62,62,71,83,75,74,77,61,45,13,12,9,8,9,8
9,0,6,6,10,8,8,8,51,46,56,61,58,61,74,68,72,71,57,45,14,11,0,0,6,6
6,0,5,8,7,7,6,21,13,45,52,57,51,57,64,62,64,60,53,21,11,9,0,0,6,6
0,0,0,0,0,0,5,11,13,40,53,55,46,52,52,54,52,53,47,14,11,8,5,0,5,0
6,0,0,5,9,0,8,0,14,20,55,57,51,55,54,38,53,54,50,22,13,8,0,3,7,5
0,0,5,0,0,0,6,0,14,14,52,54,55,57,56,55,54,53,55,17,9,9,6,6,0,0
0,0,0,0,0,7,0,10,32,20,53,55,59,61,63,61,59,54,45,12,7,8,0,0,0,0
5,0,5,0,0,7,4,14,35,27,57,57,65,69,77,73,68,59,36,11,6,9,6,0,0,0
0,0,0,0,0,0,6,13,13,39,55,55,65,74,78,76,70,53,25,5,0,9,0,5,4,5
0,0,0,0,5,0,6,13,12,34,50,54,66,77,79,75,62,39,12,11,4,7,0,0,6,0
0,0,0,0,0,0,6,13,9,45,54,60,74,90,80,68,51,12,11,8,0,8,0,6,6,0
0,0,0,6,0,0,5,13,16,48,57,70,83,80,65,51,26,14,9,6,0,9,0,0,0,0
4,0,0,4,5,0,7,7,17,32,66,71,76,61,52,40,23,12,6,0,0,10,0,3,5,0
0,0,0,0,0,5,7,8,20,50,57,65,67,54,35,13,13,7,0,0,0,9,6,0,0,0
0,0,0,0,6,0,8,7,27,55,58,54,56,41,20,11,12,4,0,0,0,7,4,0,6,6
7,5,6,0,0,0,9,52,53,44,45,34,45,38,20,11,13,0,0,0,6,0,6,0,0,0
0,0,10,11,12,9,13,53,60,73,90,108,128,128,131,112,112,100,86,58,33,27,20,13,13,16
8,0,11,8,10,10,13,63,85,104,112,129,145,142,132,105,108,115,109,75,61,54,21,14,12,13
0,0,11,11,9,14,14,65,93,105,117,139,149,143,138,104,94,111,107,89,59,55,37,25,14,9
10,9,12,12,13,13,13,59,90,105,120,144,150,143,134,102,80,87,88,73,61,59,47,33,18,10
8,4,0,6,7,8,0,12,66,107,123,132,140,138,130,90,70,60,62,40,25,51,31,13,13,12
0,0,0,0,0,0,0,12,71,105,126,133,138,141,129,86,64,54,55,16,11,25,13,8,10,13
9,0,9,8,8,0,9,26,69,96,124,132,137,140,131,81,64,51,57,31,9,44,15,6,14,10
8,0,0,10,0,12,12,44,76,108,125,133,138,134,113,76,59,50,51,17,9,14,12,0,12,12
5,0,0,0,0,8,10,46,91,106,110,117,119,115,92,67,56,32,44,0,0,11,6,5,4,6
9,0,0,0,9,10,11,57,104,112,116,106,113,105,100,75,54,46,33,8,0,11,8,0,8,9
0,0,0,0,6,0,11,65,104,109,118,108,110,86,98,76,53,53,13,9,0,0,0,0,5,7
0,0,0,0,8,9,14,80,112,118,121,115,124,113,104,93,61,66,34,14,7,13,7,10,8,8
6,0,0,0,0,9,14,100,119,127,128,115,120,114,111,102,65,68,55,15,8,14,11,6,9,11
7,0,0,0,7,11,57,105,124,134,139,134,146,120,106,85,76,81,70,50,11,28,12,6,12,9
5,0,0,10,12,15,72,114,130,144,149,144,157,151,112,77,75,78,79,57,14,50,18,12,12,13
9,0,7,0,13,13,82,113,133,149,161,163,165,141,127,86,76,88,76,50,22,48,35,14,14,25
40,13,15,10,40,65,95,118,140,146,167,177,186,151,139,106,84,90,85,56,25,50,26,14,23,21
14,14,14,34,55,55,70,104,132,140,177,197,200,158,143,112,95,91,70,53,30,51,21,14,20,13
8,5,14,12,27,51,70,101,127,135,157,191,190,177,134,114,103,84,72,52,15,47,29,8,10,11
9,9,8,11,42,46,63,89,117,126,154,168,179,160,142,125,109,88,68,54,11,52,26,11,11,14
13,9,11,12,10,14,58,87,113,117,121,132,150,151,138,114,107,107,71,53,40,50,14,12,14,14
12,10,11,13,10,17,13,65,100,98,113,119,135,138,126,111,108,106,95,51,15,50,29,11,8,10
10,0,9,7,10,13,11,52,61,76,82,96,110,119,112,94,91,86,69,51,14,30,13,11,9,7
8,0,0,6,9,7,11,22,51,60,60,71,76,95,96,83,82,80,66,50,12,19,14,9,11,10
8,0,0,8,8,6,8,9,51,52,60,62,63,71,83,76,74,77,61,45,13,12,9,8,9,8
8,0,6,6,10,8,8,8,51,46,56,61,58,61,74,68,72,71,58,45,14,11,0,0,6,7
6,0,5,8,7,7,6,20,13,44,52,57,51,57,64,62,64,60,53,21,11,9,0,0,6,6
0,0,0,0,0,0,5,11,13,40,53,55,46,52,52,54,53,53,47,14,11,8,5,0,5,0
6,0,0,5,9,0,8,0,14,22,55,57,51,56,54,41,53,54,50,22,13,9,0,3,7,6
0,0,5,0,0,0,6,0,14,14,52,54,55,57,56,55,54,53,55,17,9,9,6,6,0,0
0,0,0,0,0,7,0,10,35,20,53,55,59,62,64,62,59,54,45,12,7,8,0,0,0,0
5,0,5,0,0,7,4,13,35,27,57,57,65,69,77,73,68,59,36,11,6,9,6,0,0,0
0,0,0,0,0,0,6,13,13,39,55,55,65,74,78,76,70,53,25,5,0,9,0,5,4,5
0,0,0,0,5,0,6,13,12,34,51,55,66,77,79,75,62,41,12,11,4,7,0,0,6,0
0,0,0,0,0,0,7,13,10,47,55,60,74,91,80,68,52,12,12,8,0,8,0,6,6,0
0,0,0,6,0,0,5,13,17,48,57,70,83,80,65,52,26,14,9,6,0,9,0,0,0,0
4,0,0,4,6,0,7,7,19,33,67,71,76,61,52,42,23,12,6,0,0,10,0,3,5,0
0,0,0,0,0,5,7,8,20,50,57,65,67,54,36,14,13,7,0,0,0,9,6,0,0,0
0,0,0,0,6,0,8,7,27,55,58,54,57,42,20,11,12,4,0,0,0,7,0,0,6,6
7,5,6,0,4,0,10,52,53,44,46,35,45,38,20,11,13,0,0,0,6,0,6,0,0,0
0,0,10,11,12,9,13,53,60,73,91,108,128,129,131,112,112,99,86,58,35,26,20,13,13,15
7,0,11,8,10,11,13,63,85,103,112,129,145,142,131,105,108,115,109,75,61,53,20,14,12,13
0,0,11,11,9,14,14,65,93,105,116,140,149,143,138,104,94,111,107,89,60,54,38,25,14,9
10,9,12,12,13,13,12,59,90,105,120,144,150,143,135,103,80,86,88,74,61,59,47,34,18,9
8,4,0,6,7,8,0,12,66,107,122,132,140,138,130,90,70,60,62,40,25,50,31,13,12,12
0,0,0,0,0,0,0,12,71,105,126,133,138,141,129,86,64,54,55,16,11,23,13,8,10,13
9,0,9,8,8,0,9,28,70,96,124,132,137,140,131,81,64,51,57,31,9,42,16,6,14,10
8,0,0,10,0,12,12,47,76,107,125,133,139,134,113,76,58,50,51,19,9,14,12,0,11,12
5,0,0,0,0,8,10,50,91,106,111,117,120,115,91,67,56,32,44,0,0,11,6,5,4,6
9,0,0,0,9,10,11,57,104,112,116,106,113,105,100,75,54,42,36,8,0,11,8,0,8,9
0,0,0,0,6,0,11,64,104,109,118,108,110,86,97,76,53,53,13,10,0,0,0,0,5,7
0,0,0,0,8,9,14,80,112,118,121,115,124,113,104,93,61,66,34,14,7,13,7,10,8,8
6,0,0,0,0,8,14,100,119,127,128,115,120,114,111,102,66,68,54,18,8,14,11,6,9,11
6,0,0,0,7,11,57,105,124,134,139,134,147,120,106,85,76,81,70,50,11,25,12,6,12,8
5,0,0,10,12,15,74,114,130,144,149,144,157,151,111,78,75,78,79,58,13,50,18,12,12,13
9,0,7,0,13,13,82,113,133,149,161,163,165,141,127,86,76,88,76,50,22,47,35,14,14,23
40,13,15,10,38,65,95,118,140,146,167,177,187,150,139,106,85,90,85,56,23,50,26,14,22,21
14,14,14,34,55,54,70,104,132,140,178,196,200,158,142,112,94,90,70,53,30,51,20,14,17,13
8,5,14,11,27,51,71,101,127,136,158,191,190,177,134,114,103,84,73,53,16,45,29,8,10,11
9,9,8,11,40,46,63,88,118,126,154,168,179,160,142,125,109,88,68,55,11,52,25,11,11,14
13,9,11,12,10,14,58,88,113,118,121,132,150,151,138,114,107,107,72,54,37,51,14,12,14,14
12,10,11,13,10,17,13,65,100,99,113,119,135,138,126,111,108,106,95,52,15,50,29,11,8,10
10,0,9,7,10,13,11,52,61,76,82,96,110,119,112,94,92,87,69,52,14,29,13,11,9,7
8,0,0,6,9,7,11,22,51,60,60,71,77,95,96,83,82,79,67,50,12,17,14,9,11,10
8,0,0,8,8,6,8,9,51,52,60,62,63,71,82,76,74,77,61,45,13,12,9,8,9,8
8,0,6,6,10,7,8,8,51,46,56,61,58,61,73,68,72,71,58,45,14,11,0,0,6,6
6,0,5,8,7,7,6,20,13,44,52,57,51,57,64,62,64,60,53,23,11,9,0,0,6,6
0,0,0,0,0,0,5,11,13,42,53,55,47,53,52,54,52,53,46,15,11,8,5,0,5,0
6,0,0,5,9,0,8,0,14,22,55,57,51,56,54,43,53,54,50,22,13,8,0,3,7,5
0,0,5,0,0,0,6,0,14,15,52,54,55,57,56,56,54,53,55,17,9,9,6,6,0,0
0,0,0,0,0,7,0,11,32,22,53,56,59,62,64,62,59,54,47,12,7,7,0,0,0,0
5,0,5,0,0,7,4,14,35,27,57,57,65,70,77,73,67,59,37,11,7,9,6,0,0,0
0,0,0,0,0,0,6,13,13,40,54,56,65,75,78,76,70,53,25,5,0,9,4,5,4,5
0,0,0,0,5,0,6,13,12,34,51,55,66,77,78,75,62,41,12,11,4,7,0,0,6,0
0,0,0,0,0,0,7,13,12,47,55,60,74,91,80,68,52,12,12,8,0,8,0,6,6,0
0,0,0,6,0,0,5,13,19,50,58,70,83,81,65,53,26,14,9,6,0,9,0,0,0,0
4,0,0,4,6,0,7,7,21,33,67,71,76,61,52,43,25,11,7,0,0,10,0,3,5,0
0,0,0,0,0,5,7,8,21,51,57,66,67,54,36,14,13,7,0,0,0,9,6,0,0,0
0,0,0,0,6,0,8,7,28,55,58,54,57,43,20,11,12,4,0,0,0,7,0,0,6,6
6,5,6,0,4,0,10,53,53,44,46,35,45,39,19,11,13,0,0,0,6,0,6,0,0,0
0,0,10,11,12,9,13,53,61,73,90,109,128,128,131,112,112,100,86,58,35,26,20,13,13,16
7,0,11,8,10,11,13,63,85,103,112,129,146,142,132,105,108,115,109,76,61,53,20,14,12,13
0,0,11,11,10,14,14,64,95,105,116,139,149,143,138,104,94,111,107,89,60,54,38,25,14,9
10,9,12,12,13,13,12,59,90,105,120,144,150,144,134,103,80,86,89,74,60,59,48,34,16,10
8,0,0,6,7,8,0,12,68,107,123,133,140,138,130,90,70,59,61,40,23,47,31,13,12,12
0,0,0,0,0,0,0,12,72,105,126,133,138,141,129,85,63,54,55,16,11,23,13,8,10,13
9,0,9,7,8,0,9,28,70,96,124,132,137,140,131,81,64,51,57,31,9,42,16,6,13,10
8,0,0,10,0,12,12,47,77,107,124,133,138,134,113,76,58,50,51,19,9,14,12,5,11,12
5,0,0,0,0,8,10,50,90,106,111,118,119,114,91,67,56,32,44,0,0,11,0,5,4,6
9,0,0,0,8,10,11,57,104,112,116,107,114,104,100,75,54,42,33,8,0,10,8,0,7,9
0,0,0,0,6,0,11,64,104,108,118,108,110,86,97,76,52,53,13,10,0,0,0,0,5,7
0,0,0,0,8,9,14,79,112,118,121,115,125,114,104,93,61,67,34,14,7,13,8,10,8,8
5,0,0,0,0,8,14,98,119,127,128,114,120,114,111,102,66,68,55,18,8,14,11,6,9,11
6,0,0,0,7,11,58,105,124,134,139,134,147,120,106,85,76,81,70,47,11,25,11,6,11,8
5,0,0,10,12,15,74,114,130,144,149,144,157,152,112,78,75,78,79,58,13,50,18,12,12,13
9,0,7,0,13,13,82,113,133,149,161,163,165,141,127,86,76,88,76,51,22,46,36,14,14,25
40,13,15,10,38,65,96,118,140,146,166,177,187,150,139,107,85,90,85,56,23,50,25,14,22,21
14,14,14,34,55,55,70,105,132,140,178,197,200,158,142,112,94,90,70,53,30,51,20,14,17,13
8,5,14,11,25,51,71,101,127,135,158,191,190,177,134,113,103,84,73,53,16,45,29,8,10,11
9,9,8,11,40,50,63,88,118,126,154,168,180,160,142,125,109,88,68,55,12,51,23,11,11,14
13,9,11,12,10,14,58,87,114,118,121,133,150,151,139,114,107,107,72,54,37,51,14,12,14,14
12,10,11,13,10,17,13,65,100,99,113,119,136,138,126,111,108,106,95,52,15,50,29,11,8,10
10,0,10,7,10,13,11,52,61,76,82,96,110,119,112,94,92,87,69,52,14,29,13,12,9,8
8,0,0,6,9,7,11,22,51,60,61,72,77,95,96,83,82,80,67,51,12,19,14,9,11,10
8,0,0,9,8,6,8,9,52,52,60,63,63,71,82,76,74,77,61,47,13,12,9,8,9,8
8,0,6,6,10,7,8,8,51,45,56,61,58,61,74,68,72,71,57,45,14,11,0,0,7,6
6,0,5,8,7,7,6,20,13,44,52,57,51,57,64,62,64,61,53,23,11,9,0,0,6,6
0,0,0,0,0,0,5,11,13,40,53,56,48,53,52,54,52,53,46,15,11,8,5,0,5,0
6,0,0,5,9,0,8,0,14,22,55,57,51,56,54,43,54,54,50,23,13,8,0,3,7,6
0,0,5,0,0,0,6,0,14,15,52,54,55,57,56,56,54,53,55,19,9,9,6,6,0,0
0,0,0,0,0,7,0,11,35,22,54,56,59,62,64,62,59,53,47,12,7,7,0,0,0,0
5,0,5,0,0,7,4,14,35,27,57,57,65,70,77,73,67,59,37,11,7,9,6,0,0,0
0,0,0,0,0,0,6,13,13,39,54,56,65,75,78,76,70,53,26,5,0,9,4,5,4,5
0,0,0,0,5,0,5,13,13,34,51,55,66,77,78,76,62,43,12,11,4,7,0,0,5,0
0,0,0,0,0,0,7,13,13,47,55,60,74,91,80,68,52,12,12,8,0,8,0,6,6,0
0,0,0,6,0,0,5,13,22,50,58,70,83,81,65,53,26,14,10,6,0,9,0,0,0,0
0,0,0,4,5,0,7,7,23,33,67,71,76,61,52,43,25,11,7,0,0,10,0,3,5,0
0,0,0,0,0,5,7,8,22,50,57,66,67,54,36,14,13,7,0,0,0,9,6,0,0,0
0,0,0,0,6,0,8,7,28,55,58,54,57,42,20,11,12,4,0,0,0,7,0,0,6,6
6,5,6,0,4,0,10,53,53,43,47,36,46,38,19,10,13,0,0,0,6,0,6,0,0,0
0,0,11,11,12,9,13,52,61,74,90,109,128,128,132,112,112,100,87,57,35,25,20,13,13,16
7,0,11,8,10,11,13,64,83,103,112,129,146,142,131,105,108,115,109,76,61,53,20,14,12,13
0,0,11,11,10,14,14,64,95,105,117,139,149,144,137,104,94,111,107,89,60,54,38,25,14,9
10,9,12,12,13,13,12,59,91,104,120,145,150,144,135,103,79,87,89,74,60,59,48,33,16,10
8,0,0,6,7,8,0,12,68,107,123,133,140,138,130,90,71,60,62,40,25,50,31,13,12,12
0,0,0,0,0,0,0,12,72,105,126,133,138,141,129,86,64,55,55,15,11,23,13,8,10,13
9,0,9,7,8,0,9,28,70,96,124,132,137,140,131,81,64,51,57,31,9,40,17,6,14,10
8,0,0,10,0,12,12,47,78,107,124,132,138,134,113,76,58,50,51,19,9,14,12,0,11,12
5,0,0,0,0,8,10,50,91,106,111,118,119,115,91,67,56,32,44,0,0,11,0,5,4,6
9,0,0,0,8,10,11,56,104,112,116,107,114,104,100,75,54,46,33,8,0,10,8,0,7,9
0,0,0,0,6,0,11,64,103,108,118,108,110,85,98,76,52,54,13,10,0,0,0,0,5,7
0,0,0,0,8,9,14,79,112,118,121,115,125,114,104,93,60,67,34,14,7,13,8,10,8,8
5,0,0,0,0,8,14,98,119,127,128,114,120,115,111,102,66,68,56,21,8,14,11,6,9,11
7,0,0,0,7,11,58,105,124,134,139,134,147,120,106,84,76,81,70,47,11,22,11,6,11,8
5,0,0,10,12,15,74,114,130,144,149,144,157,151,112,78,75,80,80,58,13,50,18,12,12,13
9,0,6,0,13,13,83,113,133,149,161,163,165,141,127,86,76,89,75,50,22,45,36,14,14,25
40,13,14,10,38,65,95,118,140,146,166,177,187,150,139,106,85,90,85,56,23,50,25,14,22,21
14,14,14,34,55,55,72,105,132,140,178,196,200,157,142,112,94,90,70,53,30,51,20,14,17,13
9,5,14,11,27,51,71,101,127,135,158,191,191,177,134,113,103,84,73,53,16,45,29,8,10,11
9,8,8,11,40,50,63,88,118,126,153,168,180,160,142,125,109,88,68,55,12,52,23,11,11,14
13,9,11,12,10,14,58,88,114,118,121,133,151,151,139,114,107,107,72,54,37,51,14,12,14,14
12,10,11,13,10,17,13,64,100,100,113,120,136,138,126,111,108,106,95,52,15,50,29,11,8,10
9,0,10,7,10,13,11,52,61,76,82,96,110,119,112,94,92,87,69,52,14,29,13,12,9,8
8,0,0,6,9,7,11,22,51,60,61,72,77,95,96,83,82,80,66,51,12,19,14,9,11,10
8,0,0,8,8,6,8,9,52,52,60,63,63,71,82,76,74,77,61,47,14,12,9,8,9,8
8,0,5,6,10,7,8,8,51,45,57,61,58,61,73,68,72,71,58,47,14,11,0,0,7,6
6,0,5,8,7,7,6,18,13,43,52,57,51,57,64,62,64,61,53,23,11,8,0,0,6,6
0,0,0,0,0,0,5,10,14,40,53,56,48,53,52,54,53,54,47,16,11,8,5,0,5,0
6,0,0,5,9,0,8,0,14,22,55,57,51,56,54,43,54,55,50,23,13,8,0,3,7,5
0,0,5,0,0,0,6,0,14,15,52,54,56,57,56,55,54,53,55,19,10,9,6,6,0,0
0,0,0,0,0,7,0,11,35,20,54,56,59,62,64,62,59,54,47,13,7,7,0,0,0,0
5,0,5,0,0,7,4,14,37,27,58,58,65,70,77,73,67,59,37,11,7,9,6,0,0,0
0,0,0,0,0,0,6,13,14,40,55,56,66,75,78,77,70,53,26,5,0,9,4,5,4,5
0,0,0,0,5,0,5,13,13,34,51,55,66,77,78,76,62,45,13,11,4,7,0,0,6,0
0,0,0,0,0,0,7,13,13,47,56,61,74,91,80,68,52,12,12,8,0,8,0,6,6,0
0,0,0,6,0,0,6,13,23,50,58,70,83,81,65,53,26,14,10,6,0,9,0,0,0,0
0,0,0,4,5,0,7,7,23,33,67,72,76,61,52,43,25,12,7,0,0,10,0,3,5,0
0,0,0,0,0,5,7,8,23,50,58,66,67,54,36,14,13,8,0,0,0,9,6,0,0,0
0,0,0,0,6,0,8,7,28,55,58,54,57,43,21,11,12,5,0,0,0,7,4,0,6,6
6,6,6,0,4,0,10,53,54,43,46,36,47,38,19,10,13,0,0,0,6,0,6,0,0,0
0,0,11,11,12,9,13,52,61,74,90,109,128,128,132,112,112,100,87,57,35,25,20,13,13,16
7,0,11,8,10,11,13,64,83,103,112,129,146,142,132,105,108,115,109,76,62,53,20,14,12,13
0,0,11,11,10,14,14,67,95,105,117,139,149,144,138,103,94,111,107,88,61,54,39,25,14,9
10,9,12,12,13,13,12,59,91,104,120,144,150,144,135,103,80,86,89,74,60,59,48,34,15,10
8,0,0,6,7,8,0,12,68,107,123,132,140,139,130,90,71,60,62,42,25,47,31,13,12,12
0,0,0,0,0,0,0,12,71,105,126,133,138,141,129,86,64,55,54,15,11,21,13,8,10,13
9,0,9,7,8,0,9,26,70,96,124,131,137,140,131,81,64,51,57,31,9,40,16,6,13,10
8,0,0,10,0,12,12,47,78,107,124,132,138,134,114,76,58,50,51,19,9,14,12,5,11,12
5,0,0,0,0,8,10,50,92,106,111,117,120,115,91,67,56,32,44,0,0,11,0,5,4,6
9,0,0,0,8,10,11,57,104,112,116,107,114,104,100,75,54,50,33,8,0,10,8,0,7,8
0,0,0,0,6,0,11,64,103,108,118,108,110,86,98,76,53,55,13,10,0,0,0,0,5,7
0,0,0,0,8,9,14,79,112,118,121,115,125,114,104,92,61,67,37,14,7,13,7,10,8,8
6,0,0,0,0,9,14,98,119,127,128,114,120,114,111,102,66,68,56,21,8,14,11,6,9,11
7,0,0,0,7,11,57,105,124,134,139,134,147,120,106,84,76,81,72,47,11,22,11,6,11,8
5,0,0,10,12,15,74,114,130,144,148,144,157,151,112,77,75,80,80,58,13,47,20,12,12,13
9,0,6,0,13,13,83,113,133,148,160,163,165,141,127,86,76,89,75,51,22,45,36,14,14,25
41,13,14,10,40,65,95,118,140,146,166,177,187,150,139,106,85,90,85,56,23,50,23,15,22,21
14,14,14,34,55,55,72,105,132,140,178,196,200,157,142,112,95,91,70,53,32,51,20,14,15,13
9,5,14,11,25,52,71,101,127,135,158,191,191,178,134,113,104,84,73,53,16,42,27,8,10,11
9,8,8,11,40,50,63,88,118,126,154,169,180,160,143,125,109,88,68,55,12,51,22,11,11,14
13,9,11,12,10,14,59,88,114,118,120,133,151,151,139,114,107,107,72,54,37,52,14,12,14,14
12,10,11,13,10,15,14,64,100,100,113,120,136,138,126,111,109,106,95,52,16,50,29,11,8,10
10,5,10,7,10,13,11,52,61,76,82,96,111,119,113,95,92,87,69,52,14,29,13,12,9,8
8,0,0,6,9,7,11,22,51,60,61,72,77,95,96,84,82,80,66,51,12,19,14,9,11,10
8,0,0,8,8,6,8,9,52,52,59,63,63,71,82,76,74,77,61,47,14,12,9,8,9,8
8,0,6,6,9,7,8,8,51,45,57,61,58,61,73,68,72,71,58,47,14,11,0,0,6,6
6,0,5,8,7,7,6,18,13,44,52,57,51,57,64,62,64,61,53,23,12,8,0,0,6,5
0,0,0,0,0,0,5,10,14,40,53,56,48,53,53,54,53,54,47,16,11,9,5,0,5,0
6,0,0,5,9,0,8,0,14,22,55,57,51,56,54,43,54,55,50,23,13,8,0,3,7,5
0,0,5,0,0,0,6,0,14,17,52,55,56,57,56,55,55,53,55,20,10,9,6,6,0,0
0,0,0,0,0,7,0,11,35,22,54,56,60,62,64,62,59,54,47,13,7,7,0,0,0,0
5,0,5,0,0,7,4,14,37,29,57,58,65,70,78,73,67,59,38,11,7,9,6,0,0,0
0,0,0,0,0,0,6,13,14,40,55,56,66,75,79,76,70,53,26,5,0,9,4,5,4,5
0,0,0,0,5,0,5,13,13,34,51,55,67,78,79,76,62,45,13,11,4,7,0,0,5,0
0,0,0,0,0,0,7,13,13,50,56,61,75,91,80,68,52,13,12,8,0,8,0,6,6,0
0,0,0,6,0,0,6,13,23,50,58,70,83,81,65,53,28,14,10,6,0,9,0,0,0,0
0,0,0,4,5,0,7,7,23,33,67,72,76,61,52,44,26,12,7,0,0,10,0,4,5,0
0,0,0,0,0,5,7,8,23,51,58,66,67,54,36,14,14,7,0,0,0,9,6,0,0,0
0,0,0,0,6,0,8,7,28,55,58,55,58,43,21,11,12,5,0,0,0,7,4,0,6,6
6,5,6,0,4,0,11,53,54,43,46,36,47,38,20,10,13,0,0,0,6,0,6,0,0,0
0,0,11,11,12,9,13,53,60,73,90,109,128,128,132,112,112,100,86,57,35,25,20,13,13,16
7,0,11,8,10,11,12,64,83,103,112,129,146,142,132,105,108,115,109,76,62,53,20,14,12,13
0,0,11,11,10,14,14,65,95,105,117,139,149,144,138,103,94,111,107,88,60,54,38,25,14,9
10,9,12,12,13,13,13,59,91,104,120,145,150,143,134,103,79,87,89,74,61,59,47,34,15,10
8,0,0,6,7,8,0,12,68,107,123,132,140,138,130,90,71,60,62,40,25,50,31,13,12,12
0,0,0,0,0,0,0,12,71,105,126,132,138,141,129,86,64,54,55,15,11,21,13,8,10,13
10,0,9,7,8,0,9,26,70,95,124,131,137,140,131,81,63,51,57,31,9,40,16,6,13,10
8,0,0,10,0,12,12,47,78,107,124,132,138,134,114,76,58,50,51,19,9,14,12,5,11,12
5,0,0,0,0,8,10,50,92,106,111,117,119,115,91,67,56,32,44,0,0,11,0,5,4,6
9,0,0,0,8,10,11,56,104,112,116,107,114,104,100,75,54,50,33,8,0,10,8,0,7,9
0,0,0,0,6,0,11,65,103,108,118,108,110,86,99,77,53,55,13,9,0,0,0,0,5,7
0,0,0,0,7,9,14,79,112,117,121,115,125,114,104,93,61,66,37,14,7,13,7,10,8,8
5,0,0,0,0,9,14,98,119,127,127,114,120,114,111,102,66,68,56,21,8,14,11,6,9,11
7,0,0,0,7,11,57,105,124,134,139,134,147,120,106,84,76,81,72,47,11,22,11,6,11,8
5,0,0,10,12,15,74,114,130,144,148,143,157,151,112,78,75,80,80,57,13,47,18,12,12,13
9,0,7,0,13,13,83,113,134,148,160,163,165,141,127,86,75,88,75,50,22,45,36,14,14,26
41,13,14,10,40,65,95,118,140,146,166,177,187,150,139,106,85,90,85,56,25,50,25,15,22,21
14,14,14,34,55,55,72,105,132,140,178,196,200,158,142,112,95,91,70,53,32,50,21,14,15,13
9,5,14,11,25,51,71,102,127,135,158,191,191,178,134,113,103,84,73,53,18,42,25,8,10,11
9,8,8,11,40,50,63,89,118,126,154,168,180,160,143,125,109,88,68,55,11,51,22,11,11,14
13,9,11,12,10,14,58,88,114,118,120,133,151,151,139,114,107,107,72,54,40,51,14,12,14,14
12,10,11,12,10,15,13,64,100,100,113,120,135,138,127,112,109,106,95,52,16,50,29,11,8,10
9,5,10,7,10,13,11,52,61,76,82,95,110,119,113,95,92,87,69,52,14,29,13,11,9,8
8,0,0,6,9,7,11,22,51,60,61,72,77,95,96,84,82,80,66,51,13,17,14,9,11,10
8,0,0,9,8,6,8,10,52,52,60,63,63,71,83,76,74,77,61,47,14,12,9,8,9,8
8,0,6,6,10,7,8,8,51,45,56,60,58,61,74,68,72,71,58,47,14,11,0,0,6,7
6,0,5,8,7,7,6,18,13,44,52,57,51,57,64,62,64,61,53,23,12,8,0,0,6,5
0,0,0,0,0,0,5,10,14,39,53,55,47,53,53,55,53,54,48,15,11,9,5,0,5,0
6,0,0,6,9,0,8,0,14,22,55,57,51,56,54,45,54,55,50,23,13,8,0,3,7,6
0,0,5,0,0,0,6,0,14,15,52,55,56,58,56,55,55,54,55,19,10,9,6,6,0,0
0,0,0,0,0,7,0,11,35,22,54,56,60,62,64,62,59,54,47,13,7,8,0,0,0,0
5,0,5,0,0,7,4,14,37,29,57,58,65,70,77,73,67,58,38,12,7,9,6,0,0,0
0,0,0,0,0,0,7,13,14,40,55,56,66,75,79,76,70,53,28,5,0,9,4,5,4,5
0,0,0,0,5,0,5,13,13,34,51,55,67,78,79,76,62,45,13,11,4,7,0,0,5,0
0,0,0,0,0,0,8,13,13,50,56,61,75,91,80,69,52,13,12,8,0,8,0,6,6,0
0,0,0,6,0,0,6,13,25,50,58,71,83,81,65,53,28,14,10,6,0,9,0,0,0,0
4,0,0,4,5,0,7,7,23,32,67,72,76,61,52,44,25,12,7,0,0,10,0,4,5,0
0,0,0,0,0,5,7,8,23,51,58,66,67,54,36,14,14,8,0,0,0,9,6,0,0,0
0,0,0,0,6,0,8,7,30,54,58,55,58,43,21,11,12,5,0,0,0,7,4,0,6,6
6,5,6,0,4,0,11,53,54,43,46,36,48,38,21,10,12,0,0,0,6,0,6,0,0,0
0,0,11,11,12,9,13,54,60,73,90,108,128,128,132,112,112,100,86,57,35,25,20,13,13,16
7,0,11,8,10,11,12,64,83,103,112,129,146,142,131,105,108,115,109,75,62,52,20,14,12,13
0,0,11,11,10,14,14,67,93,105,117,139,149,144,138,103,94,111,107,88,60,54,38,25,14,9
10,9,12,12,13,13,13,61,91,104,120,145,150,143,134,103,79,87,89,74,61,59,47,34,16,10
8,0,0,6,7,8,0,12,66,107,123,132,140,138,130,90,71,59,63,40,25,50,31,13,12,12
0,0,0,0,0,0,0,12,71,105,126,133,138,141,129,86,64,54,55,15,11,23,13,8,10,13
10,0,9,8,8,0,9,28,70,95,124,131,137,140,131,81,64,51,57,31,9,40,17,6,13,10
8,0,0,10,0,12,12,47,78,107,124,132,138,134,114,77,59,50,51,19,9,14,12,0,11,12
5,0,0,0,0,8,10,46,92,105,110,117,119,115,90,67,56,32,44,0,0,11,0,5,4,6
9,0,0,0,8,10,11,56,104,111,116,106,113,104,100,75,54,46,33,8,0,11,8,0,7,8
0,0,0,0,6,0,11,65,103,108,118,108,110,86,98,77,53,54,13,9,0,0,0,0,5,7
0,0,0,0,7,9,14,79,112,117,121,115,125,114,104,94,60,66,37,14,7,13,7,10,8,8
5,0,0,0,0,9,14,100,119,127,127,114,120,114,111,102,65,68,55,21,8,14,11,6,9,11
7,0,0,0,7,11,57,105,123,133,139,134,147,120,106,84,76,80,72,47,11,25,11,6,11,8
5,0,0,9,12,15,74,114,130,144,148,144,157,151,112,78,75,80,80,58,13,47,18,12,12,13
9,0,7,0,13,13,83,113,133,148,160,163,165,141,127,86,75,88,75,50,21,45,36,14,14,25
40,13,14,10,40,65,95,118,140,146,166,177,187,150,139,106,85,90,85,56,25,50,26,15,22,21
14,14,14,33,55,56,72,105,132,140,178,197,201,158,142,112,95,90,70,53,32,51,21,14,17,13
9,5,14,11,27,52,72,102,127,135,157,192,191,178,134,113,103,84,73,54,18,40,25,8,10,11
9,8,8,11,40,50,63,89,118,126,154,169,180,160,143,125,109,88,68,55,11,51,20,11,11,14
13,9,11,12,10,14,59,88,114,117,120,132,151,151,139,114,107,107,72,54,40,51,13,12,14,14
12,10,11,13,10,15,13,64,100,100,113,120,135,138,127,112,109,106,95,52,16,50,31,11,8,10
10,5,10,7,10,13,11,53,61,76,82,95,110,120,113,95,92,87,70,52,14,29,13,11,9,8
8,0,0,6,9,7,11,25,51,60,61,71,77,95,96,84,82,80,66,50,13,17,14,9,11,10
8,0,0,9,8,6,8,10,51,52,60,62,63,71,83,76,74,77,61,47,14,12,9,7,9,8
8,0,6,6,10,7,8,8,51,45,57,60,58,61,74,68,72,71,58,47,14,11,0,0,6,7
6,0,5,8,7,7,6,18,13,44,52,57,51,57,64,62,64,60,53,21,11,8,0,0,6,5
0,0,0,0,0,0,5,11,14,40,53,55,48,53,53,55,54,54,48,16,11,9,5,0,5,0
6,0,0,6,9,0,8,0,14,22,55,57,51,56,54,45,54,54,50,23,13,8,0,3,7,6
0,0,5,0,0,0,6,0,14,17,52,55,56,58,56,56,54,54,56,19,10,9,7,6,0,0
0,0,0,0,0,7,0,11,35,22,54,55,60,62,64,63,59,54,47,13,7,8,0,0,0,0
5,0,5,0,0,7,4,14,37,31,57,58,65,70,77,73,67,58,38,12,7,9,6,0,0,0
0,0,0,0,0,0,7,13,14,42,55,56,66,75,79,77,70,53,28,5,0,10,4,5,4,5
0,0,0,0,5,0,5,13,13,36,51,55,67,78,79,76,62,43,13,11,4,7,0,0,6,0
0,0,0,0,0,0,8,13,13,50,56,61,75,92,80,69,53,13,12,8,0,8,0,6,6,0
0,0,0,6,0,0,6,13,25,50,59,71,83,81,65,53,28,14,10,6,0,9,0,0,0,0
4,0,0,4,5,0,7,7,23,32,67,72,76,61,52,44,25,11,7,0,0,10,0,4,5,0
0,0,0,0,0,5,7,8,22,51,58,66,67,54,36,14,14,8,0,0,0,9,6,0,0,0
0,0,0,0,6,0,8,8,28,54,58,55,58,43,22,11,12,5,0,0,0,7,4,0,6,6
6,5,6,0,4,0,11,54,54,42,46,36,50,39,21,9,12,0,0,0,6,0,6,0,0,0
0,0,10,11,12,9,14,53,60,73,90,109,128,128,132,112,112,100,86,58,35,25,20,13,13,15
7,0,11,8,10,11,12,63,83,103,112,129,145,142,131,105,108,115,109,75,61,52,20,14,12,13
0,0,11,11,10,14,15,67,93,105,117,139,149,144,138,103,94,111,107,88,59,54,38,25,14,9
10,9,12,12,13,13,13,61,91,104,120,145,150,143,134,103,79,87,90,74,61,59,47,34,16,10
8,0,0,6,7,8,0,12,66,107,123,133,140,139,130,90,70,59,63,40,25,47,31,13,12,12
0,0,0,0,0,0,0,12,72,105,126,133,138,140,129,86,64,53,55,15,11,23,13,8,10,13
9,0,9,7,8,0,9,28,70,96,124,131,137,140,131,81,64,51,57,31,9,40,16,6,13,10
8,0,0,10,0,12,12,47,78,107,124,132,138,134,113,76,58,50,51,19,9,14,12,0,11,12
5,0,0,0,0,8,10,50,92,105,111,117,119,115,90,67,56,32,44,0,0,11,0,5,4,6
9,0,0,0,8,10,11,57,104,111,116,106,113,104,100,75,54,46,33,8,0,10,8,0,7,8
0,0,0,0,6,0,11,65,103,108,118,107,110,86,97,76,52,54,13,9,0,0,0,0,5,7
0,0,0,0,8,9,15,79,112,117,120,115,125,114,104,93,60,66,37,14,7,13,7,10,8,8
5,0,0,0,0,8,14,100,119,127,127,114,120,114,111,102,65,68,55,18,8,14,11,6,9,11
7,0,0,0,7,11,57,105,123,133,139,133,147,120,105,84,76,80,72,47,11,25,11,6,11,8
5,0,0,10,12,15,74,114,130,143,148,143,157,151,112,77,75,78,80,57,13,44,18,12,13,13
9,0,7,0,13,13,83,113,133,148,160,163,165,141,127,85,75,88,77,51,21,46,36,14,14,26
40,13,14,10,38,65,95,118,140,146,166,177,187,150,138,106,85,90,85,56,25,50,26,15,22,21
14,14,14,33,55,55,72,105,132,140,178,197,200,158,142,112,95,90,70,53,32,50,21,14,17,13
8,5,14,11,27,52,72,102,127,135,158,191,190,178,134,113,103,84,73,54,18,40,25,8,10,11
9,9,8,11,42,50,63,88,118,126,154,168,180,160,143,125,109,88,68,55,11,50,20,11,12,14
13,9,11,12,10,14,59,88,114,117,120,132,151,152,139,114,107,107,72,54,40,51,14,12,14,14
12,10,11,13,10,15,13,65,100,100,113,119,135,139,126,112,109,106,95,52,16,50,29,11,8,10
10,5,10,7,10,13,11,52,61,76,82,96,111,120,113,95,93,87,70,52,14,29,13,11,9,8
8,0,0,6,9,7,11,25,51,60,61,72,77,96,96,84,82,80,67,50,13,17,14,9,11,10
8,0,0,9,8,6,8,9,51,52,60,62,63,71,83,76,74,77,61,47,14,12,9,7,9,8
8,0,6,6,10,7,8,8,51,45,56,60,58,62,74,68,72,71,58,47,14,11,0,0,7,6
6,0,5,8,7,7,6,20,13,44,52,57,51,57,64,62,64,60,53,21,11,9,0,0,6,5
0,0,0,0,0,0,5,11,14,40,53,55,47,53,53,55,54,54,48,16,11,9,5,0,5,0
6,0,0,6,9,0,8,0,14,22,55,57,51,56,54,46,54,54,50,23,13,9,0,3,7,6
0,0,4,0,0,0,6,0,14,15,52,55,56,58,56,56,55,54,56,19,10,9,7,6,0,0
0,0,0,0,0,7,0,11,35,22,53,55,60,62,64,62,59,54,47,13,8,8,0,0,0,0
5,0,5,0,0,7,4,14,35,31,57,58,65,70,78,73,67,58,40,12,7,9,6,0,0,0
0,0,0,0,0,0,7,13,14,42,55,56,66,75,79,76,70,54,28,5,0,10,4,5,4,5
0,0,0,0,5,0,5,13,13,36,51,55,67,78,79,76,62,43,13,11,4,7,0,0,6,0
0,0,0,0,0,0,8,13,14,50,55,61,75,92,80,69,53,13,12,8,0,8,0,6,6,0
0,0,0,6,0,0,6,13,25,50,58,71,83,81,65,53,28,14,10,6,0,9,0,0,0,0
4,0,0,4,5,0,8,7,23,33,67,72,76,62,52,44,26,11,7,0,0,10,0,4,5,0
0,0,0,0,0,5,7,8,22,51,57,66,67,54,36,14,13,8,0,0,0,9,6,0,0,0
0,0,0,0,6,0,8,7,28,54,57,54,58,43,22,11,12,5,0,0,0,7,4,0,6,6
6,5,6,0,4,0,11,54,53,43,47,36,48,39,20,9,12,0,0,0,6,0,6,0,0,0
0,0,10,11,12,9,14,53,60,72,90,109,128,128,132,112,112,100,86,58,35,25,20,13,13,16
8,0,11,8,9,11,13,63,85,103,112,130,146,143,131,105,108,115,109,75,61,52,20,14,12,13
0,0,11,11,9,15,15,68,93,105,117,140,150,144,138,103,94,111,107,88,59,54,38,25,14,9
10,9,12,12,13,13,13,62,93,104,120,145,150,144,134,103,80,87,90,74,61,59,47,34,16,10
8,0,0,6,7,8,0,12,68,107,123,133,140,139,130,90,71,60,63,40,27,50,34,13,13,12
0,0,0,0,0,0,0,12,72,105,126,133,139,141,129,86,64,54,55,15,11,23,13,8,10,13
9,0,9,8,8,0,9,30,70,96,124,132,137,140,131,81,64,51,57,31,9,40,17,6,14,10
8,0,0,10,0,12,12,47,78,107,125,132,138,134,113,76,59,50,51,17,9,14,12,0,11,12
5,0,0,0,0,8,10,50,93,106,111,117,119,114,90,67,56,32,44,0,0,11,6,5,4,6
9,0,0,0,8,10,11,57,104,111,116,106,113,104,100,75,54,50,33,8,0,11,8,0,7,8
0,0,0,0,6,0,11,66,104,108,118,108,110,86,98,76,53,53,13,9,0,0,0,0,5,7
0,0,0,0,7,9,14,80,112,117,121,115,125,114,104,93,61,66,37,14,7,13,7,10,8,8
5,0,0,0,0,9,14,100,119,127,127,115,120,115,111,102,65,68,56,18,8,14,11,6,9,11
7,0,0,0,7,11,57,105,124,133,139,134,147,120,106,85,76,81,72,44,11,25,11,6,11,8
5,0,0,9,12,15,75,115,130,144,148,144,158,151,112,78,75,80,80,57,13,44,16,12,13,13
9,0,7,0,13,13,83,113,133,148,160,163,165,141,127,85,77,88,77,51,21,46,36,14,14,25
40,13,14,10,36,66,95,119,140,146,166,177,187,150,138,106,85,90,85,55,25,50,26,15,23,20
14,14,13,31,54,55,71,105,132,140,178,197,201,158,142,112,95,91,70,53,32,51,20,14,17,13
8,5,14,11,25,52,72,102,127,135,158,192,191,178,134,113,104,85,73,54,20,37,27,8,10,11
9,8,8,10,40,50,63,89,118,126,154,169,180,160,143,125,109,88,68,55,11,50,20,11,12,15
13,9,11,11,10,14,60,89,114,117,121,133,151,152,139,114,107,107,72,54,40,51,14,12,14,14
12,10,11,13,10,17,14,65,100,100,113,120,136,139,127,112,109,106,96,52,18,50,31,11,8,10
10,5,10,7,10,13,11,53,61,76,82,96,111,120,113,95,93,88,70,52,14,27,13,11,9,8
8,0,0,6,9,7,11,25,51,60,61,72,77,96,96,84,82,80,67,51,13,17,14,9,11,10
7,0,0,9,8,6,8,9,51,53,60,63,64,71,83,76,74,77,62,47,14,12,9,7,9,8
8,0,6,6,10,8,8,8,51,45,57,61,58,62,74,68,72,71,58,47,14,11,0,0,7,7
6,0,5,8,7,7,6,18,14,44,52,58,51,57,64,62,64,61,53,21,12,9,0,0,6,6
0,0,0,0,0,0,5,11,14,40,53,56,48,53,53,55,54,54,48,16,11,8,5,0,5,0
6,0,0,5,9,0,8,0,14,22,55,57,52,56,54,46,54,54,50,25,13,8,4,3,7,6
0,0,4,0,0,0,6,0,14,17,52,55,56,58,56,55,55,54,56,20,10,9,7,6,0,0
0,0,0,0,0,7,0,11,35,25,54,56,60,62,64,63,59,54,50,13,8,8,0,0,0,0
5,0,5,0,0,7,4,14,37,34,57,58,66,71,78,73,68,58,40,12,7,9,6,0,0,0
0,0,0,0,0,0,7,14,14,43,55,56,66,76,80,77,70,54,28,5,0,9,4,5,4,5
0,0,0,0,5,0,6,13,14,36,52,55,68,79,80,76,63,45,13,11,4,7,0,0,6,0
0,0,0,0,0,0,8,13,14,50,56,61,76,93,81,69,53,13,12,8,0,8,0,6,6,0
0,0,0,6,0,0,6,14,26,50,59,72,84,81,65,53,28,14,10,6,0,10,0,0,0,0
0,0,0,4,5,0,8,7,25,33,68,73,76,62,52,44,27,11,7,0,0,10,0,4,5,0
0,0,0,0,0,5,8,8,25,51,58,66,67,54,37,14,14,8,0,0,0,9,6,0,0,0
0,0,0,0,6,0,8,8,31,55,58,54,58,45,22,11,12,5,0,0,0,7,4,0,6,6
7,5,6,0,0,0,11,54,54,43,47,36,48,40,20,9,13,0,0,0,6,0,6,0,0,0
0,0,10,11,12,9,14,53,60,72,90,109,128,128,132,112,112,100,86,58,35,25,20,13,13,16
8,0,11,8,9,11,13,63,85,103,112,130,146,143,131,105,108,115,109,75,61,52,20,14,12,13
0,0,11,11,9,15,15,68,93,105,117,140,150,144,138,103,94,111,107,88,59,54,38,25,14,9
10,9,12,12,13,13,13,62,93,104,120,145,150,144,134,103,80,87,90,74,61,59,47,34,16,10
8,0,0,6,7,8,0,12,68,107,123,133,140,139,130,90,71,60,63,40,27,50,34,13,13,12
0,0,0,0,0,0,0,12,72,105,126,133,139,141,129,86,64,54,55,15,11,23,13,8,10,13
9,0,9,8,8,0,9,30,70,96,124,132,137,140,131,81,64,51,57,31,9,40,17,6,14,10
8,0,0,10,0,12,12,47,78,107,125,132,138,134,113,76,59,50,51,17,9,14,12,0,11,12
5,0,0,0,0,8,10,50,93,106,111,117,119,114,90,67,56,32,44,0,0,11,6,5,4,6
9,0,0,0,8,10,11,57,104,111,116,106,113,104,100,75,54,50,33,8,0,11,8,0,7,8
0,0,0,0,6,0,11,66,104,108,118,108,110,86,98,76,53,53,13,9,0,0,0,0,5,7
0,0,0,0,7,9,14,80,112,117,121,115,125,114,104,93,61,66,37,14,7,13,7,10,8,8
5,0,0,0,0,9,14,100,119,127,127,115,120,115,111,102,65,68,56,18,8,14,11,6,9,11
7,0,0,0,7,11,57,105,124,133,139,134,147,120,106,85,76,81,72,44,11,25,11,6,11,8
5,0,0,9,12,15,75,115,130,144,148,144,158,151,112,78,75,80,80,57,13,44,16,12,13,13
9,0,7,0,13,13,83,113,133,148,160,163,165,141,127,85,77,88,77,51,21,46,36,14,14,25
40,13,14,10,36,66,95,119,140,146,166,177,187,150,138,106,85,90,85,55,25,50,26,15,23,20
14,14,13,31,54,55,71,105,132,140,178,197,201,158,142,112,95,91,70,53,32,51,20,14,17,13
8,5,14,11,25,52,72,102,127,135,158,192,191,178,134,113,104,85,73,54,20,37,27,8,10,11
9,8,8,10,40,50,63,89,118,126,154,169,180,160,143,125,109,88,68,55,11,50,20,11,12,15
13,9,11,11,10,14,60,89,114,117,121,133,151,152,139,114,107,107,72,54,40,51,14,12,14,14
12,10,11,13,10,17,14,65,100,100,113,120,136,139,127,112,109,106,96,52,18,50,31,11,8,10
10,5,10,7,10,13,11,53,61,76,82,96,111,120,113,95,93,88,70,52,14,27,13,11,9,8
8,0,0,6,9,7,11,25,51,60,61,72,77,96,96,84,82,80,67,51,13,17,14,9,11,10
7,0,0,9,8,6,8,9,51,53,60,63,64,71,83,76,74,77,62,47,14,12,9,7,9,8
8,0,6,6,10,8,8,8,51,45,57,61,58,62,74,68,72,71,58,47,14,11,0,0,7,7
6,0,5,8,7,7,6,18,14,44,52,58,51,57,64,62,64,61,53,21,12,9,0,0,6,6
0,0,0,0,0,0,5,11,14,40,53,56,48,53,53,55,54,54,48,16,11,8,5,0,5,0
6,0,0,5,9,0,8,0,14,22,55,57,52,56,54,46,54,54,50,25,13,8,4,3,7,6
0,0,4,0,0,0,6,0,14,17,52,55,56,58,56,55,55,54,56,20,10,9,7,6,0,0
0,0,0,0,0,7,0,11,35,25,54,56,60,62,64,63,59,54,50,13,8,8,0,0,0,0
5,0,5,0,0,7,4,14,37,34,57,58,66,71,78,73,68,58,40,12,7,9,6,0,0,0
0,0,0,0,0,0,7,14,14,43,55,56,66,76,80,77,70,54,28,5,0,9,4,5,4,5
0,0,0,0,5,0,6,13,14,36,52,55,68,79,80,76,63,45,13,11,4,7,0,0,6,0
0,0,0,0,0,0,8,13,14,50,56,61,76,93,81,69,53,13,12,8,0,8,0,6,6,0
0,0,0,6,0,0,6,14,26,50,59,72,84,81,65,53,28,14,10,6,0,10,0,0,0,0
0,0,0,4,5,0,8,7,25,33,68,73,76,62,52,44,27,11,7,0,0,10,0,4,5,0
0,0,0,0,0,5,8,8,25,51,58,66,67,54,37,14,14,8,0,0,0,9,6,0,0,0
0,0,0,0,6,0,8,8,31,55,58,54,58,45,22,11,12,5,0,0,0,7,4,0,6,6
7,5,6,0,0,0,11,54,54,43,47,36,48,40,20,9,13,0,0,0,6,0,6,0,0,0
0,0,10,11,12,9,13,53,60,72,90,109,128,128,132,112,112,100,86,57,35,25,20,13,13,16
7,0,11,8,9,11,12,63,86,103,112,130,146,142,132,105,108,114,109,75,62,52,20,14,12,13
0,0,11,11,9,15,14,68,95,105,117,140,150,144,138,103,94,111,107,86,60,54,38,25,14,9
10,9,12,12,13,13,13,61,93,105,120,146,151,144,134,102,80,87,90,73,61,58,47,34,16,10
8,0,0,6,7,8,0,12,68,107,123,133,140,139,131,90,71,60,63,37,27,50,34,13,12,12
0,0,0,0,0,0,0,12,73,105,126,133,139,141,129,86,64,54,55,15,11,21,13,8,10,13
9,0,9,7,8,0,9,28,71,96,124,132,137,140,131,81,65,51,57,29,9,38,16,6,14,10
8,0,0,10,0,12,12,44,78,107,125,132,139,134,114,76,58,50,51,15,9,13,12,5,11,12
5,0,0,0,0,8,10,50,93,106,111,117,119,115,90,67,56,31,44,0,0,11,0,5,4,6
9,0,0,0,8,10,11,57,104,112,116,107,114,104,100,75,54,50,33,7,0,11,8,0,7,8
0,0,0,0,6,0,11,66,104,108,118,108,110,86,98,77,53,53,13,9,0,0,0,0,5,7
0,0,0,0,7,9,14,79,112,117,121,116,125,114,104,94,61,66,37,14,7,13,8,10,8,8
5,0,0,0,0,9,14,100,119,127,127,115,120,115,111,102,66,68,55,18,8,14,11,6,9,11
7,0,0,0,7,11,57,105,124,133,139,134,147,120,106,85,76,81,72,47,11,22,11,6,11,8
5,0,0,9,12,16,75,114,130,144,148,144,158,151,112,78,75,80,80,56,13,44,18,12,12,13
10,0,7,0,13,13,84,113,133,148,160,163,165,141,127,85,77,88,77,50,22,46,36,14,14,25
40,13,14,10,38,66,95,119,140,145,166,177,187,150,138,106,85,90,86,55,25,48,25,15,22,21
14,14,13,31,54,56,72,105,132,140,178,197,200,158,142,112,94,91,70,53,32,50,21,14,17,13
8,5,14,11,25,52,72,102,127,135,158,192,191,178,134,113,103,84,73,54,21,35,25,8,10,11
9,8,8,10,40,50,63,88,118,126,154,169,181,160,143,126,109,88,68,55,11,48,20,11,12,14
13,9,11,11,10,14,59,90,114,117,121,133,151,152,139,114,107,107,72,53,40,51,14,12,14,14
12,10,11,13,10,15,14,66,100,99,113,120,136,139,127,112,109,106,96,52,18,50,29,12,8,10
10,5,10,7,10,13,11,53,62,76,82,97,111,120,113,95,93,87,70,52,14,27,13,11,9,8
8,0,0,6,9,7,11,22,51,60,61,72,77,96,96,84,82,80,67,51,13,17,14,9,11,10
8,0,0,9,8,6,8,10,52,53,60,63,64,71,83,76,74,77,62,45,14,12,9,8,9,8
8,0,6,6,10,8,8,8,51,45,57,61,58,62,74,68,72,71,58,47,14,11,0,4,7,7
6,0,5,8,7,7,6,18,14,44,52,58,51,57,64,62,64,61,54,21,12,8,0,0,6,6
0,0,0,0,0,0,5,11,14,40,53,56,49,53,53,55,53,54,48,16,11,8,5,0,5,0
6,0,0,5,9,0,8,0,14,25,56,57,52,56,55,46,54,55,50,25,13,8,0,3,8,6
0,0,5,0,0,0,6,0,15,17,52,55,56,58,57,55,55,53,56,20,10,9,6,6,0,0
0,0,0,0,0,7,0,11,35,25,54,56,60,62,65,63,59,54,50,13,8,7,0,0,0,0
5,0,5,0,0,7,4,14,39,34,58,58,66,71,79,73,67,58,40,11,7,9,6,0,0,0
0,0,0,0,0,0,7,14,14,43,56,57,66,76,81,77,70,54,30,5,0,9,4,5,4,5
0,0,0,0,5,0,6,13,14,36,52,55,68,80,80,76,63,45,13,11,5,7,0,0,6,0
0,0,0,0,0,0,8,13,14,50,56,62,76,93,81,70,53,13,12,8,0,8,0,6,6,0
0,0,0,6,0,0,6,14,28,50,59,72,85,82,66,54,28,14,10,6,0,9,0,0,0,0
0,0,0,4,6,0,7,7,25,33,69,73,76,62,53,46,27,11,7,0,0,10,0,4,5,0
0,0,0,0,0,5,7,9,25,51,59,66,67,55,37,14,14,8,0,0,0,9,6,0,0,0
0,0,0,0,6,0,8,8,32,56,58,55,58,46,25,11,12,5,0,0,0,7,4,0,6,6
6,5,6,0,4,0,11,55,55,45,47,36,48,40,20,8,12,0,0,0,6,0,6,0,0,0
0,0,10,11,12,9,13,53,60,72,90,109,128,128,132,112,112,100,86,57,35,25,20,13,13,16
7,0,11,8,9,11,12,63,86,103,112,130,146,142,132,105,108,114,109,75,62,52,20,14,12,13
0,0,11,11,9,15,14,68,95,105,117,140,150,144,138,103,94,111,107,86,60,54,38,25,14,9
10,9,12,12,13,13,13,61,93,105,120,146,151,144,134,102,80,87,90,73,61,58,47,34,16,10
8,0,0,6,7,8,0,12,68,107,123,133,140,139,131,90,71,60,63,37,27,50,34,13,12,12
0,0,0,0,0,0,0,12,73,105,126,133,139,141,129,86,64,54,55,15,11,21,13,8,10,13
9,0,9,7,8,0,9,28,71,96,124,132,137,140,131,81,65,51,57,29,9,38,16,6,14,10
8,0,0,10,0,12,12,44,78,107,125,132,139,134,114,76,58,50,51,15,9,13,12,5,11,12
5,0,0,0,0,8,10,50,93,106,111,117,119,115,90,67,56,31,44,0,0,11,0,5,4,6
9,0,0,0,8,10,11,57,104,112,116,107,114,104,100,75,54,50,33,7,0,11,8,0,7,8
0,0,0,0,6,0,11,66,104,108,118,108,110,86,98,77,53,53,13,9,0,0,0,0,5,7
0,0,0,0,7,9,14,79,112,117,121,116,125,114,104,94,61,66,37,14,7,13,8,10,8,8
5,0,0,0,0,9,14,100,119,127,127,115,120,115,111,102,66,68,55,18,8,14,11,6,9,11
7,0,0,0,7,11,57,105,124,133,139,134,147,120,106,85,76,81,72,47,11,22,11,6,11,8
5,0,0,9,12,16,75,114,130,144,148,144,158,151,112,78,75,80,80,56,13,44,18,12,12,13
10,0,7,0,13,13,84,113,133,148,160,163,165,141,127,85,77,88,77,50,22,46,36,14,14,25
40,13,14,10,38,66,95,119,140,145,166,177,187,150,138,106,85,90,86,55,25,48,25,15,22,21
14,14,13,31,54,56,72,105,132,140,178,197,200,158,142,112,94,91,70,53,32,50,21,14,17,13
8,5,14,11,25,52,72,102,127,135,158,192,191,178,134,113,103,84,73,54,21,35,25,8,10,11
9,8,8,10,40,50,63,88,118,126,154,169,181,160,143,126,109,88,68,55,11,48,20,11,12,14
13,9,11,11,10,14,59,90,114,117,121,133,151,152,139,114,107,107,72,53,40,51,14,12,14,14
12,10,11,13,10,15,14,66,100,99,113,120,136,139,127,112,109,106,96,52,18,50,29,12,8,10
10,5,10,7,10,13,11,53,62,76,82,97,111,120,113,95,93,87,70,52,14,27,13,11,9,8
8,0,0,6,9,7,11,22,51,60,61,72,77,96,96,84,82,80,67,51,13,17,14,9,11,10
8,0,0,9,8,6,8,10,52,53,60,63,64,71,83,76,74,77,62,45,14,12,9,8,9,8
8,0,6,6,10,8,8,8,51,45,57,61,58,62,74,68,72,71,58,47,14,11,0,4,7,7
6,0,5,8,7,7,6,18,14,44,52,58,51,57,64,62,64,61,54,21,12,8,0,0,6,6
0,0,0,0,0,0,5,11,14,40,53,56,49,53,53,55,53,54,48,16,11,8,5,0,5,0
6,0,0,5,9,0,8,0,14,25,56,57,52,56,55,46,54,55,50,25,13,8,0,3,8,6
0,0,5,0,0,0,6,0,15,17,52,55,56,58,57,55,55,53,56,20,10,9,6,6,0,0
0,0,0,0,0,7,0,11,35,25,54,56,60,62,65,63,59,54,50,13,8,7,0,0,0,0
5,0,5,0,0,7,4,14,39,34,58,58,66,71,79,73,67,58,40,11,7,9,6,0,0,0
0,0,0,0,0,0,7,14,14,43,56,57,66,76,81,77,70,54,30,5,0,9,4,5,4,5
0,0,0,0,5,0,6,13,14,36,52,55,68,80,80,76,63,45,13,11,5,7,0,0,6,0
0,0,0,0,0,0,8,13,14,50,56,62,76,93,81,70,53,13,12,8,0,8,0,6,6,0
0,0,0,6,0,0,6,14,28,50,59,72,85,82,66,54,28,14,10,6,0,9,0,0,0,0
0,0,0,4,6,0,7,7,25,33,69,73,76,62,53,46,27,11,7,0,0,10,0,4,5,0
0,0,0,0,0,5,7,9,25,51,59,66,67,55,37,14,14,8,0,0,0,9,6,0,0,0
0,0,0,0,6,0,8,8,32,56,58,55,58,46,25,11,12,5,0,0,0,7,4,0,6,6
6,5,6,0,4,0,11,55,55,45,47,36,48,40,20,8,12,0,0,0,6,0,6,0,0,0
0,0,10,11,12,9,13,53,60,73,90,109,129,128,132,112,112,100,86,55,35,24,20,13,13,16
8,0,11,8,10,11,12,63,86,103,112,130,146,142,132,104,107,114,109,75,62,51,20,14,12,13
0,0,11,11,9,14,14,67,95,105,117,140,150,144,138,104,94,111,106,84,60,53,38,25,13,9
10,9,12,12,13,13,13,61,93,105,120,145,151,144,134,102,80,87,90,70,61,57,47,34,16,10
8,0,0,6,7,8,0,13,68,107,123,134,140,139,130,90,71,60,63,32,27,50,34,13,13,12
0,0,0,0,0,0,0,12,72,105,126,133,139,141,130,86,64,53,55,14,11,20,13,8,10,13
9,0,9,7,8,0,9,26,70,96,124,132,137,140,132,81,64,51,57,27,9,40,16,6,14,10
8,0,0,10,0,12,12,41,78,107,124,133,139,134,114,76,58,50,51,14,9,13,12,5,11,12
5,0,0,0,0,8,10,46,92,105,110,118,119,115,90,67,56,31,44,0,0,10,0,5,4,6
9,0,0,0,8,10,11,57,104,112,116,107,114,104,100,75,54,50,33,7,0,10,8,0,7,9
0,0,0,0,6,0,11,65,104,108,118,108,110,86,97,76,53,53,13,9,0,0,0,0,5,7
0,0,0,0,7,9,14,80,112,117,121,116,125,114,104,94,61,66,37,14,7,12,8,10,8,8
5,0,0,0,0,8,14,98,119,127,127,115,120,115,111,102,66,68,55,14,8,14,11,6,9,11
6,0,0,0,7,11,55,105,123,133,139,134,147,120,106,84,76,80,69,41,11,22,11,6,11,8
5,0,0,10,12,16,75,114,130,143,148,144,158,152,112,78,75,80,83,55,13,44,18,12,12,13
10,0,6,0,13,13,84,113,133,147,160,163,165,141,127,86,76,88,75,48,22,45,36,14,14,25
40,13,14,10,36,66,96,118,140,145,166,177,187,150,139,106,85,90,85,55,25,48,25,15,22,21
14,14,14,31,54,56,72,105,132,140,178,197,201,158,142,112,95,91,71,52,32,50,21,14,15,13
9,5,13,11,25,52,72,102,127,135,159,193,192,178,134,113,104,84,73,54,20,32,23,8,10,11
9,8,8,10,40,50,63,89,118,126,154,169,181,161,144,125,109,88,68,54,11,48,19,11,12,14
13,9,11,11,10,14,59,88,114,117,121,133,151,153,140,114,107,107,72,52,40,50,14,12,14,14
12,10,11,13,10,17,14,66,100,100,113,120,136,139,127,112,109,106,98,51,18,50,29,11,9,10
10,5,10,7,10,13,11,53,62,76,82,97,111,120,113,95,93,87,71,51,14,26,13,11,9,8
8,0,0,6,9,7,11,25,51,60,61,72,78,96,97,84,82,80,68,50,13,15,14,9,11,10
8,0,0,9,8,6,8,10,52,53,60,63,64,71,83,76,74,77,61,43,14,11,9,7,9,8
8,0,6,6,9,8,8,8,51,46,57,61,58,62,74,68,72,71,58,43,14,11,0,0,6,7
6,0,5,8,7,7,6,18,14,44,52,58,51,57,65,62,64,60,53,19,12,8,0,0,6,6
0,0,0,0,0,0,5,11,14,40,53,56,49,53,53,55,54,54,47,15,11,8,5,0,5,0
6,0,0,5,9,0,8,0,14,25,56,57,51,56,55,46,54,55,50,22,13,8,0,3,8,6
0,0,4,0,0,0,6,0,15,17,52,55,56,58,57,56,55,53,55,17,10,9,6,6,0,0
0,0,0,0,0,8,0,11,37,27,53,56,60,63,65,63,59,53,50,12,8,7,0,0,0,0
5,0,5,0,0,7,4,14,39,36,58,58,66,71,79,73,67,58,41,11,7,9,6,0,0,0
0,0,0,0,0,0,7,13,14,43,55,56,67,76,80,77,70,54,31,5,0,9,4,5,4,5
0,0,0,0,5,0,6,13,14,36,51,55,68,79,80,76,63,45,13,11,5,6,0,0,6,0
0,0,0,0,0,0,8,13,16,50,56,63,76,93,81,69,53,13,12,8,0,8,0,6,6,0
0,0,0,6,0,0,6,13,26,50,59,72,85,82,66,54,28,14,10,6,0,9,0,0,0,0
0,0,0,4,6,0,7,7,23,33,69,74,76,63,53,46,27,11,8,0,0,10,0,4,5,0
0,0,0,0,0,5,7,8,23,52,59,66,68,55,38,14,14,8,0,0,0,9,6,0,0,0
0,0,0,0,6,0,9,8,32,56,59,57,58,47,26,11,12,5,0,0,0,7,4,0,6,6
6,5,6,0,4,0,11,57,55,45,47,37,50,40,21,8,13,0,0,0,6,0,6,0,0,0
0,0,10,11,12,9,13,53,60,73,90,109,129,128,132,112,112,100,86,55,35,24,20,13,13,16
8,0,11,8,10,11,12,63,86,103,112,130,146,142,132,104,107,114,109,75,62,51,20,14,12,13
0,0,11,11,9,14,14,67,95,105,117,140,150,144,138,104,94,111,106,84,60,53,38,25,13,9
10,9,12,12,13,13,13,61,93,105,120,145,151,144,134,102,80,87,90,70,61,57,47,34,16,10
8,0,0,6,7,8,0,13,68,107,123,134,140,139,130,90,71,60,63,32,27,50,34,13,13,12
0,0,0,0,0,0,0,12,72,105,126,133,139,141,130,86,64,53,55,14,11,20,13,8,10,13
9,0,9,7,8,0,9,26,70,96,124,132,137,140,132,81,64,51,57,27,9,40,16,6,14,10
8,0,0,10,0,12,12,41,78,107,124,133,139,134,114,76,58,50,51,14,9,13,12,5,11,12
5,0,0,0,0,8,10,46,92,105,110,118,119,115,90,67,56,31,44,0,0,10,0,5,4,6
9,0,0,0,8,10,11,57,104,112,116,107,114,104,100,75,54,50,33,7,0,10,8,0,7,9
0,0,0,0,6,0,11,65,104,108,118,108,110,86,97,76,53,53,13,9,0,0,0,0,5,7
0,0,0,0,7,9,14,80,112,117,121,116,125,114,104,94,61,66,37,14,7,12,8,10,8,8
5,0,0,0,0,8,14,98,119,127,127,115,120,115,111,102,66,68,55,14,8,14,11,6,9,11
6,0,0,0,7,11,55,105,123,133,139,134,147,120,106,84,76,80,69,41,11,22,11,6,11,8
5,0,0,10,12,16,75,114,130,143,148,144,158,152,112,78,75,80,83,55,13,44,18,12,12,13
10,0,6,0,13,13,84,113,133,147,160,163,165,141,127,86,76,88,75,48,22,45,36,14,14,25
40,13,14,10,36,66,96,118,140,145,166,177,187,150,139,106,85,90,85,55,25,48,25,15,22,21
14,14,14,31,54,56,72,105,132,140,178,197,201,158,142,112,95,91,71,52,32,50,21,14,15,13
9,5,13,11,25,52,72,102,127,135,159,193,192,178,134,113,104,84,73,54,20,32,23,8,10,11
9,8,8,10,40,50,63,89,118,126,154,169,181,161,144,125,109,88,68,54,11,48,19,11,12,14
13,9,11,11,10,14,59,88,114,117,121,133,151,153,140,114,107,107,72,52,40,50,14,12,14,14
12,10,11,13,10,17,14,66,100,100,113,120,136,139,127,112,109,106,98,51,18,50,29,11,9,10
10,5,10,7,10,13,11,53,62,76,82,97,111,120,113,95,93,87,71,51,14,26,13,11,9,8
8,0,0,6,9,7,11,25,51,60,61,72,78,96,97,84,82,80,68,50,13,15,14,9,11,10
8,0,0,9,8,6,8,10,52,53,60,63,64,71,83,76,74,77,61,43,14,11,9,7,9,8
8,0,6,6,9,8,8,8,51,46,57,61,58,62,74,68,72,71,58,43,14,11,0,0,6,7
6,0,5,8,7,7,6,18,14,44,52,58,51,57,65,62,64,60,53,19,12,8,0,0,6,6
0,0,0,0,0,0,5,11,14,40,53,56,49,53,53,55,54,54,47,15,11,8,5,0,5,0
6,0,0,5,9,0,8,0,14,25,56,57,51,56,55,46,54,55,50,22,13,8,0,3,8,6
0,0,4,0,0,0,6,0,15,17,52,55,56,58,57,56,55,53,55,17,10,9,6,6,0,0
0,0,0,0,0,8,0,11,37,27,53,56,60,63,65,63,59,53,50,12,8,7,0,0,0,0
5,0,5,0,0,7,4,14,39,36,58,58,66,71,79,73,67,58,41,11,7,9,6,0,0,0
0,0,0,0,0,0,7,13,14,43,55,56,67,76,80,77,70,54,31,5,0,9,4,5,4,5
0,0,0,0,5,0,6,13,14,36,51,55,68,79,80,76,63,45,13,11,5,6,0,0,6,0
0,0,0,0,0,0,8,13,16,50,56,63,76,93,81,69,53,13,12,8,0,8,0,6,6,0
0,0,0,6,0,0,6,13,26,50,59,72,85,82,66,54,28,14,10,6,0,9,0,0,0,0
0,0,0,4,6,0,7,7,23,33,69,74,76,63,53,46,27,11,8,0,0,10,0,4,5,0
0,0,0,0,0,5,7,8,23,52,59,66,68,55,38,14,14,8,0,0,0,9,6,0,0,0
0,0,0,0,6,0,9,8,32,56,59,57,58,47,26,11,12,5,0,0,0,7,4,0,6,6
6,5,6,0,4,0,11,57,55,45,47,37,50,40,21,8,13,0,0,0,6,0,6,0,0,0
0,0,10,11,12,9,14,54,60,74,90,109,129,128,132,112,112,100,86,54,35,24,19,13,13,15
7,0,11,8,9,11,12,63,86,103,112,130,146,143,132,104,107,114,109,73,61,51,20,14,12,13
0,0,11,11,10,14,15,68,95,105,117,140,150,144,138,104,94,111,106,81,59,52,38,25,14,9
10,9,12,12,13,13,13,61,93,105,120,146,151,144,134,102,80,87,90,68,61,57,47,34,18,10
8,0,0,6,7,8,0,13,68,107,123,133,141,139,130,90,71,60,63,27,27,45,34,13,13,12
0,0,0,0,0,0,0,12,72,105,126,133,139,141,130,86,64,54,55,14,11,18,13,8,10,13
9,0,9,7,8,0,9,30,70,96,124,132,137,141,132,81,64,52,58,21,9,38,15,6,13,10
8,0,0,10,0,12,12,47,78,107,124,133,139,134,113,76,58,50,51,14,9,13,12,0,11,12
5,0,0,0,0,8,10,46,92,105,110,117,119,115,90,66,56,31,44,0,0,10,0,5,4,6
9,0,0,0,8,10,11,56,104,112,116,107,113,104,100,75,54,46,33,7,0,10,8,0,7,8
0,0,0,0,6,0,11,65,104,108,118,108,110,86,97,76,53,54,13,8,0,0,0,0,5,7
0,0,0,0,7,9,14,81,112,118,121,116,125,114,104,93,61,66,37,13,7,12,8,10,8,8
5,0,0,0,0,8,14,98,119,127,127,115,120,115,111,102,66,68,55,14,8,14,11,6,9,11
6,0,0,0,7,11,55,105,123,133,138,134,147,121,106,84,76,80,69,33,11,20,11,6,11,8
5,0,0,10,12,16,77,114,130,143,148,144,157,152,112,78,75,80,83,51,13,44,18,12,12,13
10,0,6,0,13,13,84,113,133,147,159,163,164,140,127,86,76,89,73,45,22,44,36,14,14,25
40,13,14,10,36,65,96,119,139,145,166,177,187,150,139,106,85,91,85,53,26,46,25,15,21,20
14,14,14,33,54,55,72,105,132,140,178,197,201,158,142,112,95,91,71,51,34,50,20,15,15,13
8,5,13,11,25,52,72,102,128,135,159,193,192,178,134,114,104,85,74,53,20,32,23,8,10,11
9,8,8,10,40,50,63,89,118,126,154,169,181,161,144,125,109,88,68,52,11,46,19,11,12,14
13,9,11,12,10,14,59,89,114,118,121,133,152,153,140,115,107,107,72,51,40,50,14,12,14,14
12,10,11,13,10,17,14,66,100,100,113,120,136,139,127,112,109,107,98,50,18,47,29,11,9,10
10,5,10,7,10,13,11,53,61,76,82,97,111,120,113,95,93,87,71,50,14,26,13,11,9,8
8,0,0,6,9,7,10,27,51,60,61,72,77,96,97,84,82,80,68,47,13,14,14,9,11,10
8,0,0,9,8,6,8,9,52,53,60,63,64,72,83,76,74,77,61,39,14,11,9,7,9,8
8,0,6,6,10,7,8,8,51,46,57,61,58,62,74,68,72,71,58,39,14,11,0,0,7,7
6,0,5,8,6,7,6,18,14,45,52,58,52,57,65,62,64,60,53,15,12,8,0,0,6,6
0,0,0,0,0,0,5,11,14,42,53,56,48,53,53,55,54,54,48,14,11,8,5,0,5,0
6,0,0,5,9,0,8,0,14,27,56,57,52,56,55,48,55,55,50,20,13,8,0,4,8,6
0,0,4,0,0,0,6,0,15,20,52,55,56,58,57,56,55,54,55,16,10,9,6,7,0,0
0,0,0,0,0,7,0,11,37,29,54,56,61,63,65,63,60,54,51,12,8,7,0,0,0,0
5,0,5,0,0,7,4,14,37,36,58,58,66,72,78,73,67,58,41,11,7,8,6,0,0,0
0,0,0,0,0,0,7,14,15,45,55,56,67,76,80,77,70,54,30,4,0,9,4,5,4,5
0,0,0,0,5,0,6,13,14,38,52,56,68,80,80,76,63,47,13,11,5,6,0,0,6,0
0,0,0,0,0,0,8,13,17,50,55,63,76,94,81,70,53,13,12,7,0,8,0,6,6,0
0,0,0,6,0,0,6,14,28,50,59,72,84,83,66,54,28,14,10,6,0,9,0,0,0,0
4,0,0,4,6,0,7,7,23,33,69,74,77,63,53,46,29,11,8,0,0,10,0,4,5,0
0,0,0,0,0,5,7,9,25,52,59,67,68,55,38,14,14,9,0,0,0,9,6,0,0,0
0,0,0,0,6,5,9,8,32,56,59,57,59,47,25,11,12,5,0,0,0,7,4,0,6,6
7,5,6,0,4,0,11,57,55,45,48,38,50,40,21,8,13,0,0,0,6,0,6,0,0,0
0,0,10,11,12,9,13,54,60,74,90,109,129,128,132,112,112,100,86,53,36,23,19,13,13,15
7,0,11,8,9,11,12,64,86,103,112,130,146,143,131,105,107,115,109,71,61,51,20,14,12,13
0,0,11,11,10,14,15,68,95,105,117,140,150,144,138,104,94,111,106,80,60,52,38,25,14,9
10,9,12,12,13,13,13,61,93,105,120,146,150,144,134,102,80,87,90,67,61,56,47,34,16,10
8,0,0,6,7,8,0,13,68,107,123,133,141,139,131,90,71,60,65,25,27,45,34,13,12,12
0,0,0,0,0,0,0,12,72,105,126,133,139,141,130,86,64,54,55,13,11,20,13,8,10,13
9,0,9,7,8,0,9,30,70,96,125,132,137,141,131,81,64,52,58,19,9,38,15,6,13,10
8,0,0,10,0,12,12,47,78,107,124,132,139,134,113,76,58,50,51,13,9,13,12,5,11,12
5,0,0,0,0,8,10,50,92,105,110,117,119,115,90,66,56,31,44,0,0,10,0,5,4,6
9,0,0,0,8,10,11,57,104,112,116,107,113,104,100,75,54,46,33,6,0,10,8,0,7,8
0,0,0,0,6,0,11,66,104,108,118,108,110,86,97,75,53,54,13,8,0,0,0,0,5,7
0,0,0,0,7,9,14,80,112,117,121,115,125,114,104,93,60,66,37,13,7,12,8,10,8,8
5,0,0,0,0,8,14,100,119,127,127,115,120,115,111,102,66,68,56,13,8,14,11,6,9,11
6,0,0,0,7,11,55,105,123,133,138,134,147,121,106,85,76,80,70,30,11,20,11,6,11,8
5,0,0,10,12,15,77,114,130,143,148,143,157,151,112,78,75,80,83,47,13,41,18,12,12,13
10,0,6,0,13,13,86,113,133,147,159,163,164,141,127,86,76,90,74,44,22,44,36,14,14,23
40,13,14,10,38,65,96,119,139,146,166,177,187,150,139,106,85,91,86,52,26,46,25,15,21,20
14,14,13,31,54,55,72,105,132,140,178,197,201,158,142,113,95,92,72,50,34,50,18,15,15,13
8,5,13,11,25,52,72,102,128,135,158,193,192,178,134,114,104,85,74,52,20,30,23,8,10,11
9,8,8,10,40,50,63,89,118,126,154,169,181,161,143,126,109,89,68,52,11,46,17,11,12,14
13,9,11,12,10,14,59,90,114,118,121,133,152,153,140,115,107,107,73,50,40,50,14,12,14,14
12,10,11,13,10,17,14,66,100,100,113,120,136,139,127,112,109,107,99,48,18,47,27,12,8,10
10,5,10,7,10,13,11,53,61,76,82,97,111,120,113,95,93,87,71,47,14,25,13,11,9,8
8,0,0,6,9,7,10,27,51,60,60,72,77,96,96,84,82,80,68,45,13,14,14,9,11,10
8,0,0,9,8,6,8,9,52,53,60,63,64,72,83,76,74,77,61,37,14,11,8,7,9,8
8,0,6,6,10,7,8,8,51,46,57,61,58,62,74,68,72,71,59,37,14,11,0,0,7,6
6,0,5,8,6,7,6,20,13,45,52,58,52,57,65,62,64,61,53,14,12,8,0,0,6,5
0,0,0,0,0,0,5,11,14,42,53,56,48,53,54,55,54,54,48,14,12,8,5,0,5,0
6,0,0,5,9,0,8,0,14,27,56,57,52,56,55,48,55,55,50,18,13,8,0,3,8,6
0,0,4,0,0,0,6,0,15,20,52,55,56,58,57,56,55,54,55,15,10,9,6,7,0,0
0,0,0,0,0,7,0,11,37,29,54,56,60,63,65,63,60,54,51,11,8,7,0,0,0,0
5,0,5,0,0,7,4,15,37,36,57,58,66,72,78,73,67,58,41,11,7,8,6,0,0,0
0,0,0,0,0,0,7,14,14,45,55,56,67,77,80,77,70,54,31,0,0,9,4,5,4,5
0,0,0,0,5,0,6,14,14,40,52,56,68,80,80,76,63,47,13,10,5,6,0,0,6,0
0,0,0,0,0,0,8,13,17,50,55,63,76,94,81,70,53,13,12,7,0,8,0,6,6,0
0,0,0,6,0,0,6,14,28,50,59,73,84,83,66,54,28,14,10,6,0,9,0,0,0,0
4,0,0,4,6,0,7,7,23,35,69,74,77,63,53,46,29,11,8,0,0,10,0,4,5,0
0,0,0,0,0,5,7,9,25,52,59,66,68,55,38,14,14,9,0,0,0,9,6,0,0,0
0,0,0,0,6,5,9,8,32,57,59,57,59,47,25,11,12,5,0,0,0,7,4,0,6,6
7,5,6,0,4,0,11,58,55,46,50,38,50,41,21,8,13,0,0,0,6,0,6,0,0,0
0,0,10,11,12,9,13,54,60,74,90,110,129,128,132,112,111,100,86,42,36,23,19,13,13,16
7,0,11,8,9,11,12,63,86,103,112,130,146,142,131,104,107,115,109,72,62,50,20,14,11,13
0,0,11,11,9,15,15,68,95,105,117,140,150,144,138,104,94,111,107,84,60,52,37,25,14,9
10,9,12,12,13,13,13,61,93,105,120,146,150,144,134,103,80,87,90,69,61,56,47,32,16,10
8,0,0,6,7,8,0,13,68,107,123,133,141,139,131,91,71,59,63,30,25,45,34,13,13,12
0,0,0,0,0,0,0,12,73,105,126,133,139,141,130,86,64,54,56,14,11,20,13,8,10,13
9,0,9,7,8,0,9,30,70,96,125,132,137,141,131,80,64,52,58,21,9,36,15,6,13,10
8,0,0,10,0,12,12,47,78,107,124,132,139,134,113,75,58,50,52,14,9,13,12,0,11,12
5,0,0,0,0,8,10,50,92,105,110,117,119,115,90,66,55,31,42,0,0,10,0,5,4,6
9,0,0,0,8,10,11,57,104,112,116,106,113,104,100,75,54,46,33,7,0,10,8,0,7,8
0,0,0,0,6,0,10,66,104,108,118,108,110,86,97,76,53,53,13,8,0,0,0,0,5,7
0,0,0,0,7,9,14,80,112,117,121,115,125,114,104,92,60,66,34,14,7,12,8,10,8,8
5,0,0,0,0,8,14,100,119,127,127,115,120,115,111,102,65,68,56,14,8,13,11,6,9,11
6,0,0,0,7,11,55,105,123,133,138,134,147,121,106,85,76,80,72,36,11,20,11,6,11,8
4,0,0,10,12,15,75,114,130,143,148,144,157,152,111,78,75,80,80,51,13,41,18,12,12,13
10,0,6,0,13,13,86,113,133,148,160,163,164,141,127,86,76,90,76,47,22,43,35,14,14,23
40,13,14,10,38,65,96,119,139,146,166,177,187,150,138,106,85,91,86,53,26,44,25,15,22,20
14,14,13,31,55,55,71,105,132,140,178,197,201,158,142,112,95,92,70,51,32,47,18,15,17,13
8,5,13,11,25,52,72,102,128,135,159,193,192,178,134,113,103,85,74,53,20,30,25,8,10,11
9,8,8,10,42,50,63,89,118,126,154,170,181,161,143,125,109,88,68,53,11,46,17,11,12,14
13,9,11,11,10,14,59,90,114,118,121,133,152,153,140,114,107,107,72,51,42,50,14,12,14,14
12,10,11,13,10,17,14,66,100,100,113,120,136,139,127,112,109,107,97,51,18,44,27,12,9,10
10,5,10,7,10,13,11,53,61,76,82,96,111,120,113,95,93,88,70,50,14,26,13,11,9,8
8,0,0,6,9,7,11,27,51,60,61,73,77,96,96,84,82,80,67,47,12,14,14,9,11,10
8,0,0,9,8,6,8,10,52,53,60,63,64,72,83,76,74,77,62,41,14,11,8,7,9,8
8,0,6,6,10,7,8,8,51,46,57,61,58,62,74,68,72,71,58,43,14,11,0,0,7,6
6,0,5,8,7,7,6,20,13,45,53,58,52,57,65,62,64,61,54,15,12,8,0,0,6,5
0,0,0,0,0,0,5,11,14,42,53,56,49,53,54,56,54,54,49,14,12,8,5,0,5,0
6,0,0,5,9,0,8,5,14,27,56,57,52,56,55,48,54,55,50,20,13,8,0,3,8,6
0,0,4,0,0,0,6,0,15,20,52,55,56,58,57,56,55,54,56,17,10,8,6,7,0,0
0,0,0,0,0,7,0,11,37,27,54,56,60,63,65,63,60,54,50,12,8,7,0,0,0,0
5,0,5,0,0,7,4,15,37,36,57,58,66,72,79,73,67,58,41,11,7,8,6,0,0,0
0,0,0,0,0,0,7,14,15,45,56,56,67,77,80,77,70,54,30,5,0,9,0,5,4,5
0,0,0,0,6,0,6,13,14,40,52,56,68,79,80,76,63,47,13,11,5,6,0,0,6,0
0,0,0,0,0,0,8,13,17,50,56,63,76,94,81,70,54,13,12,8,0,8,0,6,6,0
0,0,0,6,0,0,6,14,28,50,59,72,84,83,66,54,26,14,11,6,0,9,0,0,0,0
4,0,0,4,6,0,7,7,23,33,69,74,77,63,53,44,29,11,7,0,0,10,0,4,5,0
0,0,0,0,0,5,8,9,25,52,59,66,68,55,38,14,14,9,0,0,0,8,6,0,0,0
0,0,0,0,6,5,9,8,32,56,59,57,59,47,26,11,12,6,0,0,0,7,0,0,6,6
7,5,6,0,4,0,11,58,55,45,50,37,50,41,19,8,13,0,0,0,6,0,6,0,0,0
0,0,10,11,12,9,13,54,60,74,90,109,129,128,132,112,112,100,86,44,36,23,20,13,13,16
7,0,11,8,10,11,12,63,86,103,112,130,146,142,131,105,108,115,109,73,63,50,20,14,12,13
0,0,11,11,10,15,15,68,95,105,117,140,150,144,138,104,94,111,107,85,60,52,37,25,14,9
10,9,12,12,13,13,13,61,93,105,120,146,151,144,135,103,80,87,90,71,61,55,47,32,16,10
8,0,0,6,7,8,0,13,69,107,124,133,141,139,131,91,71,60,65,35,25,43,31,13,13,12
0,0,0,0,0,0,0,12,72,105,126,133,139,141,130,86,64,55,55,14,11,20,13,8,10,13
9,0,9,7,8,0,9,30,70,96,124,132,137,141,131,81,64,52,58,25,9,36,16,6,13,10
8,0,0,10,0,12,12,47,78,107,125,132,139,134,113,75,58,50,52,14,9,13,12,0,11,12
5,0,0,0,0,8,10,46,93,105,110,117,119,114,90,67,55,32,44,0,0,10,0,5,4,6
9,0,0,0,8,10,11,57,104,112,116,106,113,104,100,75,54,46,36,7,0,10,8,0,7,8
0,0,0,0,6,0,10,66,104,108,118,108,110,86,98,76,53,54,13,9,0,0,0,0,5,7
0,0,0,0,7,9,14,80,112,117,121,115,125,114,104,93,61,66,34,14,7,12,7,10,8,8
5,0,0,0,0,8,14,100,119,127,127,115,120,115,111,102,66,68,56,14,8,13,11,6,9,11
6,0,0,0,7,11,55,105,123,133,138,134,147,121,106,85,76,81,73,38,11,17,11,6,11,8
4,0,0,10,12,15,75,114,130,143,148,143,158,152,112,78,75,80,81,53,13,38,16,12,12,13
10,0,6,0,13,13,86,113,133,148,160,163,164,141,127,86,76,90,77,48,22,43,35,14,14,23
40,13,14,10,38,66,96,119,139,146,166,177,187,150,138,106,85,92,87,54,26,42,23,15,22,21
14,14,13,31,55,55,72,105,132,140,178,197,202,158,142,113,95,92,70,52,32,47,18,15,14,13
9,5,13,11,27,52,73,102,128,135,159,193,193,179,134,114,104,85,74,53,20,27,23,8,10,11
9,8,8,10,40,50,63,90,118,126,154,170,182,161,143,126,109,89,68,54,11,42,17,11,12,14
13,9,11,11,10,14,59,90,115,118,121,133,152,153,140,115,107,107,72,52,40,50,14,12,14,14
12,10,11,13,10,17,14,65,101,100,113,120,136,139,127,112,109,107,97,51,20,44,27,12,8,10
10,5,10,7,10,13,11,53,61,76,82,96,111,120,113,95,93,88,71,50,14,25,13,12,9,8
8,0,0,6,9,7,11,27,51,61,61,73,78,96,96,84,83,80,67,50,13,14,14,9,11,10
8,0,0,9,8,6,8,10,52,53,60,63,64,72,83,76,74,77,62,43,14,11,9,7,9,8
8,0,6,6,10,7,8,8,51,48,57,61,58,62,74,68,72,72,58,45,14,11,0,0,7,6
6,0,5,8,7,7,6,20,13,45,53,58,52,57,65,62,64,61,54,17,12,7,0,0,6,6
0,0,0,0,0,0,5,11,14,40,53,56,49,53,53,56,54,54,48,15,12,8,5,0,5,0
6,0,0,5,9,0,8,5,14,27,56,57,52,56,55,48,55,55,50,22,13,8,0,3,8,6
0,0,4,0,0,0,6,0,17,22,53,55,56,58,57,56,55,54,56,19,10,8,6,7,0,0
0,0,0,0,0,7,0,11,37,27,54,56,60,63,65,63,60,54,50,12,8,7,0,0,0,0
5,0,5,0,0,7,4,15,37,38,58,58,66,72,79,73,67,58,41,11,7,8,6,0,0,0
0,0,0,0,0,0,7,14,15,45,56,56,68,77,80,77,70,54,30,5,0,9,0,5,4,5
0,0,0,0,6,0,6,13,14,40,52,56,68,80,80,76,63,47,13,11,5,6,0,0,6,0
0,0,0,0,0,0,8,13,17,50,56,63,76,94,81,70,54,13,12,8,0,7,0,6,6,0
0,0,0,6,0,0,6,14,28,50,60,72,85,83,66,54,28,15,11,6,0,9,0,0,0,0
4,0,0,4,6,0,8,7,23,33,69,74,77,63,53,46,30,12,7,0,0,10,0,4,5,0
0,0,0,0,0,5,7,9,25,52,59,66,68,55,38,15,14,9,0,0,0,8,6,0,0,0
0,0,0,0,6,5,9,8,32,56,59,57,59,47,27,11,12,6,0,0,0,7,0,0,6,6
7,5,6,0,4,0,11,58,55,45,50,37,50,41,20,8,13,0,0,0,6,0,6,0,0,0
0,0,10,11,12,9,13,54,61,73,90,109,129,128,132,112,112,100,86,50,35,22,20,13,13,16
7,0,11,8,10,11,13,64,86,103,112,130,146,142,131,105,108,115,109,75,63,50,20,14,12,13
0,0,11,11,10,15,15,68,95,105,118,140,150,144,138,104,94,111,107,86,60,50,38,25,14,9
10,9,12,12,13,13,13,61,93,105,120,146,151,144,135,102,80,87,90,74,61,55,47,33,16,10
8,4,0,6,7,9,0,13,69,107,124,133,141,139,131,91,71,61,65,40,27,43,31,13,13,12
0,0,0,0,0,0,0,12,73,105,126,133,139,141,130,86,64,54,56,14,11,18,13,8,10,13
9,0,9,7,8,0,9,28,70,96,124,132,138,141,131,80,64,52,58,29,9,34,16,6,13,10
8,0,0,10,0,12,12,44,78,107,125,132,139,134,113,75,58,50,52,14,9,13,12,0,11,12
5,0,0,0,0,8,10,46,93,105,110,117,119,114,89,67,56,31,44,0,0,10,0,6,4,6
9,0,0,0,8,10,11,57,104,111,116,106,113,104,100,74,54,46,36,7,0,10,8,0,7,9
0,0,0,0,6,0,10,66,104,108,118,108,110,85,98,75,53,54,13,9,0,0,0,0,5,7
0,0,0,0,7,9,15,80,112,117,121,115,125,114,104,92,61,66,37,14,7,12,7,10,8,8
5,0,0,0,0,8,14,100,119,127,127,115,120,115,111,102,66,70,58,18,8,13,11,6,9,11
6,0,0,0,7,11,55,105,123,133,138,134,147,120,106,85,76,81,73,47,11,17,11,6,11,8
4,0,0,10,12,15,75,115,130,144,148,144,158,152,112,78,75,81,81,56,13,36,16,12,12,13
10,0,7,0,13,13,84,113,133,147,160,163,164,141,127,86,77,91,79,50,22,42,35,14,14,25
40,12,14,10,38,66,96,119,139,146,166,177,187,150,138,106,85,92,86,55,26,41,25,15,22,21
14,14,13,30,55,56,71,105,132,140,178,197,201,158,142,112,95,92,71,53,32,45,20,15,15,13
9,5,13,11,27,52,73,102,127,135,159,193,192,179,134,113,104,85,74,54,20,25,23,8,10,11
9,8,8,11,40,50,64,89,118,126,154,170,181,161,143,126,109,89,69,55,11,42,17,11,12,14
13,9,11,11,10,14,60,90,114,118,121,133,151,153,140,115,107,107,72,53,40,47,14,12,14,14
12,10,11,12,10,17,14,65,100,100,113,120,136,139,127,112,109,107,98,52,18,41,27,12,9,10
10,5,10,7,10,13,11,53,61,76,82,96,111,120,113,95,93,88,71,51,14,25,13,12,9,8
8,0,0,6,9,7,11,27,51,60,61,73,78,96,96,84,83,80,67,51,12,14,14,9,11,10
7,0,0,8,8,6,8,10,52,53,60,63,64,72,83,76,74,77,62,47,14,11,9,7,9,8
8,0,6,6,10,8,8,8,51,48,57,61,58,62,74,68,72,72,59,47,14,11,0,0,7,7
6,0,5,8,7,7,6,20,13,45,53,58,52,57,65,62,64,61,54,21,12,7,0,0,6,6
0,0,0,0,0,0,5,11,14,42,53,56,49,53,54,55,54,54,49,16,12,8,5,0,5,0
6,0,0,5,9,0,8,5,14,29,56,57,52,56,55,48,55,55,50,23,13,8,0,4,8,6
0,0,4,0,0,0,6,0,17,22,52,55,56,58,57,56,55,54,56,20,10,8,6,7,0,0
0,0,0,0,0,7,0,11,37,25,54,56,60,63,65,63,60,54,50,13,8,7,0,0,0,0
5,0,5,0,0,7,4,16,37,38,58,58,66,72,79,73,68,58,41,11,7,8,6,0,0,0
0,0,0,0,0,0,7,14,14,45,56,56,68,77,80,77,70,54,31,5,0,9,0,5,4,5
0,0,0,0,6,0,6,13,14,38,52,56,68,80,80,76,63,47,13,11,5,6,0,0,6,0
0,0,0,0,0,0,8,13,16,50,56,63,76,94,81,70,54,13,12,8,0,7,0,6,6,0
0,0,0,6,0,0,6,14,28,50,60,72,85,83,67,54,28,14,11,6,0,9,0,0,0,0
4,0,0,4,6,0,7,7,25,33,70,74,76,63,53,46,30,12,7,0,0,10,0,4,5,0
0,0,0,0,0,5,7,9,23,52,59,66,68,55,38,15,14,9,0,0,0,8,6,0,0,0
0,0,0,0,6,5,9,8,32,56,59,57,59,47,27,11,12,5,0,0,0,7,0,0,6,6
7,5,6,0,4,0,11,57,55,45,50,37,50,41,20,8,13,0,0,0,6,0,6,0,0,0
