5,11,26,52,51,59,75,66,68,80,85,94,93,73,71,64,54,31,14,13,14,19,18,14,37,45
9,12,26,50,53,65,70,64,70,78,78,88,105,83,81,70,58,50,45,15,21,19,40,27,54,86
8,11,40,54,55,61,64,66,65,74,96,110,112,90,82,72,58,52,50,27,35,50,52,53,66,74
8,12,43,54,52,55,53,52,72,91,112,123,130,94,77,77,63,55,37,13,20,18,20,21,15,20
0,7,47,55,43,11,51,60,75,99,120,119,104,99,91,80,62,50,27,14,14,13,13,13,13,13
0,0,33,57,19,51,60,65,79,96,98,93,94,91,77,71,60,19,10,12,11,13,9,11,12,11
0,0,35,52,37,27,62,66,82,98,108,108,103,89,75,69,56,36,13,8,8,9,10,7,0,6
0,0,25,51,19,19,64,70,78,100,105,100,94,87,77,62,53,28,17,7,11,8,7,9,0,0
0,8,32,44,36,14,64,72,82,103,101,93,90,84,73,59,51,14,12,7,8,9,10,0,0,0
0,9,19,37,17,14,70,83,93,91,98,94,95,79,69,61,51,13,0,0,7,8,0,7,7,0
0,0,17,44,14,13,67,78,84,85,90,88,88,77,62,58,51,8,7,0,0,0,0,0,0,0
0,8,23,40,13,11,59,63,71,74,77,81,80,75,57,55,36,10,0,0,0,0,0,0,0,0
0,8,21,40,14,47,60,64,71,71,69,77,72,67,58,55,14,10,9,0,0,8,0,0,0,0
0,0,9,12,0,12,47,64,76,75,66,56,57,51,35,17,8,0,0,0,0,0,0,0,0,0
0,9,26,21,31,50,68,81,83,81,68,67,64,58,55,50,14,10,13,8,9,8,9,7,7,0
0,9,36,26,17,56,71,91,96,90,80,70,71,64,59,53,19,13,13,8,0,8,11,9,0,8
0,13,48,51,23,58,79,96,110,101,87,74,70,66,59,55,51,13,7,9,11,11,12,10,7,8
7,14,53,55,52,62,88,99,112,108,95,83,73,70,71,59,52,27,26,13,12,12,13,11,12,7
0,8,41,53,53,62,86,95,100,103,96,82,74,70,68,56,51,28,23,11,13,13,12,9,0,0
8,9,22,50,52,62,83,94,100,103,101,90,80,80,69,56,44,35,9,0,5,0,0,0,7,8
0,12,15,50,56,68,85,93,99,96,95,88,73,67,67,64,62,56,50,28,20,50,46,26,35,14
0,7,12,31,51,61,75,87,94,94,88,76,67,64,59,57,53,37,14,9,8,0,7,5,0,6
0,10,17,32,37,57,80,90,98,108,85,75,65,56,54,57,46,39,28,20,20,11,12,0,7,7
0,9,14,35,51,61,85,86,91,94,77,66,66,66,62,59,58,50,23,28,16,21,20,14,7,6
6,8,14,37,46,58,79,79,85,84,73,63,61,62,60,58,56,51,9,15,27,16,15,14,12,10
0,8,10,19,39,56,74,74,78,76,65,59,60,62,58,57,53,39,20,10,13,16,23,13,8,9
0,8,10,19,40,54,69,72,74,70,61,56,58,60,58,57,54,45,14,8,12,13,14,10,10,7
0,0,8,10,25,55,65,64,67,63,57,54,56,58,56,57,52,39,14,0,9,11,10,7,0,7
0,0,0,6,25,54,62,62,61,59,53,51,54,56,54,55,52,29,12,6,0,0,0,0,0,0
0,0,0,9,23,54,64,62,61,56,27,51,54,54,54,58,55,25,11,0,0,0,0,0,0,0
0,5,0,14,40,54,60,70,67,55,55,55,55,59,62,68,64,50,13,8,0,0,6,0,0,0
0,6,9,28,51,57,74,79,63,59,59,56,58,62,73,70,79,52,25,11,8,8,0,0,0,0
0,0,0,26,36,52,60,58,52,50,50,51,54,57,66,64,59,31,14,10,0,0,0,0,0,0
0,0,7,14,27,50,55,52,51,52,50,51,52,57,55,51,20,12,7,7,0,6,6,0,0,0
0,0,10,13,21,53,52,51,37,21,52,53,53,53,54,32,12,0,0,0,0,0,0,0,0,0
0,0,10,13,17,42,50,14,8,30,52,52,52,50,32,12,8,0,0,0,0,0,0,0,0,0
0,0,8,12,13,31,13,10,11,40,53,52,51,41,13,11,9,8,0,0,5,0,0,0,0,0
0,6,6,13,13,13,9,14,10,40,47,42,42,14,10,12,9,5,5,0,0,6,0,5,5,0
0,7,10,13,11,6,10,12,18,42,38,39,22,13,0,0,0,6,5,0,0,0,0,0,5,0
0,0,7,13,11,7,7,10,13,34,29,21,15,10,0,9,7,0,6,0,0,0,6,0,0,0
5,11,26,52,51,58,75,66,68,80,85,94,93,73,72,65,53,31,14,13,14,16,18,14,33,41
9,12,26,50,53,65,70,64,71,78,78,88,105,83,81,70,57,51,45,14,21,21,37,25,55,86
8,11,39,54,55,61,64,66,65,74,96,110,113,90,82,72,57,52,50,23,32,47,52,53,66,74
7,12,46,54,51,55,53,52,72,90,111,123,130,95,77,78,63,55,37,13,20,18,20,21,19,20
0,7,50,55,41,11,51,60,75,99,121,119,104,99,90,80,61,50,31,14,13,13,13,13,13,13
0,0,35,57,17,51,60,65,79,95,98,93,95,91,76,72,60,19,10,11,11,13,9,11,12,11
0,0,37,52,37,30,63,67,83,99,108,107,103,89,75,69,56,33,13,7,8,9,10,0,0,6
0,0,27,51,21,19,63,70,79,100,105,100,94,87,77,62,53,25,20,0,11,8,7,9,0,0
0,8,35,41,30,15,65,71,80,103,101,93,91,84,73,60,51,13,12,7,8,9,10,0,0,0
0,9,21,37,15,13,71,83,92,92,98,95,95,81,68,62,51,12,0,0,7,8,0,6,7,0
0,0,17,44,14,13,66,78,84,85,90,88,88,77,62,59,50,8,7,0,0,0,0,0,0,0
0,8,25,40,13,11,60,63,71,74,77,81,80,74,57,55,38,10,0,0,0,0,0,0,0,0
0,8,23,40,14,50,60,65,71,71,69,77,72,67,59,55,14,9,10,0,0,8,0,0,0,0
0,0,9,12,0,12,48,65,76,76,66,56,57,50,33,20,9,0,0,0,0,0,0,0,0,0
0,9,28,17,31,51,67,81,83,82,69,67,64,58,55,50,14,9,13,8,8,8,9,7,7,0
0,9,38,26,15,57,71,91,96,90,80,70,71,65,59,53,21,13,12,8,0,8,10,9,0,8
0,13,48,51,21,58,79,96,110,101,87,74,71,66,60,54,51,13,7,9,10,11,12,9,7,8
7,14,54,55,52,62,88,100,112,109,95,82,73,70,71,59,52,27,30,13,12,13,13,12,12,7
0,8,43,53,52,62,86,95,99,104,96,82,74,70,69,57,51,28,23,11,12,13,12,9,0,0
7,9,22,50,52,62,83,95,100,103,101,90,80,80,69,57,46,35,9,0,0,0,0,0,7,8
0,12,14,50,56,68,85,93,98,97,95,88,73,67,67,65,62,56,50,26,18,47,42,26,35,16
0,6,12,31,51,61,75,86,94,94,88,76,67,63,59,58,54,39,14,9,8,0,7,5,0,6
0,10,17,32,37,56,79,90,97,107,85,75,65,56,54,57,46,39,28,21,20,11,12,0,0,0
0,8,14,36,52,61,85,86,91,94,77,66,66,67,62,59,58,50,23,28,16,20,20,13,7,6
6,8,14,35,46,58,79,79,85,84,72,63,62,62,60,58,56,51,9,17,25,14,14,14,12,10
0,8,10,21,39,57,74,74,78,76,65,59,60,62,58,57,53,41,20,10,13,15,19,13,9,9
0,8,10,19,38,54,70,72,74,69,61,55,58,60,58,58,54,47,14,8,12,13,14,10,10,6
0,0,8,10,25,55,65,64,67,62,57,54,56,58,56,57,52,43,14,0,8,10,10,7,0,7
0,0,0,6,23,54,63,62,60,59,53,51,54,56,54,56,52,29,12,6,0,0,0,0,0,0
0,0,0,9,21,54,64,62,61,55,27,52,55,54,54,59,55,25,11,0,0,0,0,0,0,0
0,5,6,15,40,54,60,70,67,55,55,55,55,59,62,68,64,47,14,8,0,0,6,0,0,0
0,6,10,28,51,58,74,79,63,59,59,56,58,62,73,72,79,52,25,11,8,8,0,0,0,0
0,0,0,26,36,53,60,57,52,50,49,51,54,57,66,65,60,31,14,10,0,0,0,0,0,0
0,0,7,15,30,50,55,52,51,52,50,51,53,57,56,51,20,12,7,8,0,0,6,0,0,0
0,0,10,13,21,53,53,50,37,21,52,52,53,53,54,35,12,0,0,0,0,0,0,0,0,0
0,0,10,14,17,42,50,14,8,30,52,52,52,51,30,12,8,0,0,0,0,0,0,0,0,0
0,0,8,12,13,31,13,10,11,43,53,52,51,41,12,12,9,7,0,0,5,0,0,0,0,0
0,6,6,13,13,13,9,14,10,42,47,44,44,14,10,12,9,0,5,0,0,5,0,5,4,0
0,6,9,13,11,6,10,12,16,42,40,41,25,13,0,0,0,6,5,0,0,0,0,0,5,0
0,0,8,13,11,7,7,10,13,34,31,22,14,10,0,10,7,0,6,0,0,0,6,0,0,0
6,11,26,52,51,59,74,66,68,80,85,94,93,73,71,65,53,34,14,12,14,15,20,14,33,43
9,12,26,51,53,65,70,63,70,78,77,88,105,83,81,70,58,51,47,19,21,21,32,25,55,86
8,11,40,54,55,61,65,66,65,74,96,110,113,90,82,72,57,52,50,25,32,45,52,53,65,74
7,12,46,53,51,55,53,53,72,90,110,122,130,95,76,78,63,54,33,13,17,18,22,21,19,22
0,7,50,54,41,11,52,61,75,99,121,119,103,99,90,80,61,51,31,15,13,13,13,14,13,13
0,0,35,57,19,51,60,65,78,96,98,93,95,91,76,72,60,21,11,12,11,13,9,11,12,11
0,0,37,52,37,30,62,66,83,99,108,108,103,89,76,68,56,33,13,7,8,9,10,0,0,7
0,0,27,51,19,19,63,70,79,101,105,101,94,88,77,63,54,28,15,0,11,8,7,9,0,0
0,8,35,41,30,15,65,72,80,103,101,94,90,84,74,59,51,13,12,8,8,9,9,0,0,0
0,9,23,35,17,13,71,83,92,92,98,95,95,82,69,62,51,13,0,0,7,8,0,6,7,0
0,0,17,38,13,13,65,79,84,84,90,88,88,78,62,59,50,9,7,0,0,0,0,0,0,0
0,8,27,37,13,11,59,63,72,74,77,81,80,74,57,56,38,11,0,0,0,0,0,0,0,0
0,8,25,40,14,50,60,65,71,71,69,77,72,67,59,55,17,10,9,0,0,8,6,0,0,0
0,0,9,12,0,12,47,65,75,75,66,56,57,51,35,23,8,0,0,0,0,0,0,0,0,0
0,9,28,17,28,51,68,81,83,82,69,66,64,59,55,50,14,9,13,8,8,8,9,7,7,0
0,9,36,26,15,57,71,91,96,90,80,70,72,65,58,53,21,14,13,9,0,9,10,9,0,8
0,13,48,50,21,58,78,97,109,101,87,74,70,66,60,54,51,13,7,10,10,11,12,9,8,8
7,14,54,55,52,62,88,100,112,109,95,83,73,70,71,60,52,29,26,13,11,13,13,12,12,8
0,8,41,52,52,62,86,95,99,104,96,82,74,70,68,57,51,30,21,11,12,13,12,9,0,0
7,9,23,48,52,62,83,95,100,103,101,90,80,80,69,57,44,35,9,0,0,0,0,0,7,8
0,11,14,44,57,68,85,93,98,97,95,88,73,67,67,65,62,56,50,28,16,45,42,26,35,17
0,6,12,33,51,60,75,86,94,94,88,76,67,64,59,58,54,43,13,8,8,0,7,5,0,6
0,10,17,31,37,57,80,90,97,107,85,74,65,57,54,57,46,38,27,20,18,10,12,0,0,0
0,8,15,36,52,62,85,86,91,93,77,66,66,67,62,59,58,50,25,30,14,20,20,14,7,6
6,8,14,35,48,59,80,79,85,84,72,64,61,62,60,59,56,51,9,15,25,14,14,14,12,10
0,8,10,21,39,56,73,74,78,75,65,59,60,62,58,57,53,37,18,10,13,14,19,13,8,9
0,8,10,15,40,54,70,71,74,69,61,56,57,60,58,57,54,50,14,8,12,13,13,10,9,6
0,0,9,10,26,55,65,64,67,62,57,54,56,58,56,58,52,43,14,0,8,11,10,7,0,8
0,0,0,6,23,54,63,62,60,59,53,51,54,57,54,56,53,31,12,7,0,0,0,0,0,0
0,0,0,9,23,54,64,61,61,56,30,52,54,55,54,59,55,27,11,0,0,0,0,0,0,0
0,5,6,15,40,54,60,70,67,56,55,55,55,59,62,68,64,47,13,8,0,0,7,0,0,0
0,6,10,26,51,58,74,78,63,59,59,56,58,62,73,71,79,52,25,11,9,8,7,0,0,0
0,0,0,25,36,53,60,57,52,50,50,52,54,57,66,65,61,32,13,11,0,0,0,0,0,0
0,4,7,14,30,50,55,52,51,52,50,51,53,57,56,51,20,12,7,8,0,0,5,0,0,0
0,0,10,13,20,53,53,51,37,19,52,52,53,54,54,35,12,6,0,0,0,0,0,0,0,0
0,0,10,13,15,42,50,14,8,35,52,53,52,51,30,12,8,5,0,0,0,0,0,0,0,0
0,0,8,12,13,29,13,10,11,45,53,52,51,41,13,12,10,7,0,0,6,0,0,0,0,0
0,6,6,13,13,13,9,14,10,42,47,44,46,15,10,12,9,5,0,0,0,5,0,5,5,0
0,6,10,12,11,6,11,12,18,42,40,39,22,13,0,0,0,7,5,0,0,0,0,0,5,0
0,0,8,13,11,8,7,10,13,34,31,21,14,10,0,10,7,0,6,0,0,0,6,0,0,0
6,11,26,52,51,60,73,66,68,80,86,94,92,72,71,65,54,36,14,13,14,14,23,14,35,43
9,12,27,50,53,65,70,63,70,78,77,88,105,83,81,70,57,51,47,21,21,23,32,23,55,85
8,11,39,55,54,60,65,66,65,74,96,111,112,90,82,72,57,52,51,25,30,45,52,53,65,74
8,11,45,54,51,54,53,52,72,90,110,122,129,95,76,78,63,55,33,13,17,18,23,19,19,20
0,7,42,54,39,11,51,61,75,99,121,119,103,98,90,80,62,51,33,14,13,13,13,13,13,13
0,0,33,57,17,51,60,65,78,96,98,93,94,91,77,72,59,21,11,12,11,12,9,12,12,10
0,0,40,52,35,30,62,65,82,99,108,108,103,89,76,68,56,33,13,8,8,9,10,7,0,6
0,0,25,51,19,21,63,71,79,100,105,101,93,88,76,63,53,28,15,0,11,8,7,9,0,0
0,7,32,41,27,14,64,72,80,103,102,95,90,84,73,60,51,13,12,8,8,8,9,0,0,0
0,9,21,35,19,13,71,83,91,91,98,95,94,82,69,62,51,13,0,0,7,8,0,6,7,0
0,0,14,38,13,13,65,78,83,84,90,89,86,78,62,59,50,9,7,0,0,0,0,0,0,0
0,8,25,37,13,11,60,63,72,74,78,81,80,74,56,56,38,12,0,0,0,0,0,0,0,0
0,8,25,40,14,44,60,65,71,72,69,78,71,67,59,56,20,10,9,0,0,8,6,0,0,0
0,0,8,12,0,12,48,65,75,76,65,56,57,50,36,25,0,0,0,0,0,0,0,0,0,0
0,8,26,17,25,51,68,81,82,83,69,67,64,58,55,50,13,9,13,8,8,7,9,7,7,0
0,9,36,25,15,57,71,91,95,90,79,71,71,65,58,53,21,14,13,9,0,9,10,8,0,8
0,13,46,50,25,57,78,97,108,102,87,75,70,66,59,54,51,13,7,10,10,11,12,9,7,8
7,13,54,55,52,61,88,100,111,109,95,83,73,70,71,60,52,29,25,13,11,13,14,12,13,7
0,8,39,52,52,62,85,95,99,104,96,82,74,70,69,57,51,28,23,11,12,13,12,9,0,0
7,9,22,48,52,62,83,95,100,103,102,90,79,80,69,57,46,35,9,0,0,0,0,0,7,7
0,12,14,46,57,68,85,93,98,97,95,88,73,67,67,65,62,56,50,28,14,43,40,25,32,17
0,6,12,31,51,60,75,86,94,95,88,76,66,63,58,58,55,45,13,9,8,0,7,5,0,6
0,10,16,31,36,56,79,90,97,108,85,74,64,56,54,57,46,38,27,19,16,10,11,0,7,0
0,8,15,36,51,61,85,86,91,93,77,66,66,66,62,59,58,50,25,30,13,20,18,14,6,6
0,8,14,33,50,59,80,79,84,84,71,64,61,62,60,58,55,51,9,14,21,14,14,14,12,9
0,8,9,23,37,56,73,74,78,76,65,59,59,62,59,57,53,37,16,9,13,14,19,13,8,8
0,8,10,15,40,54,70,71,74,69,60,56,57,60,58,57,54,50,17,8,12,13,13,10,9,6
0,0,9,10,26,55,65,64,66,63,57,54,56,58,56,58,52,43,14,0,8,10,10,7,0,7
0,0,0,7,21,54,63,62,60,59,53,51,54,56,55,56,53,34,13,7,0,0,0,0,0,0
0,0,0,9,23,54,63,61,61,56,27,52,54,55,54,59,55,27,11,0,0,0,0,0,0,0
0,6,6,15,40,54,60,71,66,55,55,55,55,59,63,68,64,50,13,9,0,0,7,0,0,0
0,6,9,28,51,58,74,78,63,59,59,56,58,62,73,72,79,52,25,11,9,8,6,0,0,0
0,0,0,25,35,53,60,57,52,50,50,52,54,57,65,65,60,32,13,11,0,0,0,0,0,0
0,4,7,14,30,50,55,52,51,52,50,51,52,56,56,52,20,12,8,8,0,0,6,0,0,0
0,0,10,13,21,53,53,51,35,19,52,52,53,53,54,37,12,6,0,0,0,0,0,0,0,0
0,0,10,13,17,42,50,15,8,35,52,53,52,51,27,13,8,5,0,0,0,0,0,0,0,0
0,0,8,12,13,27,14,10,11,45,53,52,51,41,13,13,10,7,0,0,0,0,0,0,0,0
0,6,6,13,13,13,9,14,10,42,50,47,43,14,10,12,9,5,0,0,0,5,0,5,5,0
0,6,9,12,10,6,11,12,16,42,41,41,20,13,0,0,0,6,5,0,0,0,0,4,5,0
0,0,8,13,11,7,7,10,13,37,29,22,14,10,0,10,7,0,6,0,0,0,6,0,0,0
6,11,27,52,52,60,73,65,68,80,86,93,93,72,71,64,53,36,15,13,14,14,21,15,37,45
9,12,27,51,53,65,70,63,70,78,77,88,105,83,81,70,57,52,45,21,21,25,30,23,54,85
8,11,40,55,55,60,65,66,65,73,96,110,113,90,82,72,57,52,51,25,30,40,51,52,65,74
8,11,45,54,52,55,53,52,71,90,111,122,129,95,75,78,62,55,35,14,15,16,23,21,17,21
0,6,42,54,43,11,51,61,75,99,121,120,103,98,90,81,61,51,33,14,13,14,12,13,13,14
0,0,33,57,21,51,60,64,78,95,97,94,94,91,77,72,59,23,11,12,11,12,9,11,12,10
0,0,37,52,37,30,62,66,83,99,109,108,103,88,76,68,56,30,13,7,8,10,10,7,0,6
0,0,27,51,21,21,64,71,79,101,105,101,94,88,78,62,54,28,15,0,10,8,6,9,0,0
0,7,30,41,27,15,64,71,80,103,102,95,89,84,74,60,51,13,12,8,7,8,9,0,0,0
0,9,21,32,19,13,71,84,91,93,98,95,94,82,69,62,50,13,0,0,7,8,0,6,7,0
0,0,15,36,13,13,65,77,82,84,90,90,87,77,62,59,50,9,7,0,0,0,0,0,0,0
0,8,25,37,13,11,60,64,71,74,77,82,80,75,57,56,41,12,0,0,0,0,0,0,0,0
0,8,25,40,14,47,60,65,71,72,69,78,71,67,59,56,22,10,9,0,0,8,0,0,0,0
0,0,8,12,0,12,48,65,75,76,65,56,57,51,37,26,0,0,0,0,0,0,0,0,0,0
0,8,26,17,26,51,67,81,82,82,69,67,64,59,55,50,13,9,13,8,8,7,9,7,7,0
0,9,34,26,15,57,72,91,95,89,79,70,71,65,58,54,21,14,12,9,0,9,10,8,0,8
0,13,44,50,27,58,78,96,108,102,87,74,70,66,59,55,51,13,7,10,10,11,11,9,7,8
7,14,53,55,52,62,89,99,111,108,95,83,73,70,71,60,52,29,21,13,10,12,14,12,12,8
0,8,37,53,52,62,86,95,99,103,96,82,74,70,69,57,51,26,20,11,12,14,12,9,0,0
7,10,23,46,52,62,83,95,99,102,102,90,79,80,68,58,46,33,8,0,0,0,0,0,7,7
0,12,14,48,57,68,85,93,98,97,95,88,73,66,67,65,62,56,50,26,14,38,36,26,32,19
0,6,12,31,51,60,75,86,94,94,88,76,66,63,59,59,54,45,13,9,8,0,6,4,0,6
0,10,16,31,36,55,79,90,97,108,85,75,64,56,54,58,46,39,27,18,16,10,10,0,0,7
0,8,14,38,52,61,85,85,91,93,77,66,66,66,62,59,58,50,23,26,13,16,18,14,6,7
0,8,14,33,50,59,80,79,84,84,71,64,61,62,60,58,55,51,9,14,21,14,14,13,11,10
0,7,9,23,39,56,74,74,78,75,65,59,59,62,58,57,53,39,15,9,12,14,17,12,8,8
0,8,10,15,44,54,70,71,73,69,61,56,57,60,57,58,54,50,15,8,13,13,13,10,8,6
0,0,8,10,30,55,65,65,66,62,57,53,56,58,56,58,52,41,13,0,8,10,9,7,0,8
0,0,0,7,21,54,63,61,60,59,53,51,54,56,54,56,53,31,13,7,0,0,0,0,0,0
0,0,0,9,25,54,64,62,61,56,27,52,54,54,55,59,55,25,11,0,0,0,0,0,0,0
0,5,6,14,43,54,60,70,66,55,55,56,56,59,63,68,64,50,13,8,0,0,7,0,0,0
0,6,9,28,51,58,75,78,63,60,59,56,58,62,73,72,79,52,23,12,9,8,0,0,0,0
0,0,0,25,36,53,60,57,52,50,50,52,54,57,65,65,60,33,13,10,0,0,0,0,0,0
0,0,7,14,30,50,55,52,51,52,46,51,52,57,55,52,17,13,8,8,0,0,5,0,0,0
0,0,10,13,25,53,53,51,35,21,52,53,53,53,54,37,12,7,0,0,0,0,0,0,0,0
0,0,10,13,17,42,51,17,7,37,52,53,52,51,25,13,8,5,0,0,0,0,0,0,0,0
0,0,8,13,13,29,13,11,11,47,52,52,51,41,13,13,10,7,0,0,0,0,0,0,0,0
0,6,6,13,13,13,8,14,10,42,50,47,44,14,11,12,9,6,5,0,0,5,0,5,5,0
0,6,9,12,11,6,10,12,16,44,43,41,19,13,0,0,0,6,5,0,0,0,0,4,5,0
0,0,8,13,11,7,7,10,13,37,31,20,14,10,0,10,7,0,6,0,0,0,6,0,0,0
6,11,26,53,52,60,73,65,69,80,86,93,93,72,71,64,53,36,14,13,14,14,18,15,37,50
9,12,26,51,53,65,70,63,70,77,77,88,106,83,81,70,58,52,45,19,20,23,30,23,54,85
8,11,40,55,54,60,65,66,64,73,96,110,113,90,82,71,58,52,51,29,30,36,51,52,65,74
8,11,45,54,52,55,53,52,71,90,112,122,129,95,76,77,62,55,35,13,17,16,22,17,16,23
0,6,42,54,43,11,51,61,75,98,120,120,103,98,90,80,61,51,31,14,13,13,13,13,13,14
0,0,33,57,21,51,60,64,78,95,97,94,94,91,78,71,60,23,11,12,11,12,9,11,11,10
0,0,40,52,35,30,62,65,83,98,109,108,103,88,75,67,56,36,12,8,8,9,10,0,0,6
0,0,25,51,19,23,65,71,79,100,105,100,93,88,78,61,54,31,14,0,10,8,6,9,0,0
0,7,27,41,25,15,63,71,80,103,102,95,90,84,74,59,52,13,11,8,7,8,9,0,0,0
0,9,19,35,19,13,72,84,91,91,98,94,94,82,69,62,50,13,0,0,7,8,0,5,7,0
0,0,15,36,14,13,64,78,82,83,91,89,87,78,62,59,51,9,7,0,0,0,0,0,0,0
0,8,23,37,13,11,60,63,71,73,78,81,81,75,57,56,41,12,6,0,0,0,0,0,0,0
0,8,25,40,14,50,61,65,71,71,69,78,71,67,58,56,25,10,9,0,0,8,0,0,0,0
0,0,8,12,0,12,48,65,75,75,65,56,58,51,38,23,0,0,0,0,0,0,0,0,0,0
0,8,26,17,26,51,68,81,82,82,69,67,64,59,55,50,14,9,13,8,8,7,9,7,7,0
0,10,32,28,17,57,72,91,95,89,79,70,71,65,58,54,21,14,13,9,0,9,10,8,0,8
0,13,44,51,27,58,78,96,108,101,88,74,70,66,60,54,51,13,7,10,10,11,11,9,7,8
7,14,53,55,52,62,89,99,111,108,96,83,73,70,71,59,53,29,20,12,10,12,13,12,13,7
0,7,37,53,52,62,86,95,99,103,96,83,74,70,69,57,51,26,21,11,12,14,12,8,0,0
8,10,22,46,52,62,83,94,100,102,102,90,79,80,69,58,50,35,8,0,0,0,0,0,7,7
0,11,14,48,57,67,85,93,98,96,95,88,74,67,67,64,63,56,50,23,13,38,38,26,33,17
0,6,12,31,51,60,76,86,93,93,88,76,66,63,59,58,54,47,13,9,8,0,6,4,0,6
0,10,16,32,35,56,79,90,97,107,85,75,64,56,54,57,46,40,27,16,16,10,10,0,0,0
6,8,14,36,52,62,85,85,90,93,76,66,66,66,62,59,57,50,25,26,13,15,15,14,6,7
0,8,14,33,50,58,80,79,84,83,71,64,61,62,60,58,55,51,9,14,20,14,13,13,11,10
0,7,9,23,37,56,74,74,78,76,65,58,59,62,59,57,53,43,15,9,12,14,14,12,8,8
0,8,11,15,42,54,70,71,73,68,61,56,58,60,57,57,53,50,15,8,12,12,12,10,8,7
0,0,8,10,26,55,65,65,66,62,57,53,56,58,57,58,52,41,13,0,8,10,9,7,0,8
0,0,0,6,21,54,63,61,60,59,53,51,54,56,55,56,53,31,13,7,0,0,0,0,0,0
0,0,0,9,23,54,64,62,61,56,27,52,54,54,55,59,55,27,11,0,0,0,0,0,0,0
0,5,6,15,43,54,61,70,66,55,55,56,56,58,63,68,64,50,12,8,0,0,7,0,0,6
0,6,9,29,51,58,75,78,63,59,59,56,58,62,73,72,79,52,25,12,9,8,0,0,0,0
0,0,0,25,36,53,59,58,52,50,50,52,54,57,65,65,60,33,13,10,0,0,0,0,0,0
0,4,7,14,27,47,55,52,51,51,46,52,53,57,55,51,17,13,8,7,0,0,0,0,0,0
0,0,10,13,25,53,52,51,37,19,52,53,53,54,54,32,12,7,0,0,0,0,0,0,0,0
0,0,9,13,15,42,51,15,7,32,52,53,52,51,32,13,8,5,0,0,0,0,0,0,0,0
0,0,8,13,13,29,13,11,11,45,52,52,51,39,13,13,10,7,0,0,0,0,0,0,0,0
0,6,6,13,13,13,9,14,10,40,50,46,43,14,11,12,9,6,5,0,0,5,0,5,5,0
0,6,9,13,10,7,11,12,16,42,43,41,19,13,0,0,0,7,5,0,0,0,0,0,5,0
0,0,7,13,11,7,7,9,13,35,29,20,15,10,0,10,7,0,6,0,0,0,6,0,0,0
6,11,23,53,52,59,73,65,69,79,86,93,93,72,71,64,52,36,15,13,14,14,20,16,41,50
9,12,25,51,53,65,70,63,70,76,77,88,106,83,81,70,58,52,40,15,18,21,32,23,54,86
8,11,39,55,54,61,65,66,64,73,97,109,112,90,82,71,58,53,51,25,30,36,51,52,65,74
8,11,43,54,52,56,54,51,71,90,112,121,129,95,76,77,61,55,35,13,22,16,20,19,17,25
0,6,40,55,45,11,51,60,74,98,120,119,104,98,90,80,61,51,31,14,13,13,13,12,14,14
0,0,33,57,21,51,60,64,78,95,97,94,94,91,78,71,60,21,11,11,11,12,9,11,11,11
0,0,40,54,35,25,63,66,83,97,109,107,103,88,76,68,56,36,12,7,8,9,10,7,0,6
0,0,30,51,21,25,66,70,78,99,105,100,93,87,79,61,54,31,14,0,11,8,7,9,0,0
0,7,25,44,25,15,63,71,79,103,101,95,89,84,75,60,51,12,12,7,7,8,9,0,0,0
0,9,15,40,17,14,73,83,91,91,99,95,94,82,70,62,51,13,0,0,7,8,0,6,7,0
0,0,15,41,14,13,65,77,82,83,90,89,88,78,63,59,51,9,7,0,0,0,0,0,0,0
0,8,23,35,13,11,59,63,71,73,78,81,81,75,57,56,44,11,6,0,0,0,0,0,0,0
0,8,25,38,14,50,60,65,70,72,68,78,71,68,59,56,22,10,9,0,0,7,0,0,0,0
0,0,9,12,0,12,48,65,75,75,65,56,58,51,40,26,0,0,0,0,0,0,0,0,0,0
0,8,23,19,25,51,67,81,82,82,69,67,64,59,55,50,14,9,13,8,8,6,9,7,7,0
0,9,32,28,17,57,71,91,95,89,79,70,70,65,59,54,21,14,12,8,7,8,9,8,0,8
0,13,44,50,27,58,77,95,107,101,88,74,70,66,60,54,51,13,7,10,10,10,11,9,7,8
7,14,53,55,52,62,88,99,111,108,96,83,73,70,71,59,53,27,20,12,11,12,13,12,12,8
0,7,37,52,52,62,85,94,99,102,96,83,74,70,69,57,51,25,21,11,12,13,12,8,0,0
7,9,19,48,52,62,83,94,99,102,102,89,79,80,69,57,50,35,8,0,0,0,0,0,7,7
0,11,14,50,57,67,85,93,98,96,95,87,73,67,67,65,63,56,50,21,13,36,40,26,35,20
0,7,12,30,52,60,76,86,93,93,88,75,66,63,59,59,54,47,13,9,8,0,5,4,0,6
0,10,15,31,35,56,79,90,96,107,85,75,64,56,54,58,46,39,27,17,16,9,10,0,0,7
6,8,13,36,51,62,85,85,90,93,76,65,66,66,62,59,58,50,25,25,12,14,14,13,6,7
0,8,13,33,50,59,80,78,84,83,71,64,61,62,60,58,56,51,9,14,20,14,13,13,11,10
0,7,9,21,41,56,74,74,78,76,65,58,59,62,59,57,53,47,15,8,12,13,15,12,8,9
0,8,10,21,42,54,70,71,73,68,61,56,58,60,57,57,53,50,14,7,13,12,12,10,8,6
0,0,8,11,26,55,65,65,66,62,57,54,56,58,57,58,52,41,13,0,8,10,9,6,0,8
0,0,0,6,19,54,63,61,60,58,53,51,54,56,55,56,53,34,13,6,0,0,0,0,0,0
0,0,0,9,21,54,64,62,61,56,27,52,54,54,55,59,55,27,11,0,0,0,0,0,0,0
0,5,6,14,47,54,60,70,66,54,55,55,56,59,63,68,65,50,12,8,0,0,6,0,0,6
0,7,9,31,50,58,76,78,62,59,59,57,57,62,73,72,79,52,26,12,9,8,0,0,0,0
0,0,0,26,36,53,59,57,52,50,50,51,54,57,66,65,60,32,13,10,0,0,0,0,0,0
0,0,7,15,23,47,55,51,51,51,46,52,52,57,55,51,20,13,8,7,0,6,5,0,0,0
0,0,10,14,23,53,52,51,37,19,52,53,53,54,54,32,12,7,0,0,0,0,0,0,0,0
0,0,10,13,19,42,50,14,7,30,52,53,51,50,35,13,9,5,0,0,0,0,0,0,0,0
0,0,8,13,13,31,13,11,11,47,52,52,51,41,13,12,10,7,0,0,5,0,0,0,0,0
0,6,6,13,13,13,9,14,10,42,50,46,39,14,11,12,9,6,5,0,0,5,0,5,5,0
0,6,9,13,10,6,11,12,15,42,45,39,19,13,0,0,0,6,5,0,0,0,0,0,5,0
0,0,7,13,11,7,7,10,13,35,29,18,14,10,0,10,7,0,6,0,0,0,5,0,0,0
6,11,23,53,52,59,73,65,69,79,85,93,93,73,71,64,53,31,15,13,15,14,15,14,39,50
9,12,26,51,53,65,69,63,70,76,77,88,106,83,81,70,58,52,40,14,15,17,35,23,54,86
8,11,40,54,54,61,64,66,64,73,97,109,112,90,82,71,58,53,51,25,30,36,51,52,64,74
8,11,45,54,51,56,53,51,70,90,112,121,129,95,76,76,61,55,35,13,20,16,20,19,16,27
0,0,47,54,47,11,51,60,74,98,120,118,103,98,91,80,61,51,31,13,14,13,13,12,13,17
0,0,33,57,21,51,60,64,78,95,98,94,95,91,78,72,60,21,11,11,10,12,10,11,11,11
0,0,37,54,35,25,63,66,83,98,109,106,103,88,76,68,56,36,12,7,8,9,10,0,0,6
0,0,32,51,21,25,65,69,78,100,106,100,93,86,78,61,55,37,14,0,10,8,7,9,0,0
0,7,23,41,25,15,63,70,79,103,102,94,89,85,75,60,51,12,11,7,8,8,8,0,0,0
0,9,15,40,15,14,71,83,91,92,99,94,94,82,70,62,51,13,0,0,7,8,0,5,7,0
0,0,19,41,14,13,65,77,82,83,90,87,89,78,63,60,51,9,7,0,0,0,0,0,0,0
0,8,25,37,13,11,59,63,71,72,78,80,81,75,57,56,44,11,0,0,0,0,0,0,0,0
0,8,23,36,13,50,60,65,70,71,69,77,72,68,59,56,22,10,9,0,0,7,0,0,0,0
0,0,9,12,0,12,47,64,76,77,66,55,58,51,37,26,8,0,0,0,0,0,0,0,0,0
0,8,23,17,25,51,68,81,82,82,69,66,64,60,55,50,14,9,12,7,9,6,9,7,7,0
0,9,34,28,19,57,71,91,95,89,79,70,71,66,60,54,25,13,12,8,7,8,9,8,0,8
0,12,42,51,27,58,77,95,107,101,87,74,70,66,60,54,51,13,8,10,10,10,11,9,7,8
7,14,53,55,52,62,88,99,111,108,97,82,73,70,71,59,52,27,20,12,10,11,13,11,12,8
0,7,37,52,52,62,85,94,99,103,96,82,74,71,69,57,51,23,20,11,12,13,12,7,0,0
7,9,20,46,52,62,83,94,99,103,102,89,79,80,69,58,50,37,8,0,0,0,0,0,7,8
0,11,14,50,57,67,85,93,98,96,95,87,73,67,67,65,63,57,51,19,13,29,42,26,35,20
0,6,12,31,52,60,76,87,93,93,89,75,66,63,60,58,54,47,13,9,7,0,6,4,0,6
0,10,15,31,36,56,79,90,96,107,85,75,64,56,55,58,47,39,26,16,17,8,10,0,0,7
0,8,13,35,52,62,85,85,91,93,76,65,66,66,61,59,58,51,25,25,12,14,14,13,6,8
5,8,14,33,50,59,80,79,84,83,72,63,61,62,60,58,56,52,10,14,20,13,13,13,12,10
0,7,10,21,41,56,74,74,78,76,65,57,59,62,58,57,53,47,14,8,12,14,14,11,7,8
0,8,11,19,40,54,70,72,72,68,61,55,58,60,57,57,53,50,14,7,13,12,12,10,9,6
0,0,8,11,26,55,65,65,66,62,58,53,56,58,57,58,52,41,13,0,8,10,9,6,0,8
0,0,0,6,23,54,63,61,60,59,54,51,54,56,55,56,53,34,12,6,0,0,0,0,0,0
0,0,0,8,21,54,64,62,61,56,32,51,54,53,55,59,55,27,11,0,0,0,0,0,0,0
0,0,6,14,47,54,60,70,65,55,55,55,56,59,64,68,64,50,12,8,0,0,6,0,0,6
0,6,9,31,50,58,76,78,62,59,59,56,58,62,73,72,79,52,27,12,9,8,0,0,0,0
0,0,0,27,36,53,59,57,52,50,50,51,54,57,66,65,61,33,13,9,0,0,0,0,0,0
0,0,7,14,23,50,55,52,51,51,50,51,53,57,55,51,22,13,8,7,0,6,5,0,0,0
0,0,10,14,21,53,52,51,35,21,53,53,53,54,54,32,12,8,0,0,0,0,0,0,0,0
0,0,10,13,19,45,50,14,6,32,53,53,52,50,32,13,8,5,0,0,0,0,0,0,0,0
0,0,8,13,13,34,13,11,11,47,53,52,51,41,14,12,10,7,0,0,6,0,0,0,0,0
0,6,6,13,13,13,9,14,10,42,50,43,40,14,11,12,9,5,5,0,0,6,0,4,5,0
0,6,9,13,10,6,11,12,15,44,46,37,19,13,0,0,0,6,5,0,0,0,0,0,5,0
0,0,7,13,11,8,7,10,13,34,32,17,15,10,0,10,7,0,6,0,0,0,5,0,0,0
6,11,21,53,52,59,73,66,68,79,85,93,93,72,72,64,52,34,15,13,15,14,16,14,37,47
9,12,26,51,53,64,69,64,69,76,77,88,105,83,81,70,58,52,43,15,14,15,32,23,54,85
8,11,38,54,54,61,64,66,64,72,96,109,112,90,82,72,58,53,51,25,30,36,51,52,65,74
8,11,43,54,51,56,54,51,71,90,113,121,129,95,76,77,61,55,35,13,20,15,20,19,17,29
0,0,42,55,45,11,51,60,74,98,120,118,102,99,91,80,61,51,31,13,14,13,13,12,14,14
0,0,29,57,19,51,60,64,77,95,98,93,94,91,78,71,60,21,11,11,10,12,10,11,12,11
0,0,37,53,32,27,63,65,83,98,109,107,103,88,76,68,55,38,13,7,8,9,10,0,0,6
0,0,30,51,21,21,65,69,78,100,106,100,93,87,77,62,53,37,14,0,11,8,7,9,0,0
0,7,19,44,25,14,64,70,79,103,102,95,90,85,75,61,52,13,12,7,9,8,8,0,0,0
0,9,15,40,15,14,71,82,91,91,98,94,94,82,69,62,51,13,0,0,7,8,0,6,7,0
0,0,17,47,14,13,65,77,83,83,90,87,89,78,63,60,51,9,7,0,0,0,0,0,0,0
0,8,23,40,13,11,59,63,71,72,78,80,80,75,57,56,47,12,0,0,0,0,0,0,0,0
0,7,23,38,13,47,60,65,70,70,68,77,72,68,59,56,22,11,9,0,0,7,0,0,0,0
0,0,9,12,0,12,48,64,76,77,65,55,58,51,38,26,8,0,0,0,0,0,0,0,0,0
0,8,21,17,26,51,68,81,81,82,69,66,64,60,55,50,14,10,13,7,9,7,9,7,7,0
0,9,36,28,19,56,71,91,95,89,79,70,71,66,60,53,23,14,13,9,7,8,9,8,0,8
0,12,46,51,27,58,77,95,106,101,87,74,70,66,61,54,51,13,7,9,10,10,12,9,7,8
7,13,53,55,52,61,88,99,111,108,95,83,73,70,71,59,52,34,21,12,11,12,12,11,12,8
0,7,35,52,52,62,85,94,99,103,97,82,74,71,69,57,51,25,23,10,11,13,12,7,0,0
7,9,17,46,52,61,83,94,99,104,102,90,79,80,69,58,50,41,9,0,0,0,0,0,7,7
0,11,14,50,57,68,84,92,97,96,95,88,73,67,68,65,64,57,51,17,13,27,44,25,37,19
0,6,11,33,52,60,75,86,93,93,89,75,66,63,60,58,54,50,13,8,7,0,6,4,0,6
0,10,15,32,35,56,79,90,96,106,86,74,64,56,55,58,47,39,26,17,16,0,10,0,0,0
0,8,13,33,51,62,85,85,90,93,76,64,66,66,61,58,58,51,26,25,11,14,14,13,6,7
5,8,14,35,50,58,80,78,84,83,72,64,60,62,61,58,56,52,10,14,18,13,13,13,12,10
0,7,10,23,41,56,74,74,78,76,65,58,59,62,59,57,53,47,14,8,12,13,14,11,8,8
0,8,10,19,34,54,69,72,72,68,61,56,58,60,57,57,53,50,15,7,12,12,12,10,9,6
0,0,8,11,28,54,65,65,66,61,57,54,56,58,57,58,52,45,14,0,8,10,9,6,0,7
0,0,0,6,23,54,63,61,60,59,54,51,54,56,55,56,53,38,12,6,0,0,0,0,0,0
0,0,0,9,21,54,64,62,61,56,30,51,54,54,54,59,55,35,12,0,0,0,0,0,0,0
0,5,0,15,43,54,60,70,65,55,55,55,55,59,64,68,64,50,13,8,0,0,6,0,0,6
0,6,9,29,51,58,76,78,62,59,59,57,58,62,74,72,79,53,27,12,9,7,0,0,0,0
0,0,0,28,35,53,59,56,51,50,50,50,54,57,66,65,61,33,14,10,0,0,0,0,0,0
0,0,7,15,25,50,55,51,51,51,50,51,52,58,55,51,20,13,8,7,0,6,5,0,0,0
0,0,10,14,20,53,53,51,35,21,53,53,53,54,54,32,12,8,0,0,0,0,0,0,0,0
0,0,9,13,19,42,50,13,7,27,52,53,52,51,32,13,8,6,0,0,0,0,0,0,0,0
0,0,8,13,13,29,13,11,11,45,53,52,51,45,14,12,10,8,0,0,6,0,0,0,0,0
0,6,6,13,13,13,9,14,10,42,50,44,40,15,11,12,9,5,5,0,0,5,0,5,6,0
0,6,9,13,10,6,11,11,14,41,46,41,18,13,0,0,0,6,5,0,0,0,0,0,5,0
0,0,7,13,10,7,7,10,13,34,32,18,15,10,0,11,7,0,6,0,0,0,5,0,0,0
6,11,21,53,52,59,73,65,68,80,85,94,93,73,71,64,53,36,14,13,14,13,18,15,39,47
9,12,26,51,53,64,70,64,69,76,78,88,104,83,81,70,58,51,40,17,15,14,37,27,54,85
7,10,35,54,54,60,64,66,64,73,97,109,112,90,83,72,58,53,50,25,30,38,52,52,64,74
7,11,43,54,52,55,54,52,71,90,112,120,129,96,76,76,61,55,33,13,22,15,20,23,14,23
0,0,42,55,45,11,51,60,74,99,121,117,103,99,91,80,61,51,33,13,14,13,12,12,14,14
0,0,29,57,19,51,60,64,77,96,98,94,94,90,78,72,60,21,11,11,10,12,9,11,12,11
0,0,32,53,32,27,62,65,82,98,110,107,103,88,77,69,55,33,13,7,8,9,11,0,0,0
0,0,35,51,23,19,63,69,79,100,106,100,93,87,78,63,53,37,14,0,11,7,7,9,0,0
0,7,19,44,27,14,65,71,79,104,102,95,90,86,75,61,51,13,12,8,8,8,9,0,0,0
0,9,13,40,17,13,69,82,91,90,98,95,95,82,70,62,52,13,0,0,7,8,0,6,7,0
0,0,17,44,14,13,65,76,84,84,90,87,90,77,63,60,50,9,7,0,0,0,0,0,0,0
0,8,23,42,13,11,59,63,70,72,78,80,80,75,58,57,47,12,6,0,0,0,0,0,0,0
0,7,25,38,13,47,60,65,70,70,68,77,71,68,59,57,25,11,9,0,0,7,0,0,6,0
0,0,9,12,0,12,48,64,76,77,66,56,58,51,38,26,8,0,0,0,0,0,0,0,0,0
0,8,18,17,26,51,68,81,81,82,69,66,64,59,56,50,14,10,13,7,8,7,9,7,7,0
0,9,34,28,17,56,71,91,96,89,80,70,71,66,61,54,27,13,12,8,7,8,9,8,0,8
0,13,44,51,25,58,78,95,106,101,87,75,70,66,60,55,51,13,7,9,10,11,12,9,8,8
7,14,53,54,52,61,88,99,111,108,95,83,73,71,71,59,52,31,21,13,11,12,12,12,12,8
0,8,31,52,52,61,84,94,99,103,97,82,74,71,69,57,51,23,20,11,11,12,12,7,0,0
7,9,16,46,52,61,82,94,99,104,102,89,80,80,69,58,50,41,9,0,0,0,0,0,7,7
0,11,14,50,57,68,84,92,97,96,95,88,72,67,68,65,64,57,51,15,12,27,42,25,37,17
0,6,11,35,52,60,75,87,93,94,89,76,66,63,60,58,54,50,14,8,7,0,6,5,0,6
0,10,15,31,37,56,79,90,96,106,86,74,64,56,56,59,47,38,26,15,16,0,10,0,0,7
0,8,13,33,50,62,84,85,91,93,77,65,65,67,61,59,59,51,26,25,11,14,14,13,6,7
0,8,13,33,50,58,79,78,84,84,72,64,60,62,61,58,56,52,10,14,16,13,14,13,12,10
0,7,9,23,41,56,73,74,78,76,65,58,59,62,59,57,53,45,14,7,11,13,15,12,8,8
0,8,11,15,38,54,69,71,71,68,61,56,57,60,58,58,53,50,17,6,12,12,12,10,9,6
0,0,8,11,30,54,65,64,66,62,57,55,56,58,58,58,52,43,14,0,8,10,9,7,0,7
0,0,0,7,27,54,62,61,60,59,53,51,54,56,55,56,53,38,12,6,0,0,0,0,0,0
0,0,0,9,23,54,64,62,61,55,30,51,54,54,55,59,55,35,11,0,0,0,0,0,0,0
0,5,0,14,43,54,60,71,66,55,55,55,55,59,64,68,64,50,13,8,0,0,6,0,0,6
0,6,9,28,51,58,76,78,63,60,59,57,58,62,75,72,79,53,27,11,8,7,0,0,0,0
0,0,0,28,35,53,60,57,51,50,50,51,53,57,67,66,61,33,14,9,0,0,0,0,0,0
0,0,7,15,27,50,55,52,51,51,50,51,53,57,56,52,17,13,8,7,0,6,0,0,0,0
0,0,10,14,20,53,53,51,35,23,53,53,53,54,54,35,12,8,0,0,0,0,0,0,0,0
0,0,9,13,21,45,50,13,7,32,53,53,52,51,32,13,8,6,0,0,0,0,0,0,0,0
0,0,8,13,13,29,13,12,11,45,53,52,51,47,13,12,10,7,0,0,6,0,0,0,0,0
0,6,5,13,13,13,9,14,10,40,50,46,42,14,11,12,9,5,5,0,0,5,0,5,5,0
0,6,9,13,11,6,11,12,14,44,46,41,19,13,0,0,0,7,5,0,0,0,0,4,5,0
0,0,7,13,11,7,7,10,13,34,34,18,15,10,0,11,7,0,6,0,0,0,5,0,0,0
6,11,21,53,52,59,73,65,67,80,85,93,93,73,71,64,53,34,14,13,14,14,14,14,37,43
9,12,26,51,53,64,69,64,70,76,77,87,105,83,81,70,58,51,43,21,18,15,32,25,54,83
7,10,35,54,55,61,64,66,64,73,96,109,112,90,83,71,57,53,51,29,32,36,51,52,64,73
7,11,43,54,52,54,53,52,71,90,112,120,129,95,76,77,61,55,35,14,20,15,22,19,14,22
0,0,45,55,45,11,50,61,74,99,120,117,103,99,90,81,61,51,33,14,14,13,12,11,14,13
0,0,33,56,19,51,60,64,78,96,98,93,94,90,78,72,60,23,11,12,10,12,9,11,12,11
0,0,32,53,35,27,61,65,82,98,109,108,103,88,76,69,55,33,14,7,8,8,10,0,0,0
0,0,27,51,23,21,64,69,79,100,105,100,94,88,77,62,53,34,14,7,11,7,7,9,0,0
0,7,21,41,30,14,66,70,80,104,102,94,91,85,75,60,51,17,12,8,8,8,9,0,0,0
0,9,14,40,17,13,70,82,92,90,98,95,96,83,69,61,52,13,0,0,6,7,0,6,7,0
0,0,15,44,13,13,66,76,85,83,90,87,90,78,63,60,50,9,7,0,0,0,0,0,0,0
0,9,25,45,13,11,59,63,71,73,78,80,80,74,58,57,47,12,0,0,0,0,0,0,0,0
0,7,25,40,14,47,60,65,70,70,68,77,71,68,59,56,25,11,9,0,0,7,0,0,0,0
0,0,9,12,0,12,48,64,77,77,65,55,58,52,40,23,8,0,0,0,0,0,0,0,0,0
0,8,21,21,30,51,68,81,82,82,69,66,65,59,55,50,13,10,13,8,8,7,9,7,7,0
0,9,34,26,19,56,71,91,96,88,80,70,71,66,61,54,27,12,13,9,0,8,10,8,0,9
0,13,44,51,27,58,78,95,107,100,86,74,70,67,61,55,51,12,6,10,10,11,12,9,7,8
7,14,53,54,52,61,89,98,110,108,95,83,73,71,72,59,52,31,23,13,11,12,12,12,12,7
0,7,31,52,52,61,84,94,99,104,96,81,74,71,69,57,50,25,20,11,11,12,12,7,0,0
7,9,19,44,52,61,83,95,99,103,100,89,80,81,69,58,50,39,9,0,0,0,0,0,6,7
0,10,14,48,57,68,84,92,98,96,95,88,73,67,67,65,64,57,51,17,13,25,40,25,33,15
0,6,11,33,51,59,75,86,94,94,88,75,67,63,60,58,54,43,13,9,7,0,6,5,0,6
0,10,16,31,37,56,79,90,97,106,85,73,64,56,56,57,47,39,26,17,16,0,9,0,0,0
0,8,13,33,51,62,84,85,91,93,76,64,66,67,61,59,58,52,26,25,10,14,14,12,6,7
0,8,13,33,50,58,79,78,84,83,72,64,61,63,61,58,56,53,11,14,15,13,13,13,12,10
0,7,10,21,39,56,73,74,78,76,65,58,59,62,58,57,53,45,14,8,12,13,14,12,7,7
0,8,10,14,36,54,69,71,72,68,61,56,58,60,58,58,53,51,14,6,12,12,12,10,9,6
0,0,8,11,32,54,64,64,67,63,56,54,57,58,57,57,52,45,14,0,8,10,9,7,0,6
0,0,0,7,27,54,61,61,61,59,53,51,55,57,55,56,53,36,13,7,0,0,0,0,0,0
0,0,0,9,25,54,64,62,61,55,27,51,55,54,55,59,55,37,11,0,0,0,0,0,0,0
0,5,0,14,40,54,60,71,66,55,55,55,56,60,64,69,64,50,13,9,0,0,6,0,0,6
0,6,9,28,51,58,75,79,63,60,58,57,59,63,75,72,78,53,27,12,8,0,0,0,0,0
0,0,0,27,35,53,59,57,52,50,50,50,53,57,67,65,61,31,14,10,0,0,0,0,0,0
0,0,6,15,30,50,55,52,51,52,50,50,53,57,56,52,17,13,8,8,0,0,5,0,0,0
0,0,10,13,20,53,52,50,37,23,52,53,53,54,54,30,12,7,0,0,0,0,0,0,0,0
0,0,10,13,19,47,50,14,7,32,53,53,53,51,25,12,8,6,0,0,0,0,0,0,0,0
0,0,8,13,13,29,13,11,11,43,53,52,52,47,13,12,9,7,0,0,6,0,0,0,0,0
0,6,6,13,13,13,8,15,10,40,48,44,44,15,11,12,10,5,5,0,0,5,0,5,5,0
0,6,9,12,11,6,11,11,15,44,43,39,19,14,0,0,0,7,5,0,0,0,0,4,5,0
0,0,7,13,11,7,7,10,13,34,31,18,16,10,0,10,7,0,7,0,0,0,5,0,0,0
6,12,22,53,51,59,73,65,67,80,84,93,93,73,72,64,53,36,14,13,14,13,14,14,39,43
9,12,23,51,53,63,70,64,70,76,76,87,105,83,81,69,58,50,43,23,18,17,27,27,54,83
7,10,36,54,55,60,64,66,64,73,95,109,112,90,83,71,57,53,50,29,32,34,51,53,64,73
7,11,43,54,52,54,53,52,72,90,110,119,129,95,77,77,61,55,33,14,20,14,19,17,14,22
0,6,42,55,43,10,51,61,74,99,120,117,103,99,91,80,61,51,33,14,14,13,12,11,14,13
0,0,33,56,19,51,59,64,77,95,98,93,94,90,78,71,60,23,11,12,10,12,9,12,12,11
0,0,35,53,37,27,61,65,83,98,109,108,103,88,75,69,56,36,13,8,8,8,10,0,0,0
0,0,27,51,23,17,63,70,79,100,105,99,94,89,78,62,52,37,15,7,12,7,7,9,0,0
0,7,25,47,30,14,65,71,79,104,101,95,91,85,76,60,52,17,12,8,8,8,9,0,0,0
0,9,14,40,17,13,70,82,92,90,97,95,97,83,70,61,52,13,0,0,6,7,0,6,7,0
0,0,14,47,13,13,66,77,84,83,90,88,90,77,64,59,51,9,7,0,0,0,0,7,0,0
0,9,21,42,14,11,59,63,71,73,77,81,80,75,58,57,50,12,6,0,0,0,0,0,0,0
0,7,25,40,14,47,60,65,70,70,68,76,72,68,60,56,27,11,9,0,0,7,0,0,0,0
0,0,8,11,0,12,48,65,76,76,64,55,58,52,42,25,8,0,0,0,0,0,0,0,0,0
0,7,21,25,26,51,68,81,82,81,68,66,65,59,56,50,14,9,14,8,8,7,8,7,8,0
0,10,34,28,19,56,71,91,96,88,79,70,72,66,61,53,27,13,12,8,0,9,10,8,0,9
0,13,44,51,25,57,78,95,107,100,86,74,71,66,61,55,51,12,6,10,10,11,11,9,8,8
7,14,52,55,52,62,88,98,110,108,94,83,73,71,72,59,52,31,23,13,11,12,12,12,12,7
0,8,29,52,52,61,84,94,99,103,95,82,74,71,69,57,50,30,20,11,11,12,11,8,0,0
7,9,19,44,52,62,83,95,99,102,100,89,80,81,69,58,50,39,9,0,0,0,0,0,7,7
0,10,14,50,57,68,84,92,98,96,94,88,73,68,68,65,64,57,50,17,13,25,38,25,33,14
0,6,11,33,51,60,75,86,94,94,88,75,67,63,60,58,54,45,13,8,7,0,6,4,0,6
0,10,15,31,37,56,79,90,97,106,85,74,64,57,56,57,46,38,26,18,15,0,9,0,0,0
0,9,14,35,50,62,84,84,91,93,76,64,66,67,61,59,58,51,25,25,10,14,14,12,7,7
0,8,13,35,50,58,79,78,84,83,71,64,61,63,61,57,55,53,11,14,14,13,13,13,12,10
0,7,9,21,39,56,73,74,77,75,64,58,60,61,58,57,53,47,15,7,12,13,14,13,7,7
0,8,10,14,38,54,69,71,73,68,61,56,57,60,58,58,53,51,15,6,12,12,12,10,9,6
0,0,8,11,32,54,64,64,66,62,56,54,56,58,57,57,52,47,14,0,8,10,8,7,0,6
0,0,0,7,25,53,62,61,61,58,52,51,54,57,55,56,53,34,13,7,0,0,0,0,0,0
0,0,0,9,25,54,64,62,61,55,23,51,54,55,55,59,56,37,11,0,0,0,0,0,0,0
0,6,0,14,43,54,60,71,66,55,54,55,56,59,64,69,64,50,13,9,0,0,6,0,0,6
0,6,9,28,51,58,75,79,63,59,58,57,58,63,75,72,79,53,27,12,8,7,0,0,0,0
0,0,0,27,35,52,60,57,51,49,48,50,54,58,67,66,61,31,14,10,0,0,0,0,0,0
0,0,6,16,27,50,55,51,51,52,46,50,53,57,56,51,17,13,8,8,0,0,0,0,0,0
0,0,10,13,20,53,52,50,37,25,51,53,54,54,55,30,12,7,6,0,0,0,0,0,0,0
0,0,10,13,17,42,50,14,7,25,52,53,52,51,32,12,9,6,0,0,0,0,0,0,0,0
0,0,8,13,13,29,13,12,11,45,52,52,51,50,13,12,10,8,0,0,5,0,0,0,0,0
0,6,6,13,13,13,9,17,10,40,46,47,43,16,11,12,10,5,5,0,0,5,0,5,5,0
0,6,9,13,11,6,11,11,15,42,40,41,20,14,0,0,0,7,5,0,0,0,0,4,5,0
0,0,8,13,11,7,7,10,13,34,28,21,17,11,0,10,7,0,7,0,0,0,5,0,0,0
