48,82,209,125,81,79,66,61,65,65,62,69,87,78,84,87,96,120,148,95,56,52,50,40,19,13
61,109,83,78,70,69,64,58,61,57,55,63,70,73,103,96,87,124,394,221,62,54,52,50,29,10
53,64,65,63,57,56,57,51,13,7,13,60,64,66,72,66,62,98,287,134,53,36,23,14,13,13
15,54,55,51,30,12,10,0,7,13,17,53,56,54,55,53,51,65,75,64,14,9,9,7,6,0
12,17,52,51,13,0,5,8,29,40,36,45,51,59,60,51,33,40,61,58,25,9,9,6,0,0
6,11,14,14,9,0,13,20,27,13,0,6,12,50,27,13,12,14,45,51,18,8,0,0,0,0
0,9,14,40,30,12,13,13,36,28,51,54,52,56,28,27,8,15,50,10,12,10,6,0,0,0
0,0,13,36,14,12,14,17,31,51,46,54,59,60,55,13,12,14,51,9,17,0,0,0,0,0
0,0,11,21,14,11,17,14,33,52,50,56,58,59,54,13,12,13,51,10,7,0,0,0,0,0
0,0,14,50,21,15,31,20,50,52,53,62,62,66,55,17,5,14,50,10,8,0,0,0,7,0
0,0,15,36,14,14,25,15,38,51,54,55,57,58,43,11,0,11,38,0,0,0,0,0,0,0
8,0,13,27,14,13,28,27,53,53,54,57,60,56,45,7,10,10,30,0,6,6,0,0,0,0
9,0,18,50,37,33,51,52,57,60,62,61,61,55,27,0,12,12,14,0,8,7,0,0,0,0
0,0,7,9,9,9,13,15,50,54,54,51,50,23,0,0,0,0,0,0,0,0,0,0,0,0
9,7,18,32,31,34,43,39,50,59,53,57,58,51,36,23,9,11,30,8,0,6,0,0,0,0
10,13,21,50,51,56,58,54,58,64,59,60,62,61,57,27,13,12,47,10,7,0,0,6,0,0
10,15,50,53,54,56,61,60,68,70,63,63,64,64,59,53,31,14,50,12,10,8,9,6,5,0
12,32,53,58,61,60,67,73,79,83,79,73,70,66,62,57,28,14,52,14,12,11,10,9,8,7
10,33,56,63,68,70,74,75,84,93,90,82,72,72,74,60,51,52,56,44,14,12,11,9,8,9
10,23,57,66,74,72,75,71,82,96,88,79,76,76,75,61,52,54,57,41,16,13,9,7,8,9
10,38,59,73,75,75,74,66,77,80,77,73,74,78,76,62,54,51,52,13,9,0,7,0,8,8
7,35,58,69,74,73,72,64,70,76,67,71,77,83,77,62,52,50,54,14,10,9,0,8,8,0
12,34,53,65,67,70,68,61,58,59,59,68,73,78,72,60,44,43,47,40,23,20,10,14,12,9
11,50,61,70,74,79,70,59,58,57,60,67,74,80,76,61,56,52,53,45,16,12,13,13,12,10
12,53,63,71,70,72,65,55,52,55,58,66,71,76,70,62,54,53,53,43,14,11,8,11,10,7
10,52,62,67,69,67,61,51,51,52,56,66,69,75,71,59,51,50,52,34,14,9,8,10,0,0
10,53,65,69,67,63,55,38,23,46,53,64,68,72,70,59,51,45,53,31,10,9,8,6,0,7
11,53,61,67,65,61,54,26,23,31,51,62,67,71,67,58,47,41,51,15,13,10,6,6,0,0
10,50,58,64,60,57,51,12,14,25,47,60,64,67,66,57,42,31,51,17,7,0,0,0,0,0
11,50,56,65,58,57,40,11,12,19,45,58,62,66,66,56,29,19,42,12,0,7,0,0,0,0
9,52,63,69,64,54,41,6,14,31,43,56,62,70,71,58,41,27,45,13,9,7,9,7,0,6
13,55,99,104,63,52,50,13,23,39,52,57,67,82,88,65,38,31,39,22,0,7,9,8,0,0
14,58,94,116,60,52,52,32,33,37,50,58,68,95,148,74,43,36,50,34,16,10,9,11,6,0
14,54,65,68,53,45,23,14,12,30,43,56,63,87,128,64,37,32,51,47,11,0,0,0,0,0
8,50,52,52,23,13,11,0,7,9,12,44,54,60,67,47,13,12,13,7,0,0,0,0,0,0
8,30,43,35,14,10,5,0,0,8,10,25,50,52,52,25,10,11,13,6,0,0,0,0,0,0
10,38,42,27,13,6,9,7,0,9,11,15,43,41,50,14,8,7,12,8,0,0,0,0,0,0
0,35,25,13,9,0,10,0,0,9,0,14,32,28,21,10,6,6,10,6,0,0,0,0,0,0
0,22,13,5,0,9,0,0,0,5,0,10,14,26,12,0,0,0,8,7,0,0,0,0,0,0
0,20,12,5,0,0,0,0,0,6,0,13,16,21,13,8,7,0,10,0,0,0,5,0,0,0
47,82,207,123,80,79,66,61,65,65,62,69,87,78,85,87,97,119,149,97,56,52,50,42,17,14
61,108,83,78,70,68,64,57,61,57,55,64,70,72,103,96,87,123,391,227,61,54,52,51,25,10
53,63,65,62,57,55,57,51,13,8,13,61,63,65,71,65,61,97,278,137,53,40,23,14,13,13
16,54,54,51,30,12,9,0,6,13,17,53,56,54,55,52,51,64,75,64,14,10,9,7,6,0
12,18,51,51,13,0,0,8,27,38,34,50,50,58,60,50,27,35,61,57,23,10,8,6,0,0
6,11,16,14,8,0,13,20,22,12,0,0,11,47,25,12,12,13,45,52,14,8,0,0,0,0
0,9,14,42,30,12,13,12,33,28,50,54,51,56,31,27,8,15,50,10,11,10,6,0,0,0
0,0,12,36,14,12,13,15,31,51,43,55,58,59,55,13,12,14,51,9,17,0,0,0,0,0
0,0,11,25,14,11,15,14,36,52,51,56,58,58,54,13,12,13,50,10,7,0,0,0,0,0
0,0,14,50,23,14,28,22,50,52,52,62,61,65,55,20,6,14,47,9,7,6,0,0,7,0
0,0,15,41,14,14,21,15,38,51,54,56,56,57,46,11,0,10,38,0,0,0,0,0,0,0
8,0,13,30,14,14,31,32,53,53,54,59,60,56,48,8,10,10,33,0,5,6,0,0,0,0
9,0,20,50,42,36,51,52,58,61,62,62,60,55,33,0,11,12,15,0,7,7,0,0,0,0
0,0,7,9,9,9,13,15,50,54,54,51,50,19,0,0,0,0,0,0,0,0,0,0,0,0
10,8,16,32,31,34,41,39,51,59,54,57,58,51,38,23,8,12,29,8,0,7,0,0,0,0
10,12,20,50,51,56,58,55,58,64,59,60,62,61,57,27,12,12,47,10,7,0,0,5,0,0
10,15,46,54,53,55,60,60,68,70,63,63,64,63,59,53,29,14,45,12,10,9,9,6,6,0
12,30,53,58,61,60,66,73,80,82,80,73,70,66,62,56,28,14,51,14,12,11,10,9,8,7
10,31,56,63,68,70,74,75,85,92,90,82,72,71,74,60,51,53,56,44,13,12,11,10,7,9
10,23,56,66,74,72,75,71,82,96,88,79,75,75,75,61,52,54,57,42,14,13,10,7,7,9
10,38,58,73,75,74,73,66,77,80,77,73,74,78,76,62,53,51,52,13,9,0,7,0,8,8
7,32,58,69,74,72,71,64,70,76,67,72,76,82,77,62,51,50,54,13,10,9,0,8,8,0
13,33,52,65,67,70,67,61,58,58,59,69,73,78,72,60,44,43,47,40,23,20,10,14,12,9
12,50,60,70,75,78,70,59,58,57,60,67,74,80,76,61,56,52,53,43,15,12,13,12,12,9
12,53,63,71,70,71,65,55,53,55,58,66,70,75,70,62,53,52,54,43,14,11,9,10,11,7
10,51,62,67,69,67,61,51,51,52,56,66,68,75,71,59,52,50,52,27,13,9,8,10,0,0
10,53,65,68,67,63,55,42,23,46,53,64,68,72,70,59,51,47,53,31,10,9,9,6,0,7
12,53,61,67,65,60,54,25,21,29,51,61,66,71,67,58,47,41,51,15,12,9,7,5,0,0
10,50,58,64,60,57,51,12,14,27,50,60,64,67,66,56,45,29,51,17,7,0,0,0,0,0
11,50,56,65,58,56,35,11,12,17,45,58,62,65,65,56,27,17,42,12,0,7,0,0,0,0
10,52,63,68,63,54,41,6,14,31,43,56,62,70,71,58,36,25,40,13,8,7,8,7,0,6
13,55,99,105,63,52,50,13,21,35,51,57,67,82,88,65,37,31,40,21,0,7,9,8,0,0
15,58,94,116,61,52,51,34,34,36,50,58,67,95,148,74,42,35,50,34,15,10,9,11,6,0
14,54,64,68,53,45,25,14,12,32,43,56,62,86,128,63,32,32,52,47,11,0,0,0,0,0
9,46,52,52,23,13,11,0,7,10,13,50,54,60,66,47,13,12,13,7,0,0,0,0,0,0
8,30,43,35,14,9,5,0,0,8,10,30,50,52,52,25,9,11,13,7,0,0,0,0,0,0
10,35,38,27,13,6,9,7,0,9,11,19,36,41,50,14,8,7,12,9,0,0,0,0,0,0
6,34,25,13,9,4,10,0,0,9,0,14,30,26,23,10,7,6,10,7,0,0,0,0,0,0
0,21,13,5,0,9,0,0,0,5,0,11,14,25,12,0,0,0,8,7,0,0,0,0,0,0
0,20,12,5,0,0,0,0,0,6,0,13,15,20,13,8,7,0,10,0,0,0,5,0,0,0
48,83,205,123,81,79,66,61,65,65,62,69,87,78,85,88,96,119,149,98,56,52,50,45,17,13
61,109,83,78,70,68,64,57,60,57,55,64,70,72,101,96,87,123,389,236,62,53,52,50,25,10
53,64,64,62,57,55,57,51,13,7,13,60,63,65,71,65,62,97,269,139,53,43,21,14,13,12
17,54,54,51,30,12,9,0,6,13,14,53,56,54,55,52,51,64,74,65,14,10,9,7,6,0
12,18,51,51,13,0,0,7,25,36,29,45,50,58,59,50,25,37,60,57,23,10,8,7,0,0
6,11,14,14,8,0,13,14,20,11,0,0,10,47,21,12,12,13,45,51,14,8,0,0,0,0
0,10,13,42,25,12,13,12,33,25,44,54,50,56,28,27,9,15,50,10,11,10,6,0,0,0
0,0,12,36,13,12,13,14,25,50,37,55,58,58,55,13,12,15,50,9,14,0,0,0,0,0
0,0,11,27,14,11,15,14,38,53,51,56,58,58,54,13,12,12,50,10,8,0,0,0,0,0
0,0,14,51,23,15,31,22,50,53,52,62,61,64,55,17,6,13,47,10,7,0,0,0,7,0
0,0,14,47,14,13,23,15,36,51,54,56,57,57,40,11,6,10,36,0,0,0,0,0,0,0
9,0,14,35,14,14,31,32,53,53,53,59,60,56,45,7,10,11,30,0,5,6,0,0,0,0
9,0,21,50,42,36,51,52,57,61,62,62,60,55,36,0,11,12,14,0,7,7,0,0,0,0
0,0,6,9,9,9,14,15,50,54,55,51,48,21,0,0,0,0,0,0,0,0,0,0,0,0
10,9,15,37,30,32,40,38,50,59,54,57,58,51,39,21,9,11,27,8,0,7,0,0,0,0
10,13,18,50,51,56,58,55,58,64,59,60,61,61,57,27,13,12,47,10,7,0,0,6,0,0
10,16,46,54,53,55,60,59,67,70,63,63,63,64,59,53,29,14,45,13,10,9,9,6,6,0
12,30,53,58,61,60,67,73,80,83,80,73,70,66,62,56,30,14,51,14,12,10,10,9,8,7
10,31,56,63,68,70,74,75,84,93,89,82,72,71,73,60,51,52,56,42,13,12,11,10,7,9
10,27,56,66,74,72,75,71,81,96,89,79,75,75,75,61,53,53,57,41,15,13,10,7,8,9
10,39,58,73,74,75,73,66,77,80,78,72,74,78,76,62,54,51,52,13,9,0,7,0,7,8
8,34,58,69,74,72,72,64,70,76,68,72,76,82,77,62,52,50,54,14,10,9,0,8,8,0
13,34,53,66,67,70,67,61,57,58,60,69,73,78,72,60,45,43,47,40,23,21,11,15,11,9
12,50,61,70,75,78,70,59,57,57,60,67,74,80,76,61,56,52,53,46,15,12,13,13,12,9
12,53,63,71,70,71,65,55,52,55,58,66,71,75,70,62,53,52,53,43,14,11,8,11,10,7
10,52,62,68,69,67,61,51,51,51,56,66,68,75,71,59,52,50,52,29,13,9,8,11,0,0
10,53,64,69,67,63,56,44,21,46,53,64,68,71,70,60,51,47,53,33,10,9,9,6,0,6
12,53,61,68,65,60,54,25,21,33,51,61,66,72,67,58,50,43,51,17,12,9,7,5,0,0
10,50,58,64,61,57,51,12,15,27,50,60,63,67,67,56,47,29,51,22,7,0,0,0,0,0
11,50,56,65,58,56,35,11,12,19,45,58,62,65,65,56,29,19,40,13,0,7,0,0,0,0
9,53,63,69,63,54,44,6,14,27,43,56,61,70,71,58,38,25,40,13,8,7,8,7,0,0
13,54,99,105,63,52,48,12,20,35,51,57,67,83,88,64,38,31,39,21,0,0,9,8,0,0
14,59,94,117,61,52,52,34,33,36,50,58,67,94,147,73,42,33,50,35,15,10,9,11,7,0
14,54,64,67,53,45,27,14,12,30,43,56,62,86,128,63,32,30,52,50,11,0,0,0,0,0
9,46,52,52,23,13,11,0,6,10,13,50,53,60,66,50,13,12,12,8,0,0,0,0,0,0
8,32,43,37,15,9,6,0,0,8,10,30,50,52,52,22,10,11,13,7,0,0,0,0,0,0
10,36,38,29,13,6,9,7,0,9,11,19,38,39,50,14,8,7,12,9,0,0,0,0,0,0
5,35,25,13,9,4,9,0,0,9,0,14,28,30,21,10,7,6,10,6,0,0,0,0,0,0
0,21,13,6,0,9,0,0,0,5,0,10,14,25,12,0,0,0,8,7,0,0,0,0,0,0
0,22,12,5,0,0,5,0,0,6,0,13,16,21,13,8,7,0,10,0,0,0,5,0,0,0
47,83,204,123,81,79,66,61,65,65,61,69,86,78,86,88,95,118,150,99,56,52,51,47,17,13
61,108,82,78,70,68,64,56,61,57,55,64,69,72,100,96,87,121,390,243,62,53,51,50,27,10
53,64,64,63,57,55,56,50,13,7,13,60,63,65,71,65,62,96,266,141,53,43,20,14,12,12
17,54,54,52,32,12,9,0,6,13,14,52,55,53,54,51,50,64,74,65,14,10,9,8,6,0
12,18,50,51,13,0,0,7,23,31,23,42,50,58,59,50,27,37,60,57,21,10,7,7,0,0
5,11,14,14,8,0,13,14,17,11,0,0,10,45,19,12,12,13,47,51,14,8,0,0,0,0
0,10,13,42,30,12,13,11,33,21,41,53,50,56,25,27,8,14,50,11,11,10,6,0,0,0
0,0,13,38,13,12,13,14,25,43,34,54,58,57,54,13,12,14,51,9,14,0,0,0,0,0
0,0,11,41,15,11,20,14,41,53,50,56,58,57,53,13,12,13,50,10,8,0,0,0,0,0
0,0,14,52,25,15,34,20,50,52,52,62,61,63,54,15,6,13,47,10,7,0,0,0,7,0
0,0,14,47,15,13,21,15,44,51,54,56,57,56,40,11,6,10,36,0,0,0,0,0,0,0
9,0,14,40,14,14,34,30,53,52,53,59,59,56,45,7,10,10,33,0,5,6,0,0,0,0
9,0,20,50,47,36,51,52,57,61,62,62,60,54,36,0,11,12,15,0,7,7,0,0,0,0
0,0,6,10,10,9,14,14,50,53,54,51,50,21,0,0,0,0,0,0,0,0,0,0,0,0
10,8,16,39,33,31,40,38,50,59,54,57,58,51,41,25,8,12,27,8,0,6,0,0,0,0
9,13,20,50,51,56,58,54,58,64,58,61,61,61,57,27,13,12,45,10,7,0,0,6,0,0
10,15,48,54,54,55,61,59,67,69,62,63,63,64,59,53,27,13,45,12,9,9,9,6,6,0
12,30,54,59,61,60,67,73,80,82,80,73,70,66,63,56,30,14,51,14,12,10,10,9,8,7
10,36,55,64,68,70,74,75,84,93,89,82,72,71,73,60,51,52,56,44,13,12,10,10,7,9
10,29,57,66,74,72,75,71,82,96,89,80,75,76,75,61,53,53,57,42,14,13,9,7,8,9
9,41,58,73,74,75,73,66,77,80,78,73,74,78,76,62,54,52,52,13,8,0,6,0,8,7
8,35,58,70,75,72,72,63,70,76,68,72,76,82,77,63,52,50,54,14,10,9,0,8,8,0
13,35,53,67,68,69,67,60,58,57,60,69,73,78,72,60,46,43,47,39,23,21,10,15,12,8
11,51,61,70,75,78,70,58,57,56,60,67,75,80,77,61,56,52,53,48,14,12,12,13,12,9
12,53,62,72,71,71,65,54,53,54,57,66,71,75,70,62,53,52,53,43,14,11,8,11,10,7
10,51,62,69,70,67,61,50,51,51,56,67,69,74,70,60,52,51,52,31,13,9,8,11,0,0
10,53,64,69,67,63,56,44,23,44,53,64,68,71,70,60,51,47,53,35,10,9,8,6,0,6
12,54,61,68,65,60,54,20,21,33,51,62,67,72,66,58,50,41,51,17,12,9,6,6,0,0
10,51,58,64,61,57,51,12,16,27,50,60,63,67,66,56,47,29,51,22,7,0,0,0,0,0
11,50,55,66,58,55,32,11,12,17,45,58,61,65,65,56,29,17,42,12,0,7,0,0,0,0
9,53,63,69,64,54,44,6,14,25,40,56,62,70,71,58,38,23,40,12,8,7,8,7,0,6
13,54,99,106,64,52,48,12,21,33,50,56,67,83,88,64,37,26,39,19,0,0,8,8,0,0
13,59,94,116,61,52,52,32,33,35,50,58,67,95,147,73,43,31,50,35,15,10,8,11,7,0
14,54,64,68,53,45,23,14,12,27,40,56,62,86,127,63,32,30,52,50,11,0,0,0,0,0
9,42,52,52,27,12,11,0,6,9,12,50,53,60,66,50,13,12,12,8,0,0,0,0,0,0
8,28,45,42,14,9,6,0,0,8,10,30,50,52,52,22,10,11,14,7,0,0,0,0,0,0
10,35,40,31,13,5,9,7,0,8,10,21,38,37,47,14,8,8,12,10,0,0,0,0,0,0
5,36,27,13,10,5,10,0,0,8,0,14,27,28,21,10,7,6,10,7,0,0,0,0,0,0
0,21,13,6,0,8,0,0,0,5,0,10,14,23,12,0,0,0,8,7,0,0,0,0,0,0
0,21,12,5,0,0,0,0,0,6,0,13,16,20,13,7,7,0,10,0,0,0,4,0,0,0
47,83,205,123,81,79,66,61,65,65,61,69,87,78,87,87,93,117,151,100,56,52,50,47,17,13
61,107,82,78,70,68,64,56,62,57,55,64,69,72,100,96,86,119,389,246,62,53,51,50,29,10
53,64,64,63,57,55,56,50,13,8,12,60,63,65,71,64,61,95,265,142,53,43,16,15,12,12
16,54,53,52,31,12,9,0,6,12,13,52,55,53,54,51,50,63,73,66,13,10,9,7,6,0
12,19,50,50,13,0,0,7,21,27,21,37,50,58,59,50,25,40,59,57,21,10,7,7,0,0
5,11,14,14,8,0,12,13,17,10,0,0,10,40,17,11,12,13,42,51,14,8,0,0,0,0
0,10,13,47,27,13,13,11,33,17,38,52,50,56,25,27,9,17,50,11,11,9,6,0,0,0
0,0,12,36,13,12,13,14,28,37,37,54,58,57,55,13,12,14,50,9,13,0,0,0,0,0
0,0,11,36,14,11,20,14,41,53,51,56,58,57,53,13,11,13,50,10,8,0,0,0,0,0
0,6,14,50,31,17,31,20,51,53,52,62,63,63,54,17,6,13,47,10,7,0,0,0,7,0
0,0,14,50,15,14,25,17,47,51,54,56,58,56,40,12,6,10,33,0,0,0,0,0,0,0
9,0,14,42,15,15,37,35,53,53,53,59,60,57,46,7,11,11,27,0,5,6,0,0,0,0
9,0,16,50,47,38,52,53,58,61,62,63,60,55,41,8,10,12,15,0,7,7,0,0,0,0
0,0,6,10,11,9,13,14,51,54,55,51,50,25,0,0,0,0,0,0,0,0,0,0,0,0
10,8,14,35,31,34,41,38,50,59,55,57,58,51,39,26,8,12,29,8,0,6,0,0,0,0
9,13,20,50,52,56,57,54,58,64,59,61,62,62,57,32,14,12,45,10,7,7,0,6,0,0
10,15,48,54,54,55,61,59,68,69,61,63,63,64,59,53,29,13,40,12,9,8,9,6,6,0
12,28,53,59,61,60,67,72,80,82,80,73,70,66,62,56,28,14,51,14,11,10,10,9,8,7
10,36,55,64,68,70,74,75,84,93,89,82,72,71,73,60,51,52,56,42,13,12,10,10,7,9
10,29,57,66,74,72,75,72,82,96,89,80,75,76,75,61,53,53,57,44,14,13,9,7,8,8
10,42,58,72,74,75,73,66,78,80,77,72,74,78,76,62,54,52,52,13,8,0,6,0,8,0
8,35,58,69,75,72,72,64,70,75,67,72,77,82,77,62,52,50,54,14,10,9,0,8,7,0
13,34,53,65,68,69,67,60,58,57,59,69,73,78,71,60,46,43,46,36,23,21,10,16,12,7
11,51,61,70,75,78,70,59,57,56,61,67,75,80,77,61,56,53,53,46,15,12,12,13,11,9
13,52,63,72,70,71,64,54,53,54,58,66,70,75,71,62,54,52,53,43,14,11,8,11,10,7
9,51,62,68,69,67,61,50,51,51,57,67,69,74,70,60,52,51,52,34,13,9,8,11,0,0
10,54,64,69,67,63,56,46,26,46,53,63,68,71,70,60,51,47,53,35,10,10,8,6,0,0
12,54,61,68,65,61,54,20,21,31,51,61,67,73,66,58,50,35,51,17,11,10,6,6,0,0
10,50,59,64,61,57,51,12,15,22,50,60,64,67,67,56,45,29,51,25,7,0,0,0,0,0
11,50,55,65,58,56,32,11,12,17,47,59,61,65,65,56,29,21,42,12,0,7,0,0,0,0
9,53,63,69,64,54,41,6,14,27,43,56,62,70,71,57,38,25,40,13,8,7,8,7,0,0
13,54,98,105,64,52,50,12,23,33,51,56,67,82,88,64,37,28,40,18,0,0,8,8,0,0
13,59,94,115,61,52,51,33,34,35,50,58,67,94,147,73,44,31,50,35,14,10,9,11,7,0
14,54,64,67,53,47,20,15,12,25,40,56,62,86,127,63,32,30,51,47,11,0,0,0,0,0
9,44,52,52,23,13,11,0,6,8,13,50,53,60,66,47,13,12,12,8,0,0,0,0,0,0
8,26,40,40,14,9,0,0,0,8,10,25,50,52,52,20,9,10,14,7,0,0,0,0,0,0
10,33,36,29,13,5,9,7,0,8,11,19,40,41,47,14,8,8,12,10,0,0,0,0,0,0
5,36,26,13,10,5,10,0,0,8,0,14,27,28,21,10,7,6,10,6,0,4,0,0,0,0
0,21,13,6,0,8,0,0,0,4,0,10,14,25,12,0,0,0,7,7,0,0,0,0,0,0
0,21,12,5,0,0,0,0,0,6,0,12,16,20,14,7,7,0,10,0,0,0,4,0,0,0
46,83,207,122,81,79,67,61,65,65,61,69,87,79,86,86,92,117,152,99,56,52,45,47,17,13
61,105,82,78,70,69,64,56,62,57,55,63,69,72,100,95,86,118,392,245,63,52,51,50,29,10
52,63,64,63,57,55,56,50,13,7,12,59,63,65,71,65,61,94,266,141,53,36,15,15,12,12
15,53,53,52,31,12,9,0,6,13,13,52,55,53,55,51,50,64,73,65,13,9,8,7,7,0
12,18,50,50,12,0,0,7,19,25,19,32,50,57,59,50,25,37,59,56,21,10,8,6,0,0
5,11,13,14,8,0,12,12,14,10,0,0,10,32,17,11,12,13,42,50,14,8,0,0,0,0
0,9,12,47,30,12,12,10,27,17,36,52,50,55,25,20,8,15,47,11,11,9,6,0,0,0
0,0,12,41,14,12,14,14,28,40,37,54,57,57,56,13,11,14,50,9,13,0,0,0,0,0
0,0,10,33,15,11,20,14,38,53,51,56,58,57,54,13,12,13,50,10,7,0,0,0,0,0
0,0,13,51,23,17,28,22,50,53,52,62,64,63,54,15,6,14,47,10,7,0,0,0,7,0
0,0,14,44,14,15,28,15,50,51,54,56,59,56,43,12,6,11,36,0,0,0,0,0,0,0
8,0,14,40,14,15,40,35,54,53,53,60,60,58,46,7,10,11,25,0,6,6,0,0,0,0
9,0,15,50,45,41,52,52,58,61,63,63,61,56,47,8,11,12,14,0,7,7,0,0,0,0
0,0,7,10,9,10,12,15,51,54,55,52,51,28,0,0,0,0,0,0,0,0,0,0,0,0
10,8,13,33,31,37,44,38,50,59,55,58,59,52,39,25,8,11,29,7,0,0,0,0,0,0
9,13,20,50,51,56,58,54,58,63,59,59,62,61,58,27,13,12,40,10,7,0,0,6,0,0
10,14,44,54,54,56,61,59,68,69,61,63,64,64,59,52,29,12,30,11,9,8,9,7,6,0
12,28,53,58,61,60,67,72,80,83,80,73,70,66,62,56,28,14,51,14,11,11,10,9,8,7
10,38,55,64,68,70,75,75,84,93,89,82,72,71,74,60,51,52,56,40,13,12,11,9,0,9
10,29,57,67,74,72,76,72,82,97,89,79,75,75,75,60,52,53,56,41,14,12,9,7,8,8
9,44,58,72,74,75,74,66,78,81,77,72,75,78,76,61,54,52,52,13,8,0,6,0,8,0
8,35,58,69,75,72,72,63,71,77,67,72,77,82,77,62,52,50,54,15,10,8,0,8,8,0
13,34,53,65,68,69,67,60,57,58,58,68,74,78,72,61,46,43,46,36,22,20,10,15,12,7
11,51,61,70,75,78,71,59,57,57,60,67,74,80,77,61,56,52,53,46,15,11,13,13,11,9
12,52,62,71,70,71,64,54,52,55,58,66,71,75,71,62,54,52,53,38,14,10,8,11,10,7
9,52,62,68,69,67,61,51,51,51,57,67,70,74,71,59,52,51,53,34,13,9,8,10,0,0
10,53,64,69,66,63,56,42,25,46,52,63,69,72,70,59,51,47,53,35,10,9,8,6,0,5
11,54,61,68,64,61,54,20,23,31,50,62,67,72,67,58,50,31,51,14,12,9,6,6,0,0
10,50,58,64,61,58,50,12,14,22,50,60,64,67,66,56,45,27,50,17,7,0,0,0,0,0
10,48,55,65,58,56,32,10,12,17,40,58,61,65,65,55,27,19,44,12,0,0,0,0,0,0
9,53,63,69,63,54,44,6,14,29,40,56,62,70,71,57,36,25,43,13,9,7,7,7,0,0
13,54,98,106,63,52,50,12,21,35,51,55,67,82,88,64,38,26,40,17,0,0,7,8,0,0
13,59,93,114,60,52,51,30,31,36,50,58,68,94,146,73,46,31,50,32,14,10,9,11,6,0
14,54,64,67,53,45,18,15,12,32,43,56,62,85,127,63,32,32,51,41,11,0,0,0,0,0
9,44,51,52,21,13,11,0,6,8,12,50,53,60,66,47,13,12,13,8,0,0,0,0,0,0
7,25,38,45,13,9,0,0,0,8,9,25,50,52,52,20,9,10,14,7,0,0,0,0,0,0
9,38,34,27,13,5,9,7,0,8,11,17,40,45,47,13,8,8,12,9,0,0,0,0,0,0
0,35,26,13,9,4,10,0,0,9,0,14,30,26,23,10,7,6,10,6,0,0,0,0,0,0
0,21,13,6,0,8,0,0,0,4,0,10,14,22,12,0,0,0,7,7,0,0,0,0,0,0
0,20,11,5,0,0,0,0,0,7,0,12,17,20,14,7,7,0,10,0,0,0,4,0,0,0
46,83,207,122,81,79,67,61,65,65,61,69,87,79,86,86,92,117,152,99,56,52,45,47,17,13
61,105,82,78,70,69,64,56,62,57,55,63,69,72,100,95,86,118,392,245,63,52,51,50,29,10
52,63,64,63,57,55,56,50,13,7,12,59,63,65,71,65,61,94,266,141,53,36,15,15,12,12
15,53,53,52,31,12,9,0,6,13,13,52,55,53,55,51,50,64,73,65,13,9,8,7,7,0
12,18,50,50,12,0,0,7,19,25,19,32,50,57,59,50,25,37,59,56,21,10,8,6,0,0
5,11,13,14,8,0,12,12,14,10,0,0,10,32,17,11,12,13,42,50,14,8,0,0,0,0
0,9,12,47,30,12,12,10,27,17,36,52,50,55,25,20,8,15,47,11,11,9,6,0,0,0
0,0,12,41,14,12,14,14,28,40,37,54,57,57,56,13,11,14,50,9,13,0,0,0,0,0
0,0,10,33,15,11,20,14,38,53,51,56,58,57,54,13,12,13,50,10,7,0,0,0,0,0
0,0,13,51,23,17,28,22,50,53,52,62,64,63,54,15,6,14,47,10,7,0,0,0,7,0
0,0,14,44,14,15,28,15,50,51,54,56,59,56,43,12,6,11,36,0,0,0,0,0,0,0
8,0,14,40,14,15,40,35,54,53,53,60,60,58,46,7,10,11,25,0,6,6,0,0,0,0
9,0,15,50,45,41,52,52,58,61,63,63,61,56,47,8,11,12,14,0,7,7,0,0,0,0
0,0,7,10,9,10,12,15,51,54,55,52,51,28,0,0,0,0,0,0,0,0,0,0,0,0
10,8,13,33,31,37,44,38,50,59,55,58,59,52,39,25,8,11,29,7,0,0,0,0,0,0
9,13,20,50,51,56,58,54,58,63,59,59,62,61,58,27,13,12,40,10,7,0,0,6,0,0
10,14,44,54,54,56,61,59,68,69,61,63,64,64,59,52,29,12,30,11,9,8,9,7,6,0
12,28,53,58,61,60,67,72,80,83,80,73,70,66,62,56,28,14,51,14,11,11,10,9,8,7
10,38,55,64,68,70,75,75,84,93,89,82,72,71,74,60,51,52,56,40,13,12,11,9,0,9
10,29,57,67,74,72,76,72,82,97,89,79,75,75,75,60,52,53,56,41,14,12,9,7,8,8
9,44,58,72,74,75,74,66,78,81,77,72,75,78,76,61,54,52,52,13,8,0,6,0,8,0
8,35,58,69,75,72,72,63,71,77,67,72,77,82,77,62,52,50,54,15,10,8,0,8,8,0
13,34,53,65,68,69,67,60,57,58,58,68,74,78,72,61,46,43,46,36,22,20,10,15,12,7
11,51,61,70,75,78,71,59,57,57,60,67,74,80,77,61,56,52,53,46,15,11,13,13,11,9
12,52,62,71,70,71,64,54,52,55,58,66,71,75,71,62,54,52,53,38,14,10,8,11,10,7
9,52,62,68,69,67,61,51,51,51,57,67,70,74,71,59,52,51,53,34,13,9,8,10,0,0
10,53,64,69,66,63,56,42,25,46,52,63,69,72,70,59,51,47,53,35,10,9,8,6,0,5
11,54,61,68,64,61,54,20,23,31,50,62,67,72,67,58,50,31,51,14,12,9,6,6,0,0
10,50,58,64,61,58,50,12,14,22,50,60,64,67,66,56,45,27,50,17,7,0,0,0,0,0
10,48,55,65,58,56,32,10,12,17,40,58,61,65,65,55,27,19,44,12,0,0,0,0,0,0
9,53,63,69,63,54,44,6,14,29,40,56,62,70,71,57,36,25,43,13,9,7,7,7,0,0
13,54,98,106,63,52,50,12,21,35,51,55,67,82,88,64,38,26,40,17,0,0,7,8,0,0
13,59,93,114,60,52,51,30,31,36,50,58,68,94,146,73,46,31,50,32,14,10,9,11,6,0
14,54,64,67,53,45,18,15,12,32,43,56,62,85,127,63,32,32,51,41,11,0,0,0,0,0
9,44,51,52,21,13,11,0,6,8,12,50,53,60,66,47,13,12,13,8,0,0,0,0,0,0
7,25,38,45,13,9,0,0,0,8,9,25,50,52,52,20,9,10,14,7,0,0,0,0,0,0
9,38,34,27,13,5,9,7,0,8,11,17,40,45,47,13,8,8,12,9,0,0,0,0,0,0
0,35,26,13,9,4,10,0,0,9,0,14,30,26,23,10,7,6,10,6,0,0,0,0,0,0
0,21,13,6,0,8,0,0,0,4,0,10,14,22,12,0,0,0,7,7,0,0,0,0,0,0
0,20,11,5,0,0,0,0,0,7,0,12,17,20,14,7,7,0,10,0,0,0,4,0,0,0
47,83,207,122,81,80,68,60,64,64,62,69,87,79,86,86,92,117,152,99,55,53,43,50,16,14
61,105,81,78,70,68,64,56,61,57,55,63,69,72,100,95,85,118,394,245,62,52,51,50,31,10
53,63,63,62,57,55,56,51,13,7,13,59,62,66,71,65,61,95,266,141,53,36,16,14,13,12
15,53,53,51,32,12,9,0,0,13,13,52,55,53,54,51,50,63,73,65,13,10,8,7,7,0
12,18,50,50,12,0,0,7,15,19,19,32,47,57,59,50,23,32,59,55,15,9,8,6,0,0
5,11,13,14,8,0,12,12,13,9,0,0,10,32,17,11,11,11,45,47,14,8,0,0,0,0
0,9,12,45,35,13,13,10,22,17,36,52,50,54,25,17,8,20,50,11,10,9,6,0,0,0
0,0,12,38,14,13,14,14,23,37,34,54,56,56,55,13,11,13,50,9,13,0,0,0,0,0
0,0,10,33,17,11,15,14,36,53,51,57,57,57,54,13,12,12,51,10,8,0,0,0,0,0
0,0,13,50,25,15,28,22,50,52,52,62,62,62,54,14,6,13,45,9,7,0,0,0,7,0
0,0,14,36,16,17,28,14,41,52,54,57,59,56,43,11,6,11,36,0,0,0,0,0,0,0
9,0,14,35,14,15,34,32,54,53,54,60,61,58,50,7,10,12,27,0,6,6,0,0,0,0
9,0,18,50,45,47,52,52,58,62,63,63,61,56,50,8,11,11,14,0,7,6,0,0,0,0
0,0,7,10,8,10,13,17,51,55,56,53,51,28,0,0,0,0,0,0,0,0,0,0,0,0
10,8,13,32,31,37,44,38,50,60,55,58,59,52,39,17,8,11,29,7,0,0,0,0,0,0
10,13,21,50,52,56,58,55,58,63,58,60,62,61,58,25,12,11,40,10,0,0,0,0,0,0
10,14,48,53,53,56,61,58,67,69,62,63,64,63,60,52,27,12,32,12,10,8,9,6,6,0
12,28,53,59,61,60,67,73,80,83,80,74,69,65,62,56,25,13,52,14,11,10,10,8,8,7
11,38,55,64,68,70,75,75,84,93,89,82,72,72,73,59,50,51,56,40,13,12,10,10,7,9
10,27,56,66,74,73,76,72,82,96,89,79,74,75,75,60,52,53,56,42,14,13,9,6,8,8
10,41,58,72,74,75,74,66,78,81,77,72,74,78,76,61,54,52,52,13,8,0,6,0,8,0
7,32,58,69,75,73,72,63,71,77,67,72,76,82,77,62,52,50,54,14,10,8,0,8,8,0
12,34,53,65,67,70,67,60,57,58,57,68,73,78,72,60,44,43,47,36,22,18,10,13,12,8
12,51,60,70,75,78,71,59,56,56,60,67,74,81,76,61,55,52,53,45,16,11,12,12,12,9
12,53,63,71,70,71,65,55,52,55,57,66,71,76,71,62,54,51,53,38,14,10,8,11,11,7
9,52,61,68,69,67,61,51,50,51,57,67,70,74,71,59,52,50,53,31,13,9,8,10,0,0
10,53,63,68,67,63,57,40,25,50,52,64,68,72,70,58,51,45,53,31,11,9,8,6,0,6
11,53,61,67,64,61,54,25,21,29,51,62,67,72,67,58,47,33,51,14,11,9,6,6,6,0
11,50,58,64,61,57,50,12,14,22,50,60,64,67,66,55,40,27,51,15,7,0,0,0,0,0
11,50,55,66,58,56,32,11,12,17,37,58,61,65,65,55,25,19,40,12,0,0,0,0,0,0
9,53,63,68,63,54,47,6,14,27,40,56,62,69,71,57,30,23,45,12,9,7,7,7,0,6
13,54,99,106,63,52,48,12,20,35,51,56,67,82,88,63,37,25,39,20,0,0,7,8,0,0
14,58,93,115,60,52,51,32,31,36,50,58,67,94,146,73,44,31,50,31,14,10,9,11,7,0
14,54,63,67,53,45,21,15,12,32,40,56,62,85,127,63,27,27,52,38,11,0,0,0,0,0
9,46,51,53,23,13,11,0,6,8,12,50,54,59,66,45,13,12,13,8,0,0,0,0,0,0
8,28,34,40,13,9,6,0,0,8,9,25,50,52,51,17,9,11,13,7,0,0,0,0,0,0
9,36,32,29,13,6,10,7,0,8,10,21,40,45,50,13,8,7,12,8,0,0,0,0,0,0
0,35,23,13,9,4,10,0,0,9,0,14,28,28,23,9,7,6,10,6,0,0,0,0,0,0
0,21,13,6,0,9,0,0,0,0,0,11,14,22,12,0,0,0,8,7,0,0,0,0,0,0
0,19,11,5,0,0,0,0,0,7,0,13,17,21,13,8,6,0,10,0,0,0,4,0,0,0
47,83,207,122,81,80,68,60,64,64,62,69,87,79,86,86,92,117,152,99,55,53,43,50,16,14
61,105,81,78,70,68,64,56,61,57,55,63,69,72,100,95,85,118,394,245,62,52,51,50,31,10
53,63,63,62,57,55,56,51,13,7,13,59,62,66,71,65,61,95,266,141,53,36,16,14,13,12
15,53,53,51,32,12,9,0,0,13,13,52,55,53,54,51,50,63,73,65,13,10,8,7,7,0
12,18,50,50,12,0,0,7,15,19,19,32,47,57,59,50,23,32,59,55,15,9,8,6,0,0
5,11,13,14,8,0,12,12,13,9,0,0,10,32,17,11,11,11,45,47,14,8,0,0,0,0
0,9,12,45,35,13,13,10,22,17,36,52,50,54,25,17,8,20,50,11,10,9,6,0,0,0
0,0,12,38,14,13,14,14,23,37,34,54,56,56,55,13,11,13,50,9,13,0,0,0,0,0
0,0,10,33,17,11,15,14,36,53,51,57,57,57,54,13,12,12,51,10,8,0,0,0,0,0
0,0,13,50,25,15,28,22,50,52,52,62,62,62,54,14,6,13,45,9,7,0,0,0,7,0
0,0,14,36,16,17,28,14,41,52,54,57,59,56,43,11,6,11,36,0,0,0,0,0,0,0
9,0,14,35,14,15,34,32,54,53,54,60,61,58,50,7,10,12,27,0,6,6,0,0,0,0
9,0,18,50,45,47,52,52,58,62,63,63,61,56,50,8,11,11,14,0,7,6,0,0,0,0
0,0,7,10,8,10,13,17,51,55,56,53,51,28,0,0,0,0,0,0,0,0,0,0,0,0
10,8,13,32,31,37,44,38,50,60,55,58,59,52,39,17,8,11,29,7,0,0,0,0,0,0
10,13,21,50,52,56,58,55,58,63,58,60,62,61,58,25,12,11,40,10,0,0,0,0,0,0
10,14,48,53,53,56,61,58,67,69,62,63,64,63,60,52,27,12,32,12,10,8,9,6,6,0
12,28,53,59,61,60,67,73,80,83,80,74,69,65,62,56,25,13,52,14,11,10,10,8,8,7
11,38,55,64,68,70,75,75,84,93,89,82,72,72,73,59,50,51,56,40,13,12,10,10,7,9
10,27,56,66,74,73,76,72,82,96,89,79,74,75,75,60,52,53,56,42,14,13,9,6,8,8
10,41,58,72,74,75,74,66,78,81,77,72,74,78,76,61,54,52,52,13,8,0,6,0,8,0
7,32,58,69,75,73,72,63,71,77,67,72,76,82,77,62,52,50,54,14,10,8,0,8,8,0
12,34,53,65,67,70,67,60,57,58,57,68,73,78,72,60,44,43,47,36,22,18,10,13,12,8
12,51,60,70,75,78,71,59,56,56,60,67,74,81,76,61,55,52,53,45,16,11,12,12,12,9
12,53,63,71,70,71,65,55,52,55,57,66,71,76,71,62,54,51,53,38,14,10,8,11,11,7
9,52,61,68,69,67,61,51,50,51,57,67,70,74,71,59,52,50,53,31,13,9,8,10,0,0
10,53,63,68,67,63,57,40,25,50,52,64,68,72,70,58,51,45,53,31,11,9,8,6,0,6
11,53,61,67,64,61,54,25,21,29,51,62,67,72,67,58,47,33,51,14,11,9,6,6,6,0
11,50,58,64,61,57,50,12,14,22,50,60,64,67,66,55,40,27,51,15,7,0,0,0,0,0
11,50,55,66,58,56,32,11,12,17,37,58,61,65,65,55,25,19,40,12,0,0,0,0,0,0
9,53,63,68,63,54,47,6,14,27,40,56,62,69,71,57,30,23,45,12,9,7,7,7,0,6
13,54,99,106,63,52,48,12,20,35,51,56,67,82,88,63,37,25,39,20,0,0,7,8,0,0
14,58,93,115,60,52,51,32,31,36,50,58,67,94,146,73,44,31,50,31,14,10,9,11,7,0
14,54,63,67,53,45,21,15,12,32,40,56,62,85,127,63,27,27,52,38,11,0,0,0,0,0
9,46,51,53,23,13,11,0,6,8,12,50,54,59,66,45,13,12,13,8,0,0,0,0,0,0
8,28,34,40,13,9,6,0,0,8,9,25,50,52,51,17,9,11,13,7,0,0,0,0,0,0
9,36,32,29,13,6,10,7,0,8,10,21,40,45,50,13,8,7,12,8,0,0,0,0,0,0
0,35,23,13,9,4,10,0,0,9,0,14,28,28,23,9,7,6,10,6,0,0,0,0,0,0
0,21,13,6,0,9,0,0,0,0,0,11,14,22,12,0,0,0,8,7,0,0,0,0,0,0
0,19,11,5,0,0,0,0,0,7,0,13,17,21,13,8,6,0,10,0,0,0,4,0,0,0
46,83,207,122,81,80,67,60,65,64,62,69,87,79,86,86,92,118,152,99,54,53,45,50,17,14
60,105,80,78,71,69,64,56,61,57,54,64,69,72,100,95,86,118,397,249,62,53,51,50,31,10
52,63,63,63,57,55,56,52,13,7,13,59,62,66,71,65,61,94,266,143,53,38,18,14,13,13
14,53,53,52,30,12,9,0,0,12,13,51,54,53,54,51,50,63,73,65,14,10,7,6,7,0
11,18,50,50,12,0,0,6,14,15,15,35,47,58,59,50,25,30,59,55,14,9,7,0,0,0
5,10,13,13,7,0,11,12,13,8,0,0,9,35,17,11,11,12,42,41,13,7,0,0,0,0
0,9,13,42,32,13,13,10,22,14,33,51,41,54,25,25,8,17,50,11,10,9,5,0,0,0
0,0,12,38,13,13,13,13,25,37,31,54,56,56,55,13,11,12,50,9,12,0,0,0,0,0
0,0,11,30,17,11,17,14,30,53,52,58,57,57,54,13,12,12,50,10,8,0,0,0,0,0
0,0,13,50,28,17,31,17,50,52,53,63,62,61,54,14,6,13,45,9,7,0,0,0,7,0
0,0,15,33,16,20,34,17,44,51,54,58,58,57,46,11,6,10,36,0,0,0,0,0,0,0
9,0,14,37,21,17,34,35,54,53,53,60,60,58,51,7,10,11,30,0,6,6,0,0,0,0
9,0,16,50,40,44,51,53,58,61,63,64,60,56,50,8,11,11,14,0,7,7,0,0,0,0
0,0,7,10,9,10,13,15,51,55,55,52,51,28,0,0,0,0,0,0,0,0,0,0,0,0
10,7,15,28,33,35,43,38,50,60,54,58,59,52,42,23,8,10,29,7,0,6,0,0,0,0
9,12,26,50,51,56,58,55,58,63,58,60,62,61,57,27,12,11,40,10,0,0,0,0,0,0
9,14,50,54,53,56,60,59,67,69,62,63,64,65,60,51,27,12,40,12,9,8,9,5,6,0
11,28,53,59,61,60,67,73,80,83,80,74,68,66,63,56,26,12,52,14,12,10,10,8,8,7
10,38,56,63,68,71,75,75,85,94,89,82,72,72,73,60,50,51,55,38,13,13,10,10,8,9
10,29,57,66,74,73,75,72,83,96,89,79,75,76,75,61,53,53,56,42,14,13,9,6,8,9
9,39,58,72,75,75,74,67,78,81,77,72,74,79,76,61,54,52,51,14,7,0,6,0,9,0
8,34,57,69,75,73,71,63,70,76,67,73,77,83,78,62,52,50,53,14,10,9,0,7,8,0
13,35,53,66,67,71,67,60,57,57,57,69,73,78,73,60,44,43,47,35,22,21,9,13,12,7
12,51,60,70,75,79,71,59,56,56,61,67,73,81,76,61,55,52,53,46,16,11,12,13,13,9
13,52,62,71,70,71,65,55,53,54,58,66,71,76,72,62,54,52,53,43,14,11,8,11,11,7
10,52,62,68,69,67,61,50,51,51,57,67,70,75,71,59,52,51,53,31,13,8,8,10,0,0
9,53,63,68,67,63,56,40,25,50,52,64,69,72,70,59,51,43,52,31,10,10,8,0,0,6
11,53,61,67,64,61,54,26,19,27,51,62,67,72,66,58,50,35,51,14,11,9,5,6,6,0
10,50,58,64,60,57,47,12,14,17,50,61,64,67,66,56,40,27,50,17,7,0,0,0,0,0
11,48,55,65,58,56,35,11,12,17,35,58,61,66,65,56,27,23,36,12,0,0,0,0,0,0
10,53,62,68,64,54,47,6,13,27,43,56,62,70,71,58,33,25,43,12,8,7,7,7,0,0
13,54,99,105,63,52,47,13,25,33,51,56,67,82,89,64,40,25,37,21,0,7,7,7,0,0
13,58,93,115,60,52,50,30,30,35,50,58,67,95,146,73,44,32,50,28,14,10,9,10,7,0
14,54,63,68,52,45,23,14,12,27,37,56,62,85,127,63,27,30,52,38,11,0,0,0,0,0
8,44,52,52,21,14,10,0,6,8,12,50,53,60,66,45,13,11,13,7,0,0,0,0,0,0
8,28,36,40,14,8,5,0,0,7,9,23,50,52,52,17,9,10,13,6,0,0,0,0,0,0
9,35,36,31,13,6,10,6,0,7,10,25,40,45,47,13,7,7,12,9,0,0,0,0,0,0
5,34,20,13,9,4,10,0,0,9,0,14,28,32,21,10,7,6,10,6,0,0,0,0,0,0
0,20,13,6,0,9,0,0,0,0,0,11,14,23,12,0,0,0,8,7,0,0,0,0,0,0
0,20,11,5,0,0,0,0,0,6,0,13,17,23,13,8,7,0,10,0,0,0,4,0,0,0
47,83,208,122,82,80,67,60,65,64,62,69,87,78,86,86,92,117,151,99,54,54,45,50,19,14
59,104,81,78,71,69,64,56,62,57,54,64,69,72,100,95,86,117,398,249,62,54,51,51,29,9
52,63,64,62,57,56,56,52,13,7,13,59,62,65,71,65,61,94,265,143,53,38,18,15,13,12
14,53,53,52,31,12,9,0,6,12,13,51,54,53,54,51,50,63,72,65,13,10,7,7,6,0
11,19,51,50,12,0,0,6,17,17,14,32,50,57,58,50,25,25,59,55,14,9,7,0,0,0
5,11,14,13,8,0,11,11,13,7,0,0,9,32,15,10,11,12,42,38,13,7,0,0,0,0
0,9,13,45,30,13,12,9,27,14,33,51,50,53,25,27,8,14,50,11,10,9,6,0,0,0
0,0,12,38,14,13,13,13,31,43,37,55,57,55,55,13,10,13,50,9,12,0,0,0,0,0
0,0,11,33,20,11,17,14,33,53,52,57,57,56,55,13,12,12,50,10,9,0,0,0,0,0
0,0,14,51,28,20,25,15,50,53,54,63,62,61,53,20,5,14,47,9,7,0,0,0,7,0
0,0,17,38,16,20,34,20,50,51,55,58,59,57,50,12,6,10,38,0,0,0,0,0,0,0
9,0,14,40,23,19,34,37,55,53,54,60,61,58,52,7,10,11,36,0,6,6,0,0,0,0
10,0,16,50,45,44,51,54,59,62,63,64,60,56,50,8,11,11,14,0,7,7,0,0,0,0
0,0,7,11,9,11,12,15,52,56,56,52,52,28,0,0,0,0,0,0,0,0,0,0,0,0
10,8,16,30,36,35,41,38,51,60,55,58,60,52,42,23,8,11,29,7,0,7,0,0,0,0
9,12,25,51,52,56,58,55,58,63,59,60,62,61,57,27,12,10,40,10,0,0,0,0,0,0
9,14,50,54,53,55,60,59,67,69,62,63,64,64,60,51,25,12,42,12,9,9,9,6,6,0
11,32,53,58,61,61,67,72,80,83,80,74,68,66,63,56,26,12,51,13,12,11,10,8,8,6
10,38,56,63,68,70,75,76,85,94,89,82,71,72,73,60,50,51,56,40,13,13,10,10,7,8
10,32,57,67,74,73,75,72,83,96,89,79,75,76,75,61,52,53,56,42,14,13,9,6,8,8
10,39,59,72,75,75,74,67,78,80,77,73,75,79,76,61,54,51,51,14,7,0,6,0,9,0
7,36,57,69,75,72,72,63,71,76,67,73,76,83,78,62,52,50,53,15,10,9,0,7,7,0
13,35,53,65,68,71,67,60,57,57,58,70,73,77,73,60,43,42,47,35,23,21,10,14,12,7
12,51,60,70,76,79,71,59,57,56,60,67,74,81,77,61,55,52,53,46,16,11,12,13,13,8
12,53,62,71,70,71,65,55,53,55,58,66,70,76,72,62,54,51,53,43,13,11,8,11,10,6
10,51,62,68,70,67,60,51,51,51,57,67,70,75,71,60,52,50,53,34,13,9,8,11,0,0
10,53,63,68,67,63,56,40,23,50,52,64,68,72,70,59,51,47,52,31,10,10,8,6,0,0
11,53,61,68,65,61,53,23,19,29,51,63,67,72,67,58,50,33,51,13,12,9,5,6,6,0
11,51,58,64,60,57,50,12,15,20,50,61,64,67,66,56,40,27,50,15,0,0,0,0,0,0
11,48,55,65,58,56,32,11,12,15,37,58,62,65,66,55,29,23,40,12,0,7,0,0,0,0
9,53,63,68,64,54,47,6,13,27,43,56,62,70,71,58,30,23,43,12,8,8,7,7,0,0
13,54,99,105,63,52,47,13,26,33,51,56,68,81,88,64,40,26,38,21,0,7,7,8,0,0
13,58,93,115,60,53,50,30,30,36,50,58,67,94,146,73,45,32,50,28,14,10,9,11,7,0
14,54,64,68,53,45,21,15,12,27,37,56,62,85,127,63,27,27,51,44,11,0,0,0,0,0
9,44,52,52,21,14,10,0,7,8,12,50,53,60,66,50,13,12,13,7,0,0,0,0,0,0
8,30,36,40,14,8,5,0,0,7,10,23,50,52,51,17,9,10,13,7,0,0,0,0,0,0
9,36,36,31,13,6,10,7,0,7,10,23,45,43,45,14,7,8,12,9,0,0,0,0,0,0
0,34,22,13,9,4,10,0,0,9,0,14,28,32,23,10,7,6,10,7,0,4,0,0,0,0
0,21,14,6,0,9,0,0,0,5,0,10,14,22,12,0,0,0,8,7,0,0,0,0,0,0
0,20,12,5,0,0,0,0,0,6,0,13,17,23,14,8,7,0,10,0,0,0,4,0,0,0
46,83,207,122,82,80,66,60,66,64,62,68,88,78,84,86,92,117,150,99,54,53,50,50,19,14
59,104,81,79,71,69,65,56,62,57,54,64,69,72,99,94,86,117,399,251,62,54,51,50,31,9
52,63,65,62,57,55,56,52,13,6,13,59,62,65,70,65,60,94,264,143,53,40,18,16,13,12
15,53,54,52,31,12,9,0,6,12,13,51,54,53,54,51,50,63,73,65,13,10,7,7,6,0
11,18,51,50,12,0,0,6,14,17,14,30,47,57,57,50,23,30,59,55,14,9,7,0,0,0
5,10,14,13,8,0,11,11,12,7,0,0,10,30,14,11,11,12,40,36,13,7,0,0,0,0
0,9,13,45,30,12,12,9,27,14,33,50,41,53,19,27,8,14,50,11,10,9,6,0,0,0
0,0,13,33,14,13,13,13,31,37,34,55,56,55,53,13,10,13,50,9,12,0,0,0,0,0
0,0,12,30,22,11,20,13,33,52,52,57,57,55,53,13,12,12,50,10,8,0,0,0,0,0
0,0,17,51,28,17,25,17,50,53,53,63,62,61,52,20,5,14,50,9,7,0,0,0,7,0
0,0,21,44,16,17,34,20,50,50,54,56,58,56,40,12,0,10,38,0,0,0,0,0,0,0
8,0,17,37,23,15,34,40,56,53,53,59,61,58,51,7,10,12,33,0,6,6,0,0,0,0
9,0,20,50,45,41,50,54,58,61,63,64,60,56,44,8,12,11,14,0,7,7,0,0,0,0
0,0,7,10,10,10,12,14,51,55,56,52,51,29,0,0,0,0,0,0,0,0,0,0,0,0
10,8,18,30,38,34,40,38,51,60,55,58,59,52,35,25,8,11,27,7,0,6,0,0,0,0
9,12,25,51,52,56,57,55,58,63,59,59,62,61,56,27,13,10,40,10,0,0,0,0,0,0
9,14,50,55,54,55,60,60,67,69,62,63,64,65,59,52,27,12,40,12,9,9,9,6,5,0
11,30,54,58,61,60,67,72,80,83,80,74,68,66,62,55,28,12,51,14,12,11,9,9,8,6
10,38,57,62,68,71,75,76,85,93,89,82,71,72,73,60,50,51,56,42,12,13,10,10,7,8
10,30,58,67,75,72,75,72,83,96,89,79,75,76,75,61,53,53,55,42,14,13,9,6,8,8
9,41,59,72,75,75,74,67,78,80,78,73,75,79,75,61,54,51,51,14,8,0,7,0,9,0
8,36,58,69,75,73,72,63,71,77,67,72,77,83,77,63,52,50,53,16,10,8,0,8,7,0
13,34,54,65,68,71,67,60,57,57,59,69,73,77,72,60,45,43,47,36,21,21,9,14,13,7
11,51,61,70,75,79,71,59,57,56,60,67,74,81,76,61,55,52,53,48,15,11,12,14,13,9
12,52,63,70,70,72,65,55,53,54,58,66,70,75,71,62,54,52,53,43,13,11,9,11,10,6
10,51,63,68,70,67,60,50,51,51,57,67,68,75,70,60,52,51,53,36,13,9,8,11,0,0
9,53,64,68,67,63,55,38,21,44,52,64,68,72,70,59,51,45,53,33,10,10,8,6,0,0
11,53,62,67,65,61,53,25,21,29,51,62,67,72,66,58,50,33,51,14,11,9,5,5,6,0
10,51,58,63,60,57,50,12,14,20,50,61,64,66,66,56,42,27,50,20,0,0,0,0,0,0
11,50,55,65,58,55,35,11,12,15,40,58,61,65,65,55,29,21,40,13,0,7,0,0,0,0
10,53,63,68,64,54,47,6,13,25,43,56,61,70,71,58,30,25,40,12,8,8,7,7,0,0
13,54,99,105,63,52,48,12,26,33,51,55,67,81,87,64,40,27,39,21,0,7,7,8,0,0
13,59,94,115,60,52,50,29,30,36,50,58,67,94,144,73,45,32,48,30,14,10,9,10,7,0
14,54,64,68,53,43,20,14,12,25,37,56,62,85,125,64,30,27,51,47,11,0,0,0,0,0
8,41,53,52,21,14,10,0,6,8,13,50,52,60,66,47,13,12,12,7,0,0,0,0,0,0
7,28,40,40,14,8,6,0,0,7,10,25,50,52,51,22,9,10,13,6,0,0,0,0,0,0
9,36,38,31,13,5,9,7,0,7,10,19,43,41,39,14,7,8,12,9,0,0,0,0,0,0
0,34,26,13,9,0,10,0,0,8,0,14,28,30,16,10,7,6,9,7,0,4,0,0,0,0
0,20,14,6,0,8,0,0,0,0,0,10,14,25,11,0,0,0,8,7,0,0,0,0,0,0
0,19,12,5,0,0,5,0,0,6,0,13,16,23,13,8,7,0,10,0,0,0,4,0,0,0
46,83,207,121,82,80,66,60,65,64,62,68,87,78,84,85,92,117,152,100,55,53,50,50,19,14
60,104,81,78,71,69,65,56,62,57,54,64,69,71,99,94,86,117,400,252,62,54,51,50,31,10
53,63,65,62,57,55,56,52,13,6,12,59,62,65,70,64,61,94,263,143,52,43,20,14,13,13
15,53,53,51,30,12,9,0,6,12,13,52,54,52,53,51,50,63,73,65,13,10,8,7,6,0
12,18,52,47,12,0,0,0,14,15,14,32,47,56,57,50,23,27,59,55,15,9,8,6,0,0
5,11,14,13,8,0,11,11,12,7,0,0,9,25,13,11,11,12,45,33,13,7,0,0,0,0
0,9,13,37,30,12,11,9,25,14,33,50,44,52,17,20,8,14,50,11,10,9,6,0,0,0
0,0,13,30,14,13,14,13,34,40,37,55,56,54,52,13,10,13,50,9,12,0,0,0,0,0
0,0,12,30,20,11,17,14,41,51,52,56,57,55,52,13,12,12,50,10,8,0,0,0,0,0
0,0,15,50,34,17,22,20,50,53,53,63,63,60,53,15,6,14,50,10,7,0,0,0,7,0
0,0,21,44,15,20,31,20,50,51,54,56,58,55,37,11,6,10,38,0,0,0,0,0,0,0
9,0,17,35,18,15,40,40,55,53,54,59,61,57,50,7,10,12,33,0,6,6,0,0,0,0
9,6,23,50,40,44,51,54,59,62,63,64,61,56,44,8,11,11,14,0,6,7,0,0,0,0
0,0,7,9,10,10,12,15,52,55,57,52,51,27,0,0,0,0,0,0,0,0,0,0,0,0
10,8,18,30,35,37,40,38,51,60,55,58,60,52,33,21,8,11,27,8,0,6,0,0,0,0
9,12,21,50,52,56,57,55,58,63,59,60,62,61,57,25,13,10,40,10,7,0,0,5,0,0
10,14,48,54,53,56,61,59,67,69,63,63,63,64,59,51,27,11,40,11,9,9,9,6,5,0
12,30,54,58,60,60,67,73,80,82,81,73,68,65,62,55,28,13,51,13,12,10,10,9,8,6
10,36,56,62,68,71,75,76,85,93,90,82,71,72,72,60,50,51,56,46,12,13,10,10,8,8
10,29,58,66,74,72,75,72,82,95,89,79,75,75,74,60,53,53,55,41,14,13,9,6,8,8
9,41,60,72,74,75,74,67,78,80,77,72,75,78,75,61,54,51,51,14,8,0,7,0,9,0
8,36,58,69,75,72,72,63,71,77,67,72,77,82,77,63,52,50,53,15,9,8,0,8,7,0
13,35,54,65,68,70,67,59,57,57,59,69,73,77,72,60,46,43,47,36,23,20,10,14,12,0
12,51,61,70,75,79,70,59,57,56,60,67,74,80,75,61,56,52,53,48,16,11,13,13,13,9
12,52,63,70,70,72,65,54,53,55,58,66,70,75,70,62,54,51,53,45,14,11,9,12,10,7
10,51,62,67,70,67,60,50,51,51,57,67,68,75,70,60,52,50,53,36,13,9,8,10,0,0
10,54,64,68,67,63,56,38,25,42,53,64,67,72,69,59,51,43,53,37,10,10,9,6,0,6
11,53,62,67,65,61,54,25,21,31,51,62,67,72,66,58,50,33,51,14,11,9,5,6,0,0
11,51,59,63,60,57,50,12,14,22,51,60,64,66,65,55,42,25,50,20,0,0,0,0,0,0
11,48,55,64,58,55,35,11,12,14,40,58,61,65,65,55,31,17,42,12,0,7,0,0,0,0
10,54,63,68,64,54,47,6,13,25,45,56,61,70,71,57,38,25,43,13,8,7,7,7,0,0
13,54,98,104,63,52,47,12,25,33,51,55,67,81,87,63,40,27,40,21,0,7,7,8,0,0
13,59,94,114,60,52,50,29,31,36,50,58,67,94,144,73,47,31,50,31,14,10,9,10,6,0
15,54,64,67,53,45,20,14,12,27,40,56,62,85,125,63,32,27,50,47,10,0,0,0,0,0
9,41,53,51,23,14,11,0,6,8,13,50,53,60,65,45,13,11,12,7,0,0,0,0,0,0
8,28,38,37,14,9,5,0,0,8,10,27,50,51,51,22,9,10,13,7,0,0,0,0,0,0
10,40,38,29,13,6,10,7,0,8,11,17,43,39,39,13,8,7,12,8,0,0,0,0,0,0
5,34,26,13,10,4,10,0,0,8,0,14,27,26,16,10,7,6,10,7,0,0,0,0,0,0
0,20,14,0,0,9,0,0,0,0,0,10,14,23,11,0,0,0,8,7,0,0,0,0,0,0
0,20,12,5,0,0,5,0,0,6,0,13,16,21,13,8,7,0,10,0,0,0,4,0,0,0
48,84,206,121,81,80,67,61,65,63,61,68,87,78,85,85,91,117,150,100,54,53,50,50,19,14
60,103,81,78,70,69,65,56,61,56,54,64,70,71,98,94,86,117,399,253,63,53,51,51,29,10
52,63,65,62,56,55,56,51,13,6,13,58,62,64,70,64,60,94,261,143,52,40,21,14,13,12
15,53,53,51,30,12,9,0,6,11,13,52,54,52,53,51,50,63,73,66,13,9,8,7,7,0
12,18,51,47,12,0,0,6,14,19,14,30,50,56,56,47,21,25,59,55,17,9,8,6,0,0
5,11,14,13,8,0,11,11,12,7,0,0,10,19,13,11,11,12,42,36,13,8,0,0,0,0
0,9,13,37,30,12,10,9,25,14,30,50,47,53,17,17,8,14,50,11,9,9,6,0,0,0
0,0,13,30,14,14,13,13,31,37,34,54,56,53,52,14,10,14,50,9,12,0,0,0,0,0
0,0,11,33,17,11,15,14,41,51,51,56,57,54,52,13,12,12,50,10,8,0,0,0,0,0
0,0,15,47,31,15,22,20,50,52,53,62,63,60,52,14,6,14,50,10,7,0,0,0,7,0
0,0,19,41,16,20,31,17,47,51,54,56,59,55,37,11,0,11,36,0,0,0,0,0,0,0
8,0,19,35,16,17,37,35,55,53,53,58,61,57,50,7,10,12,33,0,6,6,0,0,0,0
9,6,25,50,40,47,51,54,59,62,63,64,61,56,47,8,11,12,14,0,7,7,0,0,0,0
0,0,7,9,10,10,12,16,52,56,57,52,52,27,0,0,0,0,0,0,0,0,0,0,0,0
10,8,18,33,35,37,40,38,51,60,54,58,60,52,33,21,8,11,27,8,0,6,0,0,0,0
10,12,21,50,53,56,57,55,57,63,59,60,61,61,56,25,12,11,40,10,7,0,0,6,0,0
10,14,50,54,53,56,61,59,67,69,63,63,64,64,59,51,27,12,42,11,9,9,9,6,5,0
12,30,54,58,61,60,68,73,80,83,81,73,69,65,62,55,25,13,51,14,12,10,10,10,8,7
10,38,56,63,69,71,75,76,85,92,89,82,70,72,72,60,50,51,56,48,12,13,10,10,7,8
10,30,58,66,75,72,76,72,82,95,88,79,75,75,74,60,52,53,55,44,14,12,10,6,8,8
9,42,60,72,75,75,74,67,78,80,77,72,75,78,75,61,54,51,52,14,8,0,7,0,8,0
7,36,58,69,76,72,72,63,71,77,67,71,77,81,77,62,52,47,53,16,9,8,0,8,7,0
13,33,54,65,68,70,67,60,57,57,59,68,73,77,71,60,45,43,47,37,21,20,10,14,12,7
12,51,61,70,75,79,70,59,57,56,60,67,74,79,75,61,56,52,53,48,16,11,13,13,12,9
12,53,63,70,70,72,65,54,52,55,58,66,70,75,70,62,54,51,53,45,14,11,9,11,10,7
10,52,62,67,70,67,61,51,51,51,56,67,68,75,70,59,52,51,53,36,14,9,9,10,0,0
10,54,64,68,66,63,56,40,20,40,52,64,68,72,69,59,51,45,53,39,10,10,9,6,0,5
12,53,62,67,65,61,53,20,19,31,51,62,67,71,66,58,50,33,51,15,12,9,6,6,0,0
11,51,58,63,60,58,50,12,14,20,51,60,64,66,65,55,42,25,50,22,0,0,0,0,0,0
11,48,55,64,58,56,32,11,12,14,45,58,62,65,64,55,31,17,38,13,0,0,0,0,0,0
10,54,63,68,64,54,50,6,13,25,45,56,62,69,71,57,36,23,43,13,8,7,7,7,0,0
13,54,98,104,63,52,47,12,23,32,51,56,67,81,87,63,38,30,40,21,0,0,7,8,0,0
13,59,94,114,60,52,50,30,31,35,50,58,67,93,144,72,44,31,48,32,14,10,10,10,7,0
14,54,64,67,53,43,18,14,12,22,43,56,62,84,125,63,30,27,50,50,10,0,0,0,0,0
9,42,52,51,23,14,11,0,6,8,13,50,53,60,65,42,13,11,12,8,0,0,0,0,0,0
8,28,38,35,13,8,5,0,0,8,10,25,50,51,51,22,9,10,13,7,0,0,0,0,0,0
10,36,38,29,13,6,9,7,0,8,11,15,43,37,39,13,7,7,12,9,0,0,0,0,0,0
0,35,25,13,10,5,10,0,0,9,0,14,27,25,16,10,7,6,10,7,0,0,0,0,0,0
0,21,13,0,0,9,0,0,0,0,0,10,14,23,11,0,0,0,8,7,0,0,0,0,0,0
0,20,12,5,0,0,5,0,0,6,0,13,15,20,13,8,7,0,10,0,0,0,5,0,0,0
47,84,205,120,81,80,66,60,64,63,61,68,87,78,85,85,91,118,150,100,55,53,50,50,22,14
60,103,81,78,70,69,64,56,60,56,54,63,70,71,99,94,85,118,400,251,63,53,52,50,29,10
52,63,64,62,57,55,56,50,13,6,13,58,62,64,70,64,61,94,262,143,52,43,21,14,13,13
16,53,53,51,30,12,8,0,0,11,13,51,54,52,53,51,50,63,73,66,13,9,9,7,7,0
11,17,51,47,12,0,0,7,13,19,14,30,47,56,56,50,20,30,59,55,17,9,7,6,0,0
5,10,13,13,7,0,11,11,11,7,0,0,10,19,13,10,11,12,47,33,13,8,0,0,0,0
0,9,12,35,27,12,10,10,20,14,27,50,44,53,15,17,9,14,50,11,9,9,6,0,0,0
0,0,13,30,14,14,13,15,31,37,31,54,56,54,53,14,10,14,50,8,12,0,0,0,0,0
0,0,11,27,15,11,17,14,38,51,52,56,58,54,52,13,12,12,50,10,8,0,0,0,0,0
0,0,14,45,28,17,22,22,50,52,52,62,63,60,52,14,6,13,50,10,7,0,0,0,7,0
0,0,17,38,16,17,31,17,47,51,54,56,59,55,31,12,0,11,36,0,0,0,0,0,0,0
8,0,15,32,15,19,34,37,55,53,53,58,61,57,50,7,10,12,33,0,6,6,0,0,0,0
9,0,27,50,35,47,51,54,59,63,63,64,62,56,50,8,10,12,14,0,7,7,0,0,0,0
0,0,7,8,10,10,12,20,51,56,57,52,52,28,0,0,0,0,0,0,0,0,0,0,0,0
10,7,16,33,33,39,40,39,51,60,55,58,60,52,35,23,9,11,27,8,0,7,0,0,0,0
10,12,23,50,52,56,57,55,58,64,59,60,62,61,57,25,13,12,45,10,0,0,0,5,0,0
10,14,48,54,52,56,61,59,67,69,63,63,64,64,59,51,27,12,40,11,9,9,9,6,6,0
12,28,54,58,60,60,68,73,80,83,80,73,69,65,62,55,23,13,51,14,12,10,10,10,8,7
10,36,56,63,68,71,74,76,85,92,89,82,72,72,72,60,50,51,56,44,13,13,10,9,8,9
11,30,58,66,74,72,76,73,82,95,88,79,75,76,74,60,52,53,55,46,14,12,10,6,9,8
9,41,59,72,74,75,74,67,78,81,77,72,75,78,76,62,54,52,52,14,8,0,7,0,9,0
7,36,58,69,75,73,72,64,71,77,67,71,77,81,77,62,51,50,53,15,10,8,0,8,8,0
13,34,53,65,68,70,67,60,56,57,59,68,73,77,71,60,45,43,48,36,21,20,10,13,13,8
12,51,61,70,75,79,70,60,58,56,60,67,75,80,75,61,56,52,53,45,20,11,12,13,12,9
13,52,63,70,70,72,65,55,53,54,58,65,71,75,70,62,54,51,53,45,14,11,9,11,10,7
10,52,62,67,70,67,60,50,51,51,56,67,69,75,70,60,53,51,54,34,14,9,9,10,0,0
10,53,63,68,66,63,56,40,21,40,52,63,68,72,69,59,51,45,53,37,10,10,9,6,0,6
11,54,62,67,65,61,54,23,21,31,50,62,68,72,66,58,50,35,51,17,12,9,6,6,0,0
11,50,58,63,60,57,50,13,14,17,50,60,64,66,66,55,45,23,50,20,0,0,0,0,0,0
10,46,55,64,58,56,30,11,12,14,45,58,62,65,64,55,31,17,38,13,0,0,0,0,0,0
10,54,63,68,64,54,47,7,13,27,45,56,62,69,70,57,41,21,45,12,9,7,7,6,0,0
13,54,98,104,64,52,47,12,20,35,51,55,67,81,87,63,38,28,40,20,0,0,7,9,0,0
13,59,94,113,60,51,50,29,31,34,50,58,67,93,143,72,44,31,50,32,14,10,9,10,7,0
14,54,64,67,53,43,18,15,12,25,46,56,62,84,124,63,30,32,50,44,10,0,0,0,0,0
9,39,52,51,21,13,11,0,6,8,13,50,53,59,65,42,13,11,12,8,0,0,0,0,0,0
8,26,40,35,13,9,0,0,0,8,9,25,50,52,51,22,9,10,13,7,0,0,0,0,0,0
9,35,42,29,13,6,9,7,0,8,11,15,45,41,41,13,7,8,12,8,0,0,0,0,0,0
0,35,26,13,10,5,9,0,0,9,0,14,27,26,16,10,7,6,10,6,0,0,0,0,0,0
0,20,14,0,0,9,0,0,0,0,0,11,15,23,11,0,0,0,8,7,0,0,0,0,0,0
0,19,12,5,0,0,0,0,0,6,0,12,17,18,12,8,6,0,10,0,0,0,4,0,0,0
47,83,204,119,82,80,66,61,64,64,61,68,87,78,85,85,92,117,152,101,54,52,50,50,20,14
61,102,82,77,70,69,64,56,60,56,54,64,70,71,99,94,85,117,400,251,63,53,52,50,25,10
53,63,64,63,56,55,55,50,13,7,13,59,62,64,70,64,61,93,262,143,51,43,21,14,13,12
15,53,53,51,28,12,9,0,0,12,12,51,54,52,54,51,50,63,73,66,13,10,9,7,7,0
11,17,50,47,12,0,0,7,14,19,14,30,50,56,56,50,21,25,59,54,19,9,7,6,0,0
5,11,13,13,7,0,10,11,11,7,0,0,10,19,14,10,11,12,45,36,12,8,0,0,0,0
0,9,12,35,25,13,10,10,20,14,27,50,47,53,17,22,9,14,50,11,8,9,6,0,0,0
0,0,12,36,14,14,13,17,31,40,40,54,56,54,53,14,11,14,50,9,12,0,0,0,0,0
0,0,11,30,14,11,15,14,44,52,52,56,58,56,53,13,12,12,50,10,7,0,0,0,0,0
0,0,14,47,23,20,25,20,50,53,53,63,63,60,52,14,6,13,50,10,7,0,0,0,6,0
0,0,15,38,15,20,31,20,47,52,54,57,60,55,34,12,0,11,36,0,0,0,0,0,0,0
8,0,14,35,14,23,34,37,55,54,54,59,61,57,50,8,10,12,30,0,5,6,0,0,0,0
10,6,25,50,30,50,51,53,59,63,64,64,62,56,50,8,11,11,15,0,7,7,0,0,0,0
0,0,7,8,10,10,12,18,52,56,57,53,52,27,0,0,0,0,0,0,0,0,0,0,0,0
10,8,16,35,31,39,38,36,51,60,54,59,60,53,41,23,8,11,27,8,0,7,0,0,0,0
10,12,21,50,52,56,57,55,58,64,59,60,62,61,57,22,13,11,45,10,0,0,0,0,0,0
10,14,48,53,52,56,61,59,68,69,62,63,64,64,59,51,25,12,40,11,8,9,9,6,6,0
12,30,54,58,60,60,68,74,80,83,80,73,69,65,62,55,25,12,51,14,11,10,10,9,8,7
10,36,55,63,68,71,74,76,85,93,89,82,72,71,72,59,50,51,55,42,13,13,10,10,8,8
10,32,58,66,74,72,76,73,82,96,88,79,74,76,74,60,52,53,56,46,13,13,10,6,8,8
9,41,59,72,74,75,73,67,79,81,77,72,75,78,76,62,53,52,51,14,8,0,7,0,8,0
7,36,59,68,75,72,72,64,71,77,68,72,77,81,77,62,51,45,53,15,10,8,0,7,7,0
13,35,53,65,68,70,67,60,56,57,59,69,74,77,71,60,44,43,47,35,21,20,10,13,12,8
12,51,61,69,74,79,70,60,57,57,60,67,75,80,75,61,56,52,54,46,18,12,12,13,11,9
13,51,63,71,69,73,65,55,52,55,58,65,71,75,71,62,54,51,52,45,14,11,9,10,10,7
10,52,62,67,69,67,60,51,51,51,56,68,69,75,70,59,53,51,53,34,14,9,9,10,0,0
10,53,64,68,66,64,56,44,21,46,52,63,68,72,69,58,51,45,53,37,10,10,9,6,0,5
12,53,61,67,65,61,54,22,19,31,51,62,68,71,66,58,50,35,51,17,12,9,6,6,0,0
11,50,58,63,60,58,50,13,14,22,50,60,64,66,66,55,42,21,50,20,7,0,0,0,0,0
10,46,55,64,58,56,27,11,11,14,42,58,62,65,65,54,31,19,38,13,0,7,0,0,0,0
10,53,64,68,63,54,50,7,13,27,47,56,62,69,71,57,41,21,43,13,9,7,8,6,0,0
13,54,98,104,63,52,44,12,18,37,51,56,67,82,88,63,38,27,39,21,0,7,8,8,0,0
13,59,94,113,60,51,50,29,30,35,50,58,67,92,144,72,43,30,48,31,14,10,9,10,7,0
14,54,64,67,52,45,20,15,12,22,43,56,63,84,125,64,30,30,50,47,10,0,0,0,0,0
9,41,52,51,20,13,11,0,6,9,12,47,54,59,66,42,13,12,12,8,0,0,0,0,0,0
8,28,38,30,13,9,0,0,0,7,10,25,50,52,52,20,9,10,13,7,0,0,0,0,0,0
10,36,36,25,13,6,9,7,0,8,11,19,45,39,45,13,7,7,12,8,0,0,0,0,0,0
5,36,25,13,9,5,9,0,0,9,0,14,28,23,20,9,7,6,10,7,0,4,0,0,0,0
0,20,14,0,0,9,0,0,0,4,0,11,16,23,11,0,0,0,8,7,0,0,0,0,0,0
0,20,13,5,0,0,5,0,0,6,0,13,17,18,13,8,6,0,10,0,0,0,5,0,0,0
48,83,206,121,81,80,66,61,64,63,61,68,87,78,85,86,92,117,152,101,55,52,50,42,20,14
60,103,82,78,70,69,64,56,60,56,55,64,69,71,99,95,85,118,400,253,62,53,51,50,27,10
52,63,64,63,56,55,55,50,13,6,14,59,62,64,71,64,61,93,264,143,52,38,20,14,13,12
16,54,54,51,28,12,8,0,0,12,13,51,53,52,54,51,50,63,73,66,13,10,8,6,7,0
11,17,51,50,12,0,0,6,14,21,14,27,45,56,57,50,20,27,59,54,17,9,7,6,0,0
5,10,13,13,7,0,10,11,11,7,0,0,10,17,14,10,11,12,42,38,12,8,0,0,0,0
0,9,12,40,23,13,10,10,22,15,30,50,41,53,15,25,8,14,50,11,9,9,6,0,0,0
0,0,12,38,14,13,13,15,28,40,43,54,56,53,53,14,10,14,50,9,11,0,0,0,0,0
0,0,12,33,14,11,13,14,44,53,52,57,58,56,54,13,12,13,50,10,7,0,0,0,0,0
0,0,14,47,21,20,25,22,50,53,53,63,62,59,53,17,6,13,50,11,7,0,0,0,6,0
0,0,17,41,16,17,34,22,47,51,54,57,60,55,43,13,0,11,38,0,0,0,0,0,0,0
8,0,14,37,14,23,37,40,55,54,53,58,62,56,51,8,10,12,36,0,0,6,0,0,0,0
10,6,29,50,30,50,52,54,59,63,64,65,62,56,50,8,11,11,18,0,7,7,0,0,0,0
0,0,7,9,10,10,12,18,52,56,57,53,52,28,0,0,0,0,0,0,0,0,0,0,0,0
10,8,18,37,33,37,40,39,51,60,54,59,60,52,47,23,9,11,27,7,0,7,0,0,0,0
9,12,25,50,52,56,57,55,58,64,59,60,62,61,58,22,13,12,45,10,0,0,0,0,0,0
9,13,50,53,52,56,61,59,68,69,62,62,64,64,59,52,25,12,40,12,8,9,9,6,5,0
12,32,54,58,60,60,68,73,80,84,80,73,70,65,62,55,26,12,51,14,11,10,10,9,8,7
10,36,56,63,68,71,75,76,84,94,90,82,71,71,73,60,50,52,56,36,13,12,10,10,8,8
10,32,58,66,74,72,76,73,82,96,88,79,74,76,75,61,52,53,56,46,14,12,9,6,8,8
9,41,59,72,74,75,73,67,79,82,77,72,75,78,77,62,53,52,51,14,8,0,7,0,9,0
7,39,59,69,75,72,72,64,71,77,68,72,77,81,78,62,51,47,53,17,9,8,0,7,7,0
13,34,53,65,68,70,67,61,56,58,58,68,73,78,72,61,43,43,48,36,21,20,10,13,12,8
11,51,61,69,74,79,70,60,57,57,61,67,74,80,76,61,56,52,54,50,16,12,12,13,12,8
13,51,63,71,69,72,65,55,52,55,58,66,70,75,71,62,54,51,52,40,14,11,8,11,10,6
10,52,62,67,69,67,60,51,50,51,56,67,69,75,71,60,53,51,54,31,14,9,9,9,0,0
10,53,63,68,66,64,56,42,21,48,52,63,68,71,70,59,51,50,53,33,10,10,9,6,0,0
12,54,61,67,65,61,54,22,19,31,51,62,67,71,66,59,50,41,51,19,13,9,6,5,0,0
11,50,58,63,60,58,50,13,15,17,50,60,64,66,66,55,40,25,51,20,7,0,0,0,0,0
10,46,56,64,57,56,32,11,11,17,47,58,62,64,64,55,29,23,40,13,0,7,0,0,0,0
9,53,63,68,63,54,50,6,14,29,45,56,62,69,71,57,38,21,40,13,9,7,8,6,0,0
13,54,99,105,63,52,44,12,21,39,51,56,67,82,88,63,37,27,39,22,0,7,8,8,0,0
13,58,94,113,60,51,50,29,29,36,50,58,67,92,144,72,41,31,47,31,14,10,9,10,8,0
14,55,64,67,52,43,21,15,12,25,46,56,63,84,125,63,27,32,51,47,11,0,0,0,0,0
9,41,52,52,20,13,11,0,7,9,12,50,54,59,66,45,13,12,12,8,0,0,0,0,0,0
8,26,43,27,13,9,0,0,0,7,10,23,50,51,52,22,9,11,13,7,0,0,0,0,0,0
10,35,38,27,13,5,9,7,0,8,11,21,40,41,45,14,7,8,12,9,0,0,0,0,0,0
0,36,30,13,9,5,10,0,0,9,0,14,28,23,23,10,7,6,10,7,0,4,0,0,0,0
0,20,14,6,0,9,0,0,0,0,0,11,16,22,12,0,0,0,8,7,0,0,0,0,0,0
0,20,13,5,0,0,5,0,0,7,0,13,19,18,13,7,6,0,10,0,0,0,4,0,0,0
47,83,208,120,82,80,66,60,64,64,61,69,87,78,85,86,93,117,152,100,55,52,47,42,20,14
60,103,81,78,69,69,64,56,60,57,55,64,70,71,99,94,85,118,401,253,62,53,51,50,27,10
52,63,64,62,57,55,55,50,13,6,13,59,62,65,70,64,60,94,265,143,52,38,18,14,13,12
16,53,54,51,28,12,9,0,0,13,13,51,53,52,55,51,50,63,73,66,13,10,8,6,6,0
11,17,51,50,12,0,0,7,14,21,14,25,45,56,57,45,21,30,59,55,17,9,7,0,0,0
5,10,13,13,7,0,11,11,11,7,0,0,10,19,14,10,11,12,45,41,12,8,0,0,0,0
0,9,12,40,23,13,11,10,20,19,30,50,41,52,17,20,9,14,51,11,10,9,6,0,0,0
0,0,12,38,15,13,13,14,31,46,46,54,57,53,53,13,10,14,50,9,11,0,0,0,0,0
0,0,12,27,14,11,14,15,47,54,53,57,59,56,54,13,12,13,51,10,7,0,0,0,0,0
0,0,14,50,21,22,25,22,50,53,53,64,62,59,53,20,6,13,50,11,7,0,0,0,7,0
0,0,17,44,16,17,34,20,50,51,54,58,60,55,43,12,0,11,41,0,0,0,0,0,0,0
8,0,14,37,15,21,43,40,55,55,54,59,62,56,51,8,10,12,33,0,0,7,0,0,0,0
9,6,27,50,32,50,52,54,60,64,64,65,62,56,50,9,12,12,16,0,7,7,0,0,0,0
0,0,7,9,10,9,12,18,52,57,57,54,52,29,0,0,0,0,0,0,0,0,0,0,0,0
10,8,15,35,35,37,40,39,51,61,55,59,60,52,48,23,8,11,27,7,0,6,0,0,0,0
9,12,26,50,52,56,57,55,58,65,59,61,63,61,58,22,13,11,43,10,0,0,0,0,0,0
9,13,48,53,52,56,61,59,68,69,62,63,64,64,59,52,25,12,35,12,8,8,9,6,5,0
12,30,54,58,60,60,68,73,80,84,80,73,69,65,62,55,25,13,51,14,11,11,10,8,8,6
10,36,56,63,68,70,75,76,84,94,90,82,71,71,73,59,50,52,56,36,13,12,10,9,8,8
10,30,58,66,74,72,76,73,82,97,88,79,74,75,74,60,52,53,55,42,14,12,9,6,8,8
9,39,59,73,75,75,74,67,79,82,77,72,75,78,77,62,53,52,51,14,7,0,7,0,9,0
7,39,58,69,75,72,72,65,71,77,68,72,76,82,77,62,52,50,54,15,9,8,0,7,7,0
12,34,53,65,68,70,68,60,56,58,58,68,73,78,72,60,43,43,47,37,21,21,10,13,12,7
12,51,61,69,74,79,71,60,57,57,61,68,75,80,76,61,55,52,53,50,18,12,12,13,12,8
12,51,63,71,69,72,65,55,52,55,58,66,71,75,71,62,54,51,53,40,14,11,8,10,10,6
10,52,62,67,69,67,60,50,50,51,57,67,69,74,70,59,53,51,53,29,14,9,9,9,0,0
10,53,64,68,66,63,57,42,23,50,52,63,68,71,70,59,51,47,53,31,10,10,9,6,0,0
12,53,61,67,65,61,54,22,17,33,51,63,67,71,66,59,47,39,51,17,12,9,6,0,0,0
11,50,58,63,60,57,50,13,15,25,50,60,65,66,66,55,37,25,51,20,7,0,0,0,0,0
10,46,55,65,57,56,32,11,11,19,45,59,62,65,65,55,27,25,44,13,0,7,0,0,0,0
9,53,63,68,63,54,50,6,13,31,43,56,62,69,70,57,36,25,43,13,8,7,8,6,0,0
13,54,99,105,63,52,44,12,20,41,52,56,67,82,88,63,36,28,39,21,0,0,8,8,0,0
13,58,93,113,60,51,50,28,29,37,50,58,67,92,144,72,42,30,47,34,14,10,8,10,8,0
14,55,64,67,52,45,23,15,12,25,43,56,63,84,125,63,30,32,51,47,11,0,0,0,0,0
9,42,52,52,21,13,11,0,6,9,12,50,54,59,66,40,13,12,12,8,0,0,0,0,0,0
8,28,40,27,14,9,0,0,0,8,10,25,50,52,52,25,9,11,13,7,0,0,0,0,0,0
10,33,38,27,13,6,10,7,0,8,11,23,40,41,45,13,7,8,12,9,0,0,0,0,0,0
5,36,30,13,9,5,9,0,0,9,0,14,28,25,23,9,6,6,10,7,0,4,0,0,0,0
0,19,14,6,0,9,0,0,0,4,0,11,16,23,13,0,0,0,8,7,0,0,0,0,0,0
0,20,13,5,0,0,5,0,0,7,0,13,20,20,13,7,6,0,10,0,0,0,4,0,0,0
47,83,208,121,82,80,66,61,64,64,62,68,87,78,85,86,93,117,150,100,55,52,47,45,17,13
60,102,81,78,69,69,64,56,61,57,55,64,69,71,99,94,85,118,401,256,62,53,51,50,29,9
52,63,64,61,57,55,55,51,13,6,13,59,62,65,71,64,60,94,264,144,52,36,18,15,13,11
15,53,54,51,26,12,8,0,0,12,13,51,53,52,55,51,50,63,73,66,13,10,8,7,6,0
12,18,51,47,12,0,0,7,14,19,14,25,45,56,57,42,20,27,59,55,17,9,7,0,0,0
5,10,13,13,7,0,11,11,12,7,0,0,9,19,14,11,11,12,40,38,13,8,0,0,0,0
0,9,12,37,23,13,12,10,20,17,30,50,38,52,19,20,8,14,50,11,10,9,6,0,0,0
0,0,12,38,14,13,13,13,31,43,46,54,56,52,52,14,10,14,50,10,11,0,0,0,0,0
0,0,12,30,14,10,13,15,47,54,53,57,59,56,55,13,12,12,51,11,7,0,0,0,0,0
0,0,14,47,25,20,28,20,50,53,53,64,63,58,53,20,6,13,50,11,7,0,0,0,7,0
0,0,17,41,15,17,37,15,44,51,54,57,59,55,40,12,0,11,41,0,0,0,0,0,0,0
8,0,15,40,16,19,40,37,55,54,54,60,62,56,51,8,10,12,33,0,5,7,0,0,0,0
9,6,27,47,37,44,52,53,60,63,64,64,62,56,50,9,12,12,18,0,7,7,0,0,0,0
0,0,7,9,10,9,12,17,52,57,57,54,52,28,0,0,0,0,0,0,0,0,0,0,0,0
9,9,15,35,36,34,41,39,51,61,54,59,60,52,48,21,8,11,29,7,0,6,0,0,0,0
9,12,26,50,52,57,58,55,58,64,59,61,62,61,58,22,13,11,40,10,0,0,0,5,0,0
9,14,50,52,53,56,62,59,68,69,61,63,63,64,60,52,25,12,35,12,9,9,9,6,5,0
12,28,54,58,60,60,68,73,80,84,80,74,70,65,62,55,28,12,51,13,11,11,9,9,8,6
11,38,56,63,68,71,75,76,84,93,89,82,71,71,73,60,50,51,55,40,13,12,10,10,7,8
10,30,58,66,75,72,76,72,82,97,89,79,75,75,75,60,52,53,56,42,14,12,9,6,7,8
9,41,60,73,75,75,74,67,79,81,77,72,75,78,77,62,54,52,51,14,8,0,7,0,8,0
7,39,58,69,75,72,72,65,71,77,68,72,77,82,77,62,52,50,54,16,9,8,0,8,7,0
12,34,54,65,68,70,68,60,56,58,58,69,73,78,72,60,43,43,47,37,21,22,10,14,12,7
12,50,62,69,74,79,71,59,57,57,61,67,74,80,76,60,56,52,53,50,15,12,13,14,12,8
12,51,63,71,69,72,65,55,52,55,58,66,70,75,72,62,54,51,53,40,14,11,8,11,10,6
10,52,62,67,69,67,60,50,51,51,57,67,68,74,71,59,52,50,53,34,14,9,9,9,0,0
10,53,64,68,66,63,57,44,25,50,52,64,68,71,70,59,51,47,53,35,10,10,9,6,0,0
12,53,61,67,65,61,54,20,19,31,51,62,67,70,66,58,47,37,51,17,12,10,6,0,0,0
11,50,57,63,60,58,50,13,15,22,50,60,64,66,66,56,40,25,51,22,7,0,0,0,0,0
10,48,55,65,58,56,35,11,11,21,42,58,62,64,65,55,25,25,38,14,0,0,0,0,0,0
9,53,64,68,63,53,50,0,14,29,43,56,62,69,71,57,33,27,40,14,8,7,8,6,0,0
12,54,99,105,63,52,42,12,21,39,51,56,67,82,88,63,34,30,37,23,0,0,8,8,0,0
13,58,93,113,60,51,50,28,29,38,50,58,67,92,144,73,41,30,46,35,14,11,9,10,8,0
14,55,64,67,52,45,21,15,12,20,40,56,63,84,125,63,32,30,51,47,11,0,0,0,0,0
9,44,52,52,23,13,11,0,6,9,12,47,53,60,65,40,13,12,12,8,0,0,0,0,0,0
8,28,38,27,14,8,0,0,0,8,10,30,50,52,52,22,9,11,13,7,0,0,0,0,0,0
10,35,38,25,13,6,9,7,0,8,11,25,40,41,43,14,7,7,12,9,0,0,0,0,0,0
0,36,30,13,9,4,9,0,0,9,0,14,31,26,21,9,7,6,10,7,0,5,0,0,0,0
0,20,14,6,0,8,0,0,0,4,0,10,15,22,12,0,0,0,8,7,0,0,0,0,0,0
0,20,13,5,0,0,5,0,0,6,0,13,19,20,13,7,7,0,10,0,0,0,4,0,0,0
46,83,210,121,82,80,66,60,64,64,61,68,87,79,85,86,92,117,150,99,55,52,47,42,17,13
59,102,81,78,69,68,64,56,61,57,55,63,69,71,98,94,85,117,403,256,62,53,50,50,31,10
51,63,63,61,56,55,56,51,13,6,13,59,62,65,71,63,60,94,264,143,52,36,18,15,13,12
14,52,53,51,27,12,8,0,0,12,13,50,53,52,54,51,50,62,73,67,13,9,8,7,6,0
12,17,51,50,12,0,0,7,14,19,13,23,45,57,57,40,23,30,60,55,17,9,7,0,0,0
5,10,13,13,7,0,12,10,12,7,0,0,9,21,14,10,11,12,45,38,13,8,0,0,0,0
0,9,12,35,25,13,12,9,20,17,25,50,41,53,17,14,8,14,50,11,10,9,5,0,0,0
0,0,13,36,14,12,13,13,37,46,43,54,56,52,54,13,10,13,50,10,11,7,0,0,0,0
0,0,12,25,14,10,14,15,50,54,53,58,59,56,55,13,12,12,51,11,8,0,0,0,0,0
0,0,14,42,25,20,31,22,51,53,53,64,63,60,53,20,6,13,50,11,7,0,0,0,7,0
0,0,17,41,16,15,40,15,47,52,55,58,59,55,46,12,0,11,41,0,0,0,0,0,0,0
8,0,15,42,18,21,43,37,55,54,54,60,62,56,51,8,11,12,33,0,6,7,0,0,0,0
9,6,27,47,40,47,52,54,60,64,64,64,62,57,50,9,11,12,16,0,8,7,0,0,0,0
0,0,7,10,10,9,13,17,53,57,57,54,52,29,0,0,0,0,0,0,0,0,0,0,0,0
9,9,14,35,35,34,43,40,51,61,54,59,60,52,50,19,8,11,30,7,0,6,0,0,0,0
9,12,26,50,52,56,58,55,58,64,58,61,62,61,58,22,13,11,43,10,0,0,0,0,0,0
10,14,46,52,53,56,61,60,68,69,61,63,63,64,60,52,27,11,37,12,9,9,9,6,5,0
12,30,53,58,61,61,68,73,80,84,79,73,70,65,63,55,28,13,51,14,11,11,9,8,9,6
10,36,56,64,68,71,75,76,84,93,89,82,71,71,73,60,50,51,55,40,13,12,10,10,8,8
10,29,57,66,74,72,76,72,82,97,88,79,75,75,75,60,52,53,55,42,15,12,9,6,7,8
9,41,59,72,75,75,74,67,79,81,77,72,75,78,77,62,54,52,51,14,8,0,6,0,9,0
7,39,58,69,75,73,72,64,71,77,67,72,77,82,78,62,52,50,53,16,9,8,0,8,7,0
12,34,54,65,68,70,67,60,56,58,58,68,73,78,72,60,43,44,48,38,22,22,10,14,13,7
11,51,61,69,73,78,71,59,58,56,61,67,74,80,76,61,56,52,53,48,16,12,12,13,12,8
12,52,63,71,69,71,65,55,53,55,57,66,70,75,72,62,54,51,53,40,14,11,8,11,10,6
10,52,62,67,69,67,60,50,51,51,57,66,69,74,71,59,52,51,53,34,14,9,8,9,0,0
9,53,64,68,66,63,57,42,28,50,52,64,68,71,70,60,51,45,53,35,10,9,9,6,0,0
12,53,60,67,65,60,54,20,21,35,51,62,66,71,67,58,50,37,51,17,12,10,6,0,0,0
10,50,58,63,60,57,50,13,15,25,50,60,64,67,66,55,40,25,51,20,7,0,0,0,0,0
10,46,55,65,58,56,37,11,12,19,40,58,62,65,65,55,23,25,40,13,0,7,0,0,0,0
10,53,63,68,63,53,50,0,14,29,40,56,62,70,71,57,33,25,43,13,9,7,8,7,0,0
12,54,99,105,63,52,45,12,25,37,51,56,67,82,87,64,34,28,37,22,0,0,7,8,0,0
13,58,93,113,60,52,50,29,32,38,49,58,67,93,144,72,42,30,48,34,14,10,9,10,7,0
13,55,64,67,52,43,21,15,12,22,40,56,62,85,125,63,32,27,52,47,11,0,0,0,0,0
8,46,52,51,23,13,11,0,6,8,12,50,53,60,65,37,13,12,13,8,0,0,0,0,0,0
8,26,40,30,14,8,5,0,0,9,9,27,50,52,52,22,9,11,14,7,0,0,0,0,0,0
10,35,42,25,13,5,10,7,0,8,10,27,40,45,43,13,7,7,12,9,0,0,0,0,0,0
0,35,30,13,9,5,9,0,0,9,0,14,31,30,21,9,7,6,10,7,0,4,0,0,0,0
0,20,14,5,0,9,0,0,0,4,0,10,14,25,12,0,0,0,8,7,0,0,0,0,0,0
0,20,12,5,0,0,5,0,0,7,0,13,17,20,13,7,7,0,10,0,0,0,4,0,0,0
47,83,208,120,82,80,67,60,64,65,61,68,87,79,84,85,92,117,150,99,55,52,47,45,17,13
59,102,80,78,70,68,64,56,61,57,54,63,69,71,98,94,85,117,403,254,62,53,51,50,29,10
51,63,63,61,56,55,57,51,13,7,12,59,62,64,70,63,60,93,262,143,52,36,18,15,12,12
14,52,53,51,30,12,9,0,0,12,12,50,54,52,54,51,50,62,72,66,13,9,8,7,7,0
12,17,50,47,12,0,0,7,14,14,13,25,45,57,57,40,25,27,59,55,17,9,7,0,0,0
4,10,13,13,7,0,12,10,12,7,0,0,10,21,14,10,11,12,45,36,13,7,0,0,0,0
0,9,12,32,25,13,12,9,20,14,25,50,44,53,15,15,8,13,50,11,10,10,6,0,0,0
0,0,12,33,14,13,13,13,34,46,37,54,56,52,53,13,10,13,50,9,12,0,0,0,0,0
0,0,10,25,14,11,15,17,47,53,53,58,59,56,54,13,12,12,50,11,7,0,0,0,0,0
0,0,13,42,25,20,34,25,51,52,53,64,64,61,54,20,6,13,50,10,8,0,0,0,7,0
0,0,15,44,16,17,37,15,44,52,55,58,59,56,40,12,6,11,41,0,0,0,0,0,0,0
8,0,15,40,18,21,43,35,55,54,54,61,62,56,51,8,11,11,27,0,6,7,0,0,0,0
9,6,21,47,42,50,52,53,60,63,64,64,62,57,50,9,12,11,14,0,8,7,0,0,0,0
0,0,6,10,10,10,14,17,53,57,57,55,52,30,0,0,0,0,0,0,0,0,0,0,0,0
10,9,14,33,35,35,44,39,51,61,54,59,60,53,45,21,8,11,27,8,0,0,0,0,0,0
9,12,23,50,52,57,58,55,59,65,58,61,61,61,57,25,13,11,43,9,0,0,0,0,0,0
10,14,48,52,54,56,61,60,68,69,61,63,63,63,59,52,29,11,37,12,10,8,9,5,5,0
12,30,53,58,61,61,68,73,80,83,80,74,69,66,62,55,26,13,51,13,11,11,9,9,8,6
10,36,55,64,68,71,75,76,85,93,89,82,70,72,73,59,50,51,55,44,13,12,10,9,8,8
11,30,57,66,75,72,76,72,82,97,89,79,74,75,75,60,52,53,55,41,15,12,9,6,8,8
9,41,59,72,75,75,74,67,79,80,77,72,75,78,76,61,54,52,51,13,8,0,7,0,9,0
7,38,58,69,75,73,72,65,71,77,67,72,77,83,77,63,52,50,53,14,10,8,0,8,7,0
12,35,53,64,68,70,67,61,57,57,58,69,72,77,71,60,43,43,47,38,22,21,10,14,13,7
12,51,61,69,74,79,71,59,57,56,61,68,74,80,76,61,55,52,53,45,16,12,12,13,12,7
12,52,62,70,70,71,65,55,52,55,58,66,70,75,71,62,54,51,53,38,15,11,8,11,10,7
10,52,62,67,69,67,61,51,51,52,57,67,69,75,70,59,52,50,53,34,14,9,8,10,0,0
9,53,64,68,66,63,57,42,26,50,52,65,68,71,69,60,51,45,52,33,10,9,9,6,0,0
12,53,60,67,65,61,54,20,21,33,51,62,67,71,67,58,50,33,51,17,12,10,6,5,0,0
11,50,57,63,60,57,50,12,15,27,50,60,64,67,66,56,45,23,50,20,7,0,0,0,0,0
10,48,55,65,58,55,35,11,12,19,40,58,62,65,65,55,27,25,36,13,0,0,0,0,0,0
9,53,63,68,63,53,47,6,13,29,40,57,62,70,71,57,36,25,43,13,8,7,8,7,0,0
12,54,98,104,63,52,47,12,23,37,51,56,67,82,87,64,36,28,37,21,0,0,7,8,0,0
13,59,93,113,60,52,50,29,32,37,48,58,67,92,144,73,43,28,48,35,14,10,9,11,7,0
14,54,64,67,52,45,20,15,13,20,37,56,62,85,125,63,35,25,51,41,10,0,0,0,0,0
8,46,52,51,23,13,11,0,6,8,12,47,53,60,65,40,13,12,13,8,0,0,0,0,0,0
8,26,36,32,14,8,5,0,0,9,9,27,50,52,52,20,10,10,14,7,0,0,0,0,0,0
10,36,38,25,13,6,10,7,0,8,10,25,45,45,41,14,7,7,12,9,0,0,0,0,0,0
5,35,25,13,9,5,9,0,0,10,0,14,31,32,20,9,7,6,10,7,0,5,0,0,0,0
0,21,13,5,0,9,0,0,0,4,0,11,15,25,11,0,0,0,8,7,0,0,0,0,0,0
0,20,12,5,0,0,5,0,0,6,0,12,17,21,13,7,7,0,10,0,0,0,4,0,0,0
46,83,208,121,82,80,67,61,64,64,62,68,87,78,85,85,91,117,149,99,55,52,50,47,19,13
59,102,80,78,70,68,64,56,61,57,54,63,68,71,97,94,85,116,403,253,62,53,51,50,27,9
52,63,63,62,56,55,56,51,13,7,13,59,61,64,70,63,60,93,262,142,52,36,20,14,13,12
14,52,53,51,30,12,9,0,0,11,12,50,53,52,54,51,50,62,72,66,13,9,8,7,7,0
12,17,50,45,12,0,0,7,13,14,14,23,45,57,56,40,23,30,59,54,17,9,7,6,0,0
5,11,13,13,7,0,11,10,12,6,0,0,9,23,13,10,11,11,45,30,13,7,0,0,0,0
0,9,13,35,27,12,12,10,20,14,30,51,41,53,15,17,8,13,50,11,10,9,6,0,0,0
0,0,12,36,14,13,14,13,34,46,37,55,56,53,53,13,11,12,50,9,12,0,0,0,0,0
0,0,10,30,14,10,17,17,47,53,53,58,58,56,54,13,12,12,50,10,8,0,0,0,0,0
0,0,13,40,25,20,37,25,51,53,52,64,64,61,54,15,6,13,50,10,8,0,0,0,7,0
0,0,15,41,16,20,37,17,47,52,54,58,59,56,40,12,6,10,41,0,0,0,0,0,0,0
8,0,15,37,20,21,40,35,55,54,54,60,62,57,51,8,11,11,27,0,6,6,0,0,0,0
9,6,25,50,42,47,52,54,60,63,64,65,61,57,50,9,11,12,14,0,8,7,0,0,0,0
0,0,7,10,10,10,14,18,53,57,57,55,52,30,0,0,0,0,0,0,0,0,0,0,0,0
10,8,14,33,35,37,44,39,51,61,55,59,60,53,44,19,8,11,27,8,0,0,0,0,0,0
9,12,21,50,52,57,58,55,59,64,58,61,61,61,57,17,13,11,43,9,7,0,0,0,0,0
10,14,48,53,54,56,61,60,68,69,62,63,63,63,59,51,27,11,37,11,10,9,10,6,5,0
12,32,53,58,61,60,68,73,80,83,80,74,69,65,62,55,26,12,51,13,12,11,9,9,9,6
11,36,56,63,68,71,75,76,85,93,89,82,71,71,73,59,50,50,55,46,13,12,10,9,8,8
11,30,57,65,75,72,76,72,83,97,89,79,74,75,75,60,52,53,55,42,15,13,9,7,8,8
9,44,59,72,75,75,74,67,79,80,77,72,75,78,76,61,54,51,51,14,8,0,7,0,9,0
7,38,58,69,75,73,71,64,71,77,67,72,77,82,77,62,52,50,53,14,10,8,0,8,8,0
12,35,53,64,67,70,67,61,57,57,58,68,73,77,71,60,43,43,47,38,22,20,10,14,13,8
12,51,61,69,74,79,71,59,57,56,61,67,74,80,76,61,56,52,53,43,15,11,13,13,12,7
13,52,63,71,70,71,65,55,52,54,58,66,70,75,72,62,54,51,53,40,14,11,8,11,10,7
9,52,62,67,69,67,61,51,51,51,57,67,69,75,70,59,52,50,53,36,14,9,8,10,0,0
10,53,64,69,66,63,56,42,23,48,52,64,68,71,69,60,51,45,52,35,10,9,8,6,0,0
12,53,60,67,64,61,54,20,21,33,51,62,67,71,67,58,50,35,51,17,12,9,6,6,0,0
11,50,58,63,60,57,50,12,15,22,50,60,65,67,66,56,45,25,50,22,7,0,0,0,0,0
10,50,55,64,58,55,35,11,12,15,40,58,62,65,64,55,25,25,36,13,0,0,0,0,0,0
10,53,63,69,63,53,47,6,13,27,43,57,61,70,70,57,36,25,40,13,9,7,8,7,0,0
12,54,98,104,63,52,50,12,25,37,51,56,67,82,86,63,38,27,37,20,0,0,7,8,0,0
13,59,93,113,60,52,51,29,32,36,49,58,67,92,143,73,43,28,48,32,14,10,9,11,6,0
14,55,63,67,53,43,20,14,12,22,40,57,62,85,124,63,32,25,51,38,11,0,0,0,0,0
8,44,52,52,23,13,11,0,6,8,12,50,53,60,65,45,13,11,13,8,0,0,0,0,0,0
8,26,38,32,13,8,5,0,0,8,9,30,50,52,51,15,9,10,14,6,0,0,0,0,0,0
10,36,38,25,13,6,10,7,0,8,10,27,43,47,45,13,7,7,12,8,0,0,0,0,0,0
6,36,25,13,9,5,9,0,0,9,0,15,31,32,20,9,7,6,10,7,0,4,0,0,0,0
0,22,13,5,0,8,0,0,0,4,0,11,14,23,11,0,0,0,8,7,0,0,0,0,0,0
0,20,12,5,0,0,5,0,0,6,0,12,15,21,13,7,7,0,10,0,0,0,4,0,0,0
45,82,209,121,82,81,67,61,63,64,61,68,87,79,85,85,92,117,150,98,55,52,50,47,17,13
59,102,80,78,70,68,64,56,60,57,54,63,68,72,98,94,86,117,404,252,63,52,51,50,25,9
52,63,63,62,57,55,56,51,12,7,12,60,61,65,70,63,60,93,261,143,52,36,16,14,13,12
14,52,53,50,31,12,9,0,0,11,12,51,53,53,54,51,50,62,72,66,13,9,8,7,7,0
12,15,50,45,12,0,0,7,13,14,13,25,43,57,57,45,25,32,58,54,17,9,7,6,0,0
5,10,14,13,7,0,11,10,11,6,0,0,10,23,14,10,11,12,45,33,13,7,0,0,0,0
0,9,13,37,27,12,11,10,20,15,27,50,41,52,14,15,9,14,50,11,10,9,5,0,0,0
0,0,13,41,15,13,14,13,34,46,34,55,56,52,52,13,11,13,50,9,12,0,0,0,0,0
0,0,11,27,15,11,15,15,44,53,52,58,57,56,54,13,12,12,50,10,8,0,0,0,0,0
0,0,13,45,25,22,37,28,50,52,52,64,63,62,54,15,6,13,50,10,7,0,0,0,7,0
0,0,19,47,18,20,34,20,47,52,55,58,59,56,40,12,6,10,36,0,0,0,0,0,0,0
8,0,15,37,21,21,50,37,55,55,54,60,62,57,52,8,11,11,25,0,6,6,0,0,0,0
9,6,27,50,42,50,52,54,60,63,64,65,61,57,50,10,12,12,13,0,8,7,0,0,0,0
0,0,7,10,10,10,13,20,53,57,57,55,52,30,0,0,0,0,0,0,0,0,0,0,0,0
10,8,14,33,33,39,45,39,52,61,55,59,60,54,44,21,8,10,26,8,0,0,0,0,0,0
9,12,23,50,52,56,58,55,59,64,58,61,62,61,57,17,13,11,40,9,7,0,6,0,0,0
9,14,48,53,53,56,61,59,68,69,62,63,63,63,59,51,27,11,35,12,10,8,10,6,5,0
12,33,53,58,61,61,68,73,80,82,80,74,69,65,62,55,26,12,51,13,12,10,9,9,8,6
11,33,56,63,68,71,76,76,85,94,89,81,71,71,72,59,50,51,54,44,13,11,10,9,8,8
11,30,57,66,75,73,76,72,82,97,89,79,74,75,75,60,52,53,55,42,16,12,9,7,8,8
9,44,59,72,75,75,74,67,78,80,77,72,75,78,76,61,54,52,52,14,8,0,7,0,9,0
7,39,58,70,75,73,72,64,70,77,66,72,76,82,77,62,53,50,53,14,10,8,0,7,8,0
12,35,53,65,67,70,68,61,56,57,58,69,73,77,71,60,43,44,46,37,22,19,11,14,13,8
12,51,61,70,74,79,71,59,57,56,60,68,74,80,76,61,56,52,54,43,16,11,12,13,12,7
12,53,62,71,70,71,65,55,52,55,58,66,70,75,71,62,54,52,53,38,14,10,9,11,10,7
10,51,62,67,69,66,61,51,50,52,57,67,69,75,70,59,52,50,52,34,14,9,8,10,0,0
10,53,64,69,66,63,56,40,20,50,52,64,68,71,68,59,51,47,52,33,11,8,8,6,0,0
11,53,61,67,64,61,54,22,21,31,51,62,67,72,67,58,50,35,51,17,12,9,6,6,0,0
10,50,58,63,61,57,50,12,14,27,50,60,65,66,66,56,42,25,50,20,7,0,0,0,0,0
10,50,55,64,58,56,32,12,12,19,37,58,61,65,64,55,29,23,38,13,0,0,0,0,0,0
10,53,63,68,63,54,50,6,13,27,40,57,61,70,70,57,36,23,40,13,9,7,7,7,0,0
12,54,98,104,63,52,50,13,26,37,51,56,67,82,87,63,40,27,39,20,0,0,7,8,0,0
13,58,93,113,60,52,51,29,32,35,50,58,67,93,143,73,43,28,47,32,14,9,9,11,7,0
14,54,64,67,53,43,20,14,12,27,40,57,62,85,124,63,32,25,51,38,11,0,0,0,0,0
8,42,52,52,23,13,11,0,6,8,12,50,53,60,65,47,13,12,13,8,0,0,0,0,0,0
8,25,40,35,13,8,5,0,0,8,10,27,50,52,51,15,9,10,14,6,0,0,0,0,0,0
9,33,38,27,13,6,10,7,0,9,10,27,43,47,47,13,8,7,12,8,0,0,0,0,0,0
6,36,25,13,9,5,9,0,0,10,0,15,30,30,18,9,7,6,10,6,0,4,0,0,0,0
0,21,14,0,0,9,0,0,0,4,0,11,14,25,11,0,0,0,8,7,0,0,0,0,0,0
0,20,12,5,0,0,5,0,0,6,0,12,17,22,13,7,7,0,10,0,0,0,4,0,0,0
46,83,208,121,82,81,66,61,63,64,61,68,87,78,85,85,92,117,148,98,55,52,50,45,20,13
60,102,80,78,70,69,64,56,60,57,54,63,69,71,98,94,86,116,405,252,62,52,51,50,25,9
52,63,63,62,57,56,56,51,12,6,12,59,62,65,70,63,61,93,260,143,52,36,18,14,13,12
14,53,53,51,31,12,9,0,0,11,12,51,53,52,54,51,50,62,72,65,13,9,8,7,7,0
12,16,50,50,12,0,0,7,13,14,13,23,40,56,56,45,25,35,58,54,17,9,7,6,0,0
5,10,13,13,7,0,11,10,11,0,0,0,10,19,14,11,11,12,42,30,12,7,0,0,0,0
0,9,13,42,27,12,10,11,20,15,27,50,36,52,14,15,8,14,47,11,10,9,6,0,0,0
0,0,13,44,14,13,13,14,31,43,34,55,56,51,51,13,11,13,47,8,11,0,0,0,0,0
0,0,10,33,14,11,14,17,41,53,52,58,58,55,53,13,13,12,47,10,8,0,0,0,0,0
0,0,13,50,25,22,31,28,50,52,52,64,63,61,53,14,6,13,50,10,7,0,0,0,7,0
0,0,17,44,18,22,31,17,44,51,54,58,59,56,34,12,6,10,36,0,0,0,0,0,0,0
8,6,15,37,21,19,46,37,55,54,54,60,62,57,51,8,11,11,25,0,7,7,0,0,0,0
9,0,29,50,47,50,52,54,60,63,64,65,61,57,50,9,12,12,13,0,8,7,0,0,0,0
0,0,7,10,10,10,13,21,52,56,57,54,52,30,0,0,0,0,0,0,0,0,0,0,0,0
10,8,14,32,33,40,43,39,51,61,55,59,59,54,44,21,8,10,27,8,0,6,0,0,0,0
9,12,23,50,52,56,58,55,58,64,59,60,62,61,57,17,13,11,40,9,7,0,0,0,0,0
9,14,50,53,53,57,61,59,67,69,62,63,63,63,59,51,27,11,32,11,9,8,10,6,5,0
12,30,54,58,61,60,68,73,80,83,80,74,69,65,61,55,28,12,51,13,12,10,10,9,8,6
10,35,56,63,69,71,75,76,85,94,89,81,70,71,73,60,50,51,54,44,13,11,10,9,8,8
11,29,57,66,75,73,76,72,83,97,89,79,74,75,74,60,52,53,55,41,16,13,9,7,8,8
9,44,59,72,75,75,74,67,78,80,77,72,75,78,76,61,55,51,52,14,8,0,7,0,9,0
7,38,58,70,75,73,72,64,70,77,67,72,76,81,77,62,53,50,53,14,10,8,0,8,8,0
12,35,53,65,68,70,67,61,56,57,58,69,72,77,71,60,44,43,46,37,21,19,11,15,13,8
12,51,61,70,75,79,71,59,57,56,60,68,74,79,76,61,56,52,53,43,16,10,12,13,12,8
13,53,63,71,70,71,65,55,52,55,58,66,70,75,71,61,54,52,52,40,14,10,9,10,10,7
10,51,62,67,69,66,61,51,50,51,57,67,69,75,70,59,52,50,52,31,13,9,8,10,0,0
10,53,64,69,66,63,55,40,18,50,52,64,68,71,68,59,51,47,52,35,11,8,8,6,0,0
11,53,61,67,64,61,54,22,23,29,51,62,67,72,66,58,50,37,51,14,12,9,6,6,0,0
11,48,58,63,61,57,50,12,14,25,50,60,64,66,65,55,45,27,50,17,7,0,0,0,0,0
11,50,55,65,58,56,30,12,12,17,42,58,61,65,64,55,31,23,36,13,0,0,0,0,0,0
9,53,63,69,63,54,50,6,14,25,45,57,61,69,70,57,36,21,40,12,9,7,7,7,0,0
13,54,98,104,63,52,48,12,21,33,51,56,67,82,87,63,40,27,39,19,0,0,7,8,0,0
13,58,93,114,60,52,51,30,31,35,50,58,66,92,143,73,43,30,47,32,14,9,9,10,7,0
14,54,63,67,53,45,20,14,12,25,40,57,62,84,124,63,32,27,51,36,11,0,0,0,0,0
8,42,52,52,25,13,11,0,6,8,12,50,53,60,65,50,13,12,13,7,0,0,0,0,0,0
7,25,38,37,13,9,0,0,0,8,10,30,50,52,51,15,9,10,13,6,0,0,0,0,0,0
10,31,34,33,13,6,9,7,0,8,10,27,40,43,45,14,7,8,12,8,0,0,0,0,0,0
6,36,25,13,9,4,9,0,0,9,0,18,31,28,18,10,7,6,10,6,0,4,0,0,0,0
0,22,14,5,0,9,0,0,0,4,0,11,14,23,12,0,0,0,8,7,0,0,0,0,0,0
0,20,12,5,0,0,5,0,0,6,0,12,19,22,13,7,7,0,10,0,0,0,4,0,0,0
