0,8,10,14,11,11,16,20,14,71,90,92,112,118,138,126,135,99,12,0,0,0,12,7,7,13
11,6,10,11,9,7,11,12,12,68,102,105,117,123,134,125,127,117,18,0,0,12,14,10,5,9
11,6,9,13,12,12,20,11,54,92,106,111,119,132,137,134,131,120,18,0,0,11,22,12,10,9
13,11,13,9,13,8,13,12,32,80,106,114,127,137,138,136,127,114,27,0,0,11,28,12,11,14
13,9,8,11,7,0,5,7,7,81,101,113,128,135,141,125,116,103,11,0,0,10,12,11,10,14
13,0,0,10,0,0,11,17,11,70,105,113,131,141,148,125,106,92,7,0,0,6,13,13,10,15
14,0,9,8,0,0,23,14,48,66,83,109,134,143,155,124,110,85,11,0,0,6,23,10,13,11
11,0,5,12,7,6,28,52,32,71,93,117,141,155,152,127,113,85,9,0,0,8,13,8,11,13
12,8,5,8,6,0,9,15,63,85,89,111,134,149,145,122,108,82,12,0,0,7,9,12,8,9
14,10,10,13,10,0,25,46,56,103,107,107,128,137,141,125,105,88,7,0,0,6,10,7,10,8
11,0,0,9,14,0,21,55,67,91,111,113,123,124,131,122,94,85,6,0,0,5,10,8,10,10
10,7,0,12,15,0,19,56,80,102,109,110,127,131,125,120,105,101,0,0,0,7,10,8,7,5
11,0,0,10,12,0,32,54,82,108,112,109,122,126,123,122,101,90,0,0,0,6,9,7,6,5
13,7,5,9,13,0,14,64,85,108,116,124,132,137,130,117,104,90,7,0,0,7,10,9,10,7
14,10,8,13,10,10,17,56,85,108,115,113,125,126,119,103,101,78,7,0,0,7,10,9,10,11
11,7,7,13,27,10,53,89,103,110,121,119,130,129,126,111,106,95,7,0,0,0,13,10,9,12
40,23,11,29,29,11,57,87,107,109,128,132,157,156,156,139,112,101,9,0,0,7,12,12,10,12
13,7,6,10,36,14,47,65,76,90,124,128,160,170,168,138,113,98,7,0,0,6,6,8,9,9
12,11,11,15,14,14,53,59,72,91,106,112,130,161,147,118,91,74,0,0,0,0,6,0,4,0
8,7,11,14,35,32,55,59,77,96,110,124,140,140,126,120,91,70,0,0,0,5,12,7,6,5
41,14,12,14,33,17,50,65,86,94,105,126,145,143,126,105,89,77,0,0,0,4,12,11,7,6
25,15,14,30,32,8,50,60,78,94,122,135,143,135,120,103,91,69,0,0,0,6,6,12,9,10
45,14,18,42,37,15,34,55,67,108,116,131,122,125,109,84,75,58,0,0,0,9,10,11,9,8
56,31,27,50,50,18,19,55,72,93,109,124,117,119,101,76,64,53,0,0,0,0,11,10,9,10
55,40,27,43,43,16,27,51,68,91,112,109,113,106,94,69,60,50,0,0,0,0,10,10,11,8
62,47,30,42,34,15,35,52,60,84,106,103,112,104,82,62,56,32,0,0,0,6,9,8,10,8
59,28,15,31,28,15,32,43,60,82,90,96,103,95,74,54,55,29,0,0,0,0,9,5,9,10
52,15,12,25,27,13,18,39,57,79,101,101,103,85,64,35,51,20,0,0,0,0,5,7,8,7
46,13,10,20,14,11,14,38,56,73,96,104,102,78,54,21,43,12,0,0,0,7,11,8,10,7
38,13,10,13,11,11,12,36,55,75,92,92,91,67,38,36,48,10,0,0,0,0,7,8,7,5
14,10,0,11,10,10,11,22,53,76,87,84,78,58,15,47,25,8,0,0,0,0,8,0,0,5
11,7,7,9,9,8,11,26,50,73,96,87,80,56,12,30,23,0,0,0,0,0,6,0,0,4
10,5,0,0,6,0,10,9,47,76,87,78,62,47,13,12,14,6,0,0,0,4,0,0,0,5
9,6,0,0,9,5,6,14,35,76,77,71,61,51,25,14,13,7,0,0,0,0,5,0,0,0
5,0,0,0,0,0,9,11,35,80,90,65,59,39,38,14,22,7,0,0,0,0,0,0,0,0
8,0,0,7,0,0,7,12,39,64,81,65,53,16,42,16,21,9,0,0,0,0,6,5,0,0
6,0,0,0,5,0,7,11,13,48,81,59,56,46,24,15,13,11,0,0,0,5,8,7,0,0
0,0,0,0,0,5,0,9,11,45,62,59,51,26,19,13,11,9,0,0,0,0,5,5,5,0
0,0,0,0,7,0,4,8,13,36,62,54,51,32,14,12,10,5,0,0,0,5,0,4,5,6
8,7,6,0,8,0,5,11,14,39,65,50,44,41,22,22,9,0,0,0,0,0,4,0,0,0
0,8,10,14,11,11,16,22,15,72,90,93,112,118,138,124,134,95,23,0,0,10,12,7,7,13
11,0,10,11,9,7,11,12,12,69,102,105,118,123,134,125,126,115,52,0,0,12,14,10,4,9
11,0,9,12,12,12,25,11,59,95,107,111,120,132,137,133,130,118,55,0,0,11,21,12,10,9
12,11,14,9,12,8,13,13,42,83,106,115,129,138,138,135,127,111,56,0,0,11,28,13,11,14
13,9,8,11,7,0,6,8,8,85,102,115,130,135,141,125,115,101,15,0,0,10,12,11,10,13
13,0,0,10,0,0,12,25,13,73,106,115,132,141,148,124,106,87,12,0,0,6,13,13,10,15
14,0,9,9,0,0,29,15,50,67,85,112,136,142,154,122,109,80,19,0,0,6,22,10,13,11
11,0,6,12,7,6,34,52,44,73,96,120,143,154,151,126,110,79,13,0,0,8,13,8,11,13
12,8,5,7,0,0,9,18,65,88,92,114,136,149,144,121,106,76,17,0,0,8,9,12,8,9
14,10,10,12,10,0,28,52,62,104,109,110,129,138,140,124,102,80,11,0,0,6,10,7,10,8
11,0,0,9,14,0,28,57,72,93,112,115,125,125,131,121,91,74,10,0,0,6,10,8,10,10
10,7,0,11,15,0,25,58,86,103,110,111,128,132,125,119,103,92,9,0,0,7,10,8,7,6
11,0,0,10,12,0,39,58,90,110,113,110,123,126,123,122,99,76,9,0,0,6,9,7,6,5
13,7,5,9,13,0,17,67,95,109,117,125,133,137,130,117,103,76,10,0,0,7,9,9,9,7
14,11,9,13,10,11,23,65,95,110,116,115,126,126,119,102,100,66,11,0,0,8,10,9,10,12
11,8,7,14,27,10,60,100,106,112,122,120,130,129,126,110,104,81,11,0,0,0,13,11,9,12
40,25,12,36,31,12,63,93,110,110,129,133,157,155,154,137,111,94,14,0,0,7,12,12,10,13
13,8,6,11,38,16,50,68,79,92,126,129,161,168,164,134,112,87,10,0,0,6,5,8,8,9
11,11,11,18,14,17,55,60,73,93,107,114,131,161,146,116,89,67,9,0,0,4,6,0,4,0
8,7,11,14,40,42,58,60,79,100,112,127,142,140,127,119,89,64,0,0,0,5,13,7,6,6
44,16,12,14,33,19,53,73,93,97,107,127,147,144,127,105,88,70,0,0,0,4,12,11,6,6
20,14,14,27,35,9,52,66,82,97,123,136,145,136,120,103,89,60,0,0,0,7,6,12,9,10
33,12,14,42,40,15,40,58,70,110,118,133,123,126,109,83,74,54,0,0,0,9,10,11,9,8
54,21,27,45,50,16,30,56,75,95,110,125,119,119,101,75,63,50,0,0,0,4,11,10,9,10
50,36,29,50,47,19,40,53,70,94,113,110,114,107,94,68,60,37,0,0,0,0,10,10,11,8
53,41,35,46,37,21,41,53,62,86,107,105,113,105,82,62,57,18,0,0,0,6,9,8,10,8
54,30,22,35,32,17,33,50,62,84,92,98,104,96,74,54,55,19,0,0,0,0,9,6,9,10
52,20,13,30,29,14,25,46,59,81,102,103,104,85,64,36,51,14,0,0,0,0,5,7,8,8
53,19,12,22,19,12,22,50,57,75,99,105,102,78,54,26,43,11,0,0,0,8,11,8,11,8
55,21,12,13,13,12,14,50,57,78,94,93,91,67,43,44,48,9,0,0,0,4,7,8,8,5
50,13,6,12,11,10,13,35,55,79,88,85,79,59,19,50,26,7,0,0,0,0,8,0,0,6
12,9,8,11,10,8,12,32,52,75,96,87,82,57,12,32,23,0,0,0,0,0,6,0,0,4
11,7,5,5,6,0,11,10,51,77,86,78,63,50,13,12,14,5,0,0,0,5,0,0,0,5
10,7,0,0,9,0,7,19,45,76,77,72,62,52,20,13,13,5,0,0,0,0,5,0,0,0
9,0,0,0,0,0,9,11,42,81,90,66,60,39,38,14,22,6,0,0,0,0,0,0,0,0
9,0,0,6,0,0,8,13,44,67,82,67,54,15,40,15,21,7,0,0,0,0,6,5,0,0
6,0,0,0,5,0,7,11,13,50,82,60,57,50,22,14,13,10,0,0,0,5,8,7,0,0
0,0,0,0,0,6,0,8,11,48,64,60,51,28,19,13,11,8,0,0,0,0,5,5,5,0
0,0,0,0,7,0,4,7,12,38,63,55,52,35,14,12,10,4,0,0,0,5,0,4,5,6
8,7,6,0,8,0,5,11,15,42,67,52,48,43,23,22,9,0,0,0,0,0,4,0,0,0
0,8,10,14,11,11,17,23,17,72,91,94,112,118,137,123,132,93,43,0,0,10,12,7,7,13
11,6,11,11,9,7,12,13,12,72,103,106,118,122,133,124,126,114,65,0,0,12,14,10,4,9
11,5,9,12,12,12,28,12,62,98,108,112,121,132,137,133,130,118,70,0,0,12,21,12,10,9
13,12,14,9,12,8,14,14,50,88,107,116,129,138,138,135,127,111,71,0,0,11,28,13,11,13
13,9,8,11,7,0,6,8,8,90,104,116,131,136,141,125,115,101,42,0,0,10,12,11,10,13
13,0,0,10,0,0,13,32,13,76,107,116,133,142,148,124,105,86,21,0,0,6,13,13,10,15
14,0,10,9,0,0,34,18,52,68,88,114,137,143,154,122,108,78,40,0,0,7,22,10,13,11
11,0,6,12,6,6,34,52,50,74,98,122,144,154,150,125,109,77,25,0,0,8,13,8,11,13
12,9,5,7,0,0,9,21,67,89,95,116,137,150,143,120,104,73,32,0,0,8,9,11,8,9
14,11,11,12,10,0,35,53,67,105,110,111,130,138,140,123,101,75,14,0,0,7,10,7,10,8
12,0,0,9,14,0,32,59,76,95,113,116,126,126,130,121,89,69,13,0,0,6,10,8,10,10
10,8,0,11,17,0,32,59,88,103,111,112,129,132,126,119,101,86,12,0,0,8,10,8,7,6
11,6,0,10,12,0,42,61,92,110,114,110,123,126,123,122,96,71,11,0,0,7,9,7,6,5
13,8,6,9,13,0,21,70,100,110,117,126,133,137,130,116,102,71,12,0,0,8,9,9,10,7
14,11,9,13,10,11,28,69,100,111,117,115,127,126,119,102,98,61,14,0,0,9,10,9,10,12
12,8,8,14,30,11,63,101,107,113,123,121,130,129,125,110,103,74,13,0,0,0,13,11,9,12
41,27,12,36,34,12,65,96,112,111,130,134,157,154,152,137,109,88,32,0,0,7,11,12,11,13
13,8,6,11,38,16,51,70,81,94,127,130,162,168,161,132,109,81,11,0,0,6,5,8,8,10
11,11,11,18,14,19,56,61,75,95,109,115,132,162,146,115,87,63,11,0,0,5,5,0,4,0
8,7,11,14,40,50,60,61,81,101,114,128,143,141,127,118,88,60,7,0,0,6,13,7,6,6
47,20,13,14,30,17,56,79,97,98,109,129,149,145,127,105,87,67,6,0,0,5,12,11,7,6
18,14,13,15,28,9,53,69,85,98,125,138,146,138,120,102,87,55,0,0,0,7,6,12,9,10
22,11,13,45,40,15,37,59,72,112,119,134,125,127,109,81,72,53,5,0,0,9,10,11,9,8
52,14,25,47,50,15,30,57,76,97,112,127,120,120,101,74,62,50,0,0,0,4,11,10,9,10
41,35,33,50,50,17,45,53,72,96,115,112,115,108,94,68,59,35,0,0,0,0,10,11,11,8
50,40,40,48,42,25,43,54,64,88,110,106,114,106,82,62,56,15,0,0,0,7,9,8,10,8
53,34,30,37,35,20,33,50,63,86,94,99,105,96,73,54,54,19,0,0,0,0,9,6,9,10
53,27,17,33,33,14,31,50,61,83,104,105,105,86,63,39,50,14,0,0,0,0,5,7,8,8
57,40,17,28,25,13,30,51,59,77,101,107,103,79,54,33,42,11,0,0,0,8,11,8,11,8
60,50,14,14,14,13,16,50,58,80,97,93,93,68,47,50,48,10,0,0,0,4,8,9,8,5
55,20,9,13,12,11,15,42,56,81,90,86,81,60,23,51,30,7,0,0,0,0,9,0,0,6
13,11,9,11,10,8,13,35,53,76,97,88,82,57,13,35,25,0,0,0,0,0,6,0,0,4
12,9,6,5,7,0,12,11,52,78,87,79,64,50,13,11,14,5,0,0,0,5,0,0,0,5
11,8,5,0,9,0,8,21,50,76,78,73,62,53,16,13,13,5,0,0,0,0,5,0,0,0
11,0,0,0,0,0,10,11,47,82,92,67,61,37,38,14,22,6,0,0,0,0,5,0,0,0
11,0,0,6,0,0,7,12,46,68,83,67,53,15,36,15,21,7,0,0,0,0,6,5,0,0
7,0,0,0,5,0,7,10,14,51,83,60,57,50,22,14,13,10,0,0,0,5,8,7,0,0
0,0,0,0,0,6,0,7,11,50,64,60,52,26,19,13,10,7,0,0,0,0,5,5,5,0
0,0,0,0,7,0,4,7,12,39,64,55,53,36,14,12,10,4,0,0,0,6,0,4,5,6
8,7,6,0,9,0,5,11,15,42,67,53,50,44,23,22,9,0,0,0,0,0,5,0,0,0
0,8,10,14,11,11,17,30,21,74,91,94,112,118,137,124,132,96,52,0,0,12,11,7,7,13
11,6,11,11,9,7,12,14,13,75,103,106,118,122,134,124,125,116,71,0,0,13,14,10,4,9
11,5,9,13,12,13,31,12,65,100,108,112,121,132,137,133,130,119,77,0,0,12,21,12,10,9
13,12,15,10,12,8,14,16,52,89,107,116,130,138,138,135,127,113,77,0,0,12,28,13,11,14
13,10,9,12,7,0,7,9,9,92,104,116,131,136,141,124,115,103,52,0,0,11,12,11,10,13
13,0,0,10,0,0,13,40,14,78,107,116,133,142,147,124,105,91,34,0,0,7,13,13,9,15
14,0,10,9,0,0,38,23,54,69,88,114,137,143,154,122,108,82,50,0,0,9,20,10,13,11
11,0,6,12,6,6,37,52,54,75,100,122,144,154,150,125,109,80,35,0,0,9,13,8,11,13
11,9,5,7,0,0,9,28,69,91,95,116,137,150,143,120,104,76,42,0,0,9,8,11,8,9
14,11,11,12,10,0,39,56,73,105,110,112,130,138,141,123,100,79,27,0,0,8,10,7,10,8
12,0,0,9,15,0,39,61,79,97,114,117,126,126,130,121,89,74,14,0,0,7,10,8,10,10
10,8,0,11,17,0,35,63,94,104,111,113,129,132,126,119,101,93,13,0,0,9,10,8,7,6
11,7,0,10,12,0,50,65,100,111,114,111,124,126,123,122,96,78,13,0,0,7,8,7,6,5
13,8,6,9,13,0,25,72,101,111,117,126,133,138,130,117,102,78,13,0,0,9,9,9,9,7
27,11,9,13,10,11,37,75,101,112,118,116,127,126,119,102,98,68,17,0,0,10,10,9,10,12
12,9,8,14,32,11,67,103,109,113,123,121,131,129,125,110,103,80,14,0,0,0,14,11,9,12
41,29,12,36,34,13,68,100,113,112,130,134,156,154,152,137,109,95,42,0,0,7,11,12,10,13
13,8,6,12,39,16,51,74,84,95,128,130,161,167,162,132,110,86,12,0,0,7,5,8,8,10
11,11,11,21,14,21,59,62,76,96,109,115,132,162,147,115,87,66,12,0,0,6,5,0,4,0
8,7,11,15,40,51,62,64,84,102,115,128,143,140,127,118,88,63,8,0,0,7,13,7,6,6
50,21,13,14,30,19,58,88,100,100,109,128,148,144,127,105,87,71,8,0,0,5,12,11,7,6
15,13,12,15,35,10,55,74,89,100,125,137,146,137,121,103,90,60,0,0,0,8,6,12,8,10
17,9,12,47,45,18,34,61,74,113,119,134,125,127,110,84,74,55,6,0,0,9,10,11,9,8
50,13,25,50,51,14,33,58,79,98,112,126,120,120,102,76,63,52,0,0,0,5,10,10,9,10
26,31,39,51,51,17,50,54,73,97,115,112,115,108,95,68,59,50,0,0,0,6,10,10,10,9
38,40,46,51,46,31,50,54,65,89,109,106,114,106,83,63,56,28,0,0,0,8,9,8,10,8
51,42,36,42,37,25,33,51,65,87,94,99,105,96,74,54,54,29,0,0,0,0,9,5,9,10
55,40,30,37,37,14,33,51,62,84,104,104,105,86,63,39,51,20,0,0,0,4,5,7,8,8
62,52,32,33,29,13,37,52,60,79,101,106,103,79,54,31,43,12,0,0,0,9,11,8,11,8
65,54,27,17,17,14,21,52,60,81,97,93,93,68,36,50,50,11,0,0,0,5,7,8,8,5
59,50,12,14,13,11,18,50,57,82,90,86,81,60,19,52,32,8,0,0,0,0,8,0,0,6
14,13,11,12,10,7,13,39,55,78,97,88,82,58,13,40,26,0,0,0,0,5,6,0,0,4
13,10,6,6,7,0,12,12,52,80,87,79,64,50,13,12,14,6,0,0,0,6,0,0,0,5
12,9,5,0,8,0,8,23,50,78,78,72,62,53,18,13,13,7,0,0,0,0,5,0,0,0
13,0,0,0,0,0,10,11,50,85,92,67,61,39,43,15,25,7,0,0,0,0,5,0,0,0
12,0,0,6,0,0,7,12,50,69,83,68,54,15,40,16,23,9,0,0,0,0,6,5,0,0
7,0,0,0,5,0,7,10,14,53,83,60,57,50,23,15,13,11,0,0,0,6,8,7,0,0
0,0,0,0,0,6,0,6,11,50,65,59,52,28,19,13,11,8,0,0,0,0,5,5,5,0
0,5,4,0,7,0,4,6,12,40,64,55,53,36,14,12,10,5,0,0,0,6,0,4,5,6
8,8,7,0,10,0,5,11,17,43,68,53,50,44,25,22,9,0,0,0,0,0,4,0,0,0
0,8,10,14,11,11,19,30,23,75,91,94,112,118,137,124,132,99,52,0,0,12,11,7,7,13
12,7,11,11,9,7,12,14,13,77,103,106,118,123,134,125,125,117,73,0,0,13,14,10,4,9
11,5,9,13,12,13,34,12,66,100,108,112,121,132,137,132,129,120,79,0,0,13,22,12,10,9
13,12,16,10,12,9,14,16,54,91,107,116,130,138,138,134,126,114,77,0,0,13,28,13,11,14
13,10,9,12,7,0,7,10,9,92,104,116,131,136,141,124,114,104,52,0,0,11,12,11,10,13
13,6,0,10,0,0,14,42,14,78,107,116,133,142,147,124,105,93,34,0,0,8,13,13,9,15
14,0,11,9,0,0,40,25,55,69,88,114,137,143,153,121,108,83,50,0,0,9,20,10,13,11
11,0,6,13,6,6,40,52,56,75,100,122,145,155,151,125,108,80,35,0,0,9,13,8,11,13
12,9,5,7,0,0,10,28,69,92,95,116,137,151,144,120,103,76,40,0,0,9,8,11,8,9
14,11,11,13,10,0,42,56,74,105,110,112,130,138,141,122,100,80,27,0,0,8,10,7,10,8
12,0,0,9,15,0,39,63,80,97,114,117,126,126,131,121,89,75,14,0,0,8,10,8,10,10
10,9,0,11,17,0,39,63,95,104,111,113,129,132,126,119,101,95,13,0,0,9,10,8,7,6
11,7,0,11,12,0,51,66,100,111,114,111,124,126,124,121,96,80,13,0,0,8,8,7,6,5
13,8,6,9,14,5,28,74,101,111,118,127,133,138,130,117,102,81,13,0,0,9,9,9,10,8
27,11,9,14,10,12,40,76,102,112,118,116,127,126,120,102,98,71,17,0,0,10,10,9,10,12
12,9,8,14,32,11,69,103,109,114,123,121,131,129,125,110,103,82,15,0,0,0,14,11,9,12
41,29,12,36,34,13,69,100,114,112,131,134,156,154,153,137,109,97,42,0,0,7,11,12,10,13
13,8,6,12,39,17,52,74,84,95,128,130,161,168,162,132,110,87,12,0,0,7,5,8,8,10
11,11,11,21,14,25,60,62,76,97,109,115,132,163,147,115,87,67,12,0,0,6,5,0,5,0
8,7,11,17,42,52,63,64,84,102,115,128,143,140,127,118,88,64,8,0,0,7,13,7,6,6
50,21,13,14,33,21,58,88,100,100,109,128,148,144,127,105,87,72,8,0,0,6,12,11,7,6
15,13,12,15,35,10,55,75,89,100,125,137,145,136,121,103,89,60,0,0,0,8,6,12,8,10
15,9,12,50,47,21,37,62,74,114,119,134,124,126,110,83,74,56,6,0,0,10,10,10,9,8
50,13,27,50,51,16,36,59,79,99,112,126,120,120,102,76,63,52,0,0,0,5,10,10,9,10
26,33,41,52,51,19,50,54,73,98,115,112,115,108,95,68,59,50,0,0,0,6,10,11,10,9
38,41,48,51,48,34,50,55,65,89,109,106,114,106,83,63,56,30,0,0,0,8,9,8,10,8
51,44,38,43,37,26,35,51,65,87,94,99,104,96,74,54,54,31,0,0,0,0,9,5,9,10
55,43,30,37,37,15,35,51,62,84,104,104,104,86,64,39,50,22,0,0,0,5,5,7,8,8
63,52,32,35,31,13,37,52,60,79,101,106,103,79,54,28,43,12,0,0,0,9,11,8,11,8
64,54,29,19,18,14,23,52,60,81,97,93,92,68,34,50,50,11,0,0,0,5,7,8,8,5
59,50,12,14,13,11,20,50,57,82,90,86,80,60,17,52,32,9,0,0,0,0,8,0,0,6
14,13,11,12,11,7,13,41,55,78,96,87,82,58,13,40,25,0,0,0,0,5,6,0,0,4
13,10,6,6,7,0,13,12,53,80,87,78,64,50,13,12,14,6,0,0,0,6,0,0,0,5
12,9,5,0,9,0,8,25,51,78,78,72,62,53,20,13,13,7,0,0,0,0,5,0,0,0
13,6,5,0,0,0,10,12,51,86,92,67,61,39,45,15,23,8,0,0,0,0,5,0,0,0
12,0,0,6,0,0,7,12,50,70,83,68,54,16,40,17,24,9,0,0,0,0,6,5,0,0
8,0,0,0,5,0,7,10,14,54,82,60,57,51,23,15,13,11,0,0,0,6,8,7,0,0
0,0,0,0,0,6,0,6,11,51,65,60,51,26,19,13,11,8,0,0,0,0,5,5,5,0
0,5,4,0,7,0,4,6,12,41,63,55,53,36,14,12,10,5,0,0,0,6,0,4,5,6
9,8,7,0,10,0,5,11,17,44,68,53,50,44,25,22,9,0,0,0,0,0,5,0,0,0
0,8,10,14,11,11,19,33,23,75,91,94,112,118,137,124,132,99,53,0,0,12,11,6,7,13
12,7,11,11,9,7,12,14,13,79,103,106,118,123,133,125,125,117,73,0,0,13,14,10,4,9
12,6,9,13,12,13,34,13,68,100,107,112,121,132,136,132,129,120,80,0,0,13,22,12,10,9
13,12,15,10,12,9,14,18,54,92,107,116,130,138,138,134,126,114,77,0,0,13,28,13,11,14
13,10,9,12,7,0,8,10,9,94,104,116,131,136,141,124,114,104,52,0,0,12,12,11,10,13
13,0,0,10,0,0,14,42,15,78,107,116,133,142,147,124,105,93,31,0,0,8,13,13,10,15
14,0,11,8,0,0,40,28,55,70,88,115,137,143,153,121,108,84,50,0,0,9,20,10,13,11
11,0,7,12,6,6,40,52,56,76,100,123,145,155,151,125,108,81,33,0,0,10,13,8,11,13
12,9,6,7,0,0,10,31,71,93,95,117,137,151,144,120,103,76,38,0,0,10,8,11,8,9
14,11,12,13,10,0,46,56,76,106,111,112,130,138,141,122,100,80,25,0,0,8,10,7,10,8
12,0,0,10,16,0,42,63,83,99,114,117,126,126,131,121,88,75,14,0,0,8,10,8,10,10
10,9,0,12,19,0,39,65,96,105,112,113,129,132,126,119,100,96,13,0,0,9,10,8,7,6
11,7,0,11,12,0,52,66,100,111,114,111,124,126,123,121,95,81,13,0,0,8,8,7,6,5
13,8,6,10,14,5,31,74,101,112,118,126,133,138,130,116,102,82,13,0,0,9,9,9,10,8
27,11,9,14,11,12,43,77,102,113,118,116,127,126,120,102,98,72,17,0,0,10,10,9,10,11
12,9,8,14,35,11,69,103,110,114,124,121,131,129,125,110,103,83,14,0,0,6,13,11,10,12
41,29,12,31,34,13,70,101,114,112,131,134,156,154,153,137,110,98,40,0,0,8,11,12,11,13
13,9,7,11,39,18,52,74,85,96,128,130,161,168,163,133,109,88,12,0,0,7,5,8,8,10
11,12,11,21,15,27,60,62,77,97,109,115,132,164,147,116,87,67,12,0,0,6,5,0,5,4
8,7,11,17,45,52,63,64,85,102,115,128,143,141,127,118,88,64,8,0,0,7,13,7,6,6
50,23,13,17,36,21,58,88,101,100,109,128,148,144,127,105,87,73,8,0,0,6,12,11,7,6
16,13,12,15,39,10,55,75,90,100,125,137,146,136,121,103,89,61,0,0,0,8,6,12,9,10
20,9,12,51,50,21,40,62,75,114,119,134,124,126,110,84,74,57,6,0,0,10,10,11,9,8
41,13,27,51,52,20,41,59,79,99,112,126,120,120,102,76,63,53,0,0,0,5,10,10,9,10
30,33,43,51,51,20,50,54,74,98,115,112,115,108,95,69,59,50,0,0,0,6,10,11,11,9
39,42,48,51,48,34,50,55,66,89,109,106,114,106,83,63,56,30,0,0,0,8,9,8,10,8
50,46,39,42,37,27,36,52,65,87,94,99,104,96,74,54,54,31,0,0,0,0,9,5,9,10
56,45,32,39,39,15,37,51,62,85,104,104,105,86,64,39,51,25,0,0,0,5,5,7,8,8
64,53,32,39,33,13,40,52,60,79,101,106,102,79,53,28,43,12,0,0,0,9,11,8,11,8
63,54,29,19,18,16,27,52,60,81,97,93,93,68,34,50,50,11,0,0,0,5,7,9,8,6
59,50,12,14,13,11,21,50,57,83,90,85,80,60,17,52,30,9,0,0,0,0,8,0,0,6
14,13,11,11,11,8,13,41,55,78,96,87,82,58,13,42,25,0,0,0,0,5,6,0,0,4
13,11,6,7,8,0,13,12,53,80,87,78,64,50,13,12,14,6,0,0,0,6,0,0,0,5
12,9,5,0,9,0,8,25,51,79,78,72,63,53,20,14,13,7,0,0,0,0,5,0,0,0
12,6,5,0,6,0,10,12,51,86,92,68,61,41,45,15,25,8,0,0,0,0,5,0,0,0
12,0,0,7,0,0,7,13,50,70,83,68,54,16,40,17,24,9,0,0,0,0,6,5,0,0
9,0,0,0,5,0,7,11,14,55,82,60,57,51,23,16,13,11,0,0,0,6,8,7,0,0
0,0,0,0,0,6,0,6,11,51,65,59,51,26,19,14,11,8,0,0,0,4,5,5,5,0
0,5,5,0,7,0,4,5,12,41,63,55,53,36,14,12,10,5,0,0,0,6,0,4,5,6
9,8,7,0,10,0,5,11,18,45,68,53,50,44,25,23,9,0,0,0,0,0,4,0,0,0
0,8,11,15,11,12,17,30,23,75,91,94,112,118,137,124,133,99,52,0,0,12,11,6,7,13
12,7,11,12,9,7,12,14,13,79,103,106,118,123,133,125,125,117,71,0,0,13,13,10,5,9
11,6,9,13,12,13,37,13,66,100,107,112,121,132,136,132,129,120,77,0,0,13,22,12,10,9
13,12,16,10,12,9,14,18,54,94,107,116,130,138,138,134,126,114,76,0,0,13,27,13,11,14
13,10,9,12,7,0,8,10,9,94,104,116,131,136,141,124,114,104,50,0,0,12,12,11,10,13
13,0,0,10,0,0,14,42,15,79,108,116,133,142,146,124,106,93,28,0,0,8,13,13,10,15
14,0,11,8,0,0,45,30,56,70,88,115,137,143,153,121,108,83,47,0,0,9,20,10,13,11
11,0,7,12,6,7,43,52,57,76,100,123,145,155,151,125,108,80,29,0,0,10,13,8,11,13
12,9,6,7,0,0,10,28,71,94,95,117,137,151,144,120,103,76,34,0,0,10,8,11,8,9
14,11,12,13,10,0,50,57,76,106,111,112,130,138,141,122,100,79,20,0,0,9,10,7,10,8
12,0,0,9,16,0,42,64,83,100,114,117,126,126,130,121,88,75,13,0,0,8,10,9,10,10
10,9,0,13,19,0,42,65,97,105,112,113,129,132,126,119,100,93,12,0,0,9,10,8,7,5
11,7,0,11,12,0,52,66,100,111,114,111,124,126,123,122,95,81,12,0,0,8,8,7,6,5
13,8,6,10,14,5,31,75,101,112,118,127,133,138,130,116,102,82,12,0,0,9,9,9,10,7
27,11,9,14,11,12,43,79,102,113,118,116,127,126,120,102,98,72,15,0,0,10,10,9,10,11
12,9,8,14,35,11,69,103,110,114,124,121,131,129,125,110,103,83,14,0,0,6,13,11,10,12
41,29,12,31,34,14,71,101,114,113,131,134,156,155,153,137,110,98,37,0,0,8,11,12,11,13
13,9,6,11,41,18,53,74,84,96,128,130,161,168,163,133,109,88,12,0,0,7,5,8,8,10
11,12,11,21,15,30,60,63,77,97,109,115,132,164,148,116,87,67,12,0,0,7,5,0,5,0
8,7,11,17,47,53,63,64,85,102,115,128,143,141,127,118,88,64,8,0,0,8,13,7,6,6
50,23,13,20,38,23,58,88,100,100,109,128,148,144,127,105,87,72,7,0,0,6,12,11,6,6
15,13,12,20,39,10,56,75,90,100,125,138,146,136,121,103,89,61,0,0,0,9,6,12,9,10
17,9,12,51,50,25,43,62,75,114,119,134,124,126,110,84,73,57,6,0,0,10,10,10,9,8
41,14,29,52,51,21,44,59,78,99,112,126,120,120,102,76,63,53,0,0,0,6,10,10,9,10
30,35,43,51,51,20,50,55,74,98,115,112,115,108,95,69,59,50,0,0,0,6,10,11,11,9
39,42,50,51,50,36,50,56,66,89,109,106,114,106,83,63,56,28,0,0,0,8,9,8,10,8
50,48,39,43,38,28,36,52,65,87,94,99,104,96,74,54,54,31,0,0,0,0,9,5,9,10
56,45,34,39,39,17,37,51,62,85,104,104,105,86,64,39,51,25,0,0,0,5,5,7,8,8
63,53,32,39,33,13,42,52,61,79,101,106,102,79,53,26,43,12,0,0,0,9,11,8,11,8
63,54,29,19,20,17,27,52,60,81,97,93,93,68,34,50,50,11,0,0,0,5,7,9,8,6
59,50,12,14,13,11,22,50,57,83,89,85,80,60,19,52,30,9,0,0,0,0,8,0,0,6
14,13,11,11,11,8,13,41,55,78,96,87,82,59,13,42,23,0,0,0,0,5,6,0,0,4
13,11,6,7,8,0,13,12,53,80,87,78,64,50,13,12,14,6,0,0,0,6,0,0,0,5
12,10,6,0,9,4,8,25,51,79,78,72,63,53,20,14,14,7,0,0,0,0,5,0,0,0
12,6,5,0,6,0,10,12,51,86,91,68,62,41,45,16,25,8,0,0,0,0,5,0,0,0
12,6,0,7,0,0,7,13,50,70,83,68,54,16,40,17,24,9,0,0,0,0,6,5,0,0
9,0,0,0,5,0,7,11,14,55,82,61,57,51,23,17,13,11,0,0,0,6,8,7,0,0
0,0,0,0,0,6,0,7,11,51,65,60,51,26,19,14,11,8,0,0,0,4,5,5,5,0
0,5,5,0,7,0,4,6,12,41,63,56,53,37,14,12,10,5,0,0,0,6,0,4,5,6
9,8,7,0,10,0,6,11,18,45,68,53,50,44,25,25,9,0,0,0,0,0,5,0,0,0
0,8,11,15,11,12,19,33,25,75,91,94,112,118,137,123,133,99,51,0,0,12,11,6,7,13
12,7,11,12,9,7,12,14,13,79,103,106,118,123,133,125,125,117,68,0,0,13,13,11,5,9
11,6,9,13,12,14,37,13,66,100,107,112,121,132,136,132,129,120,76,0,0,13,22,12,10,8
13,12,16,10,12,9,15,20,54,95,107,116,130,138,138,135,126,114,75,0,0,13,27,13,11,14
13,10,9,12,7,0,8,10,9,94,104,116,131,136,141,124,114,104,47,0,0,12,12,11,10,13
13,0,0,10,0,0,14,42,15,79,108,116,133,142,147,124,105,93,23,0,0,8,13,13,10,15
14,0,11,8,0,0,45,30,56,71,88,115,138,143,153,121,108,83,43,0,0,9,22,10,13,11
11,0,7,12,7,7,43,53,57,77,100,123,145,156,151,125,108,80,25,0,0,10,13,8,11,13
12,9,6,7,0,0,10,28,71,94,95,117,136,151,144,120,102,75,30,0,0,10,8,11,8,9
14,11,12,13,11,0,50,58,77,106,111,112,130,138,141,122,100,79,14,0,0,8,10,6,10,8
12,0,0,9,16,0,46,64,84,100,114,117,126,126,130,121,88,75,12,0,0,8,10,8,10,10
10,9,0,13,19,0,46,65,97,105,112,113,129,132,126,119,100,93,12,0,0,9,10,8,7,5
11,7,0,11,12,0,52,68,100,111,114,111,124,127,123,122,95,80,11,0,0,8,9,7,6,5
13,8,7,10,14,5,31,75,101,112,118,126,133,138,130,116,102,81,12,0,0,9,9,9,10,7
14,11,10,14,11,12,46,80,102,113,118,116,127,126,119,102,99,71,14,0,0,10,10,8,10,11
12,9,8,14,37,11,70,103,110,114,124,121,131,129,125,110,103,82,14,0,0,0,13,11,10,12
41,29,12,31,36,14,71,101,114,113,131,133,157,155,154,137,110,98,32,0,0,8,11,13,11,13
13,8,6,11,41,19,53,75,85,97,128,131,161,168,164,134,109,88,12,0,0,7,5,7,8,10
11,12,11,21,15,33,60,63,77,98,109,115,132,165,148,116,87,67,11,0,0,6,5,0,5,4
8,7,11,19,47,53,64,64,85,103,115,129,143,141,127,118,88,64,7,0,0,8,13,7,6,6
50,21,13,20,38,25,59,89,101,101,109,128,148,144,127,105,87,72,7,0,0,6,12,11,6,6
16,13,13,20,42,11,56,75,91,101,125,138,146,136,121,103,89,61,0,0,0,9,6,12,9,10
17,9,13,51,50,25,46,62,75,114,119,134,124,126,110,84,74,56,6,0,0,10,10,10,9,8
14,14,29,52,52,21,44,60,79,99,112,126,120,120,103,76,62,52,0,0,0,6,10,10,9,10
30,35,45,51,51,22,51,55,74,98,115,112,115,108,95,69,59,50,0,0,0,6,10,11,11,9
39,43,50,51,50,36,50,56,66,89,109,106,114,106,83,63,56,28,0,0,0,8,9,8,10,8
50,50,39,43,38,30,39,52,65,87,93,99,104,96,74,54,55,29,0,0,0,0,9,5,9,10
56,47,36,39,37,19,39,51,62,85,104,104,105,86,64,39,51,23,0,0,0,5,5,7,8,8
63,53,32,41,33,14,42,52,61,79,101,106,102,79,53,26,42,12,0,0,0,9,11,8,11,8
62,54,31,21,20,17,27,52,60,81,97,93,93,68,31,50,50,11,0,0,0,5,7,9,8,6
58,50,12,14,13,12,23,50,57,83,89,85,80,60,19,52,30,9,0,0,0,0,8,0,0,6
14,13,11,11,11,8,13,42,55,78,96,87,82,59,12,45,23,0,0,0,0,5,6,0,0,5
13,11,6,7,8,0,13,12,54,80,87,78,64,51,13,12,14,6,0,0,0,6,0,0,0,5
12,10,6,0,9,4,9,25,52,79,78,72,63,53,21,14,14,7,0,0,0,0,5,0,0,0
12,6,5,0,6,0,10,12,51,87,91,68,62,42,45,16,25,8,0,0,0,0,5,0,0,0
12,6,0,7,0,0,7,13,50,71,83,69,55,18,40,17,25,9,0,0,0,0,6,5,0,0
9,0,0,0,6,0,7,12,15,56,82,61,57,51,24,17,14,11,0,0,0,6,8,7,0,0
0,0,0,0,0,6,0,7,11,52,65,60,51,28,19,14,11,8,0,0,0,4,5,5,5,0
0,5,5,0,7,0,4,6,12,41,63,56,53,37,14,13,11,5,0,0,0,6,0,4,5,6
9,8,7,0,10,0,6,11,18,45,68,54,50,44,25,25,9,0,0,0,0,0,5,0,0,0
0,8,11,16,11,12,20,36,25,75,91,94,112,118,137,124,133,100,47,0,0,12,12,6,7,12
11,7,11,12,10,8,13,14,13,79,103,106,118,123,133,124,125,117,65,0,0,13,14,10,5,9
11,6,9,13,12,14,37,13,68,101,107,112,121,132,136,132,129,120,69,0,0,13,22,12,10,8
13,12,16,10,13,9,18,20,54,97,107,116,130,138,138,134,126,114,71,0,0,13,27,12,11,14
13,10,9,12,7,0,8,10,10,94,104,116,131,136,141,124,114,104,37,0,0,12,12,11,10,13
13,0,0,10,0,0,14,45,15,80,107,116,133,142,147,123,105,93,17,0,0,8,13,13,10,15
14,0,11,8,0,0,47,30,56,71,88,115,137,144,153,121,107,83,36,0,0,9,22,10,13,11
11,0,7,12,7,7,43,54,57,77,100,123,144,156,151,125,108,80,15,0,0,10,13,8,11,13
11,9,6,7,0,0,10,31,72,94,96,117,136,151,144,120,102,75,26,0,0,10,8,11,8,9
14,11,12,13,10,0,51,58,77,106,111,112,130,138,141,122,99,79,13,0,0,8,10,6,10,8
11,0,0,10,16,0,46,65,84,100,114,117,126,126,130,120,88,76,12,0,0,8,10,8,10,10
10,8,0,13,19,0,50,67,97,105,112,113,129,132,126,119,100,95,11,0,0,9,10,8,7,5
11,7,0,11,12,0,54,68,100,112,115,111,124,127,123,122,94,81,10,0,0,8,9,6,6,5
13,8,7,10,14,5,31,77,102,112,118,126,133,138,130,116,102,81,11,0,0,9,9,9,10,7
14,11,10,14,11,12,50,80,102,113,118,116,127,126,120,102,98,72,13,0,0,10,10,8,10,11
12,8,8,15,37,12,70,103,110,115,124,121,131,129,125,110,103,82,13,0,0,0,14,11,9,12
40,29,12,34,36,14,72,101,114,113,131,133,157,156,154,137,109,98,25,0,0,8,11,13,11,13
13,8,7,11,41,19,54,75,85,97,128,131,161,169,164,134,109,89,11,0,0,7,5,7,8,10
11,11,11,25,15,33,61,63,77,98,109,115,133,166,148,116,87,67,11,0,0,7,5,0,5,0
8,7,11,19,50,54,65,65,85,103,115,129,143,141,127,118,87,64,7,0,0,8,13,7,6,6
50,20,13,20,41,25,59,90,101,101,109,129,148,144,127,105,87,73,6,0,0,6,13,11,6,6
16,13,13,20,42,11,56,76,91,101,125,138,145,136,121,103,89,62,0,0,0,9,6,12,9,10
15,9,13,52,50,28,46,62,75,114,119,134,124,127,110,84,74,57,5,0,0,10,10,10,9,8
14,13,29,52,52,23,44,60,79,99,112,126,120,121,103,76,62,53,0,0,0,6,10,10,9,10
28,33,45,52,52,23,51,55,74,98,115,112,115,108,95,69,59,50,0,0,0,6,10,11,11,9
39,42,50,51,50,38,51,56,66,89,109,105,114,106,83,63,56,30,0,0,0,8,9,8,10,8
50,48,40,43,38,30,39,52,65,87,93,99,104,96,74,54,55,29,0,0,0,0,9,5,9,10
56,47,36,41,39,19,39,52,62,85,103,104,105,86,64,39,51,25,0,0,0,5,5,7,8,8
63,53,34,42,33,14,45,52,61,79,101,106,102,79,53,26,41,12,0,0,0,9,11,8,11,8
62,53,31,23,20,18,27,52,60,81,97,93,93,68,31,50,50,11,0,0,0,6,7,9,8,5
58,46,12,14,13,12,23,50,57,83,90,85,80,60,19,52,30,9,0,0,0,0,8,0,0,6
14,13,11,11,11,8,13,42,56,78,96,87,82,60,12,42,23,5,0,0,0,5,6,0,0,5
13,11,7,7,8,0,13,13,53,81,87,78,64,51,13,12,14,6,0,0,0,6,0,0,0,5
12,10,6,0,9,5,9,27,52,79,78,72,63,53,21,14,14,7,0,0,0,0,5,0,0,0
12,6,5,0,6,0,10,12,52,88,91,68,62,42,45,16,26,8,0,0,0,0,5,0,0,0
12,0,0,7,0,0,8,13,50,71,83,69,55,18,42,17,24,9,0,0,0,0,6,5,0,0
9,0,0,0,6,0,7,12,15,56,82,61,58,51,24,17,13,11,0,0,0,6,8,7,0,0
0,0,0,0,0,6,0,8,11,52,65,60,51,28,19,14,11,8,0,0,0,4,5,5,5,0
0,5,5,0,7,0,4,6,12,42,63,55,53,37,14,13,10,5,0,0,0,6,0,4,5,6
8,8,7,0,10,0,6,11,18,46,68,54,50,44,26,25,9,0,0,0,0,0,5,0,0,0
0,8,11,16,11,12,20,36,25,75,92,94,112,118,137,124,133,100,37,0,0,12,12,7,7,12
11,7,11,12,10,8,13,14,13,79,103,106,119,123,133,124,125,117,58,0,0,13,14,10,5,9
11,6,10,13,12,14,40,13,68,100,108,112,121,132,136,132,129,120,63,0,0,13,22,12,10,8
13,12,18,10,12,9,21,20,54,97,107,116,130,138,138,134,126,114,64,0,0,13,27,13,11,14
13,10,9,12,7,0,8,10,10,94,104,116,131,137,141,124,114,104,27,0,0,12,12,11,10,13
13,0,0,10,0,0,15,45,15,79,107,116,134,143,146,124,105,93,14,0,0,8,13,13,10,14
14,0,11,9,0,0,50,28,56,71,88,115,138,144,154,121,108,84,25,0,0,9,22,10,13,11
11,0,7,12,7,7,43,54,57,77,100,123,144,156,151,125,107,80,13,0,0,9,13,8,11,13
11,9,6,8,0,0,10,31,71,94,96,117,136,151,144,119,102,75,19,0,0,10,8,11,8,9
14,11,12,13,11,0,50,59,77,106,111,112,130,138,141,122,100,79,12,0,0,8,10,6,9,8
11,0,0,10,16,0,46,66,83,100,114,117,126,126,131,120,88,75,10,0,0,8,10,8,10,10
10,8,0,13,19,0,50,68,96,105,112,113,129,133,126,119,100,93,9,0,0,9,10,8,7,5
11,7,0,11,12,0,54,69,100,111,114,111,124,127,123,121,94,81,9,0,0,8,9,6,6,5
13,8,7,10,14,5,34,77,101,112,118,126,133,138,130,116,102,81,10,0,0,9,9,9,9,7
14,11,10,14,11,12,51,81,102,113,118,116,127,126,119,102,99,71,12,0,0,10,10,8,10,11
12,9,9,15,37,12,72,104,110,114,124,121,131,129,125,110,103,82,12,0,0,0,14,11,9,12
40,29,13,36,38,14,72,101,115,113,131,133,157,157,155,137,109,98,17,0,0,8,11,13,11,13
13,8,7,11,41,19,54,75,85,96,128,131,162,169,165,134,109,90,10,0,0,7,5,7,8,10
11,11,11,25,15,36,61,64,77,98,109,115,133,167,149,116,87,67,10,0,0,7,5,0,5,0
8,7,11,21,50,54,65,65,86,103,115,129,144,141,127,118,87,64,6,0,0,8,13,7,6,6
47,21,13,20,41,28,60,90,101,101,109,129,148,144,127,104,87,72,0,0,0,6,12,11,6,6
16,13,13,25,46,11,56,76,91,101,125,137,146,137,121,103,89,62,0,0,0,9,6,12,8,10
14,8,13,52,50,28,50,62,75,114,119,134,125,127,110,83,74,57,0,0,0,10,10,10,9,8
14,13,31,52,52,25,47,60,79,99,112,126,120,121,103,76,62,52,0,0,0,6,10,10,9,10
28,33,45,52,52,23,51,55,74,98,115,112,115,108,95,68,59,51,0,0,0,6,10,10,11,9
39,43,50,51,50,38,51,56,66,89,109,105,114,106,83,63,56,30,0,0,0,8,9,8,10,8
46,48,40,45,38,30,39,52,65,86,93,99,104,96,74,54,55,29,0,0,0,0,8,5,9,10
56,45,36,41,37,19,43,52,62,85,103,104,105,85,64,39,51,23,0,0,0,5,5,7,8,8
63,53,34,41,33,14,45,52,61,80,101,106,102,79,53,25,41,12,0,0,0,9,11,8,11,8
62,53,31,23,20,17,27,52,60,81,97,92,92,68,29,50,48,11,0,0,0,6,7,8,8,5
58,50,12,14,13,12,23,50,57,83,89,85,80,60,19,52,30,9,0,0,0,0,8,0,0,6
14,13,11,11,11,8,14,44,56,78,96,87,82,60,12,40,23,0,0,0,0,5,6,0,0,5
13,11,7,7,8,0,13,13,53,80,86,78,64,51,13,12,14,6,0,0,0,6,0,0,0,5
12,10,6,0,9,5,9,27,52,78,78,72,63,54,21,14,14,7,0,0,0,0,5,0,0,0
12,6,5,0,6,0,10,12,51,87,91,67,63,42,45,15,23,8,0,0,0,0,5,0,0,0
12,0,0,7,0,0,8,13,50,71,83,69,55,18,42,17,25,9,0,0,0,0,6,5,0,0
9,0,0,0,6,5,7,12,14,56,82,61,58,51,24,16,13,11,0,0,0,6,8,7,0,0
0,0,0,0,0,6,0,9,11,52,65,60,51,30,19,14,11,8,0,0,0,4,5,5,5,0
0,5,5,0,7,0,4,6,12,42,63,55,53,37,14,13,10,5,0,0,0,6,0,4,5,5
8,8,7,0,10,0,6,11,18,46,68,54,50,44,26,25,9,0,0,0,0,0,5,0,0,0
0,8,11,18,11,12,22,38,27,76,91,94,113,119,137,124,132,100,33,0,0,12,11,7,7,12
11,7,11,12,10,8,13,14,13,80,103,106,119,123,133,124,125,117,56,0,0,13,14,10,5,9
11,6,10,13,12,14,40,13,69,101,108,112,121,132,136,132,129,120,60,0,0,13,22,12,10,8
13,12,16,10,13,9,21,20,55,97,107,116,130,138,138,134,126,114,60,0,0,13,27,12,11,14
13,10,9,12,8,0,8,10,10,94,104,116,131,136,141,124,114,104,22,0,0,12,12,11,10,13
13,0,0,10,0,0,15,45,17,79,107,116,134,142,146,123,105,93,13,0,0,8,13,13,10,15
14,0,11,9,0,0,47,30,56,70,88,114,138,144,154,121,107,83,21,0,0,9,22,10,13,11
11,0,7,12,7,7,43,54,58,77,100,122,145,156,151,125,107,80,13,0,0,10,13,8,11,13
11,9,6,8,0,0,11,34,72,94,96,116,137,151,145,119,102,75,14,0,0,10,8,11,8,9
14,11,12,13,11,0,50,59,79,106,111,112,130,138,141,122,99,79,11,0,0,9,10,6,9,8
11,0,0,10,18,0,50,67,83,100,114,117,126,126,131,120,88,75,10,0,0,8,10,8,10,10
10,8,0,13,21,0,50,68,97,105,112,113,129,133,126,119,99,95,9,0,0,9,10,8,7,5
11,7,0,11,12,0,52,69,100,112,115,111,124,127,123,121,94,80,8,0,0,8,9,6,6,5
13,8,7,10,14,5,34,78,102,112,118,126,134,138,130,116,101,81,10,0,0,9,9,9,9,7
14,11,10,14,11,12,52,81,102,113,118,116,127,126,120,102,98,70,11,0,0,10,10,9,10,11
12,9,9,15,37,12,73,104,110,115,124,121,131,129,125,110,102,82,11,0,0,0,14,11,9,11
41,30,13,36,40,14,72,102,115,113,131,133,157,157,155,137,109,98,14,0,0,8,11,13,11,13
14,8,7,11,42,20,54,76,86,97,128,131,162,170,164,134,108,89,10,0,0,7,5,7,8,10
11,12,11,25,15,36,61,64,77,99,109,115,134,167,148,116,87,67,9,0,0,7,5,0,5,0
8,7,11,21,50,54,65,65,86,103,115,129,144,141,127,118,87,64,5,0,0,8,13,7,6,6
47,21,13,20,41,28,60,91,101,101,109,128,148,144,127,104,86,73,0,0,0,6,12,11,7,6
18,13,13,25,50,11,57,76,92,101,125,137,145,137,121,103,89,62,0,0,0,9,6,12,9,10
14,8,13,52,50,28,50,63,75,114,119,133,125,127,110,83,74,56,0,0,0,10,10,10,9,8
14,14,31,52,52,25,47,60,79,99,111,126,120,121,102,76,62,52,0,0,0,6,10,10,9,10
28,33,45,52,52,25,51,55,74,98,115,112,115,108,95,69,59,51,0,0,0,6,10,10,11,9
39,43,50,51,50,38,51,56,66,89,110,105,114,106,83,63,56,30,0,0,0,8,9,8,10,8
46,48,42,43,38,31,40,52,65,87,93,98,104,96,74,54,55,29,0,0,0,0,9,5,9,10
56,47,38,41,39,19,43,52,63,85,104,104,105,85,64,39,51,23,0,0,0,5,5,7,8,8
63,53,34,42,33,14,45,53,61,80,101,105,101,79,53,23,40,12,0,0,0,9,11,8,11,8
62,53,31,23,20,17,27,52,60,81,97,92,92,68,25,47,46,11,0,0,0,6,7,9,8,5
58,50,12,14,13,12,23,50,57,83,89,85,80,60,16,52,30,9,0,0,0,0,8,0,0,6
14,13,11,11,11,8,14,44,56,78,95,86,82,60,12,40,23,0,0,0,0,5,6,0,0,5
13,11,7,7,8,0,13,13,54,80,86,78,65,51,13,12,14,6,0,0,0,6,0,0,0,5
12,10,6,0,9,5,9,27,52,79,78,71,63,54,21,14,13,7,0,0,0,0,5,0,0,0
12,6,5,0,6,0,10,13,52,87,91,67,63,44,47,15,23,8,0,0,0,0,5,0,0,0
12,0,0,8,0,0,8,13,51,71,83,69,55,18,42,17,25,9,0,0,0,0,6,5,0,0
9,0,0,0,6,5,7,12,15,56,82,60,58,51,24,16,13,11,0,0,0,6,8,7,0,0
0,0,0,0,0,6,0,9,11,52,65,60,52,30,19,14,11,7,0,0,0,4,5,5,5,0
0,5,5,4,7,0,4,6,12,42,63,55,53,37,14,12,10,5,0,0,0,6,0,4,5,5
8,8,7,0,10,0,6,11,19,46,68,54,50,45,25,23,9,0,0,0,0,0,5,0,0,0
0,7,11,18,11,12,22,38,29,76,92,94,113,119,137,124,132,100,31,0,0,13,11,7,7,13
12,7,11,12,10,8,13,14,13,80,103,106,119,123,133,124,125,117,55,0,0,13,14,10,5,9
12,6,10,13,12,14,43,14,71,101,108,112,121,132,136,132,129,120,57,0,0,13,22,12,10,8
13,12,18,10,12,9,21,21,55,95,108,116,130,138,138,134,126,114,59,0,0,13,27,13,11,14
13,10,9,12,8,0,8,10,10,94,104,116,131,136,141,124,114,104,20,0,0,12,12,11,11,13
13,0,0,11,0,0,15,50,19,79,107,116,134,143,147,124,105,93,13,0,0,8,13,13,10,15
14,0,11,8,0,0,47,30,56,70,89,114,138,144,154,121,107,84,17,0,0,9,22,10,13,11
11,0,7,12,6,7,46,54,58,77,100,122,144,156,151,125,107,80,12,0,0,10,13,8,11,13
11,9,6,8,0,0,11,37,72,94,96,117,137,152,145,119,102,76,14,0,0,10,8,12,8,9
14,11,12,13,10,0,51,59,79,106,111,112,130,139,141,122,99,80,11,0,0,9,10,7,9,8
12,0,0,10,18,0,50,66,82,99,114,117,126,126,131,120,88,75,10,0,0,8,10,9,10,10
10,9,0,13,21,6,50,69,97,105,112,113,129,133,126,119,99,95,8,0,0,9,10,8,7,5
11,7,0,11,12,0,54,70,100,112,115,111,124,127,124,121,94,81,8,0,0,8,8,6,6,5
13,8,7,10,14,5,37,77,102,112,118,126,133,138,130,117,101,82,10,0,0,9,9,9,9,7
14,11,10,14,11,12,52,81,102,113,118,116,127,126,120,102,98,71,11,0,0,10,10,9,10,11
12,9,9,18,35,12,73,104,110,114,124,121,131,129,125,110,103,83,11,0,0,0,14,11,9,11
41,30,13,36,38,14,72,102,115,113,131,133,157,157,155,137,109,98,14,0,0,8,11,12,11,13
14,8,7,12,42,20,55,76,86,96,128,131,162,171,165,134,108,89,10,0,0,7,5,8,8,10
11,12,12,27,17,36,61,64,77,99,109,115,134,168,149,116,87,68,9,0,0,7,5,0,5,0
8,7,12,21,50,54,65,65,86,103,115,129,144,141,127,118,87,64,0,0,0,8,13,7,6,6
47,21,13,22,44,28,60,91,101,101,109,128,148,144,127,105,86,73,0,0,0,6,12,11,7,6
18,13,13,27,46,11,57,77,92,101,125,137,145,137,121,103,89,62,0,0,0,9,6,12,9,10
14,8,13,52,50,28,50,64,75,114,119,133,124,127,110,83,73,56,0,0,0,10,10,11,9,8
14,14,31,52,52,27,50,60,79,99,111,125,120,120,102,76,62,52,0,0,0,6,10,10,9,10
30,33,47,52,52,25,51,55,75,98,114,111,115,108,95,68,59,50,0,0,0,6,10,11,10,9
39,42,50,51,50,40,51,56,66,89,109,105,114,106,83,63,56,32,0,0,0,8,9,8,10,8
46,50,42,45,40,32,40,52,66,87,93,98,104,95,74,54,55,31,0,0,0,0,9,5,9,10
56,45,36,42,41,21,43,52,63,85,103,104,104,85,64,40,51,25,0,0,0,5,5,7,8,8
64,52,34,42,35,14,45,53,61,80,101,105,101,79,53,21,40,12,0,0,0,9,11,8,11,8
62,53,31,23,20,17,30,52,60,81,97,92,91,68,25,47,44,11,0,0,0,6,7,9,8,5
58,50,13,14,13,12,25,50,57,83,89,85,80,60,17,52,30,9,0,0,0,0,8,0,0,6
14,13,12,11,11,8,14,46,56,78,95,86,82,59,13,42,23,5,0,0,0,5,6,0,0,4
13,10,7,7,8,0,13,13,54,80,86,78,64,51,13,12,14,6,0,0,0,6,0,0,0,5
12,10,6,0,9,5,9,30,52,78,78,71,63,54,21,14,13,7,0,0,0,0,5,0,0,0
12,6,5,0,6,0,10,13,52,87,91,67,62,44,50,15,22,8,0,0,0,0,5,0,0,0
13,0,0,8,0,0,8,13,51,71,83,68,55,16,44,17,25,9,0,0,0,0,6,5,0,0
9,0,0,0,6,5,7,12,15,56,82,60,57,51,24,16,13,11,0,0,0,6,8,7,0,0
0,0,0,0,0,6,0,9,11,52,65,60,52,30,19,14,11,8,0,0,0,4,5,5,5,0
0,5,5,4,7,0,4,6,12,42,63,55,53,37,14,12,10,5,0,0,0,6,0,4,5,5
8,8,7,0,10,0,6,11,19,45,67,53,50,45,26,25,9,0,0,0,0,0,5,0,0,0
0,7,11,16,11,12,22,38,29,75,91,94,113,118,137,124,132,100,33,0,4,13,11,7,7,13
12,7,11,12,10,8,13,14,13,81,103,106,119,122,133,124,125,117,55,0,0,13,14,10,5,9
12,7,10,13,12,14,40,14,71,101,108,112,121,132,136,132,129,120,58,0,0,13,22,12,10,9
13,12,18,10,12,9,21,23,56,94,108,116,130,138,138,134,126,114,59,0,0,13,28,13,11,14
13,10,9,12,8,0,8,10,10,95,104,116,131,136,141,124,114,105,22,0,0,12,12,11,11,14
13,6,0,10,0,0,15,47,19,79,107,117,134,143,147,124,105,93,13,0,0,8,13,13,10,15
14,0,11,8,0,0,45,30,57,71,89,115,138,144,154,121,107,84,19,0,0,9,22,10,13,11
11,0,7,12,7,7,46,54,59,77,100,122,145,156,151,125,107,80,13,0,0,10,13,8,11,13
12,9,6,8,0,0,11,40,72,94,96,117,137,152,145,119,102,76,14,0,0,10,8,12,8,9
14,11,12,13,10,0,51,60,80,106,111,112,130,139,141,122,99,80,11,0,0,9,10,7,9,8
12,0,0,10,18,0,50,66,84,100,114,117,126,126,131,120,87,75,10,0,0,8,10,9,10,10
10,9,0,12,21,6,50,70,98,105,112,113,129,133,126,119,99,95,9,0,0,9,10,8,7,5
11,7,0,11,13,0,54,70,100,112,115,111,124,126,124,121,94,81,8,0,0,8,8,7,6,5
13,8,7,10,14,5,37,78,102,112,118,127,133,138,130,117,101,83,10,0,0,9,9,9,9,7
27,11,10,14,11,12,52,83,102,114,118,116,127,126,120,102,99,71,11,0,0,10,10,9,10,12
12,9,8,15,35,12,74,104,110,114,124,121,131,129,126,110,103,84,11,0,0,0,14,11,9,11
42,30,13,36,38,14,72,102,115,113,131,133,157,156,155,137,109,98,14,0,0,8,11,12,11,13
14,8,7,11,44,20,55,76,86,97,129,131,162,170,165,134,109,89,10,0,0,7,5,8,8,10
12,12,12,27,20,38,62,65,78,99,109,115,133,168,149,116,87,68,9,0,0,7,5,0,5,4
8,7,12,21,50,54,65,65,86,103,115,129,144,141,127,118,88,64,0,0,0,8,13,7,6,6
47,23,13,22,41,28,61,91,102,101,109,129,148,144,127,105,86,73,0,0,0,6,12,11,7,6
18,13,13,27,46,11,57,77,92,101,125,137,146,137,121,103,90,62,0,0,0,9,6,12,9,10
15,9,13,52,50,28,50,64,75,114,119,133,124,126,110,83,73,56,0,0,0,10,10,11,9,8
14,14,31,52,52,30,50,60,79,99,111,126,120,120,103,76,62,53,0,0,0,6,10,10,9,10
31,35,47,52,52,27,51,55,75,98,114,111,115,108,95,68,59,50,0,0,0,6,10,11,10,9
39,45,50,51,50,40,51,56,67,89,110,105,114,106,83,63,56,34,0,0,0,8,9,8,10,8
50,50,43,43,40,32,39,53,66,87,93,98,104,95,74,54,55,33,0,0,0,0,9,5,9,10
57,47,38,41,41,21,45,52,63,85,103,104,104,85,64,40,51,26,0,0,0,5,5,7,8,8
64,53,34,41,35,14,45,53,61,80,101,105,102,78,53,21,40,12,0,0,0,10,11,8,11,8
63,53,31,21,21,17,30,52,60,81,97,92,91,68,25,44,44,11,0,0,0,5,7,9,8,6
59,50,13,14,13,12,23,51,57,83,89,85,80,60,17,52,30,9,0,0,0,0,8,0,0,6
14,14,12,11,11,8,14,46,56,78,95,86,82,59,13,42,23,5,0,0,0,5,6,0,0,5
13,11,7,7,8,0,13,13,54,80,86,78,65,51,13,12,14,6,0,0,0,6,0,0,0,5
13,10,6,0,9,5,9,30,52,78,78,72,63,54,21,14,13,7,0,0,0,0,5,0,0,0
13,6,5,0,6,0,10,13,52,87,91,68,62,44,50,15,23,8,0,0,0,0,5,0,0,0
13,6,0,8,0,0,8,14,51,71,83,69,55,16,44,17,25,9,0,0,0,0,6,5,0,0
9,0,0,0,6,5,8,12,15,56,82,60,57,51,24,16,13,11,0,0,0,6,8,7,0,0
0,4,0,0,0,7,0,9,11,52,65,60,52,30,19,14,11,8,0,0,0,4,5,5,5,0
0,5,5,0,7,0,4,6,12,42,63,55,53,36,14,12,10,5,0,0,0,6,0,4,5,5
9,8,7,0,10,0,6,11,20,45,67,53,50,45,26,25,9,0,0,0,0,0,4,0,0,0
0,7,11,16,12,12,23,38,29,76,92,94,112,118,137,124,132,100,39,0,6,13,11,7,7,13
12,7,12,12,10,8,13,14,13,80,103,106,119,123,133,124,125,118,58,0,6,13,14,10,5,9
12,7,9,13,12,14,40,13,72,101,108,112,121,132,136,132,129,120,61,0,0,14,22,12,10,9
13,12,18,10,12,9,18,23,56,94,108,116,130,138,138,134,126,114,61,0,0,13,27,13,11,14
14,10,9,12,8,0,8,10,9,98,104,116,131,136,141,124,114,105,27,0,0,12,12,11,11,14
13,6,0,10,0,0,16,47,19,80,108,117,133,143,147,124,105,95,13,0,0,8,13,13,10,15
14,0,11,8,0,0,45,31,57,71,89,115,138,144,154,121,106,85,21,0,0,10,20,10,13,11
11,0,7,12,7,7,50,55,60,77,100,122,145,156,151,125,107,81,13,0,0,10,13,8,11,13
12,9,6,7,0,0,11,40,73,94,96,117,137,151,145,119,102,77,17,0,0,8,8,12,8,9
14,11,12,13,11,0,52,60,81,106,111,112,130,139,141,122,99,81,11,0,0,9,10,6,10,8
12,0,0,10,20,0,50,66,85,100,115,118,126,126,131,120,87,76,10,0,0,9,10,8,10,10
11,9,0,12,21,6,50,70,98,105,112,113,129,133,126,119,99,96,9,0,0,9,10,8,7,6
11,7,0,11,13,0,55,70,101,112,115,112,124,127,124,121,94,83,9,0,0,8,8,6,6,5
13,8,7,10,14,5,37,78,102,113,119,127,133,138,130,117,101,85,10,0,0,9,9,9,10,7
27,11,9,14,11,13,52,84,103,114,119,116,127,126,120,102,98,73,12,0,0,10,10,9,10,12
12,9,8,15,35,12,75,105,111,114,124,122,131,129,126,110,103,85,12,0,0,0,14,11,9,12
41,30,13,34,40,14,73,102,115,113,131,133,156,156,155,137,110,100,14,0,0,8,11,12,11,13
14,9,7,11,44,20,55,77,86,97,128,131,161,171,166,135,109,90,10,0,0,7,5,8,8,10
12,12,12,27,20,41,62,65,79,98,109,115,133,168,151,116,87,68,9,0,0,7,5,0,5,4
8,7,12,21,51,54,66,65,86,103,115,129,144,141,127,118,88,65,5,0,0,8,13,7,6,6
50,21,13,22,44,32,61,92,102,101,109,129,148,144,127,105,86,73,0,0,0,6,12,11,6,6
21,13,13,27,50,11,57,77,92,101,125,137,145,136,121,103,90,63,0,0,0,9,6,12,8,10
15,9,13,52,50,32,50,64,76,114,119,134,124,127,111,84,74,57,0,0,0,10,10,11,9,8
14,14,34,52,52,30,50,61,79,99,112,126,120,120,103,76,62,53,0,0,0,6,10,10,9,10
33,35,47,52,52,27,52,55,75,98,114,111,115,108,95,69,59,50,0,0,0,7,10,10,11,9
40,42,50,51,50,45,52,57,67,89,109,105,114,106,83,63,56,34,0,0,0,8,9,8,10,8
50,50,43,43,41,32,40,53,66,87,93,99,104,95,74,54,55,33,0,0,0,0,8,5,9,10
57,47,40,41,43,23,43,52,63,85,103,104,104,85,64,41,51,27,0,0,0,5,5,7,8,8
64,53,36,41,35,14,47,53,61,79,101,105,101,78,53,21,41,13,0,0,0,9,11,8,11,8
63,53,31,25,21,17,32,52,61,81,97,92,91,68,29,47,42,12,0,0,0,5,7,8,8,6
59,50,13,14,13,12,25,51,57,84,89,84,80,60,17,52,30,9,0,0,0,0,8,0,0,6
14,14,12,12,11,8,14,44,57,78,95,86,82,60,13,47,23,6,0,0,0,5,6,0,0,5
13,11,7,7,8,0,13,13,54,80,85,78,64,51,13,12,14,7,0,0,0,6,0,0,0,5
13,10,6,0,9,5,9,30,53,78,78,72,63,54,23,14,13,8,0,0,0,0,5,0,0,0
13,6,5,0,6,0,10,13,52,87,91,68,62,42,50,16,25,8,0,0,0,0,5,0,0,0
13,6,0,8,0,0,8,14,51,71,83,69,55,16,46,18,26,9,0,0,0,0,6,5,0,0
9,0,0,0,6,5,8,12,17,56,82,61,58,51,24,16,13,12,0,0,0,6,8,7,0,0
0,4,0,0,0,7,0,10,11,52,65,60,52,30,20,14,11,8,0,0,0,4,5,5,5,0
0,5,5,0,7,0,4,6,12,42,63,56,53,37,14,12,10,5,0,0,0,7,0,4,5,6
9,8,7,0,10,0,6,11,20,46,67,54,50,45,27,25,9,0,0,0,0,0,5,0,0,0
0,7,11,16,11,12,22,41,29,76,91,95,113,118,137,124,132,100,41,0,8,13,11,7,7,13
12,7,12,12,10,8,13,14,13,80,103,106,119,123,133,124,125,118,60,0,7,13,14,10,5,9
11,6,9,13,12,14,40,13,72,101,108,112,121,132,136,132,129,121,61,0,0,14,21,12,10,9
13,12,18,10,13,9,21,23,56,95,108,116,130,138,138,134,126,115,63,0,0,13,27,13,11,14
14,10,10,12,8,0,8,10,9,98,104,116,131,136,141,124,114,105,27,0,5,12,12,11,11,14
13,6,0,10,0,0,16,47,21,80,108,117,134,143,147,124,105,95,14,0,0,8,13,13,10,16
14,0,11,8,0,0,47,31,57,71,89,115,138,144,154,121,106,84,23,0,0,10,20,10,13,11
11,0,7,12,7,7,50,55,60,77,100,123,145,156,151,125,107,80,14,0,0,9,13,8,11,13
12,9,6,7,0,0,11,40,73,95,97,117,137,152,144,119,102,77,19,0,0,9,8,12,8,9
14,11,12,13,11,0,52,59,81,106,111,112,130,138,141,122,98,81,11,0,0,9,10,6,10,8
12,0,0,9,21,0,50,67,86,100,115,118,126,126,131,120,87,76,10,0,0,9,10,8,10,10
11,9,0,12,23,6,50,70,100,106,113,113,129,133,126,119,99,96,9,0,0,9,10,8,7,6
11,7,0,11,13,0,55,72,101,112,115,112,124,127,124,121,94,83,9,0,0,8,8,6,6,5
13,8,7,10,14,5,37,80,102,113,119,127,133,138,130,117,101,85,10,0,0,9,9,9,10,8
27,12,9,14,11,13,52,84,103,114,119,116,127,126,120,102,99,74,12,0,0,11,10,9,10,12
12,9,8,14,35,12,75,105,111,115,125,122,131,129,126,110,103,85,12,0,0,0,13,11,9,12
42,30,13,36,43,15,73,102,115,114,131,133,156,156,155,138,110,100,15,0,0,8,11,12,11,13
14,9,7,11,44,20,55,77,86,97,129,131,161,170,166,135,109,91,10,0,0,7,5,8,8,10
12,12,12,27,22,41,62,65,79,99,110,115,133,168,151,117,87,69,10,0,0,7,5,0,5,4
8,7,12,19,51,55,66,65,87,103,115,129,144,141,127,118,88,65,6,0,0,8,13,7,6,6
50,21,13,20,44,32,61,92,101,101,109,129,148,144,127,105,86,73,0,0,0,6,13,11,7,6
23,13,13,27,50,11,57,77,92,101,125,137,145,137,121,103,90,64,0,0,0,9,6,12,8,10
15,9,13,52,50,35,50,63,76,115,119,134,124,127,111,84,73,58,0,0,0,10,10,11,9,8
14,14,34,52,52,33,51,61,79,99,112,126,120,120,103,76,62,53,0,0,0,6,10,10,9,10
31,35,47,52,52,30,52,55,75,98,115,111,115,108,95,69,59,51,0,0,0,7,10,10,11,9
39,42,50,51,51,45,52,57,67,89,110,106,114,106,83,63,56,34,0,0,0,8,9,8,10,8
50,50,43,43,41,34,41,53,66,87,94,99,104,95,74,54,55,33,0,0,0,0,8,5,9,10
57,50,40,41,43,23,43,52,63,85,104,104,104,85,64,41,52,28,0,0,0,4,5,7,8,8
64,53,36,41,35,14,47,53,61,80,101,105,101,78,53,21,40,13,0,0,0,9,11,8,11,8
63,53,31,25,22,18,35,52,61,81,97,92,91,68,29,44,42,12,0,0,0,5,7,8,8,6
59,50,13,14,14,12,25,51,57,84,89,84,79,60,17,52,30,9,0,0,0,0,8,0,0,6
14,14,12,11,11,8,14,44,57,78,95,86,82,60,12,47,23,6,0,0,0,5,6,0,0,5
13,11,7,7,8,0,14,13,54,80,85,78,64,51,13,12,14,7,0,0,0,6,0,0,0,5
13,10,6,0,9,5,9,27,53,78,78,72,63,54,21,14,13,8,0,0,0,0,5,0,0,0
13,6,6,0,6,0,10,13,53,87,91,68,62,44,47,18,25,9,0,0,0,0,5,0,0,0
13,6,0,9,0,0,8,14,51,71,84,69,55,18,44,20,25,9,0,0,0,0,6,5,0,0
9,0,0,0,6,5,8,12,17,57,82,61,58,51,24,17,13,12,0,0,0,6,8,7,0,0
0,4,0,0,0,7,0,10,11,53,65,60,52,30,20,14,11,8,0,0,0,4,5,5,5,0
0,5,5,0,7,0,4,6,12,42,63,56,53,37,14,12,10,5,0,0,0,7,0,4,5,6
9,8,7,0,10,0,6,11,20,46,68,54,50,45,26,25,9,0,0,0,0,0,5,0,0,0
0,8,11,16,11,12,22,41,29,76,92,95,112,118,137,124,132,101,41,0,8,13,11,7,7,13
12,7,12,12,10,8,13,14,13,80,103,106,119,123,133,124,125,118,60,0,7,13,14,10,5,9
11,6,10,13,12,14,40,13,71,101,108,112,121,132,136,132,129,121,63,0,0,14,21,12,10,9
13,12,20,10,13,9,21,21,56,97,108,116,130,138,138,134,126,115,63,0,0,13,27,13,11,14
14,10,10,12,8,0,8,10,10,98,104,116,131,137,141,124,114,105,27,0,4,12,12,11,11,14
13,0,0,10,0,0,16,50,21,80,108,117,134,143,147,124,104,96,14,0,0,8,14,13,10,15
14,0,11,8,0,0,50,31,57,71,89,115,138,144,154,121,107,84,23,0,0,10,20,10,13,11
11,0,7,12,7,7,50,55,60,77,100,123,145,156,151,125,107,81,13,0,0,10,13,8,11,13
12,9,6,7,0,0,11,40,73,94,98,117,137,152,144,119,102,77,19,0,0,9,8,12,8,9
14,11,12,13,11,0,52,59,81,106,111,112,130,139,141,122,98,81,12,0,0,9,10,6,9,8
12,0,0,9,20,0,51,67,86,100,115,118,126,126,131,120,87,76,10,0,0,9,10,8,10,10
11,9,0,12,21,6,50,69,98,105,113,113,129,133,126,119,99,97,9,0,0,9,10,8,7,6
11,7,0,11,13,0,55,72,101,112,115,112,124,127,124,121,94,83,9,0,0,8,8,6,6,5
13,8,7,10,14,5,37,80,102,113,119,127,133,138,130,117,101,85,10,0,0,10,9,9,10,8
27,11,9,14,11,13,54,84,103,114,119,116,127,126,120,102,98,74,12,0,0,11,10,9,10,12
12,9,8,14,35,12,75,105,111,115,125,121,131,129,126,110,103,85,12,0,0,0,14,11,9,12
42,30,13,34,43,15,73,102,115,114,131,133,156,156,155,138,110,100,15,0,0,8,11,12,11,13
14,9,7,11,44,20,55,77,86,97,129,131,161,170,166,134,109,91,10,0,0,7,5,7,8,10
12,12,12,27,22,41,62,65,79,99,110,115,133,168,151,117,87,69,10,0,0,7,5,0,5,4
9,7,12,19,51,55,66,66,86,103,115,129,144,141,127,118,88,65,6,0,0,8,13,7,6,6
50,21,13,20,44,32,61,92,101,101,109,129,148,144,127,105,86,73,0,0,0,6,13,11,6,6
25,13,13,27,50,11,57,77,93,101,125,137,145,136,121,103,90,64,0,0,0,9,6,12,9,10
17,9,13,52,50,35,51,63,76,114,119,134,124,127,110,84,73,58,0,0,0,10,10,11,9,8
14,14,36,52,52,33,51,61,79,99,112,126,120,120,103,76,62,53,0,0,0,6,10,10,9,10
30,35,47,52,52,30,52,56,75,98,115,111,115,108,95,69,58,51,0,0,0,7,10,11,11,9
40,42,50,51,51,45,52,57,67,89,110,105,114,106,83,63,56,34,0,0,0,8,9,8,10,8
50,50,43,43,41,34,42,53,66,87,94,98,104,95,74,53,55,35,0,0,0,0,8,5,9,10
57,47,38,42,41,23,43,52,63,85,104,104,104,85,64,41,52,27,0,0,0,4,5,7,8,8
64,53,34,41,35,14,47,53,61,80,101,105,101,79,53,21,41,13,0,0,0,9,11,8,11,8
63,53,31,25,22,18,35,52,60,81,97,92,91,68,27,44,42,12,0,0,0,5,7,8,8,6
59,50,13,14,13,12,26,51,57,84,89,84,79,60,17,52,30,9,0,0,0,0,8,0,0,6
14,14,12,12,11,8,14,44,57,78,95,86,82,60,12,50,23,6,0,0,0,5,6,0,0,4
13,11,7,7,8,0,14,13,54,80,85,77,64,51,13,12,14,7,0,0,0,6,0,0,0,5
13,10,6,0,9,5,9,30,53,78,78,71,63,54,21,14,13,8,0,0,0,0,5,0,0,0
13,6,6,0,0,0,10,13,53,87,91,68,62,44,47,18,25,9,0,0,0,0,5,0,0,0
13,6,0,9,0,0,8,14,51,71,84,69,55,20,44,20,25,9,0,0,0,0,6,5,0,0
9,0,0,0,6,5,8,12,17,57,82,61,58,51,24,17,13,12,0,0,0,6,8,7,0,0
0,0,0,0,0,7,0,10,11,53,65,60,52,30,20,14,11,8,0,0,0,4,5,5,5,0
0,5,5,0,7,0,4,6,12,42,63,56,53,37,14,12,10,5,0,0,0,7,0,4,5,6
9,8,7,0,10,0,6,11,20,46,68,54,50,45,26,25,9,0,0,0,0,0,5,0,0,0
0,8,11,16,11,12,23,41,29,76,92,95,112,118,137,124,132,101,43,0,8,13,11,7,7,13
12,7,11,11,10,9,13,14,13,80,104,106,119,122,133,124,125,118,61,0,7,13,14,10,5,9
12,6,9,13,12,14,40,13,71,101,108,113,121,132,136,132,129,121,64,0,0,14,21,12,10,9
13,12,20,10,12,9,25,21,56,95,108,116,130,138,138,134,125,115,64,0,0,13,27,13,11,14
13,10,9,12,8,0,8,10,10,97,104,116,131,136,140,124,114,105,30,0,4,12,12,11,11,14
13,0,0,10,0,0,16,51,19,80,108,117,133,143,147,124,104,96,14,0,0,8,13,13,10,15
14,0,11,8,0,0,50,31,57,71,89,115,138,144,153,121,107,84,25,0,0,10,20,10,13,11
11,0,7,12,7,7,50,55,61,77,100,123,145,156,151,124,107,80,14,0,0,9,13,8,11,13
12,9,6,7,0,0,11,40,74,95,98,117,137,152,144,119,102,77,21,0,0,9,8,12,8,9
14,11,12,13,11,0,53,60,82,106,112,113,130,139,141,122,99,81,12,0,0,9,10,7,9,8
12,0,0,10,20,0,52,67,86,100,115,118,126,126,131,120,87,77,11,0,0,9,10,8,10,10
10,9,0,12,21,6,50,70,100,106,113,114,129,133,126,119,99,97,10,0,0,9,10,8,7,6
11,7,0,11,13,0,56,72,101,113,115,112,125,127,124,122,94,83,9,0,0,8,8,6,6,5
13,8,7,10,14,6,40,80,102,113,119,127,133,138,130,117,102,86,10,0,0,10,9,9,10,8
27,11,9,14,11,13,54,84,103,114,119,116,127,127,120,102,98,74,13,0,0,11,10,9,10,12
12,9,8,15,32,13,75,105,111,115,125,122,131,129,125,110,103,86,12,0,0,0,14,11,9,12
42,29,13,34,40,15,73,102,115,113,131,133,156,156,155,137,110,100,17,0,0,7,11,12,11,13
14,8,7,11,44,21,55,77,86,97,129,131,160,170,166,134,109,91,10,0,0,7,5,7,8,10
12,12,12,25,20,44,62,65,79,99,110,115,133,167,150,117,87,69,10,0,0,7,5,0,5,4
9,7,12,19,50,55,66,65,87,103,115,128,143,141,127,118,88,65,6,0,0,8,13,7,6,6
50,21,13,20,44,32,61,92,101,101,109,129,148,144,127,105,87,73,5,0,0,6,13,11,7,6
25,13,13,27,50,12,57,77,93,101,125,137,145,136,121,103,90,64,0,0,0,9,6,12,9,10
17,9,13,52,50,39,51,63,76,114,119,134,124,127,111,84,74,58,0,0,0,10,10,11,9,8
14,14,34,52,52,33,51,61,79,99,112,126,120,120,103,76,62,53,0,0,0,5,10,10,9,10
30,35,47,52,52,32,52,56,75,98,115,112,115,108,95,69,59,51,0,0,0,7,10,11,11,9
40,43,50,51,51,45,52,57,67,89,110,106,114,106,83,63,56,34,0,0,0,7,9,8,10,8
50,50,43,43,41,34,42,53,65,87,94,98,104,95,74,53,55,35,0,0,0,0,8,5,9,10
57,47,38,42,41,23,43,52,63,85,104,104,104,85,64,41,52,27,0,0,0,4,5,7,8,8
64,53,34,41,35,14,47,53,61,79,101,105,101,79,53,23,41,13,0,0,0,9,11,8,11,8
63,53,29,23,21,19,37,52,60,81,97,92,91,68,27,44,42,12,0,0,0,5,7,8,8,5
59,50,13,14,13,12,26,51,57,84,89,84,79,60,17,52,30,9,0,0,0,0,8,0,0,6
14,14,12,12,11,8,14,44,57,78,95,86,82,59,12,47,23,6,0,0,0,5,6,0,0,4
13,11,7,7,8,0,14,13,54,80,85,77,64,51,13,12,14,7,0,0,0,6,0,0,0,5
13,10,6,0,9,5,9,30,53,78,78,72,63,54,21,14,13,8,0,0,0,0,5,0,0,0
13,6,6,0,0,0,10,13,53,87,91,68,62,44,47,16,25,9,0,0,0,0,5,0,0,0
13,6,0,9,0,0,8,14,51,71,84,69,55,20,42,20,25,9,0,0,0,0,6,5,0,0
9,0,0,0,6,5,8,12,17,57,82,61,58,51,24,17,14,12,0,0,0,6,8,8,0,0
0,0,0,0,0,7,0,10,11,53,65,60,52,30,20,14,11,8,0,0,0,4,5,5,5,0
0,5,5,0,7,0,4,6,12,42,64,56,53,37,14,13,11,5,0,0,0,7,0,4,5,6
9,8,7,0,10,0,6,11,20,46,68,54,50,45,26,25,9,0,0,0,0,0,5,0,0,0
0,8,11,16,11,12,23,41,29,76,93,94,112,118,137,124,133,101,43,0,8,13,11,7,7,13
12,7,11,11,10,9,13,14,13,80,104,106,119,123,133,124,125,118,62,0,7,13,14,10,5,9
11,6,10,13,12,14,40,13,71,101,108,113,121,132,136,132,129,121,67,0,0,13,22,12,10,9
13,12,21,10,13,9,28,21,56,97,108,116,130,138,138,134,126,115,67,0,0,13,28,13,11,14
13,10,10,12,8,0,8,10,10,97,104,116,131,137,140,124,114,105,32,0,4,12,12,11,11,14
13,0,0,10,0,8,16,51,19,80,108,117,134,143,147,124,104,96,14,0,0,8,13,13,10,15
14,0,11,8,0,0,50,31,57,71,89,115,138,144,153,121,108,84,27,0,0,10,20,10,13,11
11,0,7,13,7,8,50,55,60,77,100,123,145,157,151,124,107,80,14,0,0,10,13,8,11,13
12,9,6,7,0,0,11,43,73,95,98,117,137,152,144,119,102,77,25,0,0,10,8,12,8,9
14,11,12,13,11,0,53,59,81,106,112,112,130,139,140,122,99,80,12,0,0,9,10,7,9,8
12,0,0,10,20,0,51,67,86,100,115,118,126,126,131,120,87,77,11,0,0,8,10,8,10,10
10,9,0,12,21,7,51,69,98,106,113,113,129,133,125,119,99,97,10,0,0,9,10,8,7,6
11,7,0,11,13,0,56,72,101,113,115,112,125,127,124,121,94,83,10,0,0,8,8,6,6,5
13,8,7,10,14,6,40,80,102,113,119,127,133,138,130,116,101,86,10,0,0,9,9,9,10,7
27,11,10,14,11,13,54,84,103,114,119,116,127,127,120,102,98,75,13,0,0,10,10,9,10,12
12,9,8,15,32,13,75,105,111,115,125,121,130,129,125,110,103,86,13,0,0,6,14,11,9,12
41,29,13,34,43,16,73,102,115,113,131,133,156,157,155,137,110,100,20,0,0,8,11,12,11,13
14,8,7,11,44,21,55,77,86,97,129,131,161,171,166,134,109,91,11,0,0,7,5,8,8,10
12,12,12,25,22,44,62,65,79,99,110,115,133,168,150,117,87,69,10,0,0,7,5,0,5,4
8,7,12,19,50,55,66,65,86,103,115,128,144,142,127,118,88,65,6,0,0,8,13,7,6,6
50,23,13,20,41,32,61,92,101,101,110,129,148,145,127,105,87,73,5,0,0,6,13,11,7,6
25,13,13,27,50,12,57,77,93,101,125,137,145,137,121,103,90,64,0,0,0,9,6,12,9,10
17,9,13,52,50,39,51,63,76,114,119,133,124,127,110,83,73,58,5,0,0,10,10,11,9,8
14,14,36,52,52,33,51,61,79,99,112,126,120,120,103,76,62,53,0,0,0,6,10,10,9,10
30,36,47,52,52,32,52,55,75,98,115,112,115,108,95,68,59,51,0,0,0,7,10,11,11,9
40,45,50,52,51,45,52,57,67,89,109,105,114,106,83,63,56,34,0,0,0,8,9,8,10,8
50,50,43,45,42,34,42,53,66,86,94,98,103,95,74,53,55,35,0,0,0,0,9,5,9,10
57,47,38,42,43,25,43,52,63,85,104,103,103,85,64,40,52,28,0,0,0,5,5,7,8,8
64,53,34,41,37,14,47,53,61,79,101,105,101,79,53,21,41,13,0,0,0,9,11,8,11,8
63,53,31,23,21,19,37,52,60,81,97,92,91,68,27,41,42,12,0,0,0,5,7,8,8,5
59,50,13,14,13,12,26,51,57,84,89,84,79,60,17,52,30,9,0,0,0,0,8,0,0,6
14,14,12,11,11,8,14,44,57,78,95,86,82,60,12,47,23,6,0,0,0,5,6,0,0,4
13,11,7,7,8,0,14,13,54,80,85,77,64,52,12,12,14,7,0,0,0,6,0,0,0,5
13,10,6,0,9,5,9,30,53,78,78,71,63,54,20,14,13,8,0,0,0,0,5,0,0,0
13,6,6,0,0,0,10,13,53,87,91,67,62,44,47,16,25,9,0,0,0,0,5,0,0,0
13,6,0,9,0,0,8,14,51,71,84,69,55,20,42,18,26,9,0,0,0,0,6,5,0,0
9,0,0,0,6,5,8,12,15,57,82,61,58,52,24,17,14,12,0,0,0,6,8,8,0,0
0,4,0,0,0,7,0,10,11,53,65,60,52,32,19,14,11,8,0,0,0,4,5,5,5,0
0,5,5,0,7,0,4,6,12,42,64,55,53,37,14,12,10,6,0,0,0,7,0,4,5,6
9,8,7,0,10,0,6,11,20,46,68,54,50,46,26,23,9,0,0,0,0,0,5,0,0,0
0,8,11,16,11,12,23,41,29,76,93,94,112,118,137,124,132,101,47,0,7,12,11,7,7,13
12,7,11,12,10,9,13,14,13,81,104,106,119,123,133,124,125,118,63,0,7,13,14,10,5,9
12,6,9,13,12,14,40,13,71,101,108,113,121,132,136,132,129,121,69,0,0,13,22,12,10,8
13,12,21,10,12,10,28,21,56,95,108,116,130,138,138,134,126,115,67,0,0,13,27,13,11,14
13,10,9,12,8,0,8,10,10,95,104,116,131,137,140,124,114,105,35,0,4,12,12,11,11,14
13,0,0,10,0,8,16,51,19,80,108,117,134,143,147,123,104,96,15,0,0,8,13,13,10,15
14,0,11,8,0,0,50,31,57,71,89,115,139,144,153,121,107,84,29,0,0,9,22,10,13,11
11,0,7,13,7,8,50,55,61,77,100,123,145,157,151,124,107,80,14,0,0,10,13,8,11,13
12,9,6,7,0,0,11,46,74,95,98,117,137,152,144,119,102,77,25,0,0,10,8,12,8,9
14,11,12,13,11,0,53,60,82,107,112,113,130,139,140,122,99,81,13,0,0,9,10,7,10,8
12,0,0,10,18,0,51,68,86,100,115,118,126,127,131,120,87,77,11,0,0,8,10,8,10,10
10,9,0,12,21,6,51,70,98,106,113,114,129,133,125,119,99,97,10,0,0,9,10,8,7,5
11,7,0,11,13,0,56,73,101,113,115,112,125,127,124,121,95,83,10,0,0,8,8,6,6,5
13,8,7,10,14,6,40,80,102,113,119,127,133,138,130,116,101,86,11,0,0,9,9,9,10,7
29,11,9,14,11,13,54,84,103,115,119,116,127,127,120,102,98,75,13,0,0,10,10,9,10,12
12,9,8,15,32,13,76,105,111,115,125,122,131,129,125,110,103,86,13,0,0,6,14,11,9,12
42,30,13,34,40,16,73,102,115,113,132,133,156,157,155,137,110,100,22,0,0,8,11,12,11,13
14,8,7,11,44,21,55,77,86,97,129,131,160,170,166,134,109,91,11,0,0,7,5,8,8,10
12,12,12,27,20,44,63,65,79,99,110,115,132,168,150,117,87,69,10,0,0,7,5,0,5,4
8,7,12,21,50,55,66,65,86,103,115,128,143,142,128,118,88,65,6,0,0,8,13,7,6,6
50,23,13,20,41,32,61,92,101,101,110,129,148,144,127,105,87,73,6,0,0,6,13,11,7,6
25,13,13,30,50,12,57,77,94,101,125,137,145,137,121,103,90,64,0,0,0,9,6,12,9,10
15,9,13,52,51,39,51,63,76,114,119,133,124,127,110,84,73,58,5,0,0,10,10,11,9,8
14,14,36,52,52,33,51,61,79,99,112,126,120,120,103,76,62,53,0,0,0,6,10,10,9,10
30,36,47,52,52,35,52,56,75,98,115,112,115,108,95,68,59,51,0,0,0,7,10,11,11,9
40,45,51,52,50,47,52,57,67,89,109,105,114,106,82,63,56,34,0,0,0,8,9,8,10,8
50,50,43,45,42,34,42,53,66,87,93,99,103,95,74,53,55,37,0,0,0,0,8,5,9,10
57,50,38,42,43,25,43,52,63,85,103,104,104,85,65,41,52,28,0,0,0,5,5,7,8,8
64,53,34,41,37,14,47,53,61,79,101,105,101,79,53,21,41,13,0,0,0,9,11,8,11,8
63,53,31,23,21,19,35,52,60,82,97,92,91,68,27,41,42,12,0,0,0,5,7,8,8,6
59,50,13,14,13,12,26,51,57,84,89,84,79,61,17,52,32,10,0,0,0,0,8,0,0,6
14,14,12,12,11,8,14,44,57,78,95,86,82,60,13,45,25,6,0,0,0,5,6,0,0,4
13,11,7,7,8,0,14,13,54,80,85,78,64,52,12,12,14,7,0,0,0,6,0,0,0,5
13,10,6,0,9,6,9,30,53,78,78,72,63,54,21,14,13,8,0,0,0,0,5,0,0,0
13,6,6,0,0,0,10,13,53,87,90,68,62,44,47,16,26,9,0,0,0,0,5,0,0,0
13,6,0,9,0,0,8,14,51,71,84,69,55,20,44,18,26,9,0,0,0,0,6,5,0,0
9,0,0,0,6,5,8,12,15,57,82,61,58,52,24,17,14,12,0,0,0,6,8,8,0,0
0,4,0,0,0,7,0,10,11,53,65,60,52,32,19,14,11,8,0,0,0,4,5,5,5,0
0,5,5,4,7,0,4,6,12,43,63,56,53,37,14,12,11,6,0,0,0,7,0,4,5,6
9,8,7,0,10,0,6,11,21,47,68,54,50,46,26,25,9,0,0,0,0,0,5,0,0,0
0,8,11,16,11,12,23,41,29,76,93,94,112,118,137,124,132,101,50,0,5,13,11,7,7,13
12,7,11,12,10,9,13,14,13,81,104,106,119,123,133,124,125,118,66,0,0,13,14,10,5,9
12,6,9,13,12,14,40,13,71,101,108,113,121,132,136,132,129,121,70,0,0,13,21,12,10,8
13,12,20,10,12,10,28,21,58,95,108,116,130,138,138,134,126,115,69,0,0,13,27,13,11,14
13,10,9,12,8,0,8,10,10,95,104,116,131,137,141,124,114,105,37,0,0,12,12,11,11,14
13,0,0,10,0,8,18,50,19,80,107,117,134,143,147,123,105,95,17,0,0,8,13,13,10,15
14,0,11,8,0,0,50,31,57,71,89,115,139,144,154,121,107,84,31,0,0,10,22,10,13,11
11,0,7,13,7,8,50,55,61,77,100,123,145,157,151,125,107,80,15,0,0,10,13,8,11,13
12,9,6,7,0,0,11,43,74,95,98,117,137,152,144,119,102,77,26,0,0,10,8,11,8,9
14,11,12,13,11,0,53,60,83,107,112,113,130,139,140,122,98,81,13,0,0,9,10,7,10,8
12,0,0,10,20,0,51,68,86,100,115,118,126,127,131,120,87,77,12,0,0,8,10,8,10,10
10,9,0,12,21,6,51,70,100,106,113,114,129,133,126,119,99,97,10,0,0,9,10,8,7,5
11,7,0,11,13,0,56,72,101,113,115,112,125,127,124,121,94,83,10,0,0,8,8,6,6,5
13,8,7,10,14,6,40,80,103,113,119,127,133,138,130,116,101,86,11,0,0,9,9,9,10,7
29,12,10,14,11,13,54,84,103,115,119,116,127,127,120,102,98,75,13,0,0,10,10,9,10,12
12,8,8,15,32,13,76,105,111,115,125,122,131,129,125,110,103,86,13,0,0,6,14,11,9,12
42,30,13,36,43,16,73,102,116,113,131,133,156,157,155,138,110,100,25,0,0,8,11,12,11,13
14,9,7,11,44,20,55,77,87,97,129,131,161,171,166,134,109,91,11,0,0,7,5,8,8,10
12,12,12,27,22,44,63,65,79,99,110,115,133,168,150,117,87,69,11,0,0,7,5,0,5,4
8,7,12,21,51,55,66,65,87,103,115,128,144,142,128,118,88,65,6,0,0,8,13,7,6,6
47,23,13,22,44,35,62,92,101,101,109,129,148,144,127,105,87,73,6,0,0,6,13,11,7,6
33,13,13,30,50,12,57,77,93,101,125,137,145,137,121,103,89,64,0,0,0,9,6,12,9,10
15,9,13,52,51,42,51,63,76,114,119,133,124,127,110,83,73,58,5,0,0,10,10,11,9,8
14,14,36,52,52,36,51,61,79,99,112,126,120,120,103,76,62,53,0,0,0,6,10,10,9,10
30,36,47,52,52,35,52,55,75,98,115,112,115,108,95,69,59,51,0,0,0,7,10,11,11,9
40,45,51,52,50,47,52,57,67,89,109,105,114,106,82,62,56,34,0,0,0,8,9,8,10,8
50,50,43,45,42,35,42,53,66,87,93,98,103,95,74,53,55,37,0,0,0,0,8,5,9,10
57,50,38,42,43,25,43,52,63,85,103,103,104,85,65,41,52,27,0,0,0,5,5,7,8,8
64,53,34,41,37,14,50,53,61,79,101,105,101,79,53,21,41,13,0,0,0,9,11,8,11,8
62,53,31,23,22,19,35,52,60,82,97,91,91,68,25,41,42,12,0,0,0,6,7,8,8,6
58,50,13,14,14,12,26,51,57,84,89,84,79,61,17,52,32,9,0,0,0,0,8,0,0,6
14,14,12,12,11,8,14,44,57,78,95,85,82,60,12,45,23,6,0,0,0,5,6,0,0,4
13,11,7,7,8,0,14,13,54,80,85,77,64,52,12,12,14,7,0,0,0,6,0,0,0,5
13,10,6,0,9,6,9,30,53,78,77,71,63,55,21,14,14,8,0,0,0,0,5,0,0,0
13,7,6,0,0,0,10,13,53,87,90,68,62,46,47,16,26,9,0,0,0,0,5,0,0,0
13,6,0,9,0,0,8,14,51,72,83,69,55,20,44,18,26,9,0,0,0,0,6,5,0,0
9,0,0,0,6,5,8,12,17,57,82,61,58,52,24,17,14,12,0,0,0,6,8,7,0,0
0,4,0,0,0,7,0,10,11,53,65,60,52,32,19,14,11,8,0,0,0,4,6,5,5,0
0,5,5,4,7,0,4,6,12,43,63,56,53,37,14,12,10,6,0,0,0,7,0,4,5,6
9,8,7,0,10,0,6,11,21,47,68,54,50,46,26,23,9,0,0,0,0,0,4,0,0,0
0,8,11,16,11,12,23,41,27,77,93,94,112,118,137,124,133,101,50,0,0,13,11,7,7,13
12,8,11,12,10,9,13,14,13,83,104,106,119,123,133,124,125,118,66,0,0,13,14,10,5,9
12,6,10,13,12,14,40,13,71,101,108,113,121,132,136,132,129,120,72,0,0,13,21,12,10,8
13,12,20,10,13,10,28,21,58,95,108,116,130,138,138,134,126,115,71,0,0,13,27,13,11,14
13,10,10,12,8,0,8,10,10,95,104,116,131,137,141,123,114,105,40,0,0,12,12,11,11,13
13,0,0,10,0,8,18,51,21,80,108,117,134,143,147,123,105,95,19,0,0,8,13,13,10,15
14,0,11,8,0,0,50,31,58,71,89,115,139,145,154,121,107,84,34,0,0,10,22,10,13,11
11,0,7,13,7,8,50,55,61,77,100,123,145,157,151,124,107,80,17,0,0,10,13,8,11,13
12,9,6,7,0,0,11,43,73,95,97,117,137,152,144,119,102,77,28,0,0,10,8,11,8,9
14,11,12,13,11,0,53,60,83,107,112,113,131,139,141,122,98,80,13,0,0,9,10,6,10,8
12,0,0,10,18,0,51,69,88,100,115,118,126,127,131,120,87,77,12,0,0,8,10,8,10,10
10,9,0,12,21,6,51,70,98,106,113,113,130,133,126,119,99,96,10,0,0,9,10,8,7,5
11,7,0,11,13,0,55,72,101,113,115,112,125,127,124,121,94,83,10,0,0,8,8,6,6,5
13,8,7,10,14,5,40,80,103,113,119,127,134,138,130,116,101,86,11,0,0,9,9,9,10,7
29,12,10,14,11,13,54,84,103,115,119,116,127,127,120,102,99,75,13,0,0,10,10,9,10,12
12,9,8,15,32,13,76,105,111,115,125,122,131,129,125,110,103,86,13,0,0,6,14,11,9,12
42,31,13,36,43,16,74,102,115,113,131,133,156,157,156,138,110,100,25,0,0,8,11,12,11,13
14,9,7,12,45,20,55,78,87,97,129,131,161,171,166,134,109,90,11,0,0,7,5,7,8,10
12,12,12,27,22,44,63,65,79,99,110,115,133,169,151,117,87,69,11,0,0,7,5,0,5,0
8,7,12,23,51,55,67,66,87,103,115,129,144,142,128,118,88,65,7,0,0,8,13,7,6,6
47,25,13,22,44,35,62,92,101,101,109,129,149,144,127,105,87,73,6,0,0,6,13,11,7,6
33,13,13,30,50,12,58,77,93,101,125,137,145,137,121,103,90,64,0,0,0,9,6,12,9,10
14,9,13,52,51,42,51,63,76,114,119,133,124,127,110,83,73,58,5,0,0,10,10,11,9,8
14,15,36,52,53,36,51,61,79,99,112,126,120,120,103,76,62,53,0,0,0,6,10,10,9,10
31,36,47,52,52,35,52,56,75,98,115,112,115,108,95,69,59,51,0,0,0,7,10,11,11,9
41,45,50,52,51,47,52,57,67,89,109,105,114,105,83,62,56,32,0,0,0,8,9,8,10,8
50,50,43,45,42,35,43,53,66,87,93,98,103,95,74,53,55,37,0,0,0,0,9,5,9,10
57,50,38,42,43,25,45,52,63,85,103,103,104,85,65,40,52,28,0,0,0,5,5,7,8,8
64,53,34,42,37,14,50,53,61,80,101,105,101,78,53,21,41,13,0,0,0,9,11,8,11,8
63,53,31,23,22,19,35,52,61,82,97,91,91,68,25,41,42,12,0,0,0,5,7,8,8,6
59,50,13,14,14,12,27,51,57,84,89,84,79,61,17,52,32,10,0,0,0,0,8,0,0,6
14,14,12,12,11,8,14,46,57,78,95,85,82,61,13,45,25,6,0,0,0,5,6,0,0,4
13,11,7,7,8,0,14,13,54,80,85,78,64,52,13,12,14,7,0,0,0,6,0,0,0,5
13,10,6,0,9,6,9,30,53,78,78,71,63,55,21,14,14,8,0,0,0,0,5,0,0,0
13,7,6,0,0,0,10,13,53,88,90,68,62,48,47,16,26,9,0,0,0,0,5,0,0,0
13,6,0,9,0,0,8,14,51,72,83,69,55,20,46,18,26,9,0,0,0,0,6,5,0,0
9,0,0,4,6,5,8,13,17,57,82,61,58,52,24,17,14,12,0,0,0,6,8,7,0,0
0,4,0,0,0,7,0,10,12,53,65,60,52,32,19,14,11,8,0,0,0,4,6,5,5,0
0,5,5,4,8,0,4,6,13,44,63,56,53,37,14,12,10,6,0,0,0,7,0,4,5,6
9,8,7,0,10,0,6,11,21,47,68,54,50,46,26,23,9,0,0,0,0,0,4,0,0,0
0,8,11,16,11,12,23,41,27,77,93,94,112,118,137,124,133,101,51,0,0,12,11,7,7,13
12,8,11,12,10,9,13,14,13,83,104,106,119,123,133,124,125,118,68,0,0,13,14,10,5,9
12,6,10,13,12,14,40,13,69,101,108,112,121,132,136,132,129,121,73,0,0,13,22,12,10,8
13,12,20,10,12,10,28,23,58,95,108,116,130,138,138,134,126,115,72,0,0,13,27,13,11,14
13,10,10,12,8,0,8,10,10,95,104,116,131,136,141,123,114,105,42,0,0,12,12,11,10,14
13,0,0,10,0,8,18,51,21,80,108,117,134,142,146,123,104,95,21,0,0,8,13,13,10,15
14,0,11,8,0,0,50,31,57,71,89,115,139,144,154,121,107,84,36,0,0,9,22,10,13,11
11,0,7,13,7,8,50,55,61,77,100,123,145,157,151,125,107,80,20,0,0,10,13,8,11,13
12,9,6,8,0,0,11,46,73,96,97,117,138,152,144,119,101,77,30,0,0,10,8,12,8,9
14,11,12,13,11,0,53,62,83,107,112,113,131,139,141,122,98,81,13,0,0,9,10,6,10,8
12,0,0,10,18,0,51,69,88,100,115,118,127,127,131,120,88,77,12,0,0,8,10,8,10,10
10,9,0,13,21,6,51,71,100,106,113,114,130,133,126,119,99,96,11,0,0,9,10,8,6,5
11,7,0,11,13,0,56,73,101,113,115,112,125,127,123,121,94,85,11,0,0,8,8,7,6,5
13,8,7,10,14,6,40,81,103,113,119,127,134,138,130,116,101,86,11,0,0,9,9,9,10,7
29,12,10,14,11,13,54,86,103,115,119,117,127,126,120,102,98,75,14,0,0,10,10,9,10,12
12,8,8,15,32,13,76,105,111,115,125,122,131,129,125,110,103,86,13,0,0,6,14,11,9,12
41,30,13,36,43,16,74,102,116,113,131,134,156,156,155,138,110,100,27,0,0,8,11,12,11,13
14,9,7,12,44,20,55,78,87,98,129,131,161,170,166,134,109,90,11,0,0,7,5,8,8,10
12,12,12,27,22,47,63,65,79,99,110,115,133,168,151,117,87,69,11,0,0,7,5,0,5,4
8,7,12,23,51,55,67,66,88,103,115,129,144,142,128,118,88,66,7,0,0,8,13,7,6,6
47,25,13,22,44,35,62,92,102,101,109,129,148,144,127,105,86,74,6,0,0,6,13,11,7,6
33,13,13,30,50,12,58,77,94,101,125,137,145,137,121,103,90,64,0,0,0,9,6,12,9,10
15,9,13,52,51,42,51,64,76,114,119,133,124,126,110,83,74,58,5,0,0,10,10,11,9,8
14,14,36,52,52,36,51,61,79,99,112,126,120,120,102,76,62,53,0,0,0,6,10,10,9,10
30,36,50,52,52,35,52,56,75,98,115,112,115,108,94,69,59,51,0,0,0,7,10,11,11,9
41,45,51,52,51,47,52,57,67,89,109,105,114,105,82,62,56,32,0,0,0,8,9,8,10,8
50,50,43,45,42,35,42,54,66,87,93,98,103,95,74,53,55,35,0,0,0,0,9,5,9,10
57,50,40,42,43,27,45,53,63,85,103,103,104,85,65,41,52,28,0,0,0,5,5,7,8,8
64,53,34,42,35,14,50,53,61,80,101,105,101,78,53,21,41,13,0,0,0,9,11,8,11,8
63,53,31,25,22,19,35,52,61,82,97,91,91,68,25,41,42,12,0,0,0,5,7,8,8,6
59,50,13,14,13,12,27,51,57,83,89,84,79,60,17,52,32,10,0,0,0,0,8,0,0,6
14,14,12,12,11,8,14,46,57,78,95,85,82,60,12,45,25,6,0,0,0,5,6,0,0,4
13,11,7,7,8,0,14,13,54,80,85,78,65,52,13,12,14,7,0,0,0,6,0,0,0,5
13,10,6,0,9,6,9,30,54,78,77,71,64,54,23,14,14,8,0,0,0,0,5,0,0,0
13,7,6,0,0,0,10,13,53,88,90,68,62,46,50,16,28,9,0,0,0,0,5,0,0,0
13,6,0,9,0,0,8,14,51,72,83,69,55,18,46,18,26,10,0,0,0,0,6,5,0,0
9,0,0,4,6,5,8,13,17,57,82,61,58,52,24,17,14,12,0,0,0,6,8,7,0,0
0,4,0,0,0,7,0,10,12,53,65,60,52,32,19,14,11,8,0,0,0,4,6,5,5,0
0,5,6,4,7,0,4,6,13,44,63,56,53,37,14,12,10,6,0,0,0,7,0,4,5,6
9,8,7,0,10,0,6,11,22,47,68,54,50,45,26,25,9,0,0,0,0,0,4,0,0,0
