0,0,7,14,16,54,59,64,69,70,71,71,87,80,78,65,64,11,0,0,0,0,12,8,12,25
11,0,10,13,17,70,82,98,104,103,104,103,113,116,104,79,68,12,0,0,0,6,13,8,7,11
10,5,9,28,55,77,101,107,110,115,110,115,126,123,117,93,81,17,11,0,0,6,12,8,6,8
11,8,12,47,65,84,103,110,115,120,116,125,134,132,120,104,84,28,11,0,0,0,16,7,7,10
13,10,7,17,38,72,102,111,117,118,117,117,125,125,115,96,78,23,10,0,0,0,7,0,5,8
13,9,0,17,53,61,81,108,114,111,111,115,121,118,114,100,76,25,0,0,0,0,9,7,6,9
12,0,0,34,56,65,80,101,107,110,112,109,113,116,117,89,78,14,6,0,0,0,5,0,11,6
12,0,7,53,61,81,94,113,123,125,123,124,127,127,116,99,76,34,0,0,0,0,11,0,6,10
11,10,8,25,54,70,98,123,129,125,120,121,126,130,115,91,73,31,5,0,0,0,0,8,6,10
13,0,8,11,60,85,108,120,125,125,127,119,121,126,122,103,71,14,0,0,0,0,9,0,6,8
8,0,0,18,62,80,106,113,119,116,122,115,114,108,113,104,67,13,6,0,0,0,0,0,9,8
8,0,0,37,64,88,107,112,119,118,120,115,117,118,114,106,71,13,8,0,0,0,10,7,6,6
9,0,0,28,60,90,104,113,120,123,121,117,128,118,116,105,80,14,0,0,0,0,6,7,7,9
11,5,0,25,46,90,106,112,118,122,123,112,122,118,115,103,83,14,6,0,0,0,10,7,9,8
13,10,7,30,67,98,106,111,112,118,124,112,121,119,108,79,72,17,7,0,0,5,10,9,8,9
13,12,10,60,85,105,113,128,146,136,143,125,131,125,122,100,85,42,8,0,0,6,16,12,11,14
28,13,10,56,73,86,108,118,137,133,144,113,124,116,104,92,75,29,7,0,0,7,13,10,9,15
8,0,0,23,55,71,84,97,88,91,105,103,113,107,101,71,65,11,0,0,0,0,5,6,7,7
11,6,7,27,57,79,87,94,103,105,104,101,97,111,90,82,60,35,0,0,0,0,6,0,4,0
9,4,9,31,62,80,88,93,109,117,136,125,111,101,92,93,70,52,0,0,0,0,12,7,5,8
13,12,11,37,73,91,104,110,115,112,115,120,104,101,89,79,71,50,0,0,0,4,7,6,7,0
14,11,12,51,84,100,112,120,125,109,116,118,107,94,89,83,79,58,0,0,0,0,7,9,4,8
14,6,12,51,66,101,96,107,103,100,97,103,92,85,84,80,75,57,0,0,0,0,7,8,7,7
12,9,7,50,58,85,92,104,97,79,70,77,77,83,85,83,73,54,0,0,0,0,8,7,6,7
14,9,11,47,61,82,88,91,90,76,70,69,77,85,90,83,84,58,0,0,0,0,6,5,7,6
18,7,10,43,61,80,87,87,80,67,67,66,73,79,86,84,93,65,0,0,0,0,8,0,6,4
13,0,10,40,59,76,81,90,76,65,63,65,69,80,86,85,93,69,7,0,0,0,11,6,6,6
11,10,0,39,58,72,81,79,71,66,68,64,66,73,79,86,90,67,10,0,0,0,7,0,7,6
13,9,0,30,55,67,75,76,69,64,68,65,67,71,78,81,81,71,12,0,0,0,10,7,7,5
10,7,7,14,48,62,68,69,67,65,64,61,64,68,73,82,86,74,13,0,0,0,7,9,0,4
10,6,6,13,50,59,60,71,67,63,62,59,62,67,72,88,88,75,22,0,0,0,0,0,0,5
11,6,5,15,41,67,69,73,67,63,60,57,63,67,75,96,99,87,28,0,0,0,6,0,0,8
11,5,0,13,50,79,79,72,65,59,57,53,60,64,70,101,115,82,12,0,0,0,0,0,0,5
9,0,0,9,30,62,63,63,56,52,51,36,55,58,60,80,96,55,0,0,0,0,0,0,0,0
6,0,0,8,23,51,55,57,50,50,28,27,45,44,51,55,48,8,0,0,0,0,0,0,0,0
6,0,0,10,14,31,38,51,32,35,29,28,37,35,26,37,20,6,0,0,0,0,6,0,0,0
5,0,0,9,12,14,26,26,25,14,20,13,19,23,25,28,16,0,0,0,0,0,4,6,0,0
0,0,0,6,10,13,13,22,18,16,12,8,14,13,18,13,12,0,0,0,0,0,5,0,0,0
0,0,0,7,13,12,13,14,21,13,10,11,14,12,13,10,10,0,0,0,0,0,0,0,0,0
6,0,0,7,12,10,11,21,10,12,10,17,13,17,12,12,15,0,0,0,0,0,0,0,0,0
0,6,10,23,24,57,60,63,68,70,72,72,87,85,83,69,67,0,8,0,0,0,19,9,13,21
14,8,12,15,30,75,86,97,103,103,104,103,114,119,108,85,71,6,7,0,0,6,15,9,8,11
14,9,11,37,62,82,101,105,109,115,110,115,127,127,121,100,83,10,12,0,0,5,16,11,7,9
12,10,13,50,72,89,103,110,114,120,116,125,136,136,125,109,86,10,12,0,0,0,20,8,8,10
14,10,8,14,38,78,102,109,116,118,117,117,126,128,120,102,79,9,10,0,0,0,7,4,6,9
14,9,0,21,56,64,82,107,113,110,110,115,122,121,117,106,77,7,0,0,0,0,9,7,6,9
13,0,0,38,58,66,78,98,105,108,110,107,113,118,122,95,80,7,6,0,0,0,0,0,12,6
12,0,7,54,62,80,90,110,121,123,122,123,126,127,118,103,77,8,0,0,0,0,11,0,6,10
11,10,7,25,58,70,95,121,129,124,119,119,126,130,117,95,74,9,0,0,0,0,0,8,6,10
14,7,8,12,66,87,108,120,124,125,127,118,121,126,125,105,71,9,0,0,0,0,9,0,5,7
8,0,0,25,66,80,105,113,118,116,121,115,114,109,116,106,67,7,6,0,0,0,0,0,9,8
8,0,0,43,68,90,107,111,118,118,120,115,117,119,116,107,71,5,7,0,0,0,10,7,6,6
9,0,0,31,63,94,104,112,119,122,121,117,129,119,117,106,79,7,0,0,0,0,5,7,7,9
12,5,0,28,52,93,106,111,117,120,122,112,122,119,115,104,82,7,5,0,0,0,10,6,8,8
14,10,7,32,72,100,106,111,111,117,123,112,120,119,109,81,71,7,5,0,0,4,10,8,8,8
13,11,10,62,89,106,114,127,144,134,142,124,130,125,122,99,82,10,6,0,0,0,17,11,10,14
29,13,10,56,77,89,108,118,135,131,143,112,124,116,106,93,74,8,5,0,0,6,13,10,9,14
8,0,0,26,57,72,86,96,86,89,105,102,112,106,100,70,60,7,0,0,0,0,5,6,7,7
11,6,6,29,59,80,87,92,101,103,103,99,96,110,88,78,57,13,0,0,0,0,5,0,3,0
10,4,9,35,65,82,88,91,108,115,134,123,110,101,91,90,67,35,0,0,0,0,12,6,5,7
13,12,11,42,77,91,103,109,114,110,114,118,102,100,89,78,69,14,0,0,0,0,7,6,6,0
14,12,12,52,87,100,111,118,123,107,115,117,106,93,89,83,75,33,0,0,0,0,7,8,3,8
14,6,12,52,68,100,94,105,101,99,96,102,91,86,84,79,72,50,0,0,0,0,8,8,6,6
12,9,7,51,60,85,90,101,94,78,70,77,77,84,85,82,70,41,0,0,0,0,8,7,6,7
14,9,11,51,64,83,87,89,88,75,69,69,78,85,90,82,81,52,0,0,0,0,6,5,6,5
21,7,10,48,65,82,87,86,78,66,66,66,73,80,86,83,90,57,0,0,0,0,8,0,6,3
14,0,11,43,64,79,81,88,73,63,63,65,69,81,87,85,89,61,6,0,0,0,11,5,6,6
11,10,0,44,63,76,82,78,68,65,68,64,67,74,81,86,87,60,9,0,0,0,8,0,6,6
13,10,0,35,59,71,76,74,66,63,68,65,68,73,80,81,79,64,12,0,0,0,11,7,7,4
10,7,8,19,53,68,70,68,64,63,64,61,65,69,75,83,84,66,12,0,0,0,7,9,0,4
10,6,6,14,53,64,64,70,64,63,63,60,64,69,75,89,86,69,14,0,0,0,0,0,0,5
11,7,6,31,54,77,74,72,65,64,62,59,65,70,79,98,96,80,23,0,0,0,6,0,0,8
12,7,0,15,57,96,89,70,65,61,59,56,63,69,75,104,113,82,12,0,0,0,0,0,0,5
10,4,5,12,52,72,68,63,56,52,53,40,57,61,64,87,98,61,6,0,0,0,0,0,0,0
6,0,0,9,50,56,55,53,40,50,26,33,50,51,53,56,46,11,0,0,0,0,0,0,0,0
7,0,0,12,23,43,37,50,26,30,33,35,41,44,38,42,19,9,0,0,0,0,6,0,0,0
6,0,0,10,14,20,25,17,21,13,20,13,23,28,31,31,14,7,0,0,0,0,5,6,0,0
0,0,0,8,12,14,12,16,17,17,11,8,16,14,21,14,11,6,0,0,0,0,5,0,0,0
0,0,0,8,16,13,13,12,19,13,9,11,14,12,14,11,10,0,0,0,0,0,0,0,0,0
6,0,0,9,14,12,10,17,9,11,10,18,14,20,14,13,14,0,0,0,0,0,0,0,0,0
0,9,12,28,30,59,63,65,73,72,73,73,87,85,82,68,67,0,9,0,0,0,20,10,13,23
25,11,13,25,42,82,94,101,106,104,105,103,114,119,107,85,72,0,7,0,0,7,17,10,8,11
34,10,13,43,65,92,103,107,111,118,112,116,128,127,121,100,84,5,12,0,0,6,18,11,7,9
13,11,13,50,77,97,105,111,117,123,117,126,136,136,125,108,87,4,12,0,0,4,21,9,8,10
14,11,9,14,36,87,104,111,118,121,118,118,127,128,119,101,80,0,10,0,0,0,8,5,6,10
14,9,0,23,59,66,88,108,116,112,111,115,122,120,116,105,77,0,0,0,0,0,9,7,6,10
12,0,6,41,60,68,82,102,108,109,110,108,113,117,121,94,80,0,7,0,0,0,5,0,12,6
11,0,7,54,65,83,94,112,122,124,122,123,126,126,117,102,77,0,0,0,0,0,11,0,6,9
10,9,7,18,60,73,100,123,130,124,119,119,125,130,117,95,74,0,0,0,0,0,0,8,6,10
13,0,8,12,69,93,110,121,124,124,126,117,120,126,125,105,72,4,0,0,0,0,9,0,5,7
8,0,0,27,68,85,108,113,117,115,120,114,113,109,116,106,68,0,7,0,0,0,0,0,9,8
8,0,0,43,70,95,109,111,117,117,119,114,116,118,116,107,71,0,7,0,0,0,10,7,6,7
8,0,0,34,64,98,104,111,118,121,120,116,128,118,117,105,78,0,0,0,0,0,6,7,7,9
11,0,0,25,52,96,107,110,116,120,121,111,121,118,115,104,81,0,5,0,0,0,10,6,9,8
13,10,6,30,72,100,106,110,111,116,122,111,119,118,108,79,70,0,5,0,0,4,10,8,8,8
12,10,9,59,89,107,114,126,143,133,141,123,129,123,120,96,82,4,5,0,0,0,16,12,10,14
25,12,10,55,77,90,109,116,134,130,141,110,122,115,104,91,74,0,0,0,0,6,13,10,9,14
7,0,0,20,58,73,86,91,84,87,103,100,110,103,96,67,60,5,0,0,0,0,5,6,7,7
10,0,6,18,60,81,87,89,98,101,101,96,93,106,83,73,57,11,0,0,0,0,6,0,0,0
8,0,8,31,65,83,88,89,106,113,132,121,108,98,88,85,66,23,0,0,0,0,11,6,4,7
13,12,11,42,80,92,103,108,112,109,112,116,100,97,85,76,68,11,0,0,0,0,7,6,6,0
13,11,12,52,90,100,110,117,121,105,114,115,104,91,86,81,74,13,0,0,0,0,6,8,3,8
13,6,12,52,71,101,94,105,100,96,93,101,89,83,82,77,71,30,0,0,0,0,8,8,6,6
12,9,7,51,61,86,91,100,93,77,69,76,76,83,84,81,69,25,0,0,0,0,8,7,6,7
14,9,11,51,67,85,87,88,87,74,69,69,77,84,89,81,80,45,0,0,0,0,7,5,6,4
20,6,10,50,68,83,88,85,78,66,66,66,73,80,85,83,89,54,0,0,0,0,8,0,5,0
13,0,11,46,67,81,83,88,73,63,63,65,70,81,87,85,89,59,6,0,0,0,11,5,6,6
12,10,0,50,66,78,83,78,69,65,68,64,67,75,82,87,87,58,9,0,0,0,9,0,6,6
13,10,0,42,62,74,78,75,67,64,69,66,69,74,81,82,80,62,12,0,0,0,11,7,7,4
10,7,8,33,56,71,73,68,65,64,65,62,66,70,77,84,86,65,12,0,0,0,7,9,0,4
11,6,7,27,56,67,67,70,65,64,64,61,65,70,77,91,88,68,14,0,0,0,0,0,0,5
12,9,7,41,58,82,78,73,67,66,63,62,68,73,81,101,99,80,25,0,0,0,6,0,0,8
13,7,6,37,62,105,95,72,68,64,62,60,66,71,78,110,118,82,13,0,0,0,0,0,0,6
11,5,5,21,57,79,73,65,60,54,55,50,60,63,67,92,104,62,7,0,0,0,0,0,0,0
7,0,5,10,54,60,58,55,40,51,29,50,53,54,54,57,50,10,0,0,0,0,0,0,0,0
7,0,0,12,32,50,40,50,33,35,38,50,50,50,44,45,22,8,0,0,0,0,6,0,0,0
6,0,0,12,17,25,30,19,27,12,25,14,27,33,34,34,15,5,0,0,0,0,5,6,0,0
0,0,0,9,13,16,12,17,18,18,11,8,21,14,22,14,12,5,0,0,0,0,6,0,0,0
0,0,0,9,22,14,13,12,20,13,9,12,14,13,16,11,10,0,0,0,0,0,0,0,0,0
6,0,0,10,14,13,11,17,9,11,9,20,14,20,14,13,14,0,0,0,0,0,4,0,0,0
0,9,12,26,34,59,63,67,74,75,73,73,87,84,82,68,67,0,9,0,0,0,21,10,14,23
27,11,13,25,42,83,95,101,106,105,105,104,114,119,107,85,72,0,7,0,0,7,17,10,8,11
36,11,13,46,65,93,104,107,111,118,112,116,128,127,121,100,84,5,12,0,0,7,19,11,7,9
14,11,13,50,77,97,106,112,117,123,117,126,136,136,125,108,87,4,12,0,0,4,22,9,9,10
14,12,9,14,38,88,105,112,119,121,118,118,127,128,119,101,80,0,10,0,0,0,8,5,6,10
14,9,0,23,59,67,90,109,117,112,111,115,122,120,116,105,77,0,0,0,0,0,10,7,6,10
12,0,6,41,61,68,83,103,109,110,110,108,113,117,121,94,80,0,7,0,0,0,0,4,12,6
11,0,7,54,65,84,95,112,122,124,121,123,126,126,117,102,77,0,0,0,0,0,11,5,6,9
10,9,7,21,60,74,100,123,130,125,119,119,125,129,117,94,73,0,0,0,0,0,0,8,6,10
13,0,8,11,69,94,111,121,125,125,125,118,120,126,125,105,71,4,0,0,0,0,9,0,6,8
8,0,0,27,69,87,109,113,118,115,120,115,113,108,116,105,68,0,7,0,0,0,0,0,9,8
8,0,0,43,71,96,109,111,117,117,119,114,116,118,115,107,71,0,7,0,0,0,10,7,6,7
8,0,0,34,64,98,105,112,118,121,120,116,128,118,116,105,78,0,0,0,0,0,6,7,7,9
11,0,0,22,52,97,106,110,116,120,121,111,121,118,114,103,81,0,0,0,0,0,10,6,9,8
13,10,6,30,72,100,106,110,111,118,122,111,119,118,108,78,70,0,0,0,0,4,10,8,8,8
12,10,9,59,89,107,114,126,143,134,140,123,128,123,120,96,82,0,0,0,0,0,17,12,10,13
22,12,10,55,77,90,109,116,134,130,141,111,122,114,104,91,74,0,0,0,0,6,13,10,9,14
7,0,0,18,58,73,86,91,84,87,103,100,110,103,96,67,61,5,0,0,0,0,5,6,7,7
9,0,5,15,60,81,87,89,98,101,100,96,93,106,83,73,57,11,0,0,0,0,6,0,0,0
8,0,8,31,65,83,88,90,106,113,131,121,107,98,88,84,65,22,0,0,0,0,11,6,4,7
13,12,11,40,80,92,104,107,112,109,112,116,100,97,85,76,69,11,0,0,0,0,7,6,6,0
13,11,11,52,90,100,110,117,121,104,114,115,103,90,86,81,74,13,0,0,0,0,6,8,3,8
13,6,12,52,71,101,95,105,100,94,93,101,88,83,82,77,71,30,0,0,0,0,8,8,6,6
12,9,7,51,61,86,91,100,93,77,69,76,76,83,83,81,69,23,0,0,0,0,8,7,6,7
14,10,11,51,67,85,88,88,87,74,69,69,77,84,89,81,80,43,0,0,0,0,8,4,6,4
20,6,10,50,68,83,88,85,78,66,66,66,73,80,85,82,89,54,0,0,0,0,9,0,5,0
14,0,10,46,67,81,82,88,73,64,63,65,70,81,87,85,89,59,7,0,0,0,11,5,6,6
12,10,0,50,66,78,84,78,69,66,68,65,67,75,82,87,87,57,9,0,0,4,9,0,6,6
14,10,0,44,62,74,79,75,67,64,69,66,69,74,81,82,80,62,12,0,0,0,11,7,7,4
11,7,8,33,56,71,72,68,65,64,65,63,66,70,78,85,86,65,12,0,0,0,9,9,0,4
10,7,7,25,56,67,68,70,65,64,64,62,65,70,78,91,88,68,14,0,0,0,0,0,0,5
12,9,7,43,58,82,78,73,68,66,64,63,68,73,82,102,100,80,25,0,0,0,6,0,0,9
13,7,6,40,62,106,94,72,69,65,63,61,66,71,78,111,118,82,13,0,0,0,0,0,0,6
11,6,6,21,57,80,73,66,61,54,55,50,60,63,67,93,104,63,7,0,0,0,0,0,0,0
7,0,5,10,55,61,58,55,40,51,29,50,53,54,55,57,51,10,0,0,0,0,0,0,0,0
7,0,0,12,35,50,37,51,37,36,38,51,51,50,48,46,22,8,0,0,0,0,6,4,0,0
6,0,0,12,19,28,30,20,25,12,28,15,27,35,36,34,16,6,0,0,0,0,5,6,0,0
0,0,0,9,13,16,13,18,17,19,11,8,21,14,23,14,12,5,0,0,0,0,6,0,0,0
0,0,0,9,23,14,13,12,21,14,9,12,14,13,17,11,10,0,0,0,0,0,0,0,0,0
6,0,0,10,15,13,11,19,9,11,9,20,14,20,14,13,15,0,0,0,0,0,4,0,0,0
0,9,12,28,36,59,63,67,73,75,73,73,87,85,82,68,67,0,10,0,0,0,22,10,14,24
30,12,13,25,50,86,96,101,106,105,105,104,114,119,107,85,72,0,8,0,0,7,19,10,8,11
36,11,13,43,69,94,104,107,111,118,112,116,128,127,121,100,84,0,13,0,0,7,20,11,7,10
14,11,13,50,79,98,105,112,117,123,117,126,136,136,125,108,86,0,13,0,0,5,23,9,9,10
14,12,10,15,42,89,105,112,119,122,118,118,128,129,120,101,80,0,10,0,0,0,8,5,6,10
14,10,0,21,59,67,89,109,117,112,111,116,123,121,116,105,78,0,0,0,0,0,10,7,6,10
13,0,6,41,62,68,83,103,109,110,110,109,114,117,121,95,80,0,8,0,0,0,5,4,12,6
11,0,7,55,66,84,96,112,122,124,121,123,126,127,117,102,77,0,0,0,0,0,12,6,6,9
10,9,7,21,61,73,100,123,130,125,118,119,124,130,116,94,73,0,0,0,0,0,6,8,6,10
13,0,8,11,70,95,111,121,125,125,125,117,120,126,125,104,71,0,7,0,0,0,9,0,5,8
8,0,0,25,71,88,109,114,117,115,120,114,113,109,116,105,68,0,8,0,0,0,5,0,9,8
8,6,0,43,73,96,109,111,117,117,119,114,116,118,115,107,70,0,8,0,0,0,11,7,6,7
8,0,0,34,67,100,105,112,118,121,120,116,128,118,116,105,78,0,0,0,0,0,7,7,7,9
11,5,0,25,54,98,106,110,116,120,121,111,121,117,114,103,82,0,5,0,0,0,11,7,9,8
13,10,7,30,75,101,106,110,111,117,122,111,119,118,107,78,70,0,5,0,0,5,10,8,8,8
12,10,9,59,92,107,114,126,143,134,140,123,128,123,120,96,82,0,5,0,0,0,18,12,10,14
22,12,10,54,77,90,109,116,134,130,141,110,122,114,103,90,74,0,0,0,0,7,13,10,9,14
7,0,0,16,58,74,86,91,84,87,103,101,109,103,95,67,61,0,0,0,0,0,5,6,7,7
9,0,5,15,61,81,88,89,97,101,100,96,93,106,82,73,57,9,0,0,0,0,6,0,0,0
8,0,8,31,66,83,88,90,106,112,131,121,107,98,88,84,64,13,0,0,0,0,10,6,4,6
13,12,11,45,82,92,103,108,112,108,112,115,100,97,85,76,69,9,0,0,0,0,8,6,6,0
13,11,12,53,92,100,110,117,121,104,114,115,103,91,87,81,74,11,0,0,0,0,6,7,3,8
13,6,12,52,71,101,95,105,100,94,92,100,89,83,82,77,71,14,0,0,0,0,8,8,6,6
12,9,7,52,62,86,91,100,93,77,69,76,76,83,83,81,69,14,0,0,0,0,8,7,6,6
14,10,11,51,68,85,87,88,87,73,68,69,77,84,88,81,81,27,0,0,0,0,8,4,6,4
20,6,10,51,68,84,88,85,78,66,65,66,73,80,85,83,89,51,0,0,0,0,10,0,5,0
13,0,10,46,67,81,82,87,73,64,63,65,70,81,86,85,90,56,7,0,0,0,11,0,6,6
12,10,0,50,67,79,84,78,69,66,67,65,68,75,82,87,88,54,10,0,0,4,9,0,6,6
14,10,0,44,62,75,80,75,67,64,69,66,69,75,82,83,80,59,12,0,0,4,12,7,6,4
11,7,9,35,56,71,72,69,65,64,66,63,66,71,78,85,86,62,13,0,0,0,11,9,0,4
11,7,8,27,57,67,68,70,65,64,64,62,65,71,79,92,89,65,20,0,0,0,0,0,0,5
12,10,7,43,58,82,78,73,68,66,64,63,69,73,83,102,100,76,28,0,0,0,7,0,0,9
13,8,7,45,63,107,94,73,69,65,63,62,66,72,78,111,119,79,14,0,0,0,0,0,0,6
11,7,6,23,58,80,73,67,61,55,55,51,60,63,67,93,105,60,8,0,0,0,0,0,0,0
7,0,6,10,56,62,59,56,40,51,31,51,54,56,55,57,51,8,0,0,0,0,0,0,0,0
8,0,0,12,39,51,37,51,39,36,40,51,51,50,48,48,22,7,0,0,0,0,6,4,0,0
6,0,0,12,23,32,30,22,25,12,30,15,23,37,36,35,18,0,0,0,0,0,5,6,0,0
0,0,0,9,14,18,13,20,17,19,11,8,20,14,22,14,11,0,0,0,0,0,6,0,0,0
0,0,0,9,26,14,13,13,21,15,9,12,14,13,17,12,10,0,0,0,0,0,0,0,0,0
6,0,0,10,16,13,11,20,9,12,10,22,14,21,14,13,16,0,0,0,0,0,4,0,0,0
0,9,12,28,36,59,63,67,73,75,73,73,87,85,82,68,67,0,10,0,0,0,22,10,14,24
30,12,13,25,50,86,96,101,106,105,105,104,114,119,107,85,72,0,8,0,0,7,19,10,8,11
36,11,13,43,69,94,104,107,111,118,112,116,128,127,121,100,84,0,13,0,0,7,20,11,7,10
14,11,13,50,79,98,105,112,117,123,117,126,136,136,125,108,86,0,13,0,0,5,23,9,9,10
14,12,10,15,42,89,105,112,119,122,118,118,128,129,120,101,80,0,10,0,0,0,8,5,6,10
14,10,0,21,59,67,89,109,117,112,111,116,123,121,116,105,78,0,0,0,0,0,10,7,6,10
13,0,6,41,62,68,83,103,109,110,110,109,114,117,121,95,80,0,8,0,0,0,5,4,12,6
11,0,7,55,66,84,96,112,122,124,121,123,126,127,117,102,77,0,0,0,0,0,12,6,6,9
10,9,7,21,61,73,100,123,130,125,118,119,124,130,116,94,73,0,0,0,0,0,6,8,6,10
13,0,8,11,70,95,111,121,125,125,125,117,120,126,125,104,71,0,7,0,0,0,9,0,5,8
8,0,0,25,71,88,109,114,117,115,120,114,113,109,116,105,68,0,8,0,0,0,5,0,9,8
8,6,0,43,73,96,109,111,117,117,119,114,116,118,115,107,70,0,8,0,0,0,11,7,6,7
8,0,0,34,67,100,105,112,118,121,120,116,128,118,116,105,78,0,0,0,0,0,7,7,7,9
11,5,0,25,54,98,106,110,116,120,121,111,121,117,114,103,82,0,5,0,0,0,11,7,9,8
13,10,7,30,75,101,106,110,111,117,122,111,119,118,107,78,70,0,5,0,0,5,10,8,8,8
12,10,9,59,92,107,114,126,143,134,140,123,128,123,120,96,82,0,5,0,0,0,18,12,10,14
22,12,10,54,77,90,109,116,134,130,141,110,122,114,103,90,74,0,0,0,0,7,13,10,9,14
7,0,0,16,58,74,86,91,84,87,103,101,109,103,95,67,61,0,0,0,0,0,5,6,7,7
9,0,5,15,61,81,88,89,97,101,100,96,93,106,82,73,57,9,0,0,0,0,6,0,0,0
8,0,8,31,66,83,88,90,106,112,131,121,107,98,88,84,64,13,0,0,0,0,10,6,4,6
13,12,11,45,82,92,103,108,112,108,112,115,100,97,85,76,69,9,0,0,0,0,8,6,6,0
13,11,12,53,92,100,110,117,121,104,114,115,103,91,87,81,74,11,0,0,0,0,6,7,3,8
13,6,12,52,71,101,95,105,100,94,92,100,89,83,82,77,71,14,0,0,0,0,8,8,6,6
12,9,7,52,62,86,91,100,93,77,69,76,76,83,83,81,69,14,0,0,0,0,8,7,6,6
14,10,11,51,68,85,87,88,87,73,68,69,77,84,88,81,81,27,0,0,0,0,8,4,6,4
20,6,10,51,68,84,88,85,78,66,65,66,73,80,85,83,89,51,0,0,0,0,10,0,5,0
13,0,10,46,67,81,82,87,73,64,63,65,70,81,86,85,90,56,7,0,0,0,11,0,6,6
12,10,0,50,67,79,84,78,69,66,67,65,68,75,82,87,88,54,10,0,0,4,9,0,6,6
14,10,0,44,62,75,80,75,67,64,69,66,69,75,82,83,80,59,12,0,0,4,12,7,6,4
11,7,9,35,56,71,72,69,65,64,66,63,66,71,78,85,86,62,13,0,0,0,11,9,0,4
11,7,8,27,57,67,68,70,65,64,64,62,65,71,79,92,89,65,20,0,0,0,0,0,0,5
12,10,7,43,58,82,78,73,68,66,64,63,69,73,83,102,100,76,28,0,0,0,7,0,0,9
13,8,7,45,63,107,94,73,69,65,63,62,66,72,78,111,119,79,14,0,0,0,0,0,0,6
11,7,6,23,58,80,73,67,61,55,55,51,60,63,67,93,105,60,8,0,0,0,0,0,0,0
7,0,6,10,56,62,59,56,40,51,31,51,54,56,55,57,51,8,0,0,0,0,0,0,0,0
8,0,0,12,39,51,37,51,39,36,40,51,51,50,48,48,22,7,0,0,0,0,6,4,0,0
6,0,0,12,23,32,30,22,25,12,30,15,23,37,36,35,18,0,0,0,0,0,5,6,0,0
0,0,0,9,14,18,13,20,17,19,11,8,20,14,22,14,11,0,0,0,0,0,6,0,0,0
0,0,0,9,26,14,13,13,21,15,9,12,14,13,17,12,10,0,0,0,0,0,0,0,0,0
6,0,0,10,16,13,11,20,9,12,10,22,14,21,14,13,16,0,0,0,0,0,4,0,0,0
0,10,12,30,34,60,12,67,73,74,73,73,87,85,83,69,68,0,12,0,0,7,21,10,13,22
30,12,13,28,47,83,15,101,106,104,105,103,114,119,107,85,72,0,11,0,0,9,19,10,8,11
38,11,13,43,69,92,118,107,111,118,112,116,128,127,121,100,85,0,14,0,0,9,19,11,7,10
14,12,13,50,78,100,59,112,117,123,117,126,136,136,125,108,86,0,14,0,0,7,22,9,9,10
14,11,10,15,41,87,52,112,119,121,118,118,128,129,121,101,81,0,13,0,0,0,8,5,6,10
14,10,0,21,59,67,45,109,116,112,111,115,123,121,117,105,78,0,0,0,0,0,10,7,6,9
13,0,6,41,61,68,52,102,108,110,110,108,114,118,122,95,80,0,10,0,0,0,5,4,12,6
11,0,8,55,66,81,94,112,121,124,121,122,126,127,118,102,77,0,8,0,0,0,11,5,6,9
11,9,7,21,60,72,99,123,129,125,118,119,125,130,117,94,74,0,7,0,0,0,6,8,6,10
13,0,9,12,68,92,110,121,124,124,125,117,120,127,125,105,72,0,9,0,0,0,9,0,5,8
8,0,0,25,70,86,108,113,117,115,120,114,113,109,116,106,69,0,11,0,0,0,5,0,9,7
8,6,0,40,72,94,108,111,117,117,118,113,116,118,116,107,71,0,10,0,0,0,11,7,6,6
8,0,0,34,66,94,104,111,118,121,119,116,128,118,117,105,80,0,7,0,0,5,7,7,7,9
11,5,0,28,54,93,105,110,116,120,120,111,121,118,115,104,83,0,7,0,0,0,11,7,8,8
13,10,6,30,73,100,105,110,111,117,122,110,119,118,108,80,72,0,8,0,0,7,10,8,8,8
12,10,9,59,90,105,112,125,142,133,140,122,129,123,121,98,86,0,9,0,0,8,18,11,10,13
25,12,9,54,77,88,107,116,133,130,140,110,121,114,104,92,77,0,8,0,0,8,13,10,8,14
7,0,0,18,58,71,82,90,83,87,103,100,109,104,98,71,67,5,5,0,0,0,5,6,6,6
10,4,6,21,59,76,84,87,95,100,100,95,93,107,85,76,60,10,0,0,0,0,6,0,0,0
8,0,8,31,65,78,85,88,105,111,130,120,107,98,90,88,68,19,7,0,0,0,9,6,4,6
13,12,12,42,79,86,100,106,111,107,111,115,100,98,87,78,71,11,0,0,0,0,6,6,6,0
13,11,11,50,87,94,107,114,119,102,112,115,103,92,91,85,78,14,0,0,0,0,7,7,0,7
13,6,12,51,68,95,92,103,98,92,90,98,88,84,85,80,74,25,5,0,0,4,7,8,6,6
12,9,7,51,62,83,91,99,91,76,69,75,76,83,85,82,71,21,6,0,0,0,7,7,6,6
14,10,11,51,66,84,88,88,86,73,68,68,76,84,88,81,81,47,8,0,0,0,8,5,6,4
21,8,10,50,67,85,90,86,77,66,65,65,72,80,86,82,89,53,9,0,0,0,10,0,5,0
13,0,11,45,68,83,85,89,73,64,63,65,70,80,86,85,89,57,11,0,0,0,11,0,6,5
12,11,0,50,69,81,87,80,70,66,68,65,67,75,82,86,87,54,13,0,0,6,9,0,6,6
14,11,6,48,63,78,83,77,68,65,69,66,69,75,82,82,79,58,14,0,0,6,11,7,7,4
11,8,9,39,59,77,78,72,66,65,66,62,66,70,78,84,85,60,14,0,0,0,12,9,0,4
11,8,9,36,63,75,74,74,66,65,64,62,65,71,79,90,86,61,22,0,0,5,0,0,0,5
12,10,7,50,67,88,83,77,68,66,64,62,69,73,83,102,98,71,33,0,0,0,7,0,0,9
13,7,7,42,64,105,99,76,68,64,62,61,66,72,79,110,117,73,20,0,0,0,0,0,0,6
11,7,5,21,58,75,72,66,60,53,53,51,59,62,67,89,103,58,10,0,0,0,0,0,0,0
7,0,6,10,52,58,57,55,42,51,34,50,52,56,56,59,56,13,5,0,0,0,0,0,0,0
7,0,0,12,37,50,37,50,39,33,38,38,52,50,51,51,43,11,0,0,0,0,6,4,0,0
6,0,0,11,14,28,25,19,14,12,25,13,23,33,37,36,27,6,0,0,0,0,4,6,0,0
0,0,0,8,12,14,12,14,16,18,10,8,16,14,23,14,12,5,0,0,0,0,5,0,0,0
0,0,0,8,21,13,13,12,21,14,10,12,14,13,15,12,11,0,0,0,0,0,0,0,0,0
6,5,3,9,14,13,11,18,9,12,10,18,14,21,14,13,16,0,0,0,0,0,4,0,0,0
0,10,12,28,30,60,4,66,72,73,73,73,88,85,83,69,68,0,13,0,0,9,21,10,13,22
30,12,13,25,45,83,0,101,105,104,105,103,115,120,108,86,73,0,12,0,0,10,18,10,8,11
38,11,13,37,68,92,107,107,111,117,112,116,128,128,121,100,85,0,18,0,0,10,19,11,7,9
14,12,13,47,76,98,8,112,116,122,116,126,136,137,125,109,87,0,17,0,0,9,21,9,8,10
14,12,10,14,38,86,8,112,118,121,118,118,127,129,121,101,81,0,13,0,0,5,8,5,6,10
14,10,0,17,58,67,0,109,116,111,111,115,123,121,117,105,78,0,7,0,0,5,9,7,6,9
13,0,6,38,60,68,9,101,107,109,109,108,114,118,123,95,81,0,11,0,0,0,5,4,12,6
11,0,7,53,65,81,66,111,121,123,121,122,126,127,119,102,78,0,9,0,0,5,11,5,6,9
10,9,6,15,59,72,67,123,129,124,118,119,125,130,118,95,74,0,8,0,0,5,0,8,6,10
14,0,9,11,66,91,89,121,124,124,125,117,121,128,125,105,73,0,10,0,0,0,9,0,5,8
8,0,0,21,69,85,84,113,117,115,120,114,113,109,117,106,70,0,12,0,0,0,5,0,9,7
8,6,0,34,70,94,85,111,117,117,119,113,116,119,117,107,73,0,11,0,0,5,11,7,7,6
8,0,0,28,64,92,65,111,118,121,120,116,128,119,117,106,81,0,8,0,0,6,7,7,7,9
11,5,0,22,50,89,70,110,116,120,121,111,121,118,115,105,85,0,8,0,0,4,11,6,8,8
13,10,7,22,70,98,70,110,110,117,123,110,119,119,108,81,75,0,10,0,0,8,10,8,8,8
12,10,9,57,87,104,96,124,141,133,140,122,129,124,122,100,90,0,11,0,0,9,17,11,10,13
23,12,9,53,74,86,79,115,132,129,140,110,122,114,104,93,79,0,10,0,0,9,13,10,8,14
8,0,0,18,55,69,53,88,81,86,102,100,110,105,101,74,72,0,5,0,0,0,5,6,6,6
10,5,6,15,56,70,58,83,92,100,99,95,93,108,87,80,62,4,0,0,0,0,5,0,0,0
8,0,8,21,61,73,60,84,103,110,128,119,107,100,91,93,72,7,8,0,0,0,7,6,4,6
12,11,11,27,72,80,71,103,109,105,109,115,100,100,89,79,73,5,5,0,0,0,5,6,5,0
13,11,11,37,78,85,97,110,115,100,111,114,103,93,94,87,82,11,6,0,0,0,7,7,0,7
13,6,11,40,63,88,81,100,95,90,88,97,87,86,87,82,77,10,7,0,0,5,7,7,5,6
12,9,7,47,59,79,83,97,88,75,68,73,76,84,86,83,73,9,8,0,0,0,6,7,6,6
14,10,11,50,63,82,81,87,85,72,67,67,76,85,88,82,82,13,10,0,0,0,8,4,6,4
20,9,10,48,64,85,86,87,77,66,65,65,72,81,86,82,88,18,11,0,0,0,10,0,5,0
14,0,11,41,66,85,81,91,74,64,63,64,70,80,86,84,88,39,13,0,0,0,11,0,5,5
12,11,5,50,69,84,83,82,70,66,68,65,67,75,81,85,86,33,14,0,0,7,9,0,6,7
14,11,7,46,64,82,80,79,69,65,69,66,69,74,82,81,79,35,14,0,0,7,11,8,8,4
11,10,10,39,61,84,77,75,67,66,67,63,67,71,78,82,83,34,14,0,0,0,12,9,0,4
11,9,9,43,67,81,74,79,67,65,65,62,65,72,79,88,83,36,14,0,0,7,0,0,0,5
12,11,8,51,73,94,85,84,68,67,65,63,69,73,83,101,95,55,30,0,0,0,7,0,0,9
14,8,7,42,65,105,102,85,69,65,62,60,66,73,79,108,115,56,23,0,0,3,0,0,0,6
11,7,6,17,57,73,72,68,61,54,53,52,58,62,67,86,102,27,12,0,0,5,0,0,0,0
7,0,6,10,44,56,41,55,50,52,35,45,52,57,57,60,62,11,7,0,0,0,0,0,0,0
7,0,0,12,32,50,20,50,37,32,37,26,52,51,53,53,54,9,6,0,0,0,7,4,0,0
6,0,0,10,14,25,14,15,13,13,22,12,25,32,38,38,36,0,0,0,0,0,5,6,0,0
0,0,0,7,10,14,9,13,15,14,10,8,14,14,23,14,14,0,0,0,0,0,6,0,0,0
0,0,0,7,14,13,10,12,20,13,10,11,14,13,14,12,13,0,0,0,0,0,0,0,0,0
6,5,0,8,13,12,9,17,8,13,10,14,14,20,13,13,17,0,0,0,0,0,4,0,0,0
0,11,13,25,28,58,17,66,73,73,73,73,89,87,85,69,68,0,13,0,0,12,22,11,14,24
38,13,13,22,40,86,40,101,106,104,106,104,116,120,108,87,73,0,12,0,0,13,20,10,9,11
40,12,13,37,62,93,58,107,111,118,112,116,129,129,122,101,85,6,20,0,0,12,20,12,8,10
14,12,14,45,74,98,70,111,116,122,117,126,137,137,126,109,87,0,17,0,0,11,23,9,9,10
14,12,10,14,38,88,68,111,118,121,118,118,127,130,122,102,81,5,14,0,0,7,8,6,6,10
14,10,0,15,57,67,52,108,116,111,111,115,123,122,117,106,78,0,7,0,0,7,10,8,6,10
13,0,6,37,59,67,53,102,107,108,109,108,115,120,124,96,81,0,12,0,0,0,6,4,12,6
12,0,8,52,63,81,61,111,121,123,121,122,126,128,121,104,78,0,9,0,0,7,12,6,6,10
10,9,7,14,56,71,56,122,129,124,118,118,125,132,120,96,75,5,8,0,0,8,6,8,8,10
14,7,8,11,60,86,69,121,124,124,125,117,120,128,126,106,73,0,10,0,0,7,9,0,6,8
8,0,0,15,65,83,72,113,117,114,120,114,113,110,117,108,71,0,12,0,0,7,6,4,10,8
9,6,0,18,65,90,78,110,116,116,118,113,117,119,117,108,74,0,11,0,0,8,11,8,7,7
9,0,0,22,58,86,52,110,117,120,119,116,128,119,118,107,82,0,8,0,0,8,7,8,8,9
11,5,0,13,31,82,58,109,114,118,120,110,121,118,116,106,87,0,8,0,0,7,11,7,9,8
14,11,7,13,60,92,52,108,109,116,122,110,119,120,109,83,78,0,12,0,0,10,10,8,8,9
12,9,8,47,78,101,79,122,139,132,140,121,129,125,123,103,95,5,14,0,0,12,17,11,11,13
16,12,9,45,67,80,70,113,130,128,139,109,121,115,105,96,82,0,12,0,0,10,13,10,7,14
7,0,0,16,45,64,43,82,79,84,102,100,110,107,105,78,80,0,4,0,0,4,5,6,7,6
8,7,7,14,50,59,52,76,86,95,95,94,94,112,92,87,65,6,0,0,0,0,5,0,3,0
8,5,9,12,53,62,52,76,99,107,126,119,108,102,94,101,77,9,10,0,0,0,5,6,5,6
11,10,10,12,53,68,61,99,105,102,107,115,102,102,92,83,78,9,9,0,0,0,4,6,5,0
12,10,10,12,61,73,73,102,110,94,109,115,104,97,101,93,89,52,10,0,0,4,7,7,0,7
12,5,7,15,54,76,66,93,90,86,83,97,86,90,92,87,83,30,11,0,0,5,7,7,6,6
12,7,5,25,54,73,73,91,82,74,67,70,77,86,90,85,77,23,10,0,0,5,0,7,6,6
13,10,8,38,56,79,75,85,83,71,67,66,76,87,89,82,83,51,14,0,0,0,8,5,7,4
13,10,9,39,58,86,81,87,76,66,64,64,71,82,87,81,86,52,17,0,0,5,10,0,5,0
14,8,9,35,62,88,79,93,74,64,63,64,70,81,86,82,85,53,17,0,0,0,11,0,6,6
12,11,7,50,68,89,83,86,73,66,68,64,67,76,81,83,83,44,16,0,0,8,9,5,8,7
14,12,12,48,69,90,82,84,72,66,70,67,70,75,81,79,76,44,14,0,0,9,12,9,9,5
12,13,11,45,67,96,82,81,71,66,68,63,67,71,78,80,79,14,13,0,0,5,13,11,6,5
11,11,10,51,75,94,82,88,71,67,66,63,66,74,79,84,77,12,10,0,0,10,6,4,0,6
14,14,12,53,83,106,104,97,72,69,68,64,70,76,85,100,91,13,22,0,0,5,8,0,0,10
14,10,10,50,71,112,122,103,72,67,66,62,69,75,80,108,113,54,22,0,0,5,0,0,0,7
11,8,7,15,56,80,99,77,66,57,58,57,60,64,69,80,99,54,13,0,0,7,5,0,0,0
8,0,6,11,23,54,54,57,53,52,46,45,55,60,60,64,71,60,11,0,0,0,6,0,0,0
8,0,0,11,23,50,37,50,37,26,33,17,53,53,56,57,64,53,10,0,0,0,8,5,0,0
6,0,0,9,13,28,40,14,10,14,17,9,27,30,40,43,51,12,7,0,0,0,6,7,0,0
0,0,0,0,8,13,12,12,14,11,10,6,13,14,23,18,28,9,0,0,0,0,6,0,0,0
0,0,0,5,12,12,11,11,19,9,10,9,12,13,11,13,21,9,0,0,0,0,0,0,0,0
6,5,0,7,13,9,11,14,8,10,11,12,14,20,10,15,18,0,0,0,0,0,4,0,0,0
0,11,13,26,30,58,61,66,73,73,73,73,89,87,85,69,68,0,14,0,0,12,22,11,14,25
38,13,13,20,42,86,90,101,106,104,106,104,115,120,108,87,73,5,13,0,0,13,20,11,9,11
40,12,13,37,63,92,103,107,111,118,112,116,129,129,122,101,86,8,21,0,0,13,20,12,8,10
14,12,14,45,75,98,104,111,117,123,117,126,137,137,126,109,87,0,23,0,0,12,23,9,9,10
14,12,10,14,39,88,104,111,118,121,118,118,128,130,122,102,81,0,14,0,0,7,8,6,6,10
14,11,0,15,57,67,84,108,116,111,111,115,123,122,117,106,78,0,7,0,0,7,10,8,7,10
13,0,6,37,60,67,80,102,107,109,109,108,115,120,124,96,81,7,12,0,0,0,6,5,12,6
12,0,8,52,63,81,91,111,121,123,121,122,126,128,120,104,79,0,10,0,0,8,12,6,6,10
10,9,7,14,57,71,95,122,129,124,117,118,125,132,120,96,75,0,8,0,0,8,6,8,8,10
14,8,8,11,60,86,108,120,124,124,125,116,120,128,126,106,73,8,11,0,0,7,9,0,6,8
8,0,0,15,66,83,106,113,117,114,120,114,113,110,117,107,71,0,13,0,0,7,6,4,10,8
9,6,0,18,66,90,107,110,116,116,118,113,117,119,117,108,74,0,12,0,0,8,12,8,7,7
9,0,0,20,59,88,103,110,117,120,119,115,128,119,118,107,82,0,9,0,0,8,8,8,8,9
11,5,0,13,34,82,104,109,114,118,120,110,121,118,116,106,88,0,8,0,0,7,11,7,9,8
14,11,7,13,60,92,103,108,110,116,122,110,119,119,109,83,78,0,12,0,0,10,10,8,8,9
12,9,8,47,79,101,106,121,139,132,139,122,129,125,123,103,95,5,14,0,0,12,17,11,11,13
15,12,9,45,68,80,103,112,130,128,139,109,121,115,105,96,82,0,12,0,0,10,13,10,7,14
7,0,0,16,47,64,69,82,80,84,102,99,110,107,105,78,80,0,5,0,0,4,5,6,7,6
8,7,7,14,50,59,70,76,86,95,96,94,94,112,92,87,65,13,0,0,0,0,5,0,3,0
7,5,9,12,54,62,71,76,100,107,126,119,108,102,94,101,77,10,10,0,0,0,5,6,5,6
11,10,10,12,54,69,80,100,105,102,107,115,102,103,93,83,78,8,10,0,0,0,4,6,5,0
12,10,10,12,61,74,91,102,110,94,109,115,104,97,101,93,89,41,11,0,0,4,7,7,0,7
12,5,8,15,55,76,81,93,90,86,83,97,86,90,92,87,83,60,11,0,0,5,7,7,6,6
12,7,5,25,54,73,86,91,83,74,67,70,77,86,90,85,77,21,10,0,0,5,0,7,6,6
13,10,8,38,56,80,86,85,84,71,67,66,76,87,90,82,83,15,14,0,0,0,8,5,7,4
13,11,9,40,58,86,93,87,77,66,64,64,71,82,87,81,86,30,17,0,0,5,10,0,5,0
14,8,10,35,64,88,91,93,75,64,63,64,70,81,86,82,85,37,20,0,0,0,11,0,6,6
12,12,7,50,69,90,96,86,73,66,68,64,67,76,81,83,83,27,17,0,0,8,9,5,8,7
14,12,12,48,70,91,93,84,72,66,70,66,70,75,81,79,76,19,14,0,0,9,12,9,9,5
13,13,12,45,68,96,93,81,71,66,68,63,68,72,78,80,79,11,13,0,0,5,13,11,6,5
11,11,10,51,76,95,93,87,70,67,66,63,66,74,79,84,77,10,11,0,0,10,6,5,0,6
14,14,12,53,84,107,106,96,71,69,67,64,70,76,85,100,91,10,22,0,0,5,8,0,0,10
14,10,10,50,72,113,124,102,72,66,66,62,69,75,80,108,113,44,23,0,0,5,0,0,0,7
12,8,8,15,57,81,101,76,66,57,58,57,60,64,69,80,99,33,13,0,0,7,5,0,0,0
8,0,6,11,25,54,58,57,53,52,45,47,55,60,60,64,71,53,11,0,0,0,6,0,0,0
8,0,0,11,23,51,47,50,39,26,33,17,53,53,56,57,63,50,11,0,0,0,8,5,0,0
6,0,0,8,13,28,25,17,10,14,17,9,29,30,41,43,50,8,7,0,0,0,6,7,0,0
0,0,0,0,8,13,10,12,15,11,10,6,13,14,24,18,28,7,0,0,0,0,6,0,0,0
0,0,0,5,12,12,9,11,19,9,9,9,12,13,10,13,20,0,5,0,0,3,0,0,0,0
6,5,0,7,13,9,9,14,8,10,11,12,14,19,10,15,18,0,0,0,0,0,4,0,0,0
0,11,13,26,32,59,60,66,73,73,73,74,89,85,85,70,68,0,15,0,0,12,22,11,14,25
38,13,13,22,45,87,88,101,106,104,106,104,115,121,108,87,73,0,14,0,0,13,20,11,9,11
38,12,13,40,65,93,102,107,111,118,112,116,129,130,122,101,86,7,28,0,0,13,21,12,8,10
14,12,14,45,75,98,104,111,117,123,117,126,137,137,126,109,88,0,30,0,0,12,23,10,9,10
14,12,10,14,41,88,104,111,118,121,118,118,128,129,122,102,81,0,17,0,0,7,8,6,6,10
14,11,0,15,57,67,84,108,116,111,111,115,123,123,117,106,78,0,8,0,0,7,10,8,7,10
13,0,6,37,60,68,79,102,107,109,109,108,115,120,124,96,81,0,13,0,0,0,6,5,12,6
12,0,8,52,64,81,90,111,121,123,121,122,126,128,120,104,79,0,10,0,0,8,12,6,6,10
10,10,7,14,57,71,94,122,129,124,118,118,125,131,120,97,75,0,9,0,0,8,6,8,7,10
14,7,8,11,60,87,107,120,124,124,125,117,120,128,126,106,73,7,11,0,0,7,9,0,6,8
8,0,0,15,67,83,106,112,117,114,120,114,113,110,117,108,72,0,14,0,0,7,6,5,10,8
8,6,0,21,66,92,106,110,116,116,118,113,117,119,117,108,74,0,12,0,0,8,12,8,7,7
9,0,0,20,59,88,102,110,117,120,119,115,128,119,118,107,82,0,10,0,0,8,8,8,8,9
11,5,0,13,34,82,103,109,115,119,120,110,121,118,116,106,87,0,9,0,0,7,11,7,9,8
14,11,7,13,61,93,102,108,110,116,122,110,120,119,109,83,78,0,12,0,0,10,10,8,8,9
12,9,8,45,80,101,106,121,139,132,139,122,129,125,123,103,94,0,15,0,0,12,17,11,10,13
15,12,9,45,68,81,102,112,130,128,139,109,121,115,105,96,81,0,13,0,0,10,13,10,8,14
7,0,0,16,47,64,68,81,80,84,102,100,110,107,104,78,79,5,5,0,0,4,5,6,7,6
8,7,7,14,50,60,70,76,86,94,96,94,94,112,92,86,64,20,0,0,0,0,5,0,3,0
7,5,9,12,54,63,70,76,100,107,125,119,108,101,94,101,76,12,11,0,0,0,5,6,5,6
11,10,10,12,55,70,81,98,105,102,107,115,102,102,93,83,78,11,10,0,0,0,4,6,6,0
11,10,10,12,62,75,91,102,110,94,109,115,104,97,100,93,89,55,11,0,0,4,8,7,0,8
12,5,8,15,55,77,80,93,91,86,84,97,86,89,92,87,83,65,11,0,0,5,7,7,6,6
12,7,6,25,55,74,86,92,83,74,67,70,77,86,90,85,77,41,10,0,0,5,0,7,6,6
13,10,8,38,56,81,86,85,84,71,67,66,76,87,90,82,82,33,14,0,0,0,8,5,7,5
13,11,10,40,59,87,93,87,77,66,65,64,71,82,86,81,86,48,22,0,0,5,10,0,5,0
14,8,10,36,64,89,91,94,75,64,63,64,70,81,86,82,85,50,25,0,0,0,11,0,6,6
12,12,7,50,70,90,96,86,73,66,68,65,67,76,81,83,83,36,20,0,0,8,9,5,8,8
14,12,12,50,70,92,93,84,72,66,70,67,70,75,81,79,76,33,17,0,0,9,12,9,9,5
12,13,12,47,68,96,93,81,71,66,68,64,68,72,78,80,79,13,13,0,0,5,13,11,6,5
11,11,10,52,77,95,92,87,70,67,66,63,67,74,79,84,77,13,11,0,0,10,6,5,0,6
14,14,12,54,85,107,105,96,71,69,67,64,70,76,85,100,91,40,25,0,0,5,8,0,0,10
14,11,10,51,74,113,122,100,72,66,66,62,69,75,80,108,113,42,25,0,0,5,0,0,0,7
11,8,8,15,58,83,99,74,66,57,58,57,60,64,69,80,100,31,13,0,0,7,5,0,0,0
8,0,6,11,25,54,58,57,54,52,46,47,54,60,61,64,70,52,11,0,0,0,6,0,0,0
8,0,0,11,23,51,45,50,39,26,33,17,53,53,56,57,63,50,11,0,0,0,8,5,0,0
6,0,0,8,13,32,25,20,10,14,19,9,29,30,41,44,50,7,8,0,0,0,6,7,0,0
0,0,0,0,8,13,9,13,15,11,10,7,13,14,24,20,28,6,5,0,0,0,6,0,0,0
0,0,0,5,12,12,9,11,19,9,10,10,12,13,10,13,20,0,6,0,0,3,0,0,0,0
6,5,0,7,13,9,9,13,8,10,11,12,14,19,10,16,18,0,0,0,0,0,4,0,0,0
0,11,13,28,32,59,59,66,73,74,73,74,89,85,85,70,69,0,17,0,0,12,22,11,14,26
36,13,13,22,45,87,86,101,106,104,106,104,115,121,108,87,73,5,14,0,0,13,20,11,9,11
40,12,13,40,65,94,101,107,111,118,112,116,129,130,122,101,86,8,31,0,0,13,21,12,8,10
14,12,14,45,75,98,103,111,117,123,117,126,137,137,126,109,88,0,32,0,0,12,23,10,9,11
14,12,10,14,41,88,103,111,118,121,118,118,128,129,122,102,81,0,22,0,0,7,8,6,6,10
14,11,0,14,58,67,82,108,116,111,111,115,123,123,117,106,78,0,8,0,0,7,10,8,7,10
13,0,6,37,60,67,78,102,107,109,110,108,115,120,124,96,81,7,14,0,0,0,6,5,12,7
11,0,8,52,63,81,88,111,121,123,121,122,126,128,120,104,79,0,11,0,0,8,12,6,6,10
10,10,7,14,57,71,91,122,129,124,118,118,125,131,119,96,75,0,9,0,0,8,6,8,7,10
13,8,8,11,60,86,107,120,124,124,125,116,120,128,126,106,73,8,12,0,0,7,9,0,6,8
8,0,0,15,66,83,105,112,116,114,120,114,113,109,117,108,72,0,14,0,0,7,6,5,10,8
8,6,0,21,66,92,106,110,116,116,118,113,116,119,117,108,74,0,13,0,0,8,12,8,7,7
9,0,0,20,58,88,102,110,117,120,119,115,128,119,117,107,82,0,10,0,0,8,8,8,8,9
11,5,0,13,34,82,103,109,114,118,120,110,121,118,116,106,88,0,9,0,0,7,11,8,9,8
13,11,7,13,61,93,102,108,110,116,122,110,119,120,109,83,78,0,13,0,0,10,10,8,8,9
12,9,8,45,79,101,105,121,139,132,139,121,129,125,123,103,94,0,17,0,0,12,17,11,10,13
22,12,8,45,68,81,102,112,130,128,139,109,121,115,105,96,82,0,13,0,0,10,13,10,8,14
7,0,0,15,47,64,67,81,80,84,102,99,110,107,104,77,79,6,5,0,0,4,5,6,7,7
9,6,7,14,50,61,69,76,86,94,96,94,94,112,92,86,64,28,0,0,0,0,5,0,3,0
6,5,9,12,54,67,69,77,100,107,126,119,108,101,94,101,77,14,11,0,0,0,5,6,5,6
12,10,10,12,55,71,80,98,105,102,107,115,102,102,93,82,78,12,10,0,0,0,4,6,6,0
12,10,10,12,63,75,90,103,111,94,110,115,104,97,101,93,89,57,11,0,0,4,7,7,0,8
13,5,8,15,55,77,80,94,91,87,84,97,86,90,92,87,83,66,12,0,0,5,7,7,6,6
12,8,6,27,55,75,85,92,83,75,67,70,77,86,90,85,77,50,11,0,0,5,0,6,6,6
14,10,8,38,56,81,85,85,84,71,67,66,76,87,89,82,82,41,15,0,0,0,8,5,7,5
15,11,10,40,59,87,92,88,77,66,65,64,71,82,86,81,86,51,26,0,0,5,10,0,5,3
14,8,10,36,65,90,90,94,76,65,63,64,70,81,86,82,84,51,26,0,0,0,11,4,6,6
13,12,7,50,71,91,95,86,73,66,69,65,67,76,81,83,83,41,22,0,0,8,9,5,8,8
14,12,12,50,71,92,93,84,72,66,70,67,70,75,81,79,76,39,17,0,0,9,12,9,9,5
13,13,12,47,69,96,92,81,71,66,68,64,68,72,78,80,79,14,13,0,0,5,13,11,6,5
11,11,10,52,78,96,91,86,70,67,66,63,67,74,79,84,77,14,11,0,0,10,6,5,4,6
14,14,12,54,85,107,103,94,71,69,67,64,70,76,85,100,91,50,26,0,0,5,8,0,0,10
26,11,11,51,75,114,120,98,71,66,66,62,69,75,80,108,113,50,28,0,0,5,0,0,0,7
11,8,8,15,59,84,97,73,66,57,58,57,60,64,69,80,100,41,14,0,0,7,5,0,0,0
8,0,6,11,26,55,57,56,54,52,46,50,54,60,61,64,71,53,11,0,0,0,6,0,0,0
8,0,0,11,23,51,43,50,39,26,33,17,53,53,56,57,63,51,11,0,0,0,8,5,0,0
6,0,0,8,13,32,22,22,10,14,19,9,31,30,41,46,51,8,8,0,0,0,6,7,0,0
0,0,0,0,8,13,9,13,15,10,10,7,13,14,24,20,28,7,5,0,0,0,6,0,0,0
0,0,0,5,12,12,9,11,18,9,9,9,12,13,10,13,20,0,6,0,0,0,0,0,0,0
6,6,0,7,13,9,8,13,8,10,11,12,14,19,10,17,20,0,0,0,0,0,4,0,0,0
0,11,13,28,32,59,59,66,73,73,73,74,89,85,85,70,69,7,21,0,0,12,22,11,14,26
36,13,13,22,47,87,84,101,106,104,105,104,115,121,108,87,74,9,15,0,0,13,20,11,9,11
40,12,13,40,66,94,101,107,111,118,112,116,129,130,122,101,86,12,34,0,0,13,21,12,8,10
15,13,14,45,76,98,103,111,117,123,117,126,137,137,126,109,88,0,37,0,0,12,23,10,9,11
14,12,10,14,42,89,102,111,119,121,118,118,128,129,122,102,81,4,25,0,0,7,8,6,6,10
25,11,0,14,58,67,81,108,116,111,111,115,123,123,117,106,78,0,9,0,0,7,10,8,7,10
13,0,6,36,60,68,77,101,107,109,109,108,114,120,124,96,81,10,14,0,0,0,6,5,12,7
11,0,8,52,64,82,88,111,121,123,121,122,126,128,120,104,79,0,11,0,0,8,12,6,6,10
10,10,7,14,57,72,91,122,129,124,118,118,125,131,119,96,75,6,10,0,0,8,6,8,7,10
13,8,9,11,61,87,106,120,124,124,125,116,120,128,126,106,73,11,12,0,0,7,9,0,6,8
8,0,0,15,67,83,105,112,116,114,120,114,113,109,117,108,72,0,15,0,0,7,6,5,10,8
8,6,0,21,67,92,106,110,116,116,118,112,116,119,117,108,74,0,13,0,0,9,12,8,7,7
8,0,0,20,59,89,101,110,117,120,119,115,128,119,117,107,83,0,11,0,0,8,8,9,8,9
11,5,0,13,37,84,102,108,114,119,120,110,121,118,116,106,88,0,10,0,0,7,11,8,9,8
13,11,7,13,61,95,102,108,110,117,121,110,119,120,109,83,78,0,13,0,0,10,10,8,8,9
12,9,8,45,79,101,105,121,139,132,139,122,129,125,123,103,94,9,19,0,0,12,17,11,10,13
20,12,9,45,68,81,101,112,131,128,139,109,121,115,105,96,82,0,13,0,0,10,13,10,8,14
7,0,0,15,48,65,67,81,80,84,102,99,110,107,104,77,79,8,5,0,0,4,5,6,7,7
9,6,7,14,50,61,69,77,87,95,95,94,94,112,91,86,65,48,0,0,0,0,5,0,4,0
6,5,9,12,55,67,69,77,100,107,125,119,108,101,94,101,77,25,11,0,0,0,5,6,5,6
12,10,11,12,55,71,81,99,105,102,107,115,102,102,93,83,78,13,11,0,0,0,4,6,6,0
12,10,10,12,63,75,91,103,111,94,110,115,104,97,101,93,89,62,12,0,0,4,7,7,0,8
13,5,8,15,56,78,80,94,91,87,84,97,86,90,92,87,83,71,12,0,0,5,7,7,6,6
12,8,6,30,55,75,85,92,84,75,67,70,78,86,90,85,77,53,11,0,0,5,0,6,6,6
14,10,8,38,57,82,85,86,84,72,67,66,76,87,89,82,82,52,19,0,0,0,8,5,7,5
16,11,10,40,60,88,92,88,78,66,65,64,71,82,86,81,86,54,28,0,0,5,10,0,5,4
14,8,10,37,66,90,90,94,76,65,62,64,70,81,86,82,84,54,28,0,0,0,11,5,6,6
13,12,7,50,71,91,95,87,73,66,68,65,67,76,81,83,83,48,23,0,0,8,9,5,8,8
14,12,12,50,71,92,93,84,72,66,70,67,70,75,81,79,76,50,21,0,0,9,12,9,9,5
13,13,12,47,70,96,91,81,71,66,67,63,68,72,78,80,79,36,14,0,0,5,13,11,6,5
11,12,11,52,79,96,91,86,70,67,66,63,67,74,79,84,78,38,12,0,0,10,6,5,4,6
14,14,13,54,86,107,103,94,71,69,67,64,70,76,85,101,91,53,28,0,0,5,8,0,0,10
14,11,11,51,76,114,119,98,71,66,65,62,69,75,81,108,114,53,30,0,0,5,0,0,0,7
11,9,8,15,60,86,96,73,66,57,58,57,60,64,69,80,100,51,14,0,0,7,5,0,0,0
8,0,6,11,28,55,56,57,54,53,45,50,54,60,61,64,71,57,11,0,0,0,6,0,0,0
8,0,0,11,25,51,41,50,41,26,31,17,53,53,56,57,63,55,11,0,0,0,8,5,0,0
6,0,0,8,13,32,22,22,11,14,17,9,31,30,41,46,51,11,8,0,0,0,6,7,0,0
0,0,0,0,8,13,9,13,15,10,10,6,13,14,24,20,30,9,6,0,0,0,6,0,0,0
0,0,0,5,12,12,8,11,18,9,9,9,12,13,10,13,21,0,6,0,0,0,0,0,0,0
6,6,0,7,13,9,8,13,8,10,11,12,14,20,9,18,21,0,0,0,0,0,4,0,0,0
0,11,13,28,32,59,61,66,73,73,73,74,89,85,85,70,69,30,23,0,0,12,23,10,14,26
36,13,13,22,47,87,89,101,106,104,105,104,115,121,108,87,73,34,18,0,0,13,20,10,9,11
43,12,13,40,66,96,102,107,111,118,112,116,129,130,122,101,86,58,37,0,0,13,21,12,8,10
20,13,14,45,76,98,104,111,117,123,117,126,137,137,126,109,88,57,37,0,0,12,23,11,9,11
15,12,10,14,42,89,104,111,119,121,118,118,128,129,122,102,81,50,30,0,0,7,8,6,6,11
25,11,0,14,58,67,84,108,116,111,111,115,123,123,117,105,78,50,9,0,0,7,10,8,7,10
13,0,6,36,60,68,79,101,107,109,109,108,115,120,124,96,81,45,14,0,0,0,6,5,12,7
11,0,8,52,64,82,90,111,121,123,121,122,126,128,120,104,78,51,12,0,0,8,12,6,6,10
11,10,7,14,57,71,94,122,129,124,118,118,125,131,119,96,75,42,10,0,0,8,6,8,7,10
13,8,9,11,60,87,108,121,124,124,125,116,120,128,126,106,73,42,13,0,0,7,9,0,6,8
8,0,0,15,66,83,106,113,116,114,120,114,113,110,117,107,71,25,15,0,0,7,6,5,10,8
8,6,0,21,66,92,107,110,116,116,118,112,116,119,117,108,74,30,14,0,0,8,12,8,7,7
8,0,0,22,59,89,102,110,117,120,119,115,128,119,117,107,82,37,11,0,0,8,8,8,8,9
11,5,0,13,37,82,103,108,114,119,120,110,121,118,116,106,87,28,10,0,0,7,11,8,9,8
13,11,7,13,61,95,103,108,110,116,122,110,119,119,109,83,78,26,13,0,0,10,10,8,8,9
12,9,8,45,79,101,106,121,139,132,139,121,129,125,123,103,93,55,20,0,0,12,16,11,10,14
22,12,9,45,68,81,102,112,131,128,139,109,121,115,105,96,82,38,14,0,0,10,13,10,8,14
7,0,4,16,48,65,68,81,80,84,102,99,110,107,104,77,79,32,6,0,0,4,5,6,7,7
9,6,7,14,50,62,71,77,87,95,95,94,94,111,92,87,65,55,6,0,0,0,5,0,4,0
6,5,9,12,55,68,71,77,100,107,125,119,108,101,94,101,76,61,12,0,0,0,6,6,5,6
12,10,11,13,55,71,83,99,105,102,107,115,102,102,93,83,78,68,11,0,0,0,5,6,6,0
12,10,10,12,64,75,92,103,111,94,110,115,104,97,101,93,89,89,12,0,0,4,8,7,0,8
13,5,8,15,56,78,81,94,91,87,83,98,86,90,92,87,83,69,12,0,0,6,7,7,6,6
12,8,6,30,55,76,86,92,84,75,67,70,78,86,90,85,77,64,12,0,0,5,0,6,6,6
14,10,8,38,57,82,86,86,84,72,67,66,77,87,89,82,82,70,21,0,0,0,8,6,7,5
16,11,10,40,60,88,93,88,77,66,65,64,72,82,86,81,86,70,30,0,0,5,10,0,6,4
14,8,10,37,66,90,91,94,76,64,63,64,70,81,86,82,84,68,30,0,0,0,11,5,7,6
13,12,7,50,71,91,95,87,73,66,68,65,67,76,81,83,83,64,25,0,0,8,10,5,8,8
14,12,12,50,71,92,94,84,72,66,70,67,70,75,81,79,76,64,23,0,0,9,13,9,9,5
13,13,12,47,69,96,93,81,71,66,67,63,68,72,78,80,79,62,14,0,0,5,13,11,6,6
11,12,10,52,78,96,92,86,70,67,66,63,67,74,79,84,78,61,12,0,0,10,7,5,4,7
14,15,13,54,85,108,104,94,71,69,67,64,71,76,85,101,91,69,30,0,0,5,8,0,0,10
26,11,11,51,77,114,120,99,72,66,65,62,69,75,81,108,114,70,33,0,0,5,0,0,0,7
11,9,8,15,61,88,99,74,66,57,58,58,60,64,69,81,100,67,14,0,0,7,5,0,0,0
8,0,7,11,28,55,58,57,54,53,45,47,54,60,61,64,70,72,12,0,0,0,6,0,0,0
8,0,0,11,25,51,45,50,39,26,31,19,53,53,56,57,63,65,12,0,0,0,8,5,0,0
6,0,0,8,13,32,23,23,11,14,17,9,31,30,41,47,51,50,8,0,0,0,5,7,0,0
0,0,0,0,8,13,10,13,14,10,10,6,13,14,25,20,30,17,6,0,0,0,6,0,0,0
0,0,0,5,12,12,9,11,17,9,9,9,12,13,10,13,21,15,6,0,0,0,0,0,0,0
6,6,0,7,13,9,9,13,8,10,11,12,14,20,9,18,21,13,0,0,0,0,4,0,0,0
0,11,13,28,32,60,61,66,73,73,73,74,89,87,85,70,69,61,21,0,0,12,23,11,14,26
36,13,13,22,47,88,90,101,106,104,105,104,115,120,108,87,73,80,18,0,0,13,21,10,9,12
43,12,13,40,66,96,103,107,111,118,112,116,129,129,122,101,86,101,37,0,0,13,21,12,8,10
15,13,14,45,76,98,104,111,117,123,117,126,137,137,126,109,88,89,35,0,0,12,23,11,9,11
14,12,10,14,42,89,104,111,119,121,118,118,129,130,122,102,81,81,27,0,0,7,8,6,7,11
14,11,0,14,58,67,85,108,116,111,111,115,123,122,117,105,78,76,9,0,0,7,10,8,7,10
13,0,6,36,60,68,80,101,107,109,109,108,115,120,124,96,81,67,14,0,0,0,6,5,12,7
11,0,8,52,64,83,91,111,121,123,121,122,127,128,120,104,78,66,11,0,0,8,12,6,6,10
10,9,8,14,57,72,95,122,129,124,118,118,125,131,119,96,75,63,10,0,0,8,6,8,7,10
13,8,9,10,61,88,108,121,124,124,125,116,120,128,126,106,73,70,12,0,0,7,9,0,6,8
8,0,0,15,66,84,107,113,117,114,120,114,113,110,117,107,71,71,14,0,0,7,6,5,10,8
8,6,0,21,66,92,107,110,116,116,118,112,116,119,117,108,74,80,14,0,0,8,11,8,7,7
8,0,0,22,59,90,102,110,117,120,119,115,128,119,117,107,82,85,11,0,0,8,8,8,8,9
11,5,0,13,37,84,104,108,114,118,120,110,121,118,116,106,87,82,9,0,0,7,11,8,9,8
13,11,7,13,61,95,103,108,110,117,122,110,119,119,109,83,78,71,13,0,0,10,10,8,8,9
12,9,8,45,79,101,106,121,139,132,139,121,129,125,122,103,93,88,20,0,0,12,16,11,10,14
20,12,9,45,68,81,103,112,130,128,139,109,121,115,105,96,82,73,14,0,0,10,13,10,8,14
7,0,4,16,48,65,69,81,80,83,102,99,110,107,104,77,79,54,6,0,0,4,5,6,7,7
9,6,7,14,50,62,72,77,87,95,95,94,94,111,92,87,65,61,0,0,0,0,5,0,4,0
6,5,9,12,55,68,72,78,100,107,125,119,108,101,94,101,77,68,12,0,0,0,6,6,5,6
12,10,11,13,55,72,84,99,105,102,107,115,102,103,93,83,78,77,11,0,0,0,5,6,6,0
12,10,10,12,63,76,92,103,111,94,110,115,104,97,101,93,89,98,12,0,0,4,8,7,0,8
12,5,8,17,56,79,82,94,91,87,83,98,86,90,92,87,83,75,12,0,0,6,7,7,6,6
12,8,6,30,55,76,86,92,84,75,67,70,77,86,90,85,77,68,11,0,0,5,0,6,6,6
14,10,9,38,57,82,86,86,84,72,67,66,77,87,89,82,82,75,21,0,0,0,8,6,7,6
16,11,10,40,60,88,93,88,77,66,65,64,72,82,86,81,86,74,30,0,0,5,10,0,6,5
14,9,10,37,66,90,91,94,76,64,63,64,70,81,86,82,84,72,30,0,0,0,11,5,7,6
13,12,7,50,71,91,96,87,73,66,68,65,67,76,81,83,83,69,25,0,0,8,10,5,8,8
14,12,12,50,71,92,94,84,72,66,70,66,70,76,81,79,76,68,21,0,0,9,13,9,9,5
13,13,13,47,69,96,93,81,71,66,67,63,68,72,77,80,79,66,14,0,0,5,13,11,6,6
11,12,10,52,78,96,93,86,70,67,66,63,67,74,79,84,78,65,12,0,0,10,7,5,4,7
14,15,13,54,85,108,105,94,71,69,67,64,71,76,85,101,91,75,30,0,0,5,8,0,0,10
14,11,11,51,76,115,121,99,72,66,66,62,69,75,81,109,114,75,33,0,0,5,0,0,0,7
11,9,8,15,61,89,100,74,66,57,58,58,61,65,69,81,100,72,14,0,0,7,5,0,0,0
8,0,7,11,28,56,59,57,54,53,46,47,55,60,61,65,71,78,12,0,0,0,6,0,0,0
8,0,0,11,25,51,47,50,41,26,31,17,53,53,56,57,63,69,12,0,0,0,8,5,0,0
6,0,0,8,13,35,25,23,11,14,19,9,31,30,41,47,51,55,8,0,0,0,5,7,0,0
0,0,0,0,8,13,10,13,14,10,10,6,13,14,24,20,30,40,6,0,0,0,6,0,0,0
0,0,0,4,12,12,9,11,17,9,9,9,12,13,10,13,21,31,6,0,0,0,0,0,0,0
6,6,0,7,13,9,9,13,8,10,11,11,14,19,9,18,21,25,0,0,0,0,4,0,0,0
0,11,13,28,32,59,62,65,73,73,74,73,89,87,84,70,69,59,21,0,0,12,23,11,14,28
36,13,13,22,50,88,94,101,106,104,105,104,115,120,108,87,73,75,18,0,0,13,21,10,9,12
40,12,13,37,66,96,103,107,111,118,112,116,129,129,122,101,86,100,37,0,0,13,22,12,8,10
15,13,14,45,76,100,105,111,117,123,117,126,137,137,126,109,87,85,37,0,0,12,23,11,9,11
14,12,10,14,41,90,104,111,119,121,118,118,129,130,122,102,81,77,30,0,0,7,8,6,7,10
14,11,0,14,58,67,86,108,116,111,111,115,123,122,118,105,78,72,9,0,0,7,10,8,7,10
12,0,6,36,60,68,81,101,107,109,109,108,115,120,124,96,81,64,14,0,0,0,6,5,13,7
11,0,8,52,64,83,92,111,121,123,121,122,127,128,120,104,78,64,12,0,0,8,12,6,7,10
10,9,8,14,57,72,97,122,130,124,118,118,125,131,119,96,75,61,10,0,0,8,6,8,7,10
13,8,9,11,61,88,108,120,124,124,124,116,120,128,126,106,73,66,13,0,0,7,9,0,6,8
8,0,0,15,66,84,107,113,117,114,120,114,113,110,117,107,71,66,15,0,0,7,6,5,10,8
8,6,0,18,67,92,107,110,116,116,118,112,116,119,117,108,74,73,14,0,0,8,11,8,7,7
8,0,0,22,58,90,103,110,116,120,119,115,128,119,117,107,82,80,10,0,0,8,8,8,8,9
11,5,0,13,34,84,104,108,114,118,120,109,121,118,116,106,86,76,10,0,0,7,11,8,9,8
13,11,7,13,61,95,103,108,110,117,122,110,119,119,109,83,78,65,13,0,0,10,10,8,8,9
12,9,8,45,79,101,107,121,139,132,139,121,129,125,123,103,93,83,20,0,0,12,16,11,10,14
20,12,9,45,68,81,104,112,130,128,139,109,121,115,105,96,81,69,14,0,0,10,13,10,8,15
7,0,4,16,48,65,70,81,80,83,102,99,110,107,104,77,79,50,6,0,0,4,5,6,7,7
9,6,7,14,50,62,73,77,87,95,96,94,94,111,92,87,65,59,6,0,0,0,5,0,4,0
6,5,9,12,55,65,73,77,100,107,125,118,108,101,94,101,76,65,12,0,0,0,6,6,5,6
11,10,11,13,55,72,85,99,105,102,107,115,102,103,94,83,78,73,11,0,0,0,5,6,6,0
12,10,10,12,64,76,94,103,111,94,110,115,104,97,101,93,89,95,12,0,0,4,8,7,0,8
12,5,8,17,56,79,83,94,92,87,83,98,86,90,92,87,83,73,12,0,0,6,7,7,6,6
12,8,6,30,55,76,87,92,84,75,67,70,77,86,90,85,77,67,12,0,0,5,0,6,6,6
13,10,9,40,57,82,87,86,85,72,67,66,77,87,89,82,82,73,21,0,0,0,8,6,7,6
15,11,10,42,60,88,94,88,78,66,65,64,72,82,86,81,86,73,30,0,0,5,10,0,6,5
14,9,10,36,66,90,92,94,76,64,63,64,70,81,86,82,84,71,32,0,0,0,11,5,7,6
13,12,8,50,71,91,97,86,73,66,68,65,67,76,81,83,82,67,23,0,0,8,10,5,8,8
14,12,12,50,71,92,95,84,72,66,70,67,70,76,82,79,76,67,23,0,0,9,12,9,9,5
13,13,13,50,69,96,94,81,71,66,67,63,68,72,78,80,79,64,14,0,0,5,13,11,6,6
11,12,10,52,78,96,94,86,70,67,66,63,66,74,79,84,78,63,12,0,0,10,7,5,4,7
14,15,13,54,85,108,106,94,71,69,67,64,71,77,85,101,91,73,30,0,0,5,8,0,0,10
14,11,11,51,77,115,122,100,72,66,66,62,69,75,81,109,114,73,33,0,0,5,0,0,0,7
11,9,8,17,61,90,101,74,66,57,59,58,61,65,69,81,100,70,15,0,0,7,5,0,0,0
8,0,7,11,30,56,60,57,54,53,46,47,55,60,61,64,70,75,12,0,0,0,6,0,0,0
8,0,0,11,25,51,48,50,41,27,31,17,53,53,57,57,63,67,12,0,0,0,8,5,0,0
6,0,0,8,13,35,26,23,11,13,19,9,31,30,41,47,51,53,8,0,0,0,5,7,0,0
0,0,0,0,8,13,10,12,13,10,10,6,13,14,24,20,30,29,6,0,0,0,6,0,0,0
0,0,0,4,12,12,9,11,18,9,9,9,12,13,10,13,21,26,6,0,0,0,0,0,0,0
6,6,0,7,13,9,9,13,8,9,11,11,14,19,9,18,21,20,0,0,0,0,4,0,0,0
