0,0,16,55,64,60,62,71,73,102,128,156,172,153,116,62,57,36,0,0,0,9,14,9,12,17
10,10,90,92,74,77,53,81,112,122,142,179,179,157,130,81,65,57,0,0,0,14,22,8,8,10
13,12,59,60,54,67,31,90,117,134,158,182,178,157,133,89,64,25,8,0,0,14,20,10,10,13
9,12,38,54,23,38,79,110,121,138,148,174,163,148,131,96,69,55,9,0,0,14,36,14,14,17
10,12,14,27,20,62,100,118,132,142,149,152,148,140,129,90,67,47,7,0,0,12,14,12,11,24
12,0,0,10,53,68,95,112,138,128,143,139,127,123,118,81,60,42,0,0,0,12,14,13,15,22
7,0,14,50,77,82,79,95,116,110,119,113,120,110,109,73,57,29,0,0,0,14,14,7,13,11
7,7,46,79,104,101,80,93,102,95,113,120,127,117,101,72,55,29,0,0,0,11,13,8,11,12
14,14,84,103,103,71,76,96,106,100,110,119,125,117,97,71,56,37,5,0,0,13,10,11,11,12
13,10,41,51,63,66,86,100,106,104,114,115,121,117,105,76,54,22,0,0,0,7,11,7,10,9
9,0,9,14,21,50,77,88,103,90,111,113,117,104,103,69,50,13,0,0,0,0,0,6,9,9
6,0,0,12,19,35,74,90,105,97,108,114,119,113,105,77,51,12,0,0,0,9,9,6,6,7
4,0,0,11,25,15,80,100,109,108,113,115,125,116,110,94,55,12,0,0,0,10,10,7,9,8
6,0,0,9,21,23,89,103,109,112,114,116,125,120,111,84,58,11,0,0,0,9,10,6,9,7
9,0,0,9,23,35,86,105,110,115,119,125,128,126,107,70,51,12,0,0,0,10,10,5,9,8
7,0,0,11,42,39,75,102,108,115,126,123,129,120,114,74,55,11,0,0,0,9,12,10,9,11
5,0,0,10,23,48,79,101,109,117,131,123,140,125,117,93,64,15,0,0,0,7,11,10,9,13
0,0,5,7,29,56,63,82,94,114,127,149,189,147,134,97,69,14,0,0,0,9,11,10,11,10
0,0,7,10,25,54,68,80,98,108,122,135,148,132,113,84,61,12,0,0,0,6,11,4,8,6
7,0,7,14,27,57,71,84,109,115,137,151,155,142,130,101,69,16,5,0,0,9,13,8,9,10
13,9,11,11,30,58,74,102,122,131,131,136,164,151,129,90,67,40,6,0,0,4,6,8,10,8
11,6,7,6,10,28,73,90,120,126,134,145,171,151,130,101,72,13,0,0,0,12,10,9,4,11
8,0,0,10,50,54,66,87,116,131,129,147,167,149,115,80,59,10,0,0,0,13,12,11,8,7
10,0,8,15,15,52,67,101,119,121,124,141,145,129,100,70,57,13,0,0,0,6,17,12,11,11
7,0,7,13,21,54,67,92,110,115,120,127,122,98,77,57,55,11,0,0,0,0,11,10,11,9
9,0,8,10,37,47,75,91,105,100,112,116,104,80,67,53,54,8,0,0,0,11,10,11,12,9
9,0,6,11,26,51,72,100,105,98,96,100,84,68,61,50,51,5,0,0,0,6,10,7,9,11
0,0,0,10,12,54,73,89,100,97,104,98,86,65,50,35,33,5,0,0,0,7,11,9,11,7
7,0,0,0,14,52,70,83,97,91,102,89,77,60,40,15,31,0,0,0,0,6,12,10,10,9
0,0,0,5,18,41,63,78,87,88,89,75,66,57,34,14,25,0,0,0,0,8,12,8,7,6
0,0,0,0,10,51,61,81,82,84,74,70,63,55,25,17,14,0,0,0,0,6,9,5,0,8
4,0,0,0,14,51,62,88,87,81,74,64,60,33,36,16,12,0,0,0,0,5,9,0,3,9
0,0,0,0,14,31,65,88,85,66,56,56,57,13,47,10,7,0,0,0,0,5,0,0,0,5
0,0,0,0,14,50,75,96,88,62,55,58,60,53,38,11,9,0,0,0,0,0,0,0,0,0
0,0,0,0,13,57,104,101,90,67,60,62,62,52,51,11,12,0,0,0,0,0,0,5,0,0
0,0,0,0,22,54,93,101,89,68,61,64,60,18,50,12,7,9,0,0,0,0,8,7,0,0
0,0,0,0,14,61,102,95,97,62,62,60,60,51,33,13,12,9,0,0,0,6,8,5,6,4
0,0,0,0,14,58,105,108,98,79,58,59,61,50,21,13,10,7,0,0,0,7,7,7,8,5
0,0,0,0,13,54,107,106,100,60,54,56,55,40,13,9,10,5,0,0,0,8,7,5,8,9
7,0,0,0,10,30,99,96,81,57,33,51,51,44,27,12,12,0,0,0,0,0,10,0,0,5
0,0,18,55,65,60,62,72,73,102,128,156,171,153,115,62,57,36,0,0,0,9,14,9,12,17
11,10,89,93,76,79,54,84,112,123,142,179,179,157,130,82,65,58,0,0,0,14,22,7,8,10
12,12,61,62,58,69,37,92,117,135,159,182,178,157,133,89,64,33,7,0,0,14,20,10,10,13
9,12,38,56,30,44,82,110,121,138,148,174,163,148,131,97,69,56,9,0,0,14,36,13,14,17
10,12,14,27,25,63,101,118,132,142,150,153,148,140,128,90,68,50,6,0,0,12,14,12,11,24
12,0,0,11,54,69,96,112,138,129,143,139,127,124,118,81,61,42,0,0,0,12,14,13,15,22
8,0,15,51,78,83,80,95,116,110,119,113,120,110,109,73,57,29,0,0,0,14,16,7,13,11
7,6,48,79,104,101,80,94,102,95,113,121,127,117,101,72,55,29,0,0,0,11,13,8,11,12
14,14,84,104,103,71,78,98,106,100,109,119,125,117,97,71,57,39,5,0,0,13,10,11,11,12
13,11,50,51,64,67,88,100,106,104,114,116,121,118,105,76,54,22,0,0,0,7,10,7,10,9
9,0,10,14,23,50,78,89,103,90,111,113,117,104,103,70,50,13,0,0,0,0,0,6,9,9
6,0,0,12,19,39,75,91,105,97,109,114,119,113,105,78,51,12,0,0,0,9,9,6,6,7
4,0,0,11,25,17,81,100,109,108,113,115,125,117,110,95,55,12,0,0,0,10,10,7,9,8
6,0,0,9,21,25,89,103,109,112,114,116,124,121,110,84,58,11,0,0,0,8,9,6,10,7
9,0,0,9,25,39,87,106,110,115,120,125,128,127,107,70,51,12,0,0,0,10,10,5,9,8
7,0,0,12,47,39,75,102,108,114,126,123,129,120,114,75,55,11,0,0,0,9,12,10,9,11
5,0,0,10,25,50,80,102,109,117,131,123,140,125,116,93,64,18,0,0,0,7,11,10,9,13
0,0,5,7,30,56,63,82,94,113,127,148,188,147,133,97,70,14,0,0,0,9,11,10,11,10
0,0,7,10,25,54,68,80,97,108,122,135,147,132,112,84,61,12,0,0,0,5,11,4,8,6
7,0,6,14,27,57,71,84,108,113,136,150,154,142,130,102,69,16,0,0,0,9,13,8,9,10
13,8,11,11,30,58,75,102,122,131,131,136,164,152,129,91,67,40,5,0,0,4,6,8,10,8
11,6,8,6,10,25,74,91,120,126,134,144,171,152,130,101,73,13,0,0,0,12,10,9,4,11
8,0,0,10,51,55,67,88,116,131,129,147,167,150,116,81,60,10,0,0,0,12,12,11,8,7
11,0,8,14,15,52,67,100,119,121,123,141,145,130,101,71,57,13,0,0,0,5,17,12,11,11
7,0,7,13,25,54,68,92,110,115,118,127,122,99,78,58,55,11,0,0,0,0,11,10,11,9
10,0,8,10,39,47,75,91,105,100,111,116,105,81,67,53,54,8,0,0,0,11,10,10,12,9
9,0,6,11,28,51,73,100,105,98,95,100,84,70,61,50,51,6,0,0,0,6,10,7,10,11
0,0,0,10,12,54,74,89,100,96,104,98,86,65,50,36,33,5,0,0,0,7,11,9,11,8
7,0,0,0,14,52,72,83,97,91,101,90,78,61,42,17,30,0,0,0,0,6,12,9,10,9
0,0,4,5,20,42,63,79,87,87,89,75,66,58,34,14,23,0,0,0,0,8,12,8,7,7
0,0,0,0,10,52,62,82,82,84,74,70,63,55,23,22,14,0,0,0,0,6,9,5,0,8
5,0,0,0,14,51,63,89,86,81,74,64,60,35,33,16,12,0,0,0,0,5,9,0,3,9
0,0,0,0,14,40,66,89,85,66,55,57,56,14,47,10,7,0,0,0,0,5,0,0,0,5
0,0,0,0,14,52,76,97,88,62,55,58,60,54,38,11,9,0,0,0,0,0,0,0,0,0
0,0,0,0,14,58,105,101,90,67,60,62,62,53,51,11,13,0,0,0,0,0,0,5,0,0
0,0,0,4,25,55,94,101,88,68,60,64,60,21,50,12,7,9,0,0,0,0,8,7,0,0
0,0,0,4,14,63,102,95,96,62,62,60,61,51,31,13,12,9,0,0,0,6,8,6,6,4
0,0,0,0,14,59,105,108,97,79,58,59,61,50,21,13,10,7,0,0,0,7,7,7,8,5
0,0,0,0,14,56,108,107,100,61,55,56,56,41,13,9,10,5,0,0,0,8,7,5,8,9
7,0,0,0,10,33,99,97,80,57,34,51,51,46,27,12,12,0,0,0,0,0,10,0,0,6
0,0,18,55,65,60,62,72,73,102,128,156,171,153,115,62,57,36,0,0,0,9,14,9,12,17
11,10,89,93,76,79,54,84,112,123,142,179,179,157,130,82,65,58,0,0,0,14,22,7,8,10
12,12,61,62,58,69,37,92,117,135,159,182,178,157,133,89,64,33,7,0,0,14,20,10,10,13
9,12,38,56,30,44,82,110,121,138,148,174,163,148,131,97,69,56,9,0,0,14,36,13,14,17
10,12,14,27,25,63,101,118,132,142,150,153,148,140,128,90,68,50,6,0,0,12,14,12,11,24
12,0,0,11,54,69,96,112,138,129,143,139,127,124,118,81,61,42,0,0,0,12,14,13,15,22
8,0,15,51,78,83,80,95,116,110,119,113,120,110,109,73,57,29,0,0,0,14,16,7,13,11
7,6,48,79,104,101,80,94,102,95,113,121,127,117,101,72,55,29,0,0,0,11,13,8,11,12
14,14,84,104,103,71,78,98,106,100,109,119,125,117,97,71,57,39,5,0,0,13,10,11,11,12
13,11,50,51,64,67,88,100,106,104,114,116,121,118,105,76,54,22,0,0,0,7,10,7,10,9
9,0,10,14,23,50,78,89,103,90,111,113,117,104,103,70,50,13,0,0,0,0,0,6,9,9
6,0,0,12,19,39,75,91,105,97,109,114,119,113,105,78,51,12,0,0,0,9,9,6,6,7
4,0,0,11,25,17,81,100,109,108,113,115,125,117,110,95,55,12,0,0,0,10,10,7,9,8
6,0,0,9,21,25,89,103,109,112,114,116,124,121,110,84,58,11,0,0,0,8,9,6,10,7
9,0,0,9,25,39,87,106,110,115,120,125,128,127,107,70,51,12,0,0,0,10,10,5,9,8
7,0,0,12,47,39,75,102,108,114,126,123,129,120,114,75,55,11,0,0,0,9,12,10,9,11
5,0,0,10,25,50,80,102,109,117,131,123,140,125,116,93,64,18,0,0,0,7,11,10,9,13
0,0,5,7,30,56,63,82,94,113,127,148,188,147,133,97,70,14,0,0,0,9,11,10,11,10
0,0,7,10,25,54,68,80,97,108,122,135,147,132,112,84,61,12,0,0,0,5,11,4,8,6
7,0,6,14,27,57,71,84,108,113,136,150,154,142,130,102,69,16,0,0,0,9,13,8,9,10
13,8,11,11,30,58,75,102,122,131,131,136,164,152,129,91,67,40,5,0,0,4,6,8,10,8
11,6,8,6,10,25,74,91,120,126,134,144,171,152,130,101,73,13,0,0,0,12,10,9,4,11
8,0,0,10,51,55,67,88,116,131,129,147,167,150,116,81,60,10,0,0,0,12,12,11,8,7
11,0,8,14,15,52,67,100,119,121,123,141,145,130,101,71,57,13,0,0,0,5,17,12,11,11
7,0,7,13,25,54,68,92,110,115,118,127,122,99,78,58,55,11,0,0,0,0,11,10,11,9
10,0,8,10,39,47,75,91,105,100,111,116,105,81,67,53,54,8,0,0,0,11,10,10,12,9
9,0,6,11,28,51,73,100,105,98,95,100,84,70,61,50,51,6,0,0,0,6,10,7,10,11
0,0,0,10,12,54,74,89,100,96,104,98,86,65,50,36,33,5,0,0,0,7,11,9,11,8
7,0,0,0,14,52,72,83,97,91,101,90,78,61,42,17,30,0,0,0,0,6,12,9,10,9
0,0,4,5,20,42,63,79,87,87,89,75,66,58,34,14,23,0,0,0,0,8,12,8,7,7
0,0,0,0,10,52,62,82,82,84,74,70,63,55,23,22,14,0,0,0,0,6,9,5,0,8
5,0,0,0,14,51,63,89,86,81,74,64,60,35,33,16,12,0,0,0,0,5,9,0,3,9
0,0,0,0,14,40,66,89,85,66,55,57,56,14,47,10,7,0,0,0,0,5,0,0,0,5
0,0,0,0,14,52,76,97,88,62,55,58,60,54,38,11,9,0,0,0,0,0,0,0,0,0
0,0,0,0,14,58,105,101,90,67,60,62,62,53,51,11,13,0,0,0,0,0,0,5,0,0
0,0,0,4,25,55,94,101,88,68,60,64,60,21,50,12,7,9,0,0,0,0,8,7,0,0
0,0,0,4,14,63,102,95,96,62,62,60,61,51,31,13,12,9,0,0,0,6,8,6,6,4
0,0,0,0,14,59,105,108,97,79,58,59,61,50,21,13,10,7,0,0,0,7,7,7,8,5
0,0,0,0,14,56,108,107,100,61,55,56,56,41,13,9,10,5,0,0,0,8,7,5,8,9
7,0,0,0,10,33,99,97,80,57,34,51,51,46,27,12,12,0,0,0,0,0,10,0,0,6
0,0,16,55,65,61,62,72,73,103,128,156,171,153,115,62,57,41,0,0,0,9,14,9,12,18
11,10,90,93,76,79,54,84,113,123,142,179,179,157,130,82,66,59,0,0,0,13,23,8,8,10
12,12,63,62,59,71,40,94,117,135,159,182,178,158,133,90,65,41,0,0,0,13,21,10,10,13
10,12,38,56,36,50,83,111,121,138,148,174,163,148,131,97,69,57,0,0,0,14,36,13,14,17
10,12,14,27,26,64,101,119,132,142,150,153,148,141,128,90,68,54,0,0,0,12,14,12,11,24
12,0,0,12,54,69,97,112,138,129,143,139,127,124,118,81,61,45,0,0,0,11,14,13,15,21
8,0,16,51,78,83,80,96,116,110,120,113,120,111,109,73,58,33,0,0,0,13,17,7,13,11
7,7,48,79,104,101,80,94,102,95,113,121,127,118,101,72,55,27,0,0,0,10,13,8,11,12
14,16,84,104,103,72,78,98,106,100,110,120,126,118,97,72,57,40,0,0,0,12,10,11,12,12
14,11,51,52,65,67,88,101,106,104,114,116,122,118,105,76,54,22,0,0,0,7,11,7,10,9
10,0,10,15,23,51,78,90,103,90,111,114,118,104,103,70,50,13,0,0,0,0,0,6,9,9
6,0,0,12,23,42,75,91,106,98,109,115,119,114,105,78,52,13,0,0,0,8,9,6,6,7
4,0,0,12,25,20,83,101,109,108,113,116,125,117,110,95,55,12,0,0,0,10,10,7,9,8
6,0,0,9,23,25,89,103,109,112,114,116,125,121,110,85,59,11,0,0,0,8,9,6,9,7
9,0,0,9,28,46,86,106,110,114,120,125,129,127,107,71,51,13,0,0,0,9,11,5,9,8
7,0,0,12,47,42,75,102,108,115,126,123,129,120,114,74,55,11,0,0,0,9,12,10,9,11
5,0,0,10,27,50,80,102,109,117,131,123,140,125,116,94,64,14,0,0,0,7,10,10,9,13
0,0,5,7,30,57,64,83,94,113,127,148,189,148,133,98,70,14,0,0,0,9,11,10,11,10
0,0,7,10,25,54,68,80,97,108,122,135,147,133,112,84,62,12,0,0,0,5,11,4,8,6
7,0,6,14,27,57,72,84,108,113,136,151,154,142,130,102,69,23,0,0,0,9,13,8,9,10
13,8,11,11,30,58,75,102,122,130,131,136,165,153,129,91,67,47,0,0,0,4,7,8,10,9
12,6,8,7,11,32,74,91,120,126,134,144,172,153,130,102,73,14,0,0,0,12,10,9,4,11
8,0,0,10,51,56,67,88,116,131,129,147,168,151,117,81,60,10,0,0,0,12,12,11,8,7
11,0,8,14,15,52,68,100,119,121,123,141,145,130,101,71,57,13,0,0,0,5,17,12,11,11
7,0,7,13,27,54,68,92,110,115,118,127,122,100,79,59,55,11,0,0,0,0,11,10,11,9
10,0,8,10,40,50,76,91,104,100,111,116,106,82,68,53,54,8,0,0,0,10,10,11,12,9
9,0,6,11,30,51,73,100,105,98,95,100,84,70,61,50,51,6,0,0,0,6,11,7,9,11
0,0,0,10,12,54,75,89,100,96,103,98,86,66,50,39,33,5,0,0,0,7,11,9,11,8
7,0,0,4,14,53,72,83,97,91,101,90,78,61,42,17,28,0,0,0,0,6,12,10,10,9
0,0,4,5,21,45,63,79,87,87,89,75,66,58,34,15,23,0,0,0,0,7,12,8,7,7
0,0,0,0,11,52,62,82,82,84,73,70,63,55,25,25,14,0,0,0,0,6,9,5,0,8
5,0,0,0,15,52,63,89,86,81,74,64,61,35,27,16,12,0,0,0,0,5,10,0,3,9
0,0,0,0,14,46,66,89,85,65,55,57,57,14,45,10,8,0,0,0,0,5,0,0,0,5
0,0,0,0,15,52,76,97,88,62,55,58,61,55,36,11,9,0,0,0,0,0,0,0,0,0
0,0,0,0,14,59,105,101,89,67,60,62,62,53,51,11,13,4,0,0,0,0,0,5,0,0
0,0,0,5,25,56,94,101,88,68,61,64,60,23,50,12,9,9,0,0,0,0,8,7,0,0
0,0,0,4,14,64,102,95,96,62,62,60,61,52,31,13,12,10,0,0,0,6,8,6,6,4
0,0,0,0,15,60,106,108,97,79,58,59,61,51,20,13,11,7,0,0,0,7,7,7,7,5
0,0,0,0,14,58,108,107,100,61,55,57,56,42,13,9,10,5,0,0,0,8,7,5,8,10
7,0,0,0,11,38,100,97,81,57,35,52,51,47,27,12,13,0,0,0,0,0,10,0,4,6
0,0,16,55,65,61,62,72,73,103,128,156,171,153,115,62,57,41,0,0,0,9,14,9,12,18
11,10,90,93,76,79,54,84,113,123,142,179,179,157,130,82,66,59,0,0,0,13,23,8,8,10
12,12,63,62,59,71,40,94,117,135,159,182,178,158,133,90,65,41,0,0,0,13,21,10,10,13
10,12,38,56,36,50,83,111,121,138,148,174,163,148,131,97,69,57,0,0,0,14,36,13,14,17
10,12,14,27,26,64,101,119,132,142,150,153,148,141,128,90,68,54,0,0,0,12,14,12,11,24
12,0,0,12,54,69,97,112,138,129,143,139,127,124,118,81,61,45,0,0,0,11,14,13,15,21
8,0,16,51,78,83,80,96,116,110,120,113,120,111,109,73,58,33,0,0,0,13,17,7,13,11
7,7,48,79,104,101,80,94,102,95,113,121,127,118,101,72,55,27,0,0,0,10,13,8,11,12
14,16,84,104,103,72,78,98,106,100,110,120,126,118,97,72,57,40,0,0,0,12,10,11,12,12
14,11,51,52,65,67,88,101,106,104,114,116,122,118,105,76,54,22,0,0,0,7,11,7,10,9
10,0,10,15,23,51,78,90,103,90,111,114,118,104,103,70,50,13,0,0,0,0,0,6,9,9
6,0,0,12,23,42,75,91,106,98,109,115,119,114,105,78,52,13,0,0,0,8,9,6,6,7
4,0,0,12,25,20,83,101,109,108,113,116,125,117,110,95,55,12,0,0,0,10,10,7,9,8
6,0,0,9,23,25,89,103,109,112,114,116,125,121,110,85,59,11,0,0,0,8,9,6,9,7
9,0,0,9,28,46,86,106,110,114,120,125,129,127,107,71,51,13,0,0,0,9,11,5,9,8
7,0,0,12,47,42,75,102,108,115,126,123,129,120,114,74,55,11,0,0,0,9,12,10,9,11
5,0,0,10,27,50,80,102,109,117,131,123,140,125,116,94,64,14,0,0,0,7,10,10,9,13
0,0,5,7,30,57,64,83,94,113,127,148,189,148,133,98,70,14,0,0,0,9,11,10,11,10
0,0,7,10,25,54,68,80,97,108,122,135,147,133,112,84,62,12,0,0,0,5,11,4,8,6
7,0,6,14,27,57,72,84,108,113,136,151,154,142,130,102,69,23,0,0,0,9,13,8,9,10
13,8,11,11,30,58,75,102,122,130,131,136,165,153,129,91,67,47,0,0,0,4,7,8,10,9
12,6,8,7,11,32,74,91,120,126,134,144,172,153,130,102,73,14,0,0,0,12,10,9,4,11
8,0,0,10,51,56,67,88,116,131,129,147,168,151,117,81,60,10,0,0,0,12,12,11,8,7
11,0,8,14,15,52,68,100,119,121,123,141,145,130,101,71,57,13,0,0,0,5,17,12,11,11
7,0,7,13,27,54,68,92,110,115,118,127,122,100,79,59,55,11,0,0,0,0,11,10,11,9
10,0,8,10,40,50,76,91,104,100,111,116,106,82,68,53,54,8,0,0,0,10,10,11,12,9
9,0,6,11,30,51,73,100,105,98,95,100,84,70,61,50,51,6,0,0,0,6,11,7,9,11
0,0,0,10,12,54,75,89,100,96,103,98,86,66,50,39,33,5,0,0,0,7,11,9,11,8
7,0,0,4,14,53,72,83,97,91,101,90,78,61,42,17,28,0,0,0,0,6,12,10,10,9
0,0,4,5,21,45,63,79,87,87,89,75,66,58,34,15,23,0,0,0,0,7,12,8,7,7
0,0,0,0,11,52,62,82,82,84,73,70,63,55,25,25,14,0,0,0,0,6,9,5,0,8
5,0,0,0,15,52,63,89,86,81,74,64,61,35,27,16,12,0,0,0,0,5,10,0,3,9
0,0,0,0,14,46,66,89,85,65,55,57,57,14,45,10,8,0,0,0,0,5,0,0,0,5
0,0,0,0,15,52,76,97,88,62,55,58,61,55,36,11,9,0,0,0,0,0,0,0,0,0
0,0,0,0,14,59,105,101,89,67,60,62,62,53,51,11,13,4,0,0,0,0,0,5,0,0
0,0,0,5,25,56,94,101,88,68,61,64,60,23,50,12,9,9,0,0,0,0,8,7,0,0
0,0,0,4,14,64,102,95,96,62,62,60,61,52,31,13,12,10,0,0,0,6,8,6,6,4
0,0,0,0,15,60,106,108,97,79,58,59,61,51,20,13,11,7,0,0,0,7,7,7,7,5
0,0,0,0,14,58,108,107,100,61,55,57,56,42,13,9,10,5,0,0,0,8,7,5,8,10
7,0,0,0,11,38,100,97,81,57,35,52,51,47,27,12,13,0,0,0,0,0,10,0,4,6
0,0,16,56,65,61,63,72,73,103,128,155,171,154,115,63,57,41,0,0,0,9,14,9,12,18
11,10,90,93,76,80,55,84,113,123,142,179,179,158,129,81,66,60,0,0,0,13,23,8,8,10
13,12,64,64,59,73,43,94,117,135,159,182,178,160,132,89,65,44,0,0,0,13,21,10,10,13
10,12,38,56,41,51,83,111,121,139,148,174,164,149,131,95,69,57,0,0,0,14,37,13,14,18
10,12,14,29,26,66,101,119,132,143,150,153,148,141,128,90,68,55,0,0,0,12,14,12,11,24
11,0,0,12,55,69,97,112,138,128,143,139,127,125,118,81,61,45,0,0,0,11,14,13,15,22
8,0,16,51,78,83,80,96,117,110,120,113,121,112,110,74,58,35,0,0,0,13,16,7,12,11
7,7,50,79,105,101,80,94,102,95,113,121,128,119,101,72,55,29,0,0,0,10,13,8,11,12
14,17,84,104,103,72,78,98,106,100,110,121,126,118,98,72,57,40,0,0,0,12,11,11,12,12
13,11,51,53,66,68,88,101,106,104,114,116,122,118,105,78,55,25,0,0,0,6,11,7,10,9
10,0,10,15,23,51,78,89,103,90,111,114,118,105,103,72,50,13,0,0,0,0,0,6,9,9
6,0,0,12,23,46,77,91,106,98,109,115,119,114,106,81,52,13,0,0,0,8,9,6,6,7
4,0,0,12,23,22,83,100,109,108,113,116,126,117,110,97,55,12,0,0,0,9,10,7,9,8
6,0,0,9,25,31,91,103,109,112,114,116,126,121,110,86,59,11,0,0,0,8,10,6,10,7
9,0,0,9,31,46,87,106,110,114,120,125,130,127,107,71,52,12,0,0,0,9,11,5,9,8
7,0,0,11,47,46,76,102,108,115,126,123,128,121,114,75,56,11,0,0,0,8,12,10,9,11
5,0,0,10,25,50,81,101,109,117,131,123,141,126,116,95,64,14,0,0,0,7,11,10,9,14
0,0,5,7,30,57,65,83,94,113,127,148,189,148,133,97,70,14,0,0,0,9,11,11,11,10
0,0,7,11,25,54,69,80,98,108,122,136,148,133,112,83,62,13,0,0,0,5,11,4,8,6
7,0,6,14,27,58,72,84,108,113,137,151,155,143,130,101,69,22,0,0,0,8,13,8,9,10
13,9,11,11,30,59,76,103,122,130,131,136,167,154,129,93,68,50,0,0,0,4,7,8,10,9
12,7,8,7,11,35,75,92,120,126,134,144,172,154,130,102,73,14,0,0,0,12,10,9,4,11
8,0,0,10,52,57,68,88,116,131,129,147,168,152,117,81,60,10,0,0,0,12,12,12,8,7
11,0,8,15,17,52,68,100,119,121,123,141,147,131,101,72,57,13,0,0,0,5,18,12,11,11
7,0,7,13,29,55,69,92,109,115,119,127,122,101,79,59,55,11,0,0,0,0,11,10,11,9
10,0,9,10,40,50,76,91,105,100,111,116,105,82,68,54,54,8,0,0,0,10,10,11,12,9
9,0,6,11,30,51,74,100,105,97,95,99,83,70,61,51,51,6,0,0,0,5,11,7,9,11
0,0,0,10,12,55,75,89,100,96,103,98,87,67,50,42,32,5,0,0,0,6,11,9,11,8
7,0,0,4,14,53,73,83,97,91,101,90,78,62,42,14,28,0,0,0,0,6,12,10,10,10
0,0,4,5,21,47,64,79,87,87,89,75,66,58,34,15,21,0,0,0,0,7,12,8,7,7
0,0,0,0,11,52,63,82,82,84,73,70,63,56,25,29,14,0,0,0,0,5,9,5,0,9
5,0,0,0,15,53,64,89,87,81,75,64,62,39,27,17,12,0,0,0,0,5,10,0,3,9
0,0,0,0,15,50,67,90,86,66,56,57,57,14,47,11,8,0,0,0,0,5,0,0,0,5
0,0,0,0,15,53,77,97,87,63,55,59,61,55,36,11,9,0,0,0,0,0,0,0,0,0
0,0,0,0,14,60,105,101,90,67,60,62,63,53,51,11,13,4,0,0,0,0,0,5,0,0
0,0,0,5,25,56,94,101,88,68,61,64,60,23,50,12,9,9,0,0,0,0,8,7,0,0
0,0,0,4,15,65,103,95,96,62,62,60,61,52,31,13,12,10,0,0,0,6,8,6,6,4
0,0,0,0,15,60,106,108,97,79,58,59,60,51,20,13,11,7,0,0,0,7,7,7,7,5
0,0,0,0,14,58,108,106,100,60,56,56,55,42,13,9,10,5,0,0,0,8,7,5,8,9
7,0,0,0,11,40,100,97,81,57,36,51,51,48,27,12,13,0,0,0,0,0,10,0,0,6
0,0,16,56,65,61,63,72,73,103,128,155,171,154,115,63,57,41,0,0,0,9,14,9,12,18
11,10,90,93,76,80,55,84,113,123,142,179,179,158,129,81,66,60,0,0,0,13,23,8,8,10
13,12,64,64,59,73,43,94,117,135,159,182,178,160,132,89,65,44,0,0,0,13,21,10,10,13
10,12,38,56,41,51,83,111,121,139,148,174,164,149,131,95,69,57,0,0,0,14,37,13,14,18
10,12,14,29,26,66,101,119,132,143,150,153,148,141,128,90,68,55,0,0,0,12,14,12,11,24
11,0,0,12,55,69,97,112,138,128,143,139,127,125,118,81,61,45,0,0,0,11,14,13,15,22
8,0,16,51,78,83,80,96,117,110,120,113,121,112,110,74,58,35,0,0,0,13,16,7,12,11
7,7,50,79,105,101,80,94,102,95,113,121,128,119,101,72,55,29,0,0,0,10,13,8,11,12
14,17,84,104,103,72,78,98,106,100,110,121,126,118,98,72,57,40,0,0,0,12,11,11,12,12
13,11,51,53,66,68,88,101,106,104,114,116,122,118,105,78,55,25,0,0,0,6,11,7,10,9
10,0,10,15,23,51,78,89,103,90,111,114,118,105,103,72,50,13,0,0,0,0,0,6,9,9
6,0,0,12,23,46,77,91,106,98,109,115,119,114,106,81,52,13,0,0,0,8,9,6,6,7
4,0,0,12,23,22,83,100,109,108,113,116,126,117,110,97,55,12,0,0,0,9,10,7,9,8
6,0,0,9,25,31,91,103,109,112,114,116,126,121,110,86,59,11,0,0,0,8,10,6,10,7
9,0,0,9,31,46,87,106,110,114,120,125,130,127,107,71,52,12,0,0,0,9,11,5,9,8
7,0,0,11,47,46,76,102,108,115,126,123,128,121,114,75,56,11,0,0,0,8,12,10,9,11
5,0,0,10,25,50,81,101,109,117,131,123,141,126,116,95,64,14,0,0,0,7,11,10,9,14
0,0,5,7,30,57,65,83,94,113,127,148,189,148,133,97,70,14,0,0,0,9,11,11,11,10
0,0,7,11,25,54,69,80,98,108,122,136,148,133,112,83,62,13,0,0,0,5,11,4,8,6
7,0,6,14,27,58,72,84,108,113,137,151,155,143,130,101,69,22,0,0,0,8,13,8,9,10
13,9,11,11,30,59,76,103,122,130,131,136,167,154,129,93,68,50,0,0,0,4,7,8,10,9
12,7,8,7,11,35,75,92,120,126,134,144,172,154,130,102,73,14,0,0,0,12,10,9,4,11
8,0,0,10,52,57,68,88,116,131,129,147,168,152,117,81,60,10,0,0,0,12,12,12,8,7
11,0,8,15,17,52,68,100,119,121,123,141,147,131,101,72,57,13,0,0,0,5,18,12,11,11
7,0,7,13,29,55,69,92,109,115,119,127,122,101,79,59,55,11,0,0,0,0,11,10,11,9
10,0,9,10,40,50,76,91,105,100,111,116,105,82,68,54,54,8,0,0,0,10,10,11,12,9
9,0,6,11,30,51,74,100,105,97,95,99,83,70,61,51,51,6,0,0,0,5,11,7,9,11
0,0,0,10,12,55,75,89,100,96,103,98,87,67,50,42,32,5,0,0,0,6,11,9,11,8
7,0,0,4,14,53,73,83,97,91,101,90,78,62,42,14,28,0,0,0,0,6,12,10,10,10
0,0,4,5,21,47,64,79,87,87,89,75,66,58,34,15,21,0,0,0,0,7,12,8,7,7
0,0,0,0,11,52,63,82,82,84,73,70,63,56,25,29,14,0,0,0,0,5,9,5,0,9
5,0,0,0,15,53,64,89,87,81,75,64,62,39,27,17,12,0,0,0,0,5,10,0,3,9
0,0,0,0,15,50,67,90,86,66,56,57,57,14,47,11,8,0,0,0,0,5,0,0,0,5
0,0,0,0,15,53,77,97,87,63,55,59,61,55,36,11,9,0,0,0,0,0,0,0,0,0
0,0,0,0,14,60,105,101,90,67,60,62,63,53,51,11,13,4,0,0,0,0,0,5,0,0
0,0,0,5,25,56,94,101,88,68,61,64,60,23,50,12,9,9,0,0,0,0,8,7,0,0
0,0,0,4,15,65,103,95,96,62,62,60,61,52,31,13,12,10,0,0,0,6,8,6,6,4
0,0,0,0,15,60,106,108,97,79,58,59,60,51,20,13,11,7,0,0,0,7,7,7,7,5
0,0,0,0,14,58,108,106,100,60,56,56,55,42,13,9,10,5,0,0,0,8,7,5,8,9
7,0,0,0,11,40,100,97,81,57,36,51,51,48,27,12,13,0,0,0,0,0,10,0,0,6
0,0,18,56,66,61,63,72,74,103,128,155,171,154,115,62,57,44,0,0,0,8,14,9,12,18
11,10,90,93,77,82,55,84,113,123,142,180,179,158,129,81,66,61,0,0,0,13,23,8,8,10
13,12,65,64,59,75,46,95,118,135,159,182,178,160,133,89,65,44,0,0,0,13,21,10,10,13
10,12,38,57,47,53,85,112,122,139,149,175,164,149,131,95,69,58,0,0,0,13,36,13,14,19
10,12,14,31,29,66,102,119,133,143,151,153,148,141,129,90,68,55,0,0,0,12,14,12,11,25
11,0,0,12,56,70,98,113,139,129,143,140,127,125,118,80,61,45,0,0,0,11,14,13,15,22
9,0,18,52,79,84,81,97,117,110,121,113,121,112,110,74,58,35,0,0,0,13,17,7,13,12
7,7,50,80,105,102,81,95,102,96,113,121,128,119,101,72,55,29,0,0,0,10,13,9,11,12
15,16,85,104,103,73,79,99,106,100,110,121,126,118,98,72,57,40,0,0,0,12,11,11,11,12
13,11,52,54,66,69,89,101,106,105,115,116,122,118,105,78,55,22,0,0,0,6,11,7,10,9
10,0,10,15,29,53,79,90,103,91,111,114,118,106,103,72,50,13,0,0,0,0,0,6,9,9
6,0,0,12,23,50,78,91,106,100,109,115,120,114,106,81,51,12,0,0,0,8,9,6,6,7
4,0,0,12,25,22,83,100,109,108,113,116,126,117,110,97,55,12,0,0,0,9,10,7,9,8
6,0,0,9,25,31,91,103,109,112,114,116,126,122,110,85,58,11,0,0,0,8,10,6,10,7
9,0,0,9,31,50,87,105,110,114,120,125,130,127,106,70,51,12,0,0,0,9,10,5,9,8
7,0,0,12,45,50,75,102,108,115,127,124,129,121,114,75,55,11,0,0,0,8,12,10,9,11
5,0,0,10,27,51,81,102,109,118,131,125,141,126,116,94,64,14,0,0,0,7,11,10,10,14
0,0,5,8,32,57,66,83,94,113,128,149,189,148,133,96,70,14,0,0,0,8,11,11,11,10
0,0,7,11,25,55,68,80,98,108,123,136,148,133,112,83,61,13,0,0,0,4,11,4,8,6
7,0,6,14,27,58,73,84,109,114,137,151,155,143,129,101,69,20,0,0,0,8,13,8,9,10
13,9,11,11,33,60,76,103,122,131,131,137,167,154,128,92,67,50,0,0,0,3,7,8,10,9
11,7,8,7,11,39,75,92,120,126,135,145,173,153,130,101,73,14,0,0,0,11,10,9,4,11
8,0,0,10,52,58,69,89,116,131,129,147,168,152,117,81,60,10,0,0,0,12,12,12,8,7
11,0,8,15,20,52,68,101,119,121,123,141,147,131,101,72,57,13,0,0,0,4,20,12,11,11
7,0,7,13,33,55,70,92,110,115,119,127,122,101,78,59,55,11,0,0,0,0,11,10,11,9
10,0,8,11,40,50,77,92,106,100,111,116,105,82,68,54,54,8,0,0,0,10,10,11,12,10
9,0,6,11,31,52,75,101,105,98,95,99,83,70,61,51,51,6,0,0,0,0,11,7,10,11
0,0,0,10,13,55,76,90,101,96,104,97,86,66,50,42,32,5,0,0,0,6,11,9,11,8
7,0,0,4,15,53,73,84,97,91,101,89,77,62,46,14,26,0,0,0,0,5,12,10,10,10
0,0,4,5,21,50,65,80,87,87,88,75,66,59,36,16,19,0,0,0,0,7,12,9,7,7
0,0,0,0,11,53,63,83,82,84,73,70,63,57,23,29,14,0,0,0,0,5,9,5,0,9
4,0,0,0,20,53,64,90,87,81,74,63,61,43,27,17,12,0,0,0,0,4,10,0,3,9
4,0,0,0,17,51,67,90,87,66,56,58,57,14,47,11,8,0,0,0,0,5,0,0,0,5
0,0,0,0,15,55,78,98,88,63,56,59,61,55,36,10,10,0,0,0,0,0,0,0,0,0
0,0,0,0,15,61,106,101,90,67,61,62,63,54,50,11,13,4,0,0,0,0,0,5,0,0
0,0,0,5,26,58,95,101,88,68,61,65,60,25,50,12,9,9,0,0,0,0,8,7,0,0
0,0,0,4,15,67,103,95,96,62,63,60,61,52,30,13,12,10,0,0,0,6,8,6,6,4
0,0,0,0,15,61,106,108,97,79,59,59,61,51,21,13,11,7,0,0,0,7,7,7,7,5
0,0,0,0,14,59,108,107,100,61,56,56,55,43,13,9,10,5,0,0,0,7,7,5,8,9
7,0,0,0,11,41,100,97,81,57,37,51,51,48,28,12,13,0,0,0,0,0,10,0,0,6
0,0,18,56,66,61,63,72,74,103,128,155,171,154,115,62,57,44,0,0,0,8,14,9,12,18
11,10,90,93,77,82,55,84,113,123,142,180,179,158,129,81,66,61,0,0,0,13,23,8,8,10
13,12,65,64,59,75,46,95,118,135,159,182,178,160,133,89,65,44,0,0,0,13,21,10,10,13
10,12,38,57,47,53,85,112,122,139,149,175,164,149,131,95,69,58,0,0,0,13,36,13,14,19
10,12,14,31,29,66,102,119,133,143,151,153,148,141,129,90,68,55,0,0,0,12,14,12,11,25
11,0,0,12,56,70,98,113,139,129,143,140,127,125,118,80,61,45,0,0,0,11,14,13,15,22
9,0,18,52,79,84,81,97,117,110,121,113,121,112,110,74,58,35,0,0,0,13,17,7,13,12
7,7,50,80,105,102,81,95,102,96,113,121,128,119,101,72,55,29,0,0,0,10,13,9,11,12
15,16,85,104,103,73,79,99,106,100,110,121,126,118,98,72,57,40,0,0,0,12,11,11,11,12
13,11,52,54,66,69,89,101,106,105,115,116,122,118,105,78,55,22,0,0,0,6,11,7,10,9
10,0,10,15,29,53,79,90,103,91,111,114,118,106,103,72,50,13,0,0,0,0,0,6,9,9
6,0,0,12,23,50,78,91,106,100,109,115,120,114,106,81,51,12,0,0,0,8,9,6,6,7
4,0,0,12,25,22,83,100,109,108,113,116,126,117,110,97,55,12,0,0,0,9,10,7,9,8
6,0,0,9,25,31,91,103,109,112,114,116,126,122,110,85,58,11,0,0,0,8,10,6,10,7
9,0,0,9,31,50,87,105,110,114,120,125,130,127,106,70,51,12,0,0,0,9,10,5,9,8
7,0,0,12,45,50,75,102,108,115,127,124,129,121,114,75,55,11,0,0,0,8,12,10,9,11
5,0,0,10,27,51,81,102,109,118,131,125,141,126,116,94,64,14,0,0,0,7,11,10,10,14
0,0,5,8,32,57,66,83,94,113,128,149,189,148,133,96,70,14,0,0,0,8,11,11,11,10
0,0,7,11,25,55,68,80,98,108,123,136,148,133,112,83,61,13,0,0,0,4,11,4,8,6
7,0,6,14,27,58,73,84,109,114,137,151,155,143,129,101,69,20,0,0,0,8,13,8,9,10
13,9,11,11,33,60,76,103,122,131,131,137,167,154,128,92,67,50,0,0,0,3,7,8,10,9
11,7,8,7,11,39,75,92,120,126,135,145,173,153,130,101,73,14,0,0,0,11,10,9,4,11
8,0,0,10,52,58,69,89,116,131,129,147,168,152,117,81,60,10,0,0,0,12,12,12,8,7
11,0,8,15,20,52,68,101,119,121,123,141,147,131,101,72,57,13,0,0,0,4,20,12,11,11
7,0,7,13,33,55,70,92,110,115,119,127,122,101,78,59,55,11,0,0,0,0,11,10,11,9
10,0,8,11,40,50,77,92,106,100,111,116,105,82,68,54,54,8,0,0,0,10,10,11,12,10
9,0,6,11,31,52,75,101,105,98,95,99,83,70,61,51,51,6,0,0,0,0,11,7,10,11
0,0,0,10,13,55,76,90,101,96,104,97,86,66,50,42,32,5,0,0,0,6,11,9,11,8
7,0,0,4,15,53,73,84,97,91,101,89,77,62,46,14,26,0,0,0,0,5,12,10,10,10
0,0,4,5,21,50,65,80,87,87,88,75,66,59,36,16,19,0,0,0,0,7,12,9,7,7
0,0,0,0,11,53,63,83,82,84,73,70,63,57,23,29,14,0,0,0,0,5,9,5,0,9
4,0,0,0,20,53,64,90,87,81,74,63,61,43,27,17,12,0,0,0,0,4,10,0,3,9
4,0,0,0,17,51,67,90,87,66,56,58,57,14,47,11,8,0,0,0,0,5,0,0,0,5
0,0,0,0,15,55,78,98,88,63,56,59,61,55,36,10,10,0,0,0,0,0,0,0,0,0
0,0,0,0,15,61,106,101,90,67,61,62,63,54,50,11,13,4,0,0,0,0,0,5,0,0
0,0,0,5,26,58,95,101,88,68,61,65,60,25,50,12,9,9,0,0,0,0,8,7,0,0
0,0,0,4,15,67,103,95,96,62,63,60,61,52,30,13,12,10,0,0,0,6,8,6,6,4
0,0,0,0,15,61,106,108,97,79,59,59,61,51,21,13,11,7,0,0,0,7,7,7,7,5
0,0,0,0,14,59,108,107,100,61,56,56,55,43,13,9,10,5,0,0,0,7,7,5,8,9
7,0,0,0,11,41,100,97,81,57,37,51,51,48,28,12,13,0,0,0,0,0,10,0,0,6
0,0,20,55,58,56,54,67,69,103,131,160,173,150,111,64,57,47,0,0,0,0,14,9,12,17
11,11,84,84,66,66,0,70,111,124,144,182,181,158,128,83,66,62,0,0,0,0,23,8,8,10
12,12,64,66,56,67,7,80,116,135,162,184,180,160,132,91,64,50,0,0,0,0,21,11,10,13
11,12,43,60,38,51,50,110,121,140,151,178,167,151,133,100,70,61,0,0,0,0,37,14,14,19
10,11,14,35,30,69,92,117,131,145,156,157,151,143,131,94,69,58,5,0,0,0,17,13,12,26
8,0,0,25,56,70,86,112,138,131,146,141,128,127,121,84,62,51,0,0,0,0,15,14,16,23
9,0,38,63,84,87,74,97,118,113,123,115,124,116,115,79,59,47,0,0,0,0,22,7,13,12
8,10,55,88,108,111,72,96,101,97,115,124,131,123,106,78,57,47,0,0,0,0,14,10,12,13
14,15,77,102,108,90,76,93,104,100,111,123,128,121,103,78,60,48,0,0,0,0,12,11,11,12
13,10,50,57,72,73,19,92,104,104,114,118,124,123,109,85,57,35,0,0,0,0,10,7,10,9
9,0,10,27,33,55,10,81,101,88,112,116,120,109,108,79,52,14,0,0,0,0,0,6,8,9
5,0,0,13,32,52,66,80,104,97,110,117,121,117,109,87,56,13,0,0,0,0,9,5,5,6
4,0,0,12,23,25,69,91,107,107,113,117,126,119,112,102,57,13,0,0,0,0,8,7,8,7
6,0,0,10,23,31,77,101,107,112,115,117,126,123,112,96,61,12,0,0,0,0,11,7,9,7
9,0,0,11,25,51,74,103,108,113,121,128,130,128,108,75,56,14,0,0,0,0,10,7,9,8
7,0,0,13,45,54,65,97,106,114,128,124,130,122,114,81,59,13,0,0,0,0,13,10,10,11
6,0,0,11,31,50,71,95,107,116,131,124,140,127,117,98,67,27,0,0,0,0,11,10,8,13
0,0,7,11,41,54,61,77,89,112,126,144,187,155,137,102,75,21,0,0,0,0,10,10,10,10
0,0,8,12,37,54,64,77,92,106,121,133,152,141,121,95,69,14,0,0,0,0,10,5,8,6
7,0,8,21,42,59,69,81,106,112,136,153,158,146,133,109,73,30,6,0,0,0,13,8,9,10
13,9,12,12,30,58,73,101,119,129,132,137,164,153,130,95,69,47,7,0,0,0,6,8,10,8
11,7,9,9,17,53,78,94,118,124,135,145,168,150,130,104,73,13,0,0,0,0,10,9,4,11
8,0,5,13,42,59,70,89,113,131,129,146,160,146,115,81,60,10,5,0,0,0,12,11,8,7
11,5,10,17,14,59,72,102,115,121,123,139,140,127,98,72,54,12,0,0,0,0,17,12,11,11
7,0,8,12,45,64,75,94,110,112,120,122,116,96,74,58,54,11,0,0,0,0,11,10,11,9
10,0,7,12,55,68,85,94,105,100,109,106,97,79,68,53,53,8,0,0,0,0,10,11,12,10
9,0,6,18,58,68,79,104,102,92,89,89,79,67,61,42,50,7,0,0,0,0,11,7,9,11
0,0,0,37,57,66,81,88,92,87,94,85,77,64,52,39,31,6,0,0,0,0,11,9,11,8
7,0,6,26,60,65,76,78,88,83,88,78,73,63,51,31,17,5,0,0,0,0,12,11,11,10
0,0,10,19,53,61,63,68,72,72,73,67,66,60,47,27,12,5,0,0,0,0,12,9,7,7
0,0,5,45,56,59,60,70,69,67,66,65,64,57,36,39,12,0,0,0,0,0,9,6,0,9
4,0,7,50,58,61,70,80,76,72,70,61,62,51,44,23,12,0,0,0,0,0,10,0,4,10
0,0,0,37,55,65,73,88,83,70,62,62,58,47,52,13,9,0,0,0,0,0,0,5,0,6
0,0,0,11,54,63,77,91,90,72,67,61,60,55,50,13,11,0,0,0,0,0,0,0,0,6
0,0,0,0,21,61,95,92,90,85,82,67,63,54,50,13,14,5,0,0,0,0,0,5,0,0
0,0,0,6,23,51,72,81,80,80,82,75,65,50,40,13,11,9,0,0,0,0,9,7,0,0
4,0,0,5,13,50,72,69,75,59,68,65,65,55,40,16,13,9,0,0,0,0,8,6,6,4
0,0,0,0,10,25,73,77,67,65,54,57,60,52,27,14,11,7,0,0,0,0,8,6,6,5
0,0,0,0,12,13,72,74,64,44,50,52,53,38,16,11,9,6,0,0,0,0,6,4,6,8
5,0,0,0,10,11,68,68,55,37,33,45,50,44,27,14,12,0,0,0,0,0,8,0,0,0
0,0,20,54,55,55,53,66,69,103,133,165,175,152,112,66,59,50,0,0,0,0,15,9,12,16
10,10,71,75,61,59,0,65,111,125,145,184,183,160,129,84,67,63,0,0,0,0,22,7,8,10
11,10,57,67,58,67,6,74,116,136,164,186,182,162,133,94,66,52,0,0,0,0,21,11,10,13
11,11,45,62,47,53,46,109,120,140,153,180,169,154,135,102,72,62,0,0,0,0,38,14,14,19
10,10,14,51,45,73,93,117,131,146,157,160,155,145,134,98,71,60,0,0,0,0,20,13,12,26
7,0,8,54,66,76,88,111,138,131,146,142,129,129,125,89,65,53,0,0,0,0,17,14,16,23
7,0,47,67,90,96,77,99,118,113,123,117,125,119,120,84,62,51,0,0,0,0,25,7,13,12
8,9,54,85,108,114,78,97,101,96,115,125,133,126,110,84,60,50,0,0,0,0,14,10,12,13
12,13,63,94,105,92,76,91,103,99,109,123,130,123,107,84,63,50,0,0,0,0,12,11,11,12
11,7,33,56,73,75,15,90,103,103,113,118,125,126,113,95,61,42,0,0,0,0,10,7,10,9
7,0,9,36,33,58,9,78,100,86,111,116,122,111,112,88,56,21,0,0,0,0,0,6,8,9
5,0,0,13,35,54,63,75,103,95,110,117,122,119,112,97,63,14,0,0,0,0,9,5,5,6
4,0,0,13,19,29,65,86,106,107,113,117,126,120,114,106,61,14,0,0,0,0,7,8,7,7
6,0,5,10,23,37,73,100,106,111,115,116,126,124,114,101,64,13,0,0,0,0,11,8,9,7
9,0,0,12,25,54,68,102,107,113,121,128,130,129,110,79,60,17,0,0,0,0,11,8,9,8
7,0,0,13,42,55,59,93,105,113,128,124,131,123,116,86,63,14,0,0,0,0,13,10,10,11
7,0,0,12,34,50,67,89,106,115,131,123,140,128,118,101,72,40,0,0,0,0,11,10,7,13
0,0,8,12,44,53,60,75,87,110,123,141,185,158,139,105,80,30,0,0,0,0,10,10,10,10
0,0,9,13,45,54,64,75,89,104,119,132,154,146,126,102,76,18,0,0,0,0,10,5,8,6
7,0,9,31,50,60,68,80,105,112,135,154,159,148,137,114,77,35,0,0,0,0,13,8,9,10
13,10,13,13,30,58,72,101,118,128,131,137,164,153,132,98,71,50,0,0,0,0,6,8,9,8
11,7,10,11,42,57,80,95,117,123,135,145,166,150,131,107,75,14,0,0,0,0,10,10,4,11
8,0,7,17,35,59,71,89,112,130,129,146,157,144,115,82,62,10,0,0,0,0,12,11,8,6
10,5,11,14,14,63,75,103,113,120,123,138,138,124,97,72,54,12,0,0,0,0,17,12,11,11
8,0,8,10,50,70,78,95,111,110,120,119,113,94,74,59,54,11,0,0,0,0,11,10,11,9
10,0,0,13,61,78,90,96,105,99,107,100,94,77,68,53,54,9,0,0,0,0,11,11,12,10
9,0,5,33,66,76,83,105,100,89,86,84,76,67,62,38,46,8,0,0,0,0,11,7,9,11
4,0,6,54,67,73,85,87,88,82,89,78,73,64,53,40,32,7,0,0,0,0,11,9,11,8
8,0,10,56,71,74,78,76,84,78,80,73,71,64,52,40,14,6,0,0,0,0,12,11,11,10
0,0,15,55,61,69,65,64,66,66,65,64,66,61,50,41,11,6,0,0,0,0,12,9,7,8
0,4,14,60,67,63,59,64,64,61,62,63,64,57,44,47,11,0,0,0,0,0,10,6,0,9
4,0,15,66,68,67,72,74,71,66,68,62,64,52,50,35,12,0,0,0,0,0,10,0,4,10
0,0,12,66,64,74,77,88,82,73,65,64,61,53,53,25,11,0,0,0,0,0,0,5,4,7
0,0,7,42,64,70,82,90,93,77,72,64,62,56,52,14,13,0,0,0,0,0,0,4,0,6
0,0,0,9,32,65,95,95,96,97,93,71,64,57,51,20,15,5,0,0,0,0,0,5,0,0
0,0,0,8,30,50,65,79,83,93,97,84,69,55,46,18,13,9,0,0,0,0,9,7,0,0
4,0,0,6,14,32,58,59,68,63,76,72,72,59,45,25,14,9,0,0,0,0,8,7,5,4
0,0,0,0,9,14,54,60,53,59,53,57,62,54,34,25,12,7,0,0,0,0,8,5,6,4
0,0,0,0,11,9,53,56,47,35,45,50,53,41,22,13,9,6,0,0,0,0,6,3,6,8
5,0,0,6,10,8,54,55,33,27,31,43,50,44,28,20,12,0,0,0,0,0,8,0,0,0
0,0,15,51,50,53,52,65,68,102,133,165,175,153,114,68,59,50,0,0,0,0,14,9,12,15
7,9,56,62,54,50,0,60,110,125,146,184,182,160,129,85,68,64,0,0,0,0,22,7,7,9
8,8,45,66,59,65,5,70,115,136,165,187,183,163,135,98,68,53,0,0,0,0,21,11,10,13
11,11,43,62,52,54,46,110,121,141,155,182,171,157,136,104,74,65,0,0,0,0,38,14,14,18
9,9,12,53,54,75,95,117,131,146,157,162,157,146,136,101,74,62,0,0,0,0,20,13,12,26
7,0,11,66,72,79,90,111,138,131,146,143,130,131,127,93,67,56,0,0,0,0,19,14,16,23
6,0,54,72,96,102,80,99,117,114,124,118,127,121,123,89,65,53,0,0,0,0,26,8,13,12
7,7,53,83,109,117,79,96,101,96,115,125,134,127,113,89,61,52,0,0,0,0,14,10,12,13
10,12,50,80,102,92,75,88,102,96,109,123,130,124,110,88,64,51,0,0,0,0,12,11,11,11
10,0,19,53,73,75,14,87,102,102,112,119,126,127,115,100,63,50,0,0,0,0,10,7,10,9
5,0,7,33,29,59,9,75,98,85,111,117,122,113,115,95,58,28,0,0,0,0,0,6,8,9
4,0,0,13,39,55,59,69,102,92,109,117,123,120,114,100,67,25,0,0,0,0,8,4,4,6
0,0,0,12,14,33,61,80,105,106,112,117,126,121,115,108,65,14,0,0,0,0,7,8,7,6
6,0,5,10,19,37,69,95,105,111,115,116,126,124,115,103,67,14,0,0,0,0,11,8,9,7
9,0,0,12,23,54,64,101,107,112,121,129,130,130,111,83,65,22,0,0,0,0,11,9,9,8
7,0,5,13,42,55,56,89,104,113,127,124,131,123,117,91,67,23,0,0,0,0,13,10,10,11
7,0,0,12,36,48,64,83,105,114,130,122,140,129,119,105,77,51,0,0,0,0,11,10,6,13
0,0,9,16,50,51,59,73,84,109,122,140,188,164,142,109,86,47,0,0,0,0,10,10,10,10
0,0,10,14,50,53,63,75,88,104,118,132,159,151,132,108,84,30,0,0,0,0,10,5,8,6
7,0,10,39,52,61,67,80,104,112,134,155,162,151,140,120,82,46,0,0,0,0,13,8,9,9
13,10,13,14,33,59,72,100,117,127,131,137,165,155,134,101,74,53,0,0,0,0,6,8,9,8
12,8,11,13,55,61,82,97,117,121,135,145,166,152,133,110,79,15,0,0,0,0,11,10,4,11
7,0,9,35,27,59,72,89,110,130,129,146,155,144,117,84,63,10,0,0,0,0,12,11,8,6
10,6,12,13,13,67,77,104,111,120,123,137,136,124,98,74,55,13,0,0,0,0,17,12,11,11
8,0,8,7,52,75,80,96,112,108,120,117,111,94,74,60,55,12,0,0,0,0,11,10,11,9
10,0,0,14,66,87,94,97,104,98,105,96,91,77,70,53,54,10,0,0,0,0,11,11,12,10
9,0,0,45,74,85,85,107,99,85,83,80,74,67,63,34,42,9,0,0,0,0,11,7,9,11
4,0,7,60,77,80,88,87,84,77,84,73,70,64,54,43,32,8,0,0,0,0,11,9,11,8
8,0,13,67,81,81,80,73,79,74,74,69,70,65,53,48,14,7,0,0,0,0,12,11,11,10
0,4,51,65,69,75,66,59,59,59,58,62,66,62,51,50,10,7,0,0,0,0,12,9,8,8
0,6,55,71,76,67,59,57,58,55,59,61,65,58,50,50,10,0,0,0,0,0,9,6,0,9
0,0,54,82,77,72,75,68,65,60,66,62,65,53,51,40,11,0,0,0,0,0,11,0,4,10
0,6,50,83,73,82,80,86,80,74,68,67,63,57,54,43,12,4,0,0,0,0,0,6,4,7
0,0,11,56,73,76,85,89,94,82,78,66,63,57,54,30,14,0,0,0,0,0,0,4,0,6
0,0,7,12,42,69,93,96,100,104,101,75,65,59,52,38,17,5,0,0,0,0,0,4,0,0
5,0,0,10,37,47,57,76,84,103,108,92,73,60,50,31,16,10,0,0,0,0,9,7,0,0
4,0,5,7,14,16,33,47,62,67,85,79,78,61,50,35,16,9,0,0,0,0,8,7,5,4
0,0,0,0,8,12,13,26,28,54,53,58,64,56,38,35,13,7,0,0,0,0,8,5,6,4
0,0,0,0,11,5,13,14,18,25,39,48,54,43,34,22,9,6,0,0,0,0,5,0,6,7
4,0,0,7,10,0,13,20,12,16,29,41,50,44,30,30,12,0,0,0,0,0,7,0,0,0
0,0,14,34,48,56,61,68,69,103,133,166,176,158,119,70,60,51,0,0,0,0,14,9,12,15
6,0,13,52,66,69,54,69,112,125,146,185,182,162,132,88,70,66,0,0,0,0,22,7,8,10
0,0,15,70,79,81,37,81,117,137,166,186,184,166,138,102,72,55,0,0,0,0,21,11,11,13
9,10,38,66,65,68,83,112,123,141,154,183,172,159,138,106,77,67,0,0,0,0,38,15,14,20
10,8,13,58,63,81,102,118,132,145,156,158,157,147,138,103,76,63,0,0,0,0,19,13,12,26
8,0,20,75,80,82,100,112,138,130,145,143,130,132,129,96,68,56,0,0,0,0,17,14,17,23
8,11,61,78,101,106,90,100,117,113,124,118,127,122,126,92,67,54,0,0,0,0,26,8,13,12
8,9,56,84,109,114,95,96,100,96,114,126,134,128,115,92,63,54,0,0,0,0,14,10,12,12
8,11,18,66,87,82,78,89,102,93,107,120,129,124,112,91,66,51,0,0,0,0,11,10,10,11
8,0,14,51,70,75,80,91,102,102,111,118,125,128,117,102,64,50,0,0,0,0,10,7,10,9
0,0,0,36,29,60,69,78,100,84,111,118,122,113,116,100,60,39,0,0,0,0,0,5,8,9
0,0,0,13,39,56,64,70,101,91,109,115,122,120,115,101,72,33,0,0,0,0,8,3,4,5
0,0,0,12,14,41,66,83,105,106,111,115,126,121,117,110,67,18,0,0,0,0,7,8,7,6
6,0,5,10,23,50,73,98,105,110,114,115,126,124,117,104,70,17,0,0,0,0,11,8,9,7
9,0,0,12,28,57,67,102,107,111,120,128,130,130,112,86,68,30,0,0,0,0,10,9,9,8
7,0,5,13,47,55,59,91,104,112,127,124,131,123,118,93,70,37,0,0,0,0,12,10,10,11
8,0,0,12,40,48,67,84,104,113,129,122,140,129,121,107,81,55,0,0,0,0,11,10,6,12
5,0,10,23,50,50,62,74,85,108,121,141,191,165,143,111,90,54,0,0,0,0,10,10,10,10
0,0,11,14,51,54,65,76,90,103,118,133,160,152,133,110,89,37,0,0,0,0,10,5,8,6
7,4,11,47,53,62,68,81,104,112,135,156,163,153,142,122,86,51,0,0,0,0,13,8,9,10
13,10,14,20,44,62,75,101,118,128,130,138,166,157,137,103,77,57,0,0,0,0,6,8,9,7
12,8,11,27,57,64,84,98,118,121,134,146,169,155,135,112,83,30,0,0,0,0,11,10,4,11
8,0,10,47,32,59,74,91,110,129,129,147,158,146,119,87,65,10,0,0,0,0,12,11,8,6
10,5,13,12,12,68,79,105,113,119,124,138,137,125,101,76,57,13,0,0,0,0,17,12,11,11
9,0,8,5,53,77,81,97,112,108,120,118,112,96,77,61,56,12,0,0,0,0,12,10,11,9
11,6,0,15,70,89,96,98,104,97,105,97,94,79,71,54,55,10,0,0,0,0,11,11,12,10
10,0,0,50,79,88,87,108,98,85,83,81,74,68,64,40,46,9,0,0,0,0,11,7,9,11
4,0,8,63,82,84,91,88,84,76,86,74,71,64,55,46,33,9,0,0,0,0,11,10,11,8
8,4,26,73,87,85,83,76,80,74,75,69,71,65,53,50,14,7,0,0,0,0,12,11,11,10
0,6,59,70,75,81,70,63,61,62,58,63,67,63,51,50,11,8,0,0,0,0,11,9,8,7
0,8,65,79,82,70,62,60,59,59,60,62,65,57,50,51,10,0,0,0,0,0,9,6,0,9
0,7,64,93,83,76,75,67,64,59,66,63,65,50,51,45,12,0,0,0,0,0,10,0,4,10
0,10,60,97,81,86,83,87,80,73,67,68,66,57,53,50,12,4,0,0,0,0,0,6,4,7
0,0,15,63,82,84,94,94,96,82,77,67,66,58,55,42,15,0,0,0,0,0,0,4,0,6
0,0,8,21,52,76,104,105,105,106,103,77,68,64,54,50,21,5,0,0,0,0,0,4,0,0
6,0,7,12,50,55,65,87,95,109,113,98,76,63,54,42,21,10,0,0,0,0,9,7,0,0
4,0,8,9,32,39,50,54,68,76,94,87,85,64,51,43,23,10,0,0,0,0,8,7,5,4
0,0,0,0,9,13,17,46,36,57,57,62,69,59,41,41,13,7,0,0,0,0,8,5,6,4
0,0,0,0,12,7,14,23,25,29,50,50,57,50,43,31,10,6,0,0,0,0,5,0,6,7
4,0,0,8,12,7,15,26,13,21,29,44,51,49,35,35,13,0,0,0,0,0,7,0,0,0
0,0,13,21,36,58,65,68,69,102,131,161,173,157,120,70,60,51,0,0,0,0,14,9,11,15
5,0,12,50,76,87,75,74,112,125,145,183,182,161,133,89,70,66,0,0,0,0,22,7,8,10
0,0,14,74,95,89,58,84,117,137,165,185,183,165,138,102,73,56,0,0,0,0,21,11,11,13
6,9,29,69,77,78,89,112,123,141,153,181,172,158,138,106,76,66,0,0,0,0,37,15,14,20
10,7,13,62,68,82,103,119,132,144,154,157,157,147,137,102,76,62,0,0,0,0,19,13,12,26
9,0,44,76,83,83,101,112,137,129,145,142,130,132,129,95,68,56,0,0,0,0,17,14,17,24
10,12,62,76,102,108,90,98,116,112,123,118,127,122,125,91,66,54,0,0,0,0,25,8,13,12
9,10,58,83,108,109,90,93,100,95,115,125,133,127,114,91,63,54,0,0,0,0,14,10,12,12
7,10,25,64,78,74,76,88,102,93,107,120,128,123,110,89,64,50,0,0,0,0,11,10,10,11
7,0,13,45,68,74,82,91,102,102,112,118,124,126,116,101,63,50,0,0,0,0,10,7,10,9
0,0,0,30,33,60,70,78,100,85,111,118,122,112,115,98,59,32,0,0,0,0,0,6,8,9
0,0,0,12,39,57,66,70,101,91,109,115,122,119,114,101,70,30,0,0,0,0,8,0,5,6
0,0,0,12,17,45,69,83,105,106,112,115,126,121,117,109,66,15,0,0,0,0,7,8,7,7
5,0,5,10,28,50,76,100,105,110,114,116,126,125,117,104,70,14,0,0,0,0,11,8,9,7
9,0,0,12,31,58,68,102,107,112,120,128,130,130,112,85,68,28,0,0,0,0,10,8,9,8
7,0,4,13,50,56,61,93,104,113,127,124,131,124,118,93,70,37,0,0,0,0,11,10,10,11
8,0,0,12,43,50,69,84,104,113,130,122,141,129,121,107,81,55,0,0,0,0,10,10,7,13
0,0,10,20,50,50,63,74,86,109,122,143,193,166,143,111,91,57,0,0,0,0,10,11,10,10
0,0,11,14,51,54,66,76,91,103,118,134,162,152,133,110,89,39,0,0,0,0,10,5,8,6
7,0,11,47,53,61,69,81,104,112,135,156,164,153,142,122,86,51,0,0,0,0,13,9,9,10
13,10,14,20,44,62,75,101,118,128,131,138,167,159,138,104,79,58,0,0,0,0,6,8,9,8
12,8,11,27,57,64,85,99,119,121,135,146,171,157,137,114,85,41,0,0,0,0,11,10,4,11
8,0,10,47,27,59,75,91,110,129,129,148,161,148,120,88,66,11,0,0,0,0,12,12,8,6
10,5,13,11,12,68,79,105,113,120,124,139,140,127,103,78,58,14,0,0,0,0,18,12,11,11
9,0,8,5,52,76,81,97,112,108,120,119,114,97,79,62,56,12,0,0,0,0,12,10,11,9
11,6,0,14,69,89,96,98,105,98,106,98,96,80,72,55,55,10,0,0,0,0,11,11,12,10
10,0,0,50,78,87,87,108,99,85,83,82,75,69,64,40,44,9,0,0,0,0,11,7,10,11
4,0,6,62,82,84,91,89,84,77,87,74,71,64,55,46,33,9,0,0,0,0,11,10,11,8
7,0,21,72,85,84,84,76,81,74,75,70,70,65,53,48,14,7,0,0,0,0,12,11,11,10
0,5,57,69,73,80,71,64,61,62,59,64,67,63,51,50,11,8,0,0,0,0,11,9,8,7
0,6,62,76,80,69,62,60,59,59,60,62,66,58,50,50,11,0,0,0,0,0,9,6,0,9
0,5,61,90,82,75,75,66,64,59,66,64,66,51,51,42,12,0,0,0,0,0,10,0,4,10
0,8,56,93,80,86,83,87,80,73,67,68,68,57,53,50,12,0,0,0,0,0,0,5,4,7
0,0,14,61,80,83,94,95,97,82,78,68,67,59,56,42,15,0,0,0,0,0,0,4,0,6
0,0,8,18,52,76,105,106,106,106,103,77,68,64,54,50,20,5,0,0,0,0,0,4,0,0
6,0,7,12,50,55,68,90,97,111,114,98,76,63,56,43,21,10,0,0,0,0,9,7,0,0
5,0,8,9,37,50,51,55,71,79,98,89,87,65,51,44,23,10,0,0,0,0,8,7,6,4
0,0,0,0,11,14,19,50,39,59,58,64,72,61,42,41,13,7,0,0,0,0,8,5,6,4
0,0,0,0,12,7,14,25,27,30,50,51,58,52,47,33,11,6,0,0,0,0,5,0,6,7
4,0,0,8,12,8,16,26,15,23,29,46,52,50,38,36,13,0,0,0,0,0,8,0,0,0
0,0,12,13,25,60,68,68,68,101,129,157,170,157,121,70,59,50,0,0,0,0,13,8,11,15
4,0,11,46,87,101,95,79,113,124,144,182,180,161,133,89,70,66,0,0,0,0,22,8,8,10
0,0,13,79,102,100,70,88,118,136,164,184,182,164,138,103,72,55,0,0,0,0,20,11,11,13
0,9,25,72,85,86,93,113,123,141,152,180,170,158,137,106,76,65,0,0,0,0,36,14,14,20
10,7,14,60,69,83,103,119,131,144,153,155,155,146,136,101,75,62,0,0,0,0,17,13,12,26
10,0,53,75,79,80,100,112,136,129,145,142,129,132,127,94,68,56,0,0,0,0,15,14,17,24
13,23,66,79,103,106,88,96,115,112,124,118,127,121,124,90,66,55,0,0,0,0,26,8,13,12
11,15,64,90,110,106,85,91,100,96,116,126,132,127,114,89,62,54,0,0,0,0,14,10,12,12
7,11,44,67,79,71,74,88,102,94,108,120,127,123,109,86,63,48,0,0,0,0,10,10,10,11
7,0,13,45,68,73,81,91,103,103,112,118,123,125,114,100,61,46,0,0,0,0,9,7,10,9
0,0,0,30,33,60,70,78,100,85,112,118,121,111,114,94,57,32,0,0,0,0,0,6,8,9
0,0,0,12,35,57,66,69,101,91,109,115,122,119,113,100,67,27,0,0,0,0,8,0,5,6
0,0,0,11,19,45,69,83,105,107,112,115,126,121,116,108,65,14,0,0,0,0,7,8,7,7
5,0,0,9,31,50,76,98,105,110,114,115,126,125,116,103,69,14,0,0,0,0,11,8,9,7
8,0,0,12,34,58,68,101,107,112,120,128,130,130,112,85,67,25,0,0,0,0,10,7,9,8
7,0,0,13,52,57,62,93,104,113,127,124,131,124,118,92,69,37,0,0,0,0,11,10,10,11
8,0,0,12,45,51,70,85,105,113,130,123,141,130,121,107,80,55,0,0,0,0,10,10,8,13
0,0,10,18,50,50,63,75,86,109,123,144,196,168,144,111,91,59,0,0,0,0,10,11,11,10
0,0,11,14,51,54,67,77,91,104,119,135,164,153,132,108,88,41,0,0,0,0,11,5,8,6
7,0,11,45,53,61,69,81,104,112,135,156,165,154,142,121,87,52,0,0,0,0,13,9,9,10
13,10,14,22,44,62,76,101,118,129,131,138,168,160,138,104,79,59,0,0,0,0,6,8,10,8
12,8,12,30,57,63,85,100,119,121,135,147,173,159,138,114,86,47,0,0,0,0,11,10,5,12
8,0,10,45,20,58,75,91,111,129,130,149,164,151,121,90,66,11,0,0,0,0,12,12,8,6
10,5,13,11,12,68,79,105,113,120,125,140,141,129,104,78,58,14,0,0,0,0,18,12,11,11
10,5,7,0,52,76,81,97,112,109,121,120,115,99,80,62,56,13,0,0,0,0,12,10,11,9
11,6,0,14,68,88,95,98,106,98,107,98,97,81,72,55,55,11,0,0,0,0,11,11,12,10
9,0,0,48,77,87,87,108,100,86,84,83,75,70,64,40,44,9,0,0,0,0,11,7,10,11
4,0,6,61,81,83,91,89,85,77,88,75,71,65,56,47,33,9,0,0,0,0,11,10,11,8
7,0,19,71,85,83,84,76,81,75,75,71,70,65,53,46,14,7,0,0,0,0,12,11,11,10
0,4,56,68,72,79,71,64,61,62,59,64,66,63,51,50,11,8,0,0,0,0,11,9,8,7
0,6,61,75,80,69,62,60,59,59,60,62,65,58,50,50,10,0,0,0,0,0,9,6,0,9
0,0,60,89,81,75,75,67,64,59,65,64,66,51,50,37,11,0,0,0,0,0,10,0,4,10
0,8,55,91,79,85,82,87,80,73,66,67,68,56,53,45,12,0,0,0,0,0,0,5,4,7
0,0,14,60,79,83,93,95,97,82,77,68,67,59,55,42,14,0,0,0,0,0,0,0,0,6
0,0,8,18,52,75,105,105,106,105,102,77,68,64,54,50,18,5,0,0,0,0,0,4,0,0
6,0,7,12,50,55,68,89,97,109,113,97,76,63,56,42,20,10,0,0,0,0,9,7,0,0
5,0,8,9,37,50,51,55,71,79,98,88,86,65,51,44,20,10,0,0,0,0,8,7,6,4
0,0,0,0,11,14,19,50,40,59,58,65,72,62,43,41,13,7,0,0,0,0,8,5,6,4
0,0,0,0,12,7,15,25,27,30,50,51,59,53,50,35,10,6,0,0,0,0,5,0,6,7
4,0,0,8,12,8,16,28,15,23,28,46,53,50,40,38,13,7,0,0,0,0,8,0,0,0
0,0,12,12,22,62,72,69,69,101,130,157,171,157,122,70,59,50,0,0,0,0,13,8,11,15
5,0,11,50,100,105,103,85,113,124,144,182,180,162,134,90,70,66,0,0,0,0,22,8,8,10
0,0,14,87,106,101,82,92,118,136,163,184,182,164,138,103,72,56,0,0,0,0,21,11,11,13
0,8,27,77,94,95,95,112,123,141,151,179,169,157,137,106,75,64,0,0,0,0,36,15,14,20
12,6,43,63,71,86,104,119,131,144,153,155,155,146,136,101,75,62,0,0,0,0,17,13,12,26
10,0,56,75,79,79,100,111,136,129,144,142,129,132,127,94,68,56,0,0,0,0,14,14,17,24
33,29,68,81,103,104,86,96,115,112,124,119,127,121,124,89,66,54,0,0,0,0,26,8,13,13
13,50,70,96,110,105,84,91,100,97,116,126,132,126,113,89,62,54,0,0,0,0,14,10,12,12
8,12,51,70,80,70,74,87,102,94,108,120,127,123,109,86,62,46,0,0,0,0,10,10,10,11
7,0,13,50,69,73,82,90,103,103,113,118,123,125,114,99,60,46,0,0,0,0,9,7,10,9
0,0,0,33,45,61,71,78,100,85,112,118,121,111,114,93,57,32,0,0,0,0,0,6,8,9
0,0,0,13,39,59,67,70,101,92,110,115,122,119,113,100,66,25,0,0,0,0,8,0,5,6
0,0,0,12,28,50,70,86,105,107,112,116,126,121,116,108,64,14,0,0,0,0,7,7,7,7
5,0,0,10,43,51,77,100,105,111,114,116,126,125,117,103,68,14,0,0,0,0,11,8,9,7
8,0,0,12,40,59,70,102,107,112,120,128,130,130,112,85,66,23,0,0,0,0,10,7,9,8
7,0,0,13,55,59,63,94,105,113,127,124,131,123,118,92,69,35,0,0,0,0,11,10,10,11
7,0,0,12,50,52,72,86,105,113,130,123,141,130,121,106,80,54,0,0,0,0,10,10,8,13
0,0,10,16,50,50,64,74,86,109,122,143,194,167,144,110,91,58,0,0,0,0,11,11,11,10
0,0,11,14,52,54,66,77,91,103,118,134,162,153,132,108,88,39,0,0,0,0,11,5,8,6
7,0,11,47,53,61,70,81,104,112,134,157,164,154,142,121,86,52,0,0,0,0,13,9,9,10
13,10,14,25,50,62,76,101,118,128,130,139,168,160,138,104,79,59,0,0,0,0,6,8,9,8
12,8,12,30,57,63,85,100,119,121,135,147,173,159,138,115,86,50,0,0,0,0,11,10,5,12
8,0,10,45,17,57,76,91,110,129,129,149,164,152,122,90,66,11,0,0,0,0,12,12,8,6
10,5,12,11,12,68,79,105,113,119,124,141,141,129,105,79,59,14,0,0,0,0,18,12,11,11
10,5,7,5,52,76,82,97,112,109,121,120,115,99,80,62,56,12,0,0,0,0,12,10,11,10
11,6,0,14,69,88,95,99,106,98,107,99,97,81,73,55,55,11,0,0,0,0,11,11,12,10
9,0,0,48,77,86,87,108,100,86,84,84,75,71,64,42,44,9,0,0,0,0,11,8,10,11
4,0,6,61,80,83,91,89,86,78,88,75,71,65,56,48,33,9,0,0,0,0,11,10,11,8
7,0,19,71,85,83,84,77,81,75,75,71,70,66,53,46,14,7,0,0,0,0,12,11,11,10
0,0,56,68,72,79,72,64,61,63,60,64,66,63,51,50,11,8,0,0,0,0,11,9,8,7
0,5,61,76,80,70,63,61,59,59,60,62,65,59,50,50,10,0,0,0,0,0,9,6,0,9
0,0,60,89,81,75,75,67,65,59,65,64,66,52,51,37,11,0,0,0,0,0,10,0,4,10
0,8,54,91,79,85,83,87,80,73,67,68,68,56,53,45,12,0,0,0,0,0,0,5,4,7
0,0,14,60,79,83,94,95,96,82,77,68,67,59,55,45,14,0,0,0,0,0,0,4,0,6
0,0,8,18,52,75,105,105,106,105,102,77,68,65,54,50,18,5,0,0,0,0,0,4,0,0
6,0,7,12,50,55,68,90,97,109,113,97,76,63,57,40,20,10,0,0,0,0,9,7,0,0
5,0,8,9,37,51,52,55,71,79,98,88,86,66,51,46,18,10,0,0,0,0,8,7,6,4
0,0,0,0,11,14,21,50,42,59,58,66,72,62,43,41,13,7,0,0,0,0,8,5,6,4
0,0,0,0,13,7,17,25,27,30,50,52,59,54,50,35,10,6,0,0,0,0,5,0,6,7
5,0,0,9,12,8,16,26,16,23,28,47,53,50,42,38,13,7,0,0,0,0,8,0,0,0
0,0,12,12,22,63,72,70,71,102,130,155,170,157,122,70,59,50,0,0,0,0,14,9,11,15
6,0,11,51,100,105,103,86,113,124,145,182,181,162,134,90,70,66,0,0,0,0,23,8,8,10
0,0,14,91,106,102,84,91,118,136,163,185,182,164,138,103,73,57,0,0,0,0,21,12,11,13
0,9,29,79,95,96,97,113,123,140,151,179,169,158,137,106,75,65,0,0,0,0,38,14,14,20
12,6,50,64,71,86,103,119,131,144,152,157,155,147,136,102,75,62,0,0,0,0,17,13,12,27
10,0,56,74,79,80,100,111,136,129,144,141,129,132,127,93,68,57,0,0,0,0,15,14,17,25
35,29,68,80,103,104,86,95,115,112,125,119,127,121,123,89,66,55,0,0,0,0,26,8,13,13
13,46,69,96,110,105,85,91,101,97,116,125,133,126,113,88,62,53,0,0,0,0,14,10,12,13
8,12,51,70,80,70,74,87,102,95,108,121,127,123,109,85,62,46,0,0,0,0,10,10,10,11
7,0,13,51,69,73,82,90,103,103,113,118,123,125,114,99,60,46,0,0,0,0,9,7,10,8
0,0,0,33,45,61,71,78,100,85,112,117,121,111,113,93,56,32,0,0,0,0,0,6,8,9
0,0,0,13,39,60,67,70,101,93,110,115,122,119,113,100,66,25,0,0,0,0,8,0,5,6
0,0,0,13,31,50,70,86,105,107,113,116,126,121,116,108,63,14,0,0,0,0,7,7,7,7
5,0,0,10,46,51,79,100,105,111,114,116,126,125,116,103,68,14,0,0,0,0,11,8,9,7
8,0,0,11,43,59,68,102,107,112,120,128,130,130,112,85,66,25,0,0,0,0,11,7,9,8
7,0,0,13,55,59,63,94,105,113,127,124,131,123,118,92,69,37,0,0,0,0,11,10,10,11
7,0,0,12,47,52,72,86,106,113,130,122,141,130,121,106,80,55,0,0,0,0,10,10,8,13
0,0,10,15,50,50,65,75,86,109,122,143,195,168,143,111,91,59,0,0,0,0,11,11,11,10
0,0,11,14,52,55,66,76,89,104,118,134,163,153,132,108,88,39,0,0,0,0,11,5,8,6
7,0,11,47,53,61,70,81,105,112,134,157,164,154,142,121,86,51,0,0,0,0,13,9,9,10
13,10,15,25,47,62,76,101,118,128,131,138,168,160,138,104,79,59,0,0,0,0,6,8,9,8
12,8,12,27,57,63,85,100,117,121,135,147,173,160,138,114,86,50,0,0,0,0,12,10,5,12
8,0,11,45,15,57,76,91,111,129,128,149,164,152,122,90,67,11,0,0,0,0,13,12,8,6
10,5,12,11,12,68,79,105,112,119,124,141,141,129,105,79,59,14,0,0,0,0,18,12,11,11
10,5,7,5,52,76,82,97,113,109,120,121,115,99,80,62,56,12,0,0,0,0,12,10,11,10
12,6,0,14,69,88,95,99,106,98,107,99,97,81,73,56,55,11,0,0,0,0,11,11,12,10
9,0,0,48,77,86,88,108,100,86,83,84,75,71,64,42,42,9,0,0,0,0,11,7,10,11
4,0,6,61,80,83,91,89,86,78,87,75,71,65,56,48,33,9,0,0,0,0,11,10,11,8
7,0,19,71,85,83,84,77,82,75,74,71,70,66,53,46,14,7,0,0,0,0,12,11,11,10
0,0,56,68,72,79,72,64,62,63,61,64,66,63,51,50,11,8,0,0,0,0,11,9,8,7
0,5,61,75,80,69,63,61,59,60,59,62,65,59,50,50,11,0,0,0,0,0,9,6,0,9
0,0,60,89,81,75,75,67,65,59,64,64,66,52,51,37,11,0,0,0,0,0,10,0,4,10
0,8,54,90,79,85,82,87,81,73,67,68,68,57,53,45,12,4,0,0,0,0,0,5,4,7
0,0,14,60,79,83,94,95,96,82,78,68,67,60,55,45,14,0,0,0,0,0,0,0,0,6
0,0,8,21,52,75,105,105,106,105,101,77,68,65,54,50,20,6,0,0,0,0,0,4,0,0
6,0,7,12,50,55,68,92,98,109,113,97,76,63,56,40,20,10,0,0,0,0,9,7,0,0
5,0,8,9,35,51,51,55,72,79,99,88,86,66,51,44,20,10,0,0,0,0,8,7,6,4
0,0,0,0,12,14,25,50,43,60,57,66,72,62,44,41,13,7,0,0,0,0,8,5,6,4
0,0,0,0,13,7,17,25,27,30,48,52,60,54,50,33,10,6,0,0,0,0,5,0,6,7
5,0,0,9,13,8,14,24,16,23,28,47,53,51,40,40,13,7,0,0,0,0,8,0,0,0
0,0,12,13,23,64,73,70,72,102,130,155,170,157,122,70,59,47,0,0,0,0,14,8,12,15
6,0,11,51,100,105,104,87,113,124,145,181,180,162,134,90,70,66,0,0,0,0,23,7,8,10
0,0,14,91,106,102,84,92,118,136,163,186,182,164,138,103,73,57,0,0,0,0,21,12,11,13
0,9,31,79,96,97,97,113,123,141,151,179,168,158,137,106,76,65,0,0,0,0,38,14,15,20
12,6,51,65,71,87,103,119,131,144,153,157,155,147,136,102,75,62,0,0,0,0,17,13,12,27
11,0,56,75,79,80,100,111,135,129,144,142,129,132,127,94,68,57,0,0,0,0,17,14,16,25
35,29,69,80,103,104,86,96,115,112,125,119,127,121,123,88,66,55,0,0,0,0,26,8,13,13
13,46,69,97,111,105,85,91,101,97,116,125,133,127,113,88,62,53,0,0,0,0,14,10,12,13
8,12,52,70,81,69,75,87,102,95,108,121,127,123,109,85,62,48,0,0,0,0,10,10,10,11
7,0,14,51,70,74,82,91,103,103,113,118,123,125,114,99,60,42,0,0,0,0,9,7,10,8
0,0,0,33,45,61,70,78,100,85,112,117,121,111,113,93,56,32,0,0,0,0,0,6,8,9
0,0,0,13,39,60,67,71,101,93,110,115,123,119,113,100,66,25,0,0,0,0,8,0,5,6
0,0,0,13,34,50,70,86,105,107,113,116,126,121,116,108,63,14,0,0,0,0,7,7,7,7
5,0,0,10,50,51,77,100,105,111,114,116,125,125,116,103,67,14,0,0,0,0,11,8,9,7
8,0,0,11,46,59,70,102,107,112,120,128,129,130,112,85,66,25,0,0,0,0,11,7,9,8
7,0,0,13,55,59,63,94,105,113,127,124,130,123,117,92,70,35,0,0,0,0,11,10,10,11
7,0,0,12,47,52,72,87,106,114,130,122,140,130,121,106,80,55,0,0,0,0,10,10,8,13
0,0,10,16,50,50,65,75,86,109,122,143,194,168,143,110,91,59,0,0,0,0,11,11,11,11
0,0,11,14,52,54,66,77,89,104,118,134,163,153,132,108,87,39,0,0,0,0,11,5,8,6
7,0,11,47,54,62,70,81,105,112,134,157,164,154,142,121,87,51,0,0,0,0,13,8,9,10
13,10,15,27,50,62,77,101,119,128,131,139,169,160,138,104,79,59,0,0,0,0,6,8,9,8
12,8,12,27,57,63,85,100,118,121,134,147,173,160,138,114,87,50,0,0,0,0,11,10,5,12
8,0,11,45,17,57,76,91,111,129,128,149,164,153,123,91,67,11,0,0,0,0,12,12,8,7
10,5,12,11,12,68,79,105,112,120,124,141,141,130,105,78,59,14,0,0,0,0,20,12,11,11
10,5,7,5,52,76,82,97,113,109,120,121,115,99,80,62,56,13,0,0,0,0,12,10,11,10
12,0,0,14,69,88,96,99,106,99,107,100,97,81,73,55,55,11,0,0,0,0,11,11,12,10
9,0,0,48,77,87,87,109,100,87,84,84,75,71,64,42,44,9,0,0,0,0,11,7,10,11
0,0,7,61,80,83,91,90,86,78,87,75,71,65,56,48,33,10,0,0,0,0,11,10,11,8
6,0,21,71,85,83,84,77,82,75,74,71,71,66,53,46,14,7,0,0,0,0,12,11,11,10
0,0,56,68,72,79,72,64,61,63,61,64,66,63,51,50,11,8,0,0,0,0,11,9,8,8
0,5,61,75,80,69,63,61,59,60,60,62,65,59,50,50,11,0,0,0,0,0,9,6,0,9
0,0,60,88,81,75,75,67,65,60,64,64,66,52,50,35,12,0,0,0,0,0,10,0,4,10
0,8,54,90,79,85,82,88,81,73,67,68,68,57,53,47,12,4,0,0,0,0,0,5,4,7
0,0,14,59,79,83,94,96,97,82,78,68,67,60,55,45,14,0,0,0,0,0,0,0,0,6
0,0,8,21,52,75,105,105,106,105,101,77,68,65,54,50,20,6,0,0,0,0,0,4,0,0
6,0,7,12,51,55,69,92,98,109,113,97,76,63,56,40,20,10,0,0,0,0,9,7,0,0
5,0,8,9,37,52,51,55,72,80,99,88,86,66,51,44,20,10,0,0,0,0,8,7,6,4
0,0,0,0,12,14,31,50,43,61,57,66,72,62,45,41,13,7,0,0,0,0,8,5,6,4
0,0,0,0,13,7,15,25,26,30,48,52,60,54,50,35,10,6,0,0,0,0,5,0,6,7
5,0,0,8,13,8,14,23,17,24,28,47,53,51,40,40,13,7,0,0,0,0,8,0,0,0
0,0,12,13,24,64,73,70,72,102,130,155,170,157,122,70,60,50,0,0,0,0,14,9,12,15
6,0,12,51,100,105,104,87,113,124,145,181,180,162,134,90,70,66,0,0,0,0,23,7,8,10
0,0,14,91,107,102,84,92,118,136,163,186,182,164,138,103,73,57,0,0,0,0,21,12,10,13
0,9,31,79,96,97,98,113,123,141,151,179,169,158,137,106,76,65,0,0,0,0,38,14,14,20
13,6,51,65,72,87,103,119,131,144,153,157,156,146,136,102,75,62,0,0,0,0,17,13,12,26
11,0,56,75,80,80,100,111,135,129,145,141,130,132,127,94,67,56,0,0,0,0,17,14,16,24
33,29,69,81,103,104,86,96,115,112,125,119,127,122,123,88,66,55,0,0,0,0,26,8,13,13
13,50,70,97,111,105,85,91,101,96,116,125,133,127,113,89,62,52,0,0,0,0,14,10,12,12
8,12,52,70,81,70,75,87,102,95,108,121,127,123,109,85,62,48,0,0,0,0,10,10,10,11
6,0,14,51,70,75,82,91,102,103,113,118,124,125,114,99,60,42,0,0,0,0,9,7,10,8
0,0,0,33,50,61,71,77,100,85,112,117,122,111,113,94,56,32,0,0,0,0,0,6,8,9
0,0,0,13,42,60,68,71,101,93,110,116,123,119,113,100,66,25,0,0,0,0,8,0,5,6
0,0,0,13,34,50,70,86,105,107,113,116,126,121,116,108,63,14,0,0,0,0,7,7,7,7
5,0,5,10,50,51,79,100,105,111,114,116,125,125,117,103,67,14,0,0,0,0,11,8,9,7
8,0,0,11,46,59,71,102,107,112,120,128,130,130,112,84,65,25,0,0,0,0,11,7,9,8
7,0,0,13,56,60,63,95,105,113,127,124,130,123,118,92,70,35,0,0,0,0,11,10,10,11
7,0,0,12,47,52,73,87,106,113,130,122,140,130,121,106,80,55,0,0,0,0,10,10,8,13
0,0,10,16,50,51,65,75,86,109,122,143,195,168,143,110,91,59,0,0,0,0,11,11,11,11
0,0,11,14,52,54,67,76,90,104,119,134,163,153,132,108,87,41,0,0,0,0,11,5,8,6
7,0,11,47,54,61,70,81,105,112,134,157,165,154,142,121,86,51,0,0,0,0,13,9,9,10
13,10,15,27,50,62,77,101,119,128,131,139,169,160,138,104,79,60,0,0,0,0,6,8,9,8
12,8,12,27,57,63,85,100,117,121,135,147,174,160,138,114,87,50,0,0,0,0,12,10,5,12
8,0,11,42,20,58,76,91,111,129,128,149,165,153,123,91,67,11,0,0,0,0,12,12,8,6
10,0,12,11,12,68,79,105,112,119,124,141,141,130,105,79,59,14,0,0,0,0,20,12,11,11
10,5,8,5,53,76,82,97,113,109,120,121,116,100,80,63,56,12,0,0,0,0,12,10,11,10
12,6,0,14,69,88,96,99,106,99,107,100,98,81,73,56,55,11,0,0,0,0,11,11,12,10
9,0,0,50,77,87,87,109,100,87,84,84,76,71,65,42,42,9,0,0,0,0,11,7,10,11
0,0,7,61,80,83,91,90,86,78,88,75,71,65,56,48,32,10,0,0,0,0,11,10,11,8
6,0,21,71,85,83,84,77,82,76,75,71,71,66,54,46,14,7,0,0,0,0,12,11,11,10
0,0,56,68,73,79,72,64,62,63,61,64,67,63,51,50,11,8,0,0,0,0,11,9,8,8
0,5,61,75,79,69,63,61,59,60,60,62,66,59,50,50,11,0,0,0,0,0,9,6,0,9
0,0,61,88,81,75,75,67,65,60,64,64,67,53,51,35,12,0,0,0,0,0,10,0,4,10
0,8,54,90,79,85,82,88,81,73,67,68,68,57,53,45,12,4,0,0,0,0,0,5,4,7
0,0,14,59,79,82,95,96,97,82,78,68,67,60,56,45,14,0,0,0,0,0,0,0,0,6
0,0,8,21,52,76,105,105,106,105,101,77,68,65,54,50,20,6,0,0,0,0,0,4,0,0
6,0,7,12,51,55,69,92,98,109,113,97,77,64,57,42,20,10,0,0,0,0,9,7,0,0
5,0,8,9,37,52,52,55,73,80,99,88,86,66,52,44,20,10,0,0,0,0,8,7,6,4
0,0,0,0,12,14,37,51,44,61,58,66,72,62,45,41,13,7,0,0,0,0,9,5,6,4
0,0,0,0,13,7,17,25,27,31,48,52,60,54,50,35,10,6,0,0,0,0,5,0,6,7
5,0,0,8,13,8,13,22,18,24,28,48,53,51,40,40,13,7,0,0,0,0,8,0,0,0
0,0,12,14,30,64,73,70,72,102,130,153,170,157,121,70,60,50,0,0,0,0,14,8,12,15
6,0,12,51,101,105,103,87,113,124,145,181,180,163,134,90,70,66,0,0,0,0,23,7,8,10
0,0,14,91,107,102,84,92,118,136,163,186,182,164,138,103,74,58,0,0,0,0,21,12,10,13
0,9,34,79,100,97,95,114,123,141,151,179,170,158,137,106,76,67,0,0,0,0,38,14,14,20
13,7,51,64,71,87,103,119,131,144,153,157,156,146,136,102,75,62,0,0,0,0,17,13,12,26
11,0,56,75,81,80,100,112,136,129,145,141,130,132,128,94,67,56,0,0,0,0,19,14,16,24
33,29,70,81,103,104,86,96,115,112,124,119,128,122,123,89,66,55,0,0,0,0,26,8,13,13
14,50,71,97,111,105,87,92,101,96,116,125,133,127,114,89,63,53,0,0,0,0,14,10,12,12
8,12,53,70,81,70,78,88,102,95,109,121,127,123,109,85,62,50,0,0,0,0,10,10,10,11
6,0,14,51,70,75,82,91,103,103,113,118,124,125,114,99,60,46,0,0,0,0,10,7,10,9
0,0,7,33,50,61,69,78,100,86,112,117,122,111,114,94,57,32,0,0,0,0,0,5,8,9
0,0,0,13,42,60,70,71,101,93,110,115,123,119,113,100,66,27,0,0,0,0,8,0,5,6
0,0,0,13,37,50,69,86,105,107,113,116,126,121,116,108,63,14,0,0,0,0,7,7,7,7
5,0,5,10,50,52,79,100,105,111,115,116,126,125,116,102,67,14,0,0,0,0,11,8,9,7
8,0,0,11,46,59,72,102,107,112,120,127,130,130,112,85,66,26,0,0,0,0,11,7,9,8
7,0,4,14,56,60,63,95,105,113,127,123,131,123,118,92,69,40,0,0,0,0,11,10,10,11
7,0,0,12,47,53,71,88,106,114,130,122,141,130,121,107,80,56,0,0,0,0,10,10,8,13
0,0,10,15,50,51,63,75,86,109,122,143,195,168,143,111,90,60,0,0,0,0,11,11,11,11
0,0,11,14,52,54,68,76,90,104,119,134,163,153,132,108,87,41,0,0,0,0,11,5,8,6
7,0,11,41,54,62,69,81,105,112,134,156,165,154,142,121,86,51,0,0,0,0,13,8,9,10
13,10,17,25,50,62,79,101,119,128,131,138,169,160,138,104,78,61,0,0,0,0,6,8,9,8
13,8,12,15,57,63,84,100,118,121,135,147,174,160,138,115,87,51,0,0,0,0,12,10,5,12
7,0,11,42,20,57,77,92,111,129,128,149,165,153,123,91,67,11,0,0,0,0,12,12,8,6
10,0,12,11,12,67,79,105,112,120,124,141,141,130,105,79,59,14,0,0,0,0,20,12,11,11
10,5,8,0,53,76,82,97,114,109,121,121,116,100,80,63,56,13,0,0,0,0,12,10,11,10
12,6,0,14,69,88,96,99,106,99,107,100,98,81,73,56,55,11,0,0,0,0,11,12,12,10
9,0,0,48,77,87,87,109,100,87,84,84,76,71,65,42,44,10,0,0,0,0,11,7,10,11
4,0,7,62,80,83,91,90,86,78,88,75,72,65,56,50,33,10,0,0,0,0,11,10,11,8
6,0,21,71,85,83,83,77,82,76,75,71,71,66,54,46,14,8,0,0,0,0,12,11,11,10
0,0,56,67,73,79,71,64,62,63,61,64,67,63,51,50,11,8,0,0,0,0,11,9,8,8
0,5,61,75,79,69,64,61,59,60,60,61,66,59,50,50,11,0,0,0,0,0,9,6,0,9
0,0,61,89,81,75,75,67,65,60,65,64,67,53,51,37,12,0,0,0,0,0,10,0,4,10
0,8,54,90,79,85,83,88,81,73,68,68,68,57,53,47,12,4,0,0,0,0,0,5,4,7
0,0,14,61,79,82,94,96,97,82,77,68,68,59,56,45,14,0,0,0,0,0,0,4,0,6
0,0,8,18,52,76,105,105,106,105,101,77,69,65,55,50,20,6,0,0,0,0,0,4,0,0
6,0,7,13,51,55,69,93,98,109,113,96,77,64,57,42,20,10,0,0,0,0,9,7,0,0
5,0,8,9,40,52,51,56,73,80,99,88,86,66,52,46,20,10,0,0,0,0,8,7,6,4
0,0,0,0,12,14,39,51,44,61,58,66,73,63,45,42,13,7,0,0,0,0,9,5,6,4
0,0,0,0,13,7,15,25,27,31,48,52,60,55,50,37,10,6,0,0,0,0,5,0,6,7
5,0,0,9,13,8,12,21,17,24,28,46,53,51,40,41,13,7,0,0,0,0,8,0,0,0
