12,21,20,13,25,124,301,148,77,80,73,71,74,70,71,72,66,64,76,107,96,58,51,50,35,25
22,51,54,55,60,121,349,212,97,87,77,81,89,83,96,101,91,87,105,555,208,72,63,57,54,53
12,20,20,14,12,65,83,109,58,53,63,70,70,77,76,67,65,66,107,173,96,52,50,35,34,14
6,12,10,9,10,40,58,14,10,61,68,66,69,64,66,65,62,57,67,69,57,16,11,9,10,8
8,10,8,5,0,0,51,56,51,60,68,66,64,66,72,66,67,58,58,59,53,14,13,8,0,7
7,5,0,0,0,14,62,51,56,59,54,27,55,63,66,63,71,67,56,57,47,11,11,8,0,0
0,0,0,0,0,12,56,52,54,52,67,64,64,68,67,61,62,56,55,56,42,11,10,7,0,0
0,0,0,0,0,11,51,51,51,78,69,67,65,68,69,66,59,52,52,54,15,9,9,10,0,0
0,0,0,0,0,11,46,53,38,81,70,71,74,76,75,71,62,57,54,54,15,11,10,9,6,0
0,8,0,0,0,10,51,55,50,67,77,82,95,88,88,72,68,60,56,59,14,10,10,6,9,6
0,0,0,0,0,9,21,52,33,62,71,76,88,84,76,68,65,59,54,52,12,8,8,0,7,0
0,0,0,0,0,8,12,40,13,60,67,75,80,76,68,67,62,57,52,36,12,10,8,0,0,0
0,0,0,0,0,0,13,14,23,58,64,70,75,66,67,65,58,58,53,51,27,11,9,0,0,0
0,0,0,0,0,0,0,0,14,48,53,56,60,56,56,51,31,20,11,8,7,0,0,0,0,0
0,0,0,0,0,0,29,15,46,59,59,61,67,64,67,62,57,55,50,50,31,11,10,9,9,0
0,0,0,0,0,0,11,30,58,69,70,67,75,71,72,66,65,58,56,56,27,11,10,10,8,7
0,0,0,0,0,0,28,51,67,86,79,76,80,82,78,75,68,68,68,62,53,21,14,12,13,10
0,0,7,0,0,12,35,56,76,103,86,79,82,76,76,74,68,67,64,61,55,38,29,14,13,12
0,0,8,0,0,18,55,60,74,93,86,87,90,86,82,78,72,71,67,60,55,34,20,6,11,10
10,13,13,7,0,39,57,63,83,98,100,98,99,103,104,90,84,87,77,64,56,13,13,41,39,33
7,12,12,9,6,54,64,68,85,97,100,92,85,97,98,85,80,84,82,84,75,60,57,58,62,58
0,11,9,8,8,52,61,64,80,94,98,91,85,92,97,94,76,72,71,64,55,40,16,11,10,11
5,12,16,11,9,42,57,60,83,101,102,94,85,78,83,87,73,74,68,63,53,41,36,29,30,21
8,15,22,10,7,26,56,63,79,90,96,85,84,73,74,75,79,75,69,66,60,47,41,29,26,17
7,8,11,7,5,13,55,60,74,85,92,82,79,64,63,66,74,77,70,63,59,47,33,23,14,12
6,8,6,7,0,11,54,58,73,85,93,82,77,59,62,66,71,75,70,61,57,45,26,21,14,12
0,0,0,5,0,11,52,57,72,82,84,76,70,55,60,64,69,70,70,62,55,41,14,14,13,9
0,8,0,0,0,11,52,54,67,79,79,76,65,54,57,63,68,68,67,61,54,33,15,13,10,8
0,0,0,0,0,8,51,53,63,75,76,70,61,53,53,59,63,65,63,57,52,14,12,11,9,6
0,0,0,0,0,0,42,52,59,72,73,70,58,52,52,58,61,63,60,56,50,12,9,9,10,6
0,6,0,0,0,0,30,51,57,72,70,67,57,51,52,58,61,62,59,55,50,11,9,10,8,7
0,0,5,0,0,12,14,37,57,69,69,64,52,33,51,56,59,60,53,46,31,11,8,6,0,0
0,0,0,0,0,0,50,54,53,72,78,61,53,39,46,54,60,72,60,53,48,12,13,9,7,0
7,9,6,0,0,11,60,65,65,104,129,74,59,56,58,60,70,130,86,61,56,40,13,9,10,10
0,9,0,0,0,13,53,54,57,90,91,61,55,56,54,57,67,94,72,57,52,15,12,9,0,0
0,0,0,0,0,0,32,23,51,68,61,54,50,45,45,50,53,57,55,52,23,7,7,0,0,0
0,0,0,0,0,8,14,12,51,63,56,50,29,9,11,38,50,50,51,29,13,9,0,0,0,0
0,0,0,0,0,10,14,14,29,55,51,18,13,12,12,27,33,42,28,21,11,8,9,0,0,0
0,0,5,0,0,5,11,9,12,54,40,8,11,8,12,10,11,14,9,11,8,0,0,5,0,0
0,0,0,0,0,0,7,6,6,35,14,7,6,0,0,8,13,14,12,10,8,0,6,0,5,0
12,21,17,13,26,125,302,148,76,80,72,71,73,69,71,74,66,65,76,107,97,58,51,50,37,27
22,51,54,54,60,121,349,211,97,86,77,81,89,83,96,101,90,86,106,555,210,71,63,57,54,53
11,20,21,14,13,64,82,109,58,52,63,70,69,77,75,68,65,65,107,174,95,53,50,35,34,15
5,12,10,9,10,39,58,14,10,60,68,65,68,64,66,65,61,56,67,68,57,20,12,9,10,8
8,10,8,5,0,0,51,56,51,59,68,65,64,65,72,67,67,57,58,59,53,14,13,8,0,7
7,0,0,0,0,14,62,51,56,58,54,25,55,62,66,64,71,66,56,57,44,12,11,8,0,0
0,0,0,0,0,12,56,52,54,52,67,63,63,67,67,61,61,56,56,56,40,11,10,7,0,0
0,0,0,0,0,11,51,50,51,77,67,66,65,68,68,67,59,52,53,53,17,9,9,10,0,0
0,0,0,0,0,11,43,53,38,80,70,71,74,76,74,71,62,58,53,54,15,11,10,9,6,0
0,7,0,0,0,10,53,54,50,66,77,81,95,87,87,72,67,59,57,58,14,10,10,6,10,7
0,0,0,0,0,9,21,51,33,62,71,76,88,84,77,68,65,57,54,52,12,8,8,0,7,0
0,0,0,0,0,8,11,37,13,60,67,74,80,76,67,67,62,56,52,41,12,9,7,0,0,6
0,0,0,0,0,0,13,14,25,58,64,70,75,65,66,66,59,57,53,50,27,11,9,0,0,0
0,0,0,0,0,0,7,0,14,46,53,55,60,56,55,52,32,19,10,8,8,0,0,0,0,0
0,0,0,0,0,0,29,14,46,58,59,60,66,64,67,62,57,54,50,50,31,11,9,9,9,0
0,0,0,0,0,0,11,32,58,69,70,67,74,71,72,66,65,58,56,56,27,11,10,10,9,7
0,0,0,0,0,0,31,52,66,86,79,76,80,82,78,76,68,68,68,61,53,21,14,13,13,11
0,0,8,0,0,12,41,56,76,103,86,80,82,76,76,74,69,67,65,62,54,38,29,14,13,12
0,0,7,0,0,21,55,59,75,93,86,87,90,86,82,78,72,71,68,60,54,34,20,7,12,10
10,13,13,7,0,41,58,63,82,98,100,98,99,102,104,91,84,87,77,64,56,14,13,43,42,33
7,12,12,8,6,55,64,67,85,97,100,91,85,97,98,85,80,84,82,84,75,61,57,58,62,58
0,11,9,8,8,52,62,64,80,94,98,91,85,92,97,95,76,72,71,64,55,38,17,11,10,12
6,12,16,11,9,42,57,60,82,100,103,94,84,77,83,88,74,74,68,63,53,41,37,29,30,22
8,14,19,9,7,26,56,64,78,89,97,84,83,73,74,75,79,75,70,66,60,48,44,29,29,18
6,8,10,7,0,14,55,59,74,85,92,82,78,63,63,67,74,77,70,63,59,45,33,25,15,12
6,8,7,7,0,10,54,58,73,85,93,81,77,59,62,66,72,75,70,61,57,45,26,21,16,12
0,0,0,5,0,11,52,56,72,82,84,76,70,54,60,65,69,69,70,62,55,43,15,14,14,10
0,8,0,0,0,10,52,54,67,78,80,76,65,54,57,64,68,68,67,61,54,33,15,13,10,8
0,0,0,0,0,8,51,53,63,74,76,70,61,52,53,60,63,65,63,57,52,14,12,11,10,6
0,0,0,0,0,0,40,52,58,73,73,70,58,52,52,58,61,63,60,56,50,12,10,9,10,6
0,7,0,0,0,0,27,50,57,72,70,66,56,51,52,58,61,62,59,55,50,11,10,9,8,7
0,0,0,0,0,12,14,37,57,70,69,65,52,33,51,57,60,60,53,45,30,10,9,6,0,0
0,0,0,0,0,0,50,53,53,72,78,61,53,39,46,55,61,72,61,53,48,12,13,9,8,0
7,9,7,0,0,11,59,64,65,104,130,74,59,56,58,60,70,131,86,61,56,40,13,9,11,10
0,9,0,0,0,13,54,54,57,90,91,61,54,56,54,57,66,94,72,57,52,17,12,9,0,0
0,0,0,0,0,0,37,23,51,68,61,54,50,42,42,51,52,57,56,52,23,7,7,0,0,0
0,0,0,0,0,8,14,12,51,63,56,50,29,9,11,43,50,50,51,29,13,9,0,0,0,0
0,0,0,0,0,10,14,14,29,55,51,20,13,12,12,27,33,41,26,20,11,8,8,0,0,0
0,0,5,0,0,5,11,9,12,53,41,7,10,8,11,11,11,13,9,11,8,0,0,5,0,0
0,0,0,0,0,0,7,6,6,35,15,8,5,0,0,8,13,14,12,10,8,0,6,0,5,0
12,22,18,14,26,125,305,148,77,80,72,71,73,70,71,73,66,65,76,107,97,58,50,50,37,29
23,51,54,55,60,121,350,210,98,87,77,81,89,82,96,101,90,87,106,556,209,72,62,57,54,53
12,20,20,14,13,64,82,108,59,52,63,69,69,77,75,68,64,64,107,172,95,53,47,32,29,14
6,12,10,9,10,39,59,14,11,60,68,65,67,64,66,65,61,57,67,68,57,20,11,9,10,8
7,10,8,0,0,0,51,56,51,59,68,65,63,65,72,66,67,57,57,59,53,14,14,8,0,7
7,5,0,0,0,14,62,51,56,58,54,23,54,62,67,64,71,66,56,57,47,12,11,8,0,0
0,0,0,0,0,12,56,51,53,52,67,63,62,67,67,61,61,56,55,55,40,11,10,7,0,0
0,0,0,0,0,11,50,50,51,77,67,66,65,67,68,66,59,53,53,53,20,9,8,10,0,0
0,0,0,0,0,11,46,52,36,80,70,71,74,76,75,71,62,58,53,55,14,11,10,8,7,0
0,7,0,0,0,10,52,54,51,66,78,81,94,86,88,72,67,59,57,57,14,10,9,6,10,7
0,0,0,0,0,9,21,51,38,62,71,76,88,84,77,68,64,57,54,52,12,8,8,0,8,0
0,0,0,0,0,9,11,40,14,60,67,74,79,76,69,67,62,57,53,44,11,10,7,0,0,6
0,0,0,0,0,0,13,14,27,58,65,69,75,65,66,66,58,57,53,50,30,11,9,0,0,0
0,0,0,0,0,0,7,0,14,46,54,55,59,56,55,52,34,17,11,7,7,0,0,0,0,0
0,0,0,0,0,0,30,14,45,59,60,60,66,64,67,62,56,54,50,50,30,11,9,9,8,0
0,0,0,0,0,0,11,30,58,69,71,67,74,71,72,66,65,58,56,56,27,12,9,9,9,7
0,0,0,0,0,0,34,51,67,86,79,77,80,82,78,76,68,68,69,62,53,21,14,12,13,11
0,0,7,0,0,12,41,56,76,104,87,80,82,76,76,74,69,68,65,61,53,38,27,14,13,12
0,0,7,0,0,18,55,60,75,93,86,87,90,86,82,79,72,71,68,60,54,35,18,7,12,10
10,13,13,7,0,37,57,63,83,98,100,98,98,102,104,90,84,88,77,65,55,14,13,45,42,33
7,12,11,9,6,55,64,67,85,97,100,91,85,97,99,85,80,84,83,84,75,61,57,58,62,58
0,11,9,8,7,52,62,64,80,93,98,90,84,92,97,95,76,72,71,64,55,34,14,10,10,11
6,12,15,11,9,42,57,60,82,100,103,94,84,78,83,88,74,73,68,63,53,40,36,28,30,23
7,15,19,9,7,25,56,63,79,89,97,84,83,74,74,75,79,75,70,66,59,48,43,29,29,18
6,8,10,6,0,14,55,59,75,85,92,82,79,64,63,67,74,77,70,63,58,47,33,25,16,12
6,8,7,6,0,10,55,58,73,85,93,81,76,59,62,67,72,76,70,61,56,45,26,20,16,12
0,0,0,5,0,11,52,56,72,82,84,76,70,54,60,65,69,70,70,62,55,43,14,14,13,10
0,8,0,0,0,10,52,53,67,78,80,76,65,54,58,64,68,68,67,61,54,29,14,13,10,9
0,0,0,0,0,8,51,53,63,74,76,70,61,52,53,60,64,65,63,56,52,13,12,11,9,6
0,0,0,0,0,0,45,51,59,73,74,69,57,53,52,58,61,63,61,56,50,12,9,8,10,6
0,6,0,0,0,0,30,50,57,72,70,66,56,51,53,58,61,63,59,55,50,11,9,9,8,7
0,0,0,0,0,11,15,35,57,70,69,65,52,33,51,57,60,60,54,45,28,11,8,6,0,0
0,0,0,0,0,0,51,53,53,72,78,62,53,40,45,55,61,72,61,53,50,11,12,9,8,0
7,10,6,0,0,11,60,64,65,104,129,74,59,57,58,60,70,131,86,61,56,40,13,9,11,10
0,9,0,0,0,13,54,54,57,90,91,61,54,56,54,57,66,95,71,57,52,19,11,9,0,0
0,0,0,0,0,0,37,21,51,68,62,54,50,40,47,51,53,57,56,51,21,0,7,0,0,0
0,0,0,0,0,8,14,12,50,63,56,47,27,9,11,45,50,50,51,29,13,9,0,0,0,0
0,0,0,0,0,9,14,14,31,55,51,18,12,12,12,26,34,41,28,20,10,8,8,0,0,0
0,0,5,0,0,5,11,9,12,53,43,7,10,9,12,10,11,14,9,11,7,0,0,5,0,0
0,0,0,0,0,0,7,6,6,34,14,7,5,0,0,8,13,14,12,10,7,0,6,0,5,0
12,21,17,14,28,125,306,148,78,80,72,71,73,70,71,73,66,64,76,107,97,58,50,50,37,25
26,51,54,55,60,121,350,210,99,87,78,81,89,82,96,101,91,87,106,556,208,72,62,58,54,53
12,19,19,14,13,64,82,108,58,52,63,70,69,77,76,68,65,64,107,173,95,53,50,35,29,14
6,12,10,9,10,37,58,14,11,60,68,65,67,63,66,64,61,57,66,68,57,21,12,9,10,8
8,10,8,0,0,0,51,56,51,59,67,65,63,65,72,66,67,57,57,59,52,14,13,9,0,7
7,0,0,0,0,13,62,51,56,58,53,21,54,62,66,64,70,66,56,57,44,12,11,8,0,0
0,0,0,0,0,11,55,51,53,53,67,63,62,67,67,61,60,56,55,56,40,11,10,7,0,0
0,0,0,0,0,11,50,50,51,76,67,66,65,67,68,66,58,52,53,53,20,10,8,10,0,0
0,0,0,0,0,11,43,52,36,79,71,71,74,75,75,71,61,57,53,55,15,10,10,8,7,0
0,7,0,0,0,9,52,54,51,66,77,81,94,86,87,72,67,58,57,57,13,10,9,6,10,6
0,0,0,0,0,9,21,51,41,62,71,75,88,84,76,68,64,56,54,52,12,8,8,0,8,0
0,0,0,0,0,9,11,40,15,60,68,74,80,76,69,67,61,56,53,41,11,10,6,0,0,0
0,0,0,0,0,0,13,14,37,58,65,69,75,65,66,66,58,57,53,50,25,11,9,0,0,0
0,0,0,0,0,0,7,0,14,47,54,54,59,56,56,52,34,17,11,8,7,0,0,0,0,0
0,0,0,0,0,0,30,14,43,58,60,59,66,64,67,62,57,54,50,50,31,11,9,9,8,0
0,0,0,0,0,0,12,30,57,69,71,67,74,71,72,66,65,58,57,56,27,12,9,10,9,7
0,0,0,0,0,0,25,51,66,86,79,76,80,82,78,76,68,68,69,61,53,25,14,12,13,10
0,0,7,0,0,12,43,56,75,103,87,79,82,76,76,75,69,68,66,61,53,40,23,14,13,13
0,0,7,0,0,20,55,58,75,93,86,87,90,86,82,78,72,71,68,60,54,35,17,7,13,10
10,13,12,7,0,35,58,63,82,98,100,98,98,102,104,90,84,88,77,65,56,14,13,47,44,33
7,12,12,9,6,54,64,67,85,97,100,92,84,97,98,86,81,84,82,84,75,61,57,58,62,58
0,11,9,8,7,52,62,64,80,93,98,90,84,92,97,95,76,72,71,64,55,34,14,10,10,12
6,12,15,11,8,42,57,60,82,100,103,94,84,78,83,88,74,73,68,63,53,40,37,29,30,24
8,16,19,9,6,25,56,63,79,89,97,84,83,74,74,75,79,75,70,66,59,50,40,29,30,18
5,8,10,7,0,15,55,59,74,85,92,82,79,64,63,67,74,77,69,63,58,47,33,25,14,11
0,8,6,6,0,10,54,58,73,85,93,81,76,59,62,66,73,76,71,61,57,50,26,20,16,13
0,0,0,5,0,11,52,55,72,82,84,76,70,55,61,65,69,70,70,62,54,43,14,14,14,10
0,8,0,0,0,10,52,53,67,78,80,76,65,54,57,64,68,68,67,61,54,31,14,12,11,9
0,0,0,0,0,8,51,52,62,75,76,70,60,52,52,60,64,65,63,57,52,13,12,10,9,6
0,0,0,0,0,0,42,51,58,73,74,69,58,53,52,59,62,63,61,56,47,12,9,8,10,6
0,6,0,0,0,0,27,50,57,72,69,67,56,51,53,58,61,63,60,56,50,11,9,9,7,7
0,0,0,0,0,11,14,34,56,70,70,65,52,31,51,56,60,60,54,45,28,11,8,6,0,0
0,0,0,0,0,0,51,53,53,72,78,61,53,40,46,54,61,72,61,53,50,12,12,9,8,0
7,10,6,0,0,11,59,63,65,104,130,73,58,57,58,60,71,131,86,61,56,37,13,9,11,10
0,9,0,0,0,13,54,54,58,90,91,60,54,56,54,57,66,95,72,57,52,19,12,9,0,0
0,0,0,0,0,0,35,21,51,68,62,54,50,37,47,51,53,57,56,51,21,6,7,0,0,0
0,0,0,0,0,8,15,12,51,63,56,47,29,9,11,50,50,50,51,29,12,9,0,0,0,0
0,0,0,0,0,9,14,14,32,55,51,20,13,12,12,27,34,39,28,20,10,8,8,0,0,0
0,0,5,0,0,5,11,9,12,53,43,7,11,9,12,10,12,14,9,11,7,0,0,5,0,0
0,0,0,0,0,0,7,6,6,35,16,7,5,0,0,8,13,14,12,10,7,0,6,0,5,0
12,20,16,14,28,125,306,148,78,80,73,71,73,69,71,73,66,64,76,107,96,58,50,50,37,27
25,50,54,55,60,121,349,210,98,87,78,80,89,82,96,101,90,87,106,557,211,72,62,57,54,53
12,19,20,14,13,64,81,107,58,52,64,69,69,76,76,68,65,64,107,173,95,53,50,40,36,14
6,12,10,10,10,37,57,14,11,61,67,64,67,63,66,64,61,57,66,68,57,21,12,9,10,8
8,11,8,0,0,0,52,56,51,59,67,65,62,64,72,66,67,57,57,59,52,14,13,9,0,7
7,0,0,0,0,13,61,51,56,58,53,19,54,62,65,64,70,66,57,56,44,12,11,8,0,0
0,0,0,0,0,11,55,51,54,52,66,63,62,67,66,61,60,57,55,56,37,11,10,7,0,0
0,0,0,0,0,11,50,50,50,76,67,65,65,67,68,67,59,52,53,52,22,10,8,10,0,0
0,0,0,0,0,11,40,52,36,80,71,70,74,75,75,71,61,57,53,55,14,10,10,8,7,0
0,7,0,0,0,9,50,54,50,66,77,81,93,86,87,72,66,58,57,56,13,11,9,6,10,7
0,0,0,0,0,9,18,51,38,61,71,76,88,83,76,68,63,56,54,52,12,8,8,0,8,0
0,0,0,0,0,9,11,40,14,60,68,74,79,75,68,67,62,56,53,38,11,10,7,0,0,6
0,0,0,0,0,0,13,14,32,58,64,69,75,65,66,66,59,56,53,50,27,11,8,0,0,0
0,0,0,0,0,0,0,0,15,48,54,54,59,56,56,52,31,19,11,7,7,0,0,0,0,0
0,0,0,0,0,0,27,14,46,58,60,59,66,63,67,62,57,54,50,50,31,10,9,10,8,0
0,0,0,0,0,0,12,30,57,69,71,67,74,71,73,66,65,58,57,56,27,12,9,9,10,6
0,0,0,0,0,0,21,51,66,86,79,76,80,82,78,76,68,68,69,61,53,25,14,13,13,10
0,0,7,0,0,12,39,56,75,104,87,79,82,76,77,75,70,68,66,61,53,40,21,14,13,13
0,6,6,0,0,20,55,58,75,94,85,87,90,86,82,78,72,71,68,60,54,35,16,7,13,10
10,13,13,7,0,35,57,63,82,98,100,98,98,102,104,91,84,87,77,64,55,14,13,50,44,33
8,11,12,9,6,55,63,67,85,97,101,91,85,97,98,86,81,84,82,84,75,61,56,58,62,58
0,11,8,8,7,52,61,64,80,93,98,91,84,92,97,96,77,72,72,64,55,40,14,10,10,12
6,12,15,11,8,42,57,60,82,100,104,95,84,78,83,88,75,73,68,62,53,40,37,28,30,24
8,15,19,9,7,26,55,63,79,89,97,83,83,74,74,76,79,76,70,66,59,50,41,29,30,16
5,8,10,7,0,15,55,59,75,85,92,82,79,64,63,67,74,77,70,63,58,50,31,25,15,12
0,8,6,6,0,10,54,58,73,85,93,81,76,59,62,66,73,76,71,61,57,47,25,25,19,13
0,0,0,5,0,11,51,55,72,82,84,76,70,54,61,65,70,70,71,61,54,43,14,14,13,10
0,8,0,0,0,10,51,53,67,78,80,75,65,54,57,64,68,68,67,61,53,29,14,12,11,9
0,0,0,0,0,8,50,52,63,75,76,70,60,53,52,60,64,65,63,57,52,14,12,10,10,7
0,0,0,0,0,0,40,52,59,73,74,69,58,52,52,59,61,64,61,56,47,12,9,9,11,6
0,6,0,0,0,0,25,50,57,72,70,67,56,51,52,59,61,63,60,55,47,12,9,9,8,7
0,0,0,0,0,11,13,34,56,70,70,64,52,30,51,56,60,60,54,44,28,11,9,6,0,0
0,0,0,0,0,0,50,53,53,72,78,62,53,39,46,54,61,72,62,53,48,12,12,9,8,0
7,10,6,0,0,11,59,63,65,104,130,73,58,57,58,60,70,131,86,61,56,40,13,8,11,9
0,9,0,0,0,13,54,54,58,90,91,60,54,56,54,57,65,95,72,57,52,17,11,10,0,0
0,0,0,0,0,0,30,23,51,68,62,53,50,37,45,51,53,57,56,51,25,6,7,0,0,0
0,0,0,0,0,8,14,12,51,63,56,47,29,9,11,50,50,50,52,29,13,9,0,0,0,0
0,0,0,0,0,9,13,14,32,55,52,16,13,11,12,27,37,39,31,21,10,8,8,0,0,0
0,0,5,0,0,5,11,9,12,52,45,7,11,9,12,10,12,13,9,11,7,0,0,5,0,0
0,0,0,0,0,0,7,6,6,37,17,7,6,0,0,8,13,14,12,10,7,0,6,0,5,0
12,21,15,14,28,125,307,148,78,80,73,71,74,69,71,73,66,64,76,107,96,58,50,50,35,29
23,51,54,55,59,121,349,210,97,87,78,80,89,82,95,100,90,87,105,556,208,72,62,57,55,52
13,18,19,14,12,64,82,107,58,52,64,69,69,77,76,69,65,65,107,172,96,53,50,40,36,14
6,12,10,9,10,39,58,13,11,61,67,64,67,63,66,65,61,57,66,68,57,20,11,9,10,8
8,11,8,0,0,0,51,56,52,60,67,66,62,64,72,66,67,57,57,59,52,14,13,9,0,7
7,0,0,0,0,13,61,50,56,58,53,17,53,62,65,63,70,66,56,56,47,12,11,7,0,0
0,0,0,0,0,11,55,50,54,53,66,63,62,66,67,61,61,57,54,56,40,11,10,7,0,0
0,0,0,0,0,11,51,50,51,77,66,65,65,67,68,67,58,52,53,53,22,9,8,10,0,0
0,0,0,0,0,11,43,51,36,81,71,71,74,75,75,71,62,56,54,54,14,10,10,9,7,0
0,7,0,0,0,10,50,54,50,66,78,82,93,87,87,72,66,58,57,56,13,11,9,6,10,7
0,0,0,0,0,9,16,51,36,62,71,76,88,84,77,68,63,57,55,52,12,8,8,0,9,0
0,0,0,0,0,9,11,42,17,61,68,75,79,76,69,68,62,56,52,33,11,10,8,0,0,0
0,0,0,0,0,0,12,14,35,59,65,70,75,66,67,66,59,57,53,50,27,11,7,0,0,0
0,0,0,0,0,0,0,0,14,50,54,55,60,56,56,52,31,17,12,8,7,0,0,0,0,0
0,0,0,0,0,0,26,13,46,59,60,59,66,64,67,62,58,54,50,50,30,10,9,9,9,0
0,0,0,0,0,0,12,30,57,69,70,67,74,72,73,66,65,58,56,56,27,12,9,9,9,7
0,0,0,0,0,0,17,51,66,86,80,76,80,82,79,76,68,68,68,61,53,25,14,12,13,10
0,0,6,0,0,12,37,56,75,103,87,78,82,76,77,75,69,68,66,61,53,43,20,14,13,12
0,6,6,0,0,18,55,58,75,93,85,86,90,86,82,78,71,71,67,60,54,34,16,7,12,10
10,13,12,7,0,35,57,63,83,98,99,97,97,102,104,91,84,87,77,64,55,14,13,47,44,35
8,11,11,9,6,55,63,67,85,97,100,91,84,97,99,86,80,84,82,84,75,60,56,58,62,58
0,11,8,8,7,52,61,64,80,93,98,91,84,92,97,96,77,72,71,63,55,42,14,10,10,12
5,13,15,11,9,42,57,60,82,100,103,95,85,78,84,89,74,73,68,62,53,41,37,27,30,23
8,16,19,10,7,27,55,62,79,89,97,84,83,74,74,75,79,76,70,66,59,50,40,27,30,15
0,9,10,7,0,15,55,59,74,85,93,81,78,64,62,68,74,77,69,62,58,47,31,25,16,12
0,8,6,6,0,10,54,57,74,85,93,81,76,59,62,67,72,75,71,60,57,45,30,25,20,13
0,0,0,5,0,11,51,55,73,82,84,76,70,55,60,65,70,70,70,61,54,41,14,13,13,9
0,8,0,0,0,11,51,54,68,79,80,75,65,54,57,64,68,68,67,60,53,29,14,12,11,9
0,0,0,0,0,8,50,52,63,76,76,70,60,53,53,60,64,65,63,57,52,14,13,10,10,7
0,0,0,0,0,0,40,51,59,73,74,69,58,52,52,59,62,63,61,56,45,12,9,8,11,6
0,6,0,0,0,0,25,50,57,72,70,67,56,52,52,59,61,63,59,55,50,12,8,9,7,8
0,0,0,0,0,11,14,32,57,70,71,65,53,31,51,56,59,60,53,43,28,11,9,6,0,0
0,0,0,0,0,0,50,53,53,72,79,62,53,40,46,54,61,72,61,53,48,12,12,9,8,0
7,10,0,0,0,11,59,62,65,105,129,73,58,57,58,60,71,131,86,61,56,40,13,9,11,9
0,9,0,0,0,13,53,54,58,90,91,60,54,56,54,57,66,95,71,57,52,17,11,10,0,0
0,0,0,0,0,0,30,19,51,69,62,54,47,40,50,51,53,57,56,51,25,6,7,0,0,0
0,0,0,0,0,8,14,12,51,63,56,47,29,10,12,50,50,50,52,27,13,9,0,0,0,0
0,0,0,0,0,9,13,14,32,55,52,18,13,11,12,27,37,39,31,21,10,8,8,0,0,0
0,0,5,0,0,5,11,9,12,53,45,7,11,9,13,10,12,14,9,11,7,0,0,5,0,0
0,0,0,0,0,0,7,6,6,39,17,7,6,0,0,9,13,14,12,10,8,0,6,0,5,0
12,20,14,13,28,125,308,148,78,80,73,71,73,69,71,73,67,64,75,106,96,58,50,50,35,27
21,51,54,55,59,121,350,209,97,86,77,80,89,82,95,100,91,86,106,556,208,72,62,57,55,53
12,19,19,14,12,64,82,107,58,52,63,69,69,77,75,68,65,65,107,172,96,53,50,42,40,14
5,12,10,9,10,35,57,14,11,61,67,64,67,63,66,64,61,56,65,67,57,21,11,8,10,8
8,10,8,0,0,0,51,56,52,60,67,66,61,64,71,66,67,57,58,59,52,14,12,9,0,7
7,0,0,0,0,13,61,50,56,58,52,15,52,61,65,63,70,66,57,56,44,12,12,8,0,0
0,0,0,0,0,11,56,50,55,52,65,63,62,65,66,60,61,57,54,56,42,12,10,8,0,0
0,0,0,0,0,11,51,50,51,76,65,65,64,67,68,65,58,52,53,52,20,9,8,10,0,0
0,0,0,0,0,10,46,52,36,81,70,71,74,75,74,71,62,56,54,54,14,10,10,9,7,0
0,6,0,0,0,10,46,54,47,66,77,82,92,87,86,71,65,57,57,57,13,10,8,6,10,7
0,0,0,0,0,9,20,51,36,62,72,75,87,83,76,67,63,57,54,51,12,9,8,0,8,0
0,0,0,0,0,9,11,42,14,61,68,74,79,75,69,67,61,56,52,30,11,10,8,0,0,0
0,0,0,0,0,0,12,15,37,58,65,69,75,65,66,66,59,57,53,50,25,11,8,0,0,0
0,0,0,0,0,0,0,0,16,48,54,54,60,56,56,52,30,20,11,8,7,0,0,0,0,0
0,0,0,0,0,0,26,13,47,58,59,59,67,64,66,62,58,53,50,50,30,11,9,9,9,0
0,0,0,0,0,0,11,32,58,69,70,67,74,72,73,66,65,58,56,56,27,12,9,9,9,7
0,0,0,0,0,0,17,52,67,86,79,76,80,81,79,76,68,68,69,61,52,25,14,12,13,10
0,0,6,0,0,12,39,56,76,103,86,78,81,76,76,75,69,68,65,61,54,40,21,14,13,12
0,6,6,0,0,20,55,58,75,93,85,86,90,86,82,78,71,71,67,60,54,39,15,7,12,10
10,13,13,7,0,35,57,63,83,98,99,97,98,103,104,91,84,87,77,64,55,13,13,45,46,35
8,11,11,9,6,55,63,68,85,97,100,92,85,97,98,85,80,85,82,84,75,61,57,58,62,58
0,11,8,8,7,52,62,64,81,93,98,91,85,92,97,95,77,73,72,63,55,44,14,11,10,12
0,12,15,12,9,41,57,61,82,100,103,95,84,78,84,89,74,73,68,62,52,42,36,28,30,23
8,14,19,10,6,26,55,63,79,90,97,84,83,74,73,75,80,76,70,66,59,48,41,28,30,16
0,8,10,7,0,15,55,59,75,85,92,81,78,64,62,67,75,77,70,62,57,47,31,25,18,12
0,8,6,6,0,10,55,57,74,85,93,81,76,59,62,66,73,75,71,61,57,45,30,25,20,13
0,0,0,0,0,11,52,55,73,82,84,76,69,54,60,66,70,69,70,61,54,41,14,14,14,9
0,8,0,0,0,11,51,53,68,79,80,75,65,54,56,63,69,68,67,60,53,29,14,13,11,8
0,0,0,0,0,8,50,51,63,76,76,71,60,52,52,60,64,65,63,57,51,14,12,11,10,7
0,0,0,0,0,0,35,51,59,73,74,69,58,52,52,59,62,63,60,56,45,12,9,9,11,6
0,5,0,0,0,0,25,50,57,72,70,67,56,51,52,58,61,63,60,54,50,12,8,9,8,8
0,0,0,0,0,12,14,34,57,70,70,65,53,30,51,56,60,61,54,42,29,11,9,6,0,0
0,0,0,0,0,0,48,53,53,72,78,62,53,39,46,54,61,72,61,54,46,12,11,8,8,0
7,9,6,0,0,12,59,62,65,105,129,73,58,56,58,59,71,131,87,61,56,40,13,9,10,9
0,9,0,0,0,14,53,54,58,90,91,60,54,56,54,57,66,94,71,57,52,15,11,10,0,0
0,0,0,0,0,0,30,21,51,69,62,54,47,37,47,50,53,57,56,51,25,7,7,0,0,0
0,0,0,0,0,8,14,12,51,63,56,50,27,10,11,47,50,50,52,25,14,9,0,0,0,0
0,0,0,0,0,9,13,14,31,55,52,18,12,11,12,29,37,39,31,21,11,8,8,0,0,0
0,0,5,0,0,5,11,9,12,53,43,7,11,9,12,10,12,14,10,11,7,0,0,5,0,0
0,0,0,0,0,0,7,6,6,40,16,7,6,0,0,8,13,14,12,10,8,0,6,0,5,0
13,20,16,13,25,126,311,149,78,80,73,71,74,70,72,73,66,64,75,105,97,58,51,50,35,31
22,51,54,55,59,122,351,209,96,86,77,81,89,83,95,99,90,86,105,556,207,71,62,56,55,53
13,19,20,14,12,64,82,107,58,52,63,69,69,77,75,68,64,64,107,172,96,54,50,37,36,15
6,12,10,9,9,35,58,13,11,61,67,64,66,62,65,64,61,57,66,67,57,23,11,9,10,8
8,10,8,0,0,0,50,56,52,60,67,66,61,64,71,66,67,56,58,59,52,15,13,8,0,7
7,6,0,0,0,13,61,50,56,57,50,14,52,61,64,63,70,66,56,56,47,12,11,8,0,0
0,0,0,0,0,11,56,50,55,53,64,62,62,65,66,60,62,56,55,55,40,12,10,7,0,0
0,0,0,0,0,11,50,50,51,76,64,64,63,67,67,65,58,52,53,52,17,9,8,9,0,0
0,0,0,0,0,11,43,52,30,80,70,71,74,75,74,71,62,57,54,54,14,10,10,9,6,0
0,7,0,0,0,10,51,54,44,67,76,82,93,86,85,72,65,57,57,57,14,11,9,6,10,7
0,0,0,0,0,9,21,52,30,62,71,75,87,83,75,67,63,57,54,51,12,9,8,0,7,0
0,0,0,0,0,9,12,42,14,62,68,75,80,76,69,67,61,56,52,36,11,11,8,0,0,0
0,0,0,0,0,0,12,15,37,58,65,70,75,65,66,65,59,57,52,42,27,11,9,0,0,0
0,0,0,0,0,0,0,0,15,50,54,55,60,56,56,52,31,17,11,9,7,0,0,0,0,0
0,0,0,0,0,0,27,13,45,58,59,59,67,64,67,62,57,54,51,50,30,11,9,9,9,0
0,0,0,0,0,0,11,35,57,68,69,67,74,71,73,66,64,58,56,56,32,12,9,10,9,7
0,0,0,0,0,0,21,52,67,85,79,76,81,81,78,75,68,67,68,60,52,23,13,12,13,11
0,0,0,0,0,11,39,57,76,102,86,78,81,76,76,75,69,68,65,60,54,43,20,14,13,12
0,6,7,0,0,16,55,59,75,92,85,85,90,86,82,78,71,70,67,60,54,42,14,7,11,9
10,13,13,7,0,37,57,63,83,98,99,97,98,103,104,90,84,87,77,64,55,13,13,41,42,38
7,11,12,9,6,55,64,67,85,97,99,91,85,97,99,85,80,84,83,84,75,61,56,58,63,58
0,11,8,8,7,52,62,65,81,93,98,90,84,92,98,95,76,72,72,63,54,44,14,10,11,12
5,13,14,11,9,41,57,61,82,100,103,94,84,78,84,89,74,73,68,63,52,43,36,27,29,23
8,14,20,9,6,27,56,63,78,90,96,84,83,73,74,76,79,76,70,65,59,48,41,28,29,15
0,8,10,7,0,14,55,59,74,86,92,81,78,63,62,68,74,77,70,62,57,50,29,25,18,12
0,8,7,6,0,11,55,57,74,86,93,81,77,59,61,66,72,76,71,61,57,45,32,25,19,13
0,0,0,0,0,11,51,56,72,82,84,75,69,54,60,66,70,69,71,61,54,39,14,13,14,9
0,8,0,0,0,10,51,53,68,79,80,75,65,53,56,63,68,68,67,60,54,29,14,13,11,8
0,0,0,0,0,8,50,52,63,76,76,70,61,52,52,59,64,65,63,56,52,14,12,11,10,7
0,0,0,0,0,0,40,51,59,73,73,69,58,52,51,58,61,63,60,56,50,12,9,9,11,7
0,6,0,0,0,0,30,45,57,73,70,67,56,51,52,58,61,63,60,54,50,12,9,9,8,8
0,0,0,0,0,12,14,34,57,70,69,65,52,28,50,56,59,60,53,41,28,11,8,6,0,0
0,0,0,0,0,0,50,53,53,72,78,62,53,40,44,54,61,72,62,53,45,12,12,8,8,0
7,9,0,0,0,12,59,62,65,105,129,73,58,56,58,60,71,131,87,60,56,45,13,9,10,10
0,9,0,0,0,13,54,54,58,90,91,61,55,56,54,57,66,94,71,57,52,17,11,9,0,0
0,0,0,0,0,0,30,21,51,69,61,54,47,37,50,50,52,56,56,51,25,7,7,0,0,0
0,0,0,0,0,8,14,12,51,63,56,50,27,10,11,40,50,50,51,22,13,9,0,0,0,0
0,0,0,0,0,9,14,14,29,55,51,20,12,11,12,27,34,38,30,20,10,9,8,0,0,0
0,0,5,0,0,5,11,9,12,54,41,7,11,9,13,10,11,13,10,11,8,0,0,5,0,0
0,0,0,0,0,0,7,6,7,42,16,7,5,0,0,8,13,13,12,10,7,0,6,0,5,0
13,20,16,13,25,126,311,149,78,80,73,71,74,70,72,73,66,64,75,105,97,58,51,50,35,31
22,51,54,55,59,122,351,209,96,86,77,81,89,83,95,99,90,86,105,556,207,71,62,56,55,53
13,19,20,14,12,64,82,107,58,52,63,69,69,77,75,68,64,64,107,172,96,54,50,37,36,15
6,12,10,9,9,35,58,13,11,61,67,64,66,62,65,64,61,57,66,67,57,23,11,9,10,8
8,10,8,0,0,0,50,56,52,60,67,66,61,64,71,66,67,56,58,59,52,15,13,8,0,7
7,6,0,0,0,13,61,50,56,57,50,14,52,61,64,63,70,66,56,56,47,12,11,8,0,0
0,0,0,0,0,11,56,50,55,53,64,62,62,65,66,60,62,56,55,55,40,12,10,7,0,0
0,0,0,0,0,11,50,50,51,76,64,64,63,67,67,65,58,52,53,52,17,9,8,9,0,0
0,0,0,0,0,11,43,52,30,80,70,71,74,75,74,71,62,57,54,54,14,10,10,9,6,0
0,7,0,0,0,10,51,54,44,67,76,82,93,86,85,72,65,57,57,57,14,11,9,6,10,7
0,0,0,0,0,9,21,52,30,62,71,75,87,83,75,67,63,57,54,51,12,9,8,0,7,0
0,0,0,0,0,9,12,42,14,62,68,75,80,76,69,67,61,56,52,36,11,11,8,0,0,0
0,0,0,0,0,0,12,15,37,58,65,70,75,65,66,65,59,57,52,42,27,11,9,0,0,0
0,0,0,0,0,0,0,0,15,50,54,55,60,56,56,52,31,17,11,9,7,0,0,0,0,0
0,0,0,0,0,0,27,13,45,58,59,59,67,64,67,62,57,54,51,50,30,11,9,9,9,0
0,0,0,0,0,0,11,35,57,68,69,67,74,71,73,66,64,58,56,56,32,12,9,10,9,7
0,0,0,0,0,0,21,52,67,85,79,76,81,81,78,75,68,67,68,60,52,23,13,12,13,11
0,0,0,0,0,11,39,57,76,102,86,78,81,76,76,75,69,68,65,60,54,43,20,14,13,12
0,6,7,0,0,16,55,59,75,92,85,85,90,86,82,78,71,70,67,60,54,42,14,7,11,9
10,13,13,7,0,37,57,63,83,98,99,97,98,103,104,90,84,87,77,64,55,13,13,41,42,38
7,11,12,9,6,55,64,67,85,97,99,91,85,97,99,85,80,84,83,84,75,61,56,58,63,58
0,11,8,8,7,52,62,65,81,93,98,90,84,92,98,95,76,72,72,63,54,44,14,10,11,12
5,13,14,11,9,41,57,61,82,100,103,94,84,78,84,89,74,73,68,63,52,43,36,27,29,23
8,14,20,9,6,27,56,63,78,90,96,84,83,73,74,76,79,76,70,65,59,48,41,28,29,15
0,8,10,7,0,14,55,59,74,86,92,81,78,63,62,68,74,77,70,62,57,50,29,25,18,12
0,8,7,6,0,11,55,57,74,86,93,81,77,59,61,66,72,76,71,61,57,45,32,25,19,13
0,0,0,0,0,11,51,56,72,82,84,75,69,54,60,66,70,69,71,61,54,39,14,13,14,9
0,8,0,0,0,10,51,53,68,79,80,75,65,53,56,63,68,68,67,60,54,29,14,13,11,8
0,0,0,0,0,8,50,52,63,76,76,70,61,52,52,59,64,65,63,56,52,14,12,11,10,7
0,0,0,0,0,0,40,51,59,73,73,69,58,52,51,58,61,63,60,56,50,12,9,9,11,7
0,6,0,0,0,0,30,45,57,73,70,67,56,51,52,58,61,63,60,54,50,12,9,9,8,8
0,0,0,0,0,12,14,34,57,70,69,65,52,28,50,56,59,60,53,41,28,11,8,6,0,0
0,0,0,0,0,0,50,53,53,72,78,62,53,40,44,54,61,72,62,53,45,12,12,8,8,0
7,9,0,0,0,12,59,62,65,105,129,73,58,56,58,60,71,131,87,60,56,45,13,9,10,10
0,9,0,0,0,13,54,54,58,90,91,61,55,56,54,57,66,94,71,57,52,17,11,9,0,0
0,0,0,0,0,0,30,21,51,69,61,54,47,37,50,50,52,56,56,51,25,7,7,0,0,0
0,0,0,0,0,8,14,12,51,63,56,50,27,10,11,40,50,50,51,22,13,9,0,0,0,0
0,0,0,0,0,9,14,14,29,55,51,20,12,11,12,27,34,38,30,20,10,9,8,0,0,0
0,0,5,0,0,5,11,9,12,54,41,7,11,9,13,10,11,13,10,11,8,0,0,5,0,0
0,0,0,0,0,0,7,6,7,42,16,7,5,0,0,8,13,13,12,10,7,0,6,0,5,0
13,21,16,14,28,127,312,150,78,80,73,72,73,70,72,74,65,64,76,105,97,59,50,50,41,35
25,51,55,54,59,122,352,208,96,86,77,81,89,82,95,99,90,85,106,557,205,72,62,57,55,53
12,20,21,14,11,64,81,107,58,52,63,69,68,76,75,67,64,64,107,172,96,53,50,35,38,14
6,12,10,8,9,35,57,13,11,60,66,64,66,62,65,64,59,57,66,67,58,23,10,9,10,8
8,10,8,0,0,0,50,56,52,60,66,66,61,63,71,66,66,56,58,58,52,15,13,8,0,7
7,5,0,0,0,13,61,50,56,58,50,14,53,61,64,63,70,65,56,56,33,12,10,8,0,0
0,0,0,0,0,11,55,51,55,52,65,63,62,65,65,60,61,55,55,54,32,11,10,7,0,0
0,0,0,0,0,11,43,50,51,76,66,64,64,67,67,66,58,51,54,52,14,9,8,10,0,0
0,0,0,0,0,11,31,53,30,80,70,70,73,75,73,70,61,57,55,54,14,10,9,8,7,0
0,7,0,0,0,10,52,54,50,68,77,83,93,85,86,72,65,58,57,56,13,11,9,6,10,6
0,0,0,0,0,9,21,52,33,62,71,75,87,84,75,68,62,57,55,52,11,8,8,0,7,0
0,0,0,0,0,9,11,42,14,61,68,75,80,77,69,66,60,56,52,36,11,10,7,0,0,0
0,0,0,0,0,0,12,17,30,57,65,70,75,65,66,66,59,57,53,40,25,11,9,0,0,0
0,0,0,0,0,0,8,0,14,50,55,56,60,56,56,52,31,20,12,8,7,0,0,0,0,0
0,0,0,0,0,0,26,14,42,58,58,60,66,64,67,62,57,54,50,50,31,11,9,9,8,0
0,0,0,0,0,0,11,32,57,69,69,67,74,71,72,66,64,58,57,55,30,12,9,9,8,7
0,0,0,0,0,0,17,52,66,85,79,76,80,81,78,76,68,67,69,61,53,21,13,12,13,11
0,0,6,0,0,12,39,56,76,102,86,79,81,76,75,74,69,68,66,60,54,43,21,14,13,12
6,7,7,0,0,20,56,59,75,93,85,86,90,86,82,78,70,71,68,59,54,39,15,7,11,9
10,13,13,6,0,35,57,63,83,98,99,98,98,102,104,91,83,87,77,64,55,14,13,45,37,38
8,11,13,9,5,54,63,67,86,97,100,91,85,97,100,85,80,84,83,83,76,61,56,58,62,58
0,11,8,7,7,52,62,64,81,93,97,90,84,93,97,96,76,72,72,63,54,38,14,10,11,12
6,12,16,11,9,41,56,60,83,100,104,95,83,78,84,89,74,73,68,62,53,42,35,29,28,24
8,14,19,9,6,26,56,63,78,90,96,85,83,73,74,75,79,75,70,65,60,50,43,29,29,15
0,8,10,7,0,14,54,59,74,85,93,81,78,62,63,68,74,77,70,61,58,50,25,30,15,13
6,8,7,6,0,11,53,58,73,85,93,81,76,59,61,66,71,75,72,61,56,43,25,26,17,12
6,0,0,0,0,11,51,56,73,82,84,76,70,54,60,66,70,69,71,61,54,39,14,13,14,9
0,8,0,0,0,10,51,53,67,79,80,75,65,53,57,64,68,68,68,60,53,29,14,13,11,9
0,0,0,0,0,8,50,52,63,76,76,71,61,53,53,60,64,65,63,56,53,13,12,11,10,6
0,0,0,0,0,0,40,51,59,73,73,69,58,52,52,58,61,63,61,55,45,12,9,9,11,7
0,6,0,0,0,0,25,45,57,72,70,67,56,51,52,59,60,63,60,54,45,12,9,9,8,8
0,0,0,0,0,11,14,35,57,70,69,65,52,30,51,56,58,60,54,45,26,12,8,7,0,0
0,0,0,0,0,0,50,53,54,71,79,62,53,39,46,54,60,72,63,53,45,12,12,8,7,0
7,9,6,0,0,12,58,62,65,104,129,73,58,56,58,60,70,131,87,60,56,40,12,9,10,9
0,9,0,0,0,13,53,53,58,91,91,61,55,56,54,57,66,94,72,56,52,14,11,10,0,0
0,0,0,0,0,0,27,21,52,68,61,54,47,37,47,51,52,56,56,51,25,7,7,0,0,0
0,0,0,0,0,8,14,12,51,63,56,50,27,10,11,38,50,48,51,25,13,9,0,0,0,0
0,0,0,0,0,9,13,14,31,55,51,23,12,11,12,30,33,39,31,20,10,9,8,0,0,0
0,0,5,0,0,5,10,10,12,54,40,7,11,9,13,10,12,13,9,11,8,0,0,5,0,0
0,0,0,0,0,0,7,6,7,42,16,7,5,0,0,9,12,14,12,9,7,0,6,0,5,0
13,22,16,14,28,127,315,150,78,79,72,72,73,70,71,74,65,64,76,105,98,58,50,51,41,37
23,51,55,54,59,122,351,206,96,87,78,81,89,82,95,99,90,86,106,556,206,71,61,57,55,53
12,20,21,14,11,64,82,107,58,52,63,69,68,75,74,67,64,64,107,173,95,53,45,35,36,14
6,12,10,8,9,35,57,14,11,60,67,64,66,62,64,64,59,57,65,67,57,21,10,9,10,8
8,10,8,0,0,0,50,56,52,60,66,65,61,63,71,66,66,57,58,59,52,14,13,8,0,7
7,0,0,0,0,13,61,50,56,57,50,14,52,61,63,62,70,65,56,56,36,12,10,8,0,0
0,0,0,0,0,12,56,51,55,52,65,63,62,65,65,59,60,55,56,55,35,11,10,7,0,0
0,0,0,0,0,11,50,51,51,75,66,64,64,68,67,66,58,51,54,53,14,9,8,10,0,0
0,0,0,0,0,11,37,53,30,80,70,70,72,75,73,70,60,57,55,54,14,11,9,9,6,0
0,7,0,0,0,10,52,53,50,68,77,83,92,85,86,70,65,59,57,56,13,10,9,6,10,7
0,0,0,0,0,8,20,52,36,62,71,75,88,83,75,67,62,56,55,52,12,8,7,7,7,0
0,0,0,0,0,9,12,42,14,60,68,75,79,77,68,65,60,56,52,36,11,10,7,0,0,6
0,0,0,0,0,0,12,17,27,58,64,69,75,65,66,65,59,57,53,45,22,11,9,0,0,0
0,0,0,0,0,0,8,0,13,50,54,55,60,56,56,51,31,22,12,8,7,0,0,0,0,0
0,0,0,0,0,0,27,14,42,58,59,60,66,64,67,62,57,54,50,50,33,11,9,9,8,0
0,0,0,0,0,0,11,32,57,69,69,67,74,71,71,66,64,58,57,55,30,12,9,9,8,7
0,0,0,0,0,0,19,52,66,86,79,76,80,81,78,76,68,67,69,61,53,19,14,12,13,10
0,0,6,0,0,12,37,56,76,103,86,79,81,76,74,74,69,67,66,60,54,40,20,14,13,12
0,6,7,0,0,20,56,59,75,93,85,86,90,86,82,78,71,71,68,60,54,40,14,7,12,10
10,13,13,6,0,37,57,63,83,98,100,98,98,102,103,91,83,88,77,64,55,13,13,50,39,33
8,11,13,9,6,54,63,67,86,97,100,91,85,97,99,85,80,84,83,84,75,61,56,58,62,58
0,11,8,7,8,52,62,65,81,93,98,91,84,93,97,95,76,72,72,64,55,36,14,11,10,12
6,12,16,11,9,41,57,60,83,100,105,95,83,78,83,89,74,73,68,62,52,42,35,29,29,23
8,15,20,9,7,26,56,63,78,91,96,85,83,72,73,75,79,75,70,65,59,50,41,29,28,16
0,8,10,7,0,14,55,59,74,86,93,81,78,63,62,68,74,77,70,62,58,47,29,34,15,13
6,8,7,6,0,11,53,57,73,85,93,81,76,59,61,66,72,75,71,61,56,40,19,26,15,12
6,0,0,0,0,11,50,56,73,83,84,76,70,54,59,66,70,69,71,61,54,35,15,13,13,9
0,8,0,0,0,10,51,54,67,79,80,75,65,53,57,64,68,69,68,60,53,25,14,13,11,9
0,0,0,0,0,8,50,52,63,76,76,71,60,53,52,60,64,65,63,57,53,13,11,11,10,7
0,0,0,0,0,0,42,51,59,73,73,69,58,52,51,58,61,63,61,55,43,12,9,9,11,7
0,6,0,0,0,0,25,47,56,72,69,67,56,51,52,58,60,63,60,54,45,12,8,10,8,8
0,0,0,0,0,11,14,34,58,70,69,65,52,33,52,56,58,60,54,46,26,11,7,7,0,0
0,0,0,0,0,0,50,53,54,72,79,62,53,38,45,54,61,72,62,52,45,12,11,8,7,0
7,9,6,0,0,12,59,61,64,105,129,74,58,56,58,60,70,132,87,60,56,40,12,9,10,9
0,9,0,0,0,13,53,53,58,91,91,61,54,56,54,56,66,94,72,57,52,14,10,10,0,0
0,0,0,0,0,0,27,21,52,69,61,54,45,37,45,51,52,57,56,51,25,7,7,0,0,0
0,0,0,0,0,8,13,12,51,64,56,50,27,10,11,36,50,48,51,27,13,9,0,0,0,0
0,0,0,0,0,9,13,15,29,55,51,21,12,11,11,32,33,36,33,21,10,9,7,0,0,0
0,0,5,0,0,5,10,10,12,54,38,8,11,9,12,10,12,13,10,11,8,0,0,6,0,0
0,0,0,0,0,0,7,6,6,39,17,7,5,0,0,8,12,14,12,9,7,0,6,0,5,0
13,23,16,13,29,127,316,150,77,80,72,72,72,70,71,74,65,64,76,105,98,58,50,51,37,39
23,50,54,55,60,122,351,205,96,86,77,81,89,81,94,99,90,86,106,556,204,70,62,57,55,53
12,21,19,13,12,64,81,107,58,52,62,69,68,75,75,67,64,64,107,173,96,53,45,30,36,14
6,12,10,9,10,35,57,14,10,60,66,64,66,62,64,64,59,56,65,67,57,21,11,9,10,8
9,10,8,0,0,0,50,56,52,59,66,65,61,63,71,65,66,57,58,59,52,14,12,8,0,7
7,0,0,0,0,13,62,50,55,58,51,14,52,60,64,62,70,65,56,56,30,12,10,8,0,0
0,0,0,0,0,11,56,51,55,51,65,63,61,65,65,58,61,55,56,55,32,11,10,7,0,0
0,0,0,0,0,11,50,51,51,75,67,64,64,67,67,66,57,51,54,53,14,9,8,10,0,0
0,0,0,0,0,11,40,53,30,79,69,70,72,75,73,71,60,56,55,54,14,11,9,9,7,0
0,7,0,0,0,10,52,54,50,67,77,82,92,86,86,71,65,58,56,56,13,11,8,6,10,7
0,0,0,0,0,9,21,51,33,62,71,75,87,83,76,67,62,56,55,52,11,8,7,0,7,0
0,0,0,0,0,9,12,42,14,60,68,75,80,76,69,66,61,56,52,36,11,10,7,0,0,6
0,0,0,0,0,0,12,20,25,57,65,70,75,65,66,66,59,57,53,45,22,11,8,0,0,0
0,0,0,0,0,0,8,0,13,50,54,55,60,56,56,51,30,20,12,8,7,0,0,0,0,0
0,0,0,0,0,0,27,14,43,57,59,60,66,64,67,62,57,54,50,50,30,11,9,9,7,0
0,0,0,0,0,0,11,35,57,69,70,67,73,71,72,66,64,58,56,55,25,11,9,9,8,7
0,0,0,0,0,0,17,52,66,85,79,76,80,81,78,76,68,67,69,62,53,23,14,12,13,11
0,0,0,0,0,12,35,56,76,102,86,79,81,75,75,74,69,67,66,61,54,38,21,15,13,12
6,6,7,0,0,18,55,59,75,93,85,86,90,86,82,78,71,71,67,60,53,39,14,7,11,10
10,13,13,6,0,35,57,63,83,98,100,98,98,102,103,91,84,87,77,64,55,13,13,47,35,33
8,11,13,9,6,54,63,68,86,97,100,91,85,96,99,85,80,84,83,84,75,60,56,58,62,58
0,11,8,7,8,52,61,64,80,93,98,91,84,92,97,96,76,72,72,64,55,34,14,11,10,12
6,12,16,11,8,42,57,60,82,101,105,95,83,78,84,89,74,73,68,61,52,41,36,29,29,24
8,15,20,9,7,25,56,63,78,90,96,84,83,73,73,76,79,75,70,66,59,48,41,29,28,16
0,8,10,7,0,14,55,59,74,85,93,81,78,63,62,67,75,77,70,62,58,45,29,32,15,13
0,9,7,6,0,11,54,57,73,85,93,82,76,58,62,66,72,75,71,61,56,43,23,28,14,13
0,0,0,0,0,11,50,55,73,83,84,76,70,54,59,65,70,70,71,60,54,33,16,13,13,10
0,8,0,0,0,10,51,53,67,79,80,76,64,53,57,64,69,69,67,60,53,25,15,13,11,9
0,0,0,0,0,8,50,52,63,76,76,71,59,52,52,60,64,65,63,57,52,13,11,11,10,7
0,0,0,0,0,0,42,51,58,73,74,69,58,52,52,58,61,62,61,55,41,11,9,9,11,7
0,6,0,0,0,0,25,50,56,72,70,67,55,51,52,58,61,63,60,54,43,12,8,9,7,8
0,0,0,0,0,11,14,35,57,70,69,65,51,31,52,56,58,60,54,45,26,11,7,7,0,0
0,0,0,0,0,0,50,52,53,72,79,62,53,37,47,54,61,72,62,53,46,12,11,8,7,0
7,10,6,0,0,11,59,62,64,105,128,74,58,55,58,59,70,132,87,60,56,40,12,9,10,10
0,9,0,0,0,13,53,53,58,91,91,60,55,55,54,56,66,94,72,57,52,14,10,10,0,0
0,0,0,0,0,0,30,21,51,69,62,54,47,37,42,51,52,57,55,51,23,7,7,0,0,0
0,0,0,0,0,8,14,12,50,64,56,50,25,10,11,38,47,46,51,27,13,9,0,0,0,0
0,0,0,0,0,9,14,14,29,55,51,21,12,11,12,32,33,38,33,18,10,9,8,0,0,0
0,0,5,0,0,5,10,10,12,54,40,8,11,9,12,10,13,13,9,12,7,0,0,6,0,0
0,0,0,0,0,0,7,6,6,37,17,8,5,0,0,8,12,13,12,9,7,0,6,0,5,0
12,25,17,13,32,126,319,149,77,80,72,72,73,69,71,73,65,64,76,105,98,57,50,51,35,35
23,51,54,54,60,122,352,205,96,86,77,81,89,81,94,99,90,86,105,556,203,71,62,57,55,53
12,19,20,13,12,64,81,106,58,52,62,69,69,75,75,67,64,64,107,173,95,53,47,35,38,15
6,12,10,10,10,37,57,13,10,60,66,65,65,62,64,64,60,56,65,67,56,23,11,9,10,8
9,10,8,0,0,0,50,56,51,59,66,65,61,63,71,65,66,57,59,59,52,14,13,9,0,7
7,5,0,0,0,13,62,50,55,57,51,14,52,60,64,62,70,65,57,56,38,12,10,8,0,0
0,0,0,0,0,11,56,51,55,51,64,63,60,65,64,58,61,55,56,56,32,11,10,8,0,0
0,0,0,0,0,11,51,51,51,75,66,64,63,67,67,65,58,51,53,53,14,10,8,10,0,0
0,0,0,0,0,11,46,53,27,79,69,70,72,74,74,70,59,56,54,54,13,11,10,9,7,0
0,7,0,0,0,10,52,53,50,66,76,81,92,85,86,70,65,58,57,56,13,10,8,6,11,7
0,0,0,0,0,9,21,50,33,61,70,75,87,82,76,67,63,56,55,52,12,9,8,7,7,0
0,0,0,0,0,9,13,40,13,60,67,75,80,75,68,66,61,55,52,38,10,10,7,0,0,6
0,0,0,0,0,0,12,17,21,57,65,70,76,65,66,65,59,57,53,47,20,11,8,0,0,0
0,0,0,0,0,0,8,0,13,50,53,55,60,56,56,51,30,19,12,8,8,0,0,0,0,0
0,0,0,0,0,0,31,14,42,57,58,61,67,64,67,62,57,54,51,50,30,10,9,10,8,0
0,0,0,0,0,0,12,32,56,69,70,67,73,71,72,66,64,57,56,55,23,12,9,10,8,7
0,0,0,0,0,0,19,51,66,85,79,76,80,81,78,76,68,68,69,61,52,25,14,13,13,11
0,0,0,0,0,12,37,56,75,102,85,79,81,75,75,75,69,68,66,61,54,38,21,17,13,12
0,6,6,0,0,18,55,59,74,93,84,86,90,86,82,78,71,72,68,60,54,39,14,7,12,10
10,13,13,6,0,37,57,62,83,98,100,98,98,102,103,91,84,87,77,64,55,13,12,50,39,33
8,11,12,9,6,54,63,67,86,97,99,90,85,96,99,85,80,84,83,84,75,60,56,58,62,58
0,11,8,7,7,52,61,64,80,93,97,90,84,93,97,95,76,72,72,64,55,40,14,11,11,12
6,12,14,12,9,42,57,60,81,100,103,95,84,78,84,89,74,73,68,62,51,42,35,30,30,23
8,15,20,9,7,27,55,63,78,90,96,84,83,72,73,76,80,76,70,66,59,50,40,29,29,15
0,8,10,7,0,15,55,59,75,85,92,81,78,63,62,67,74,77,71,62,58,47,29,30,18,13
0,8,7,6,0,11,54,57,73,85,93,81,76,58,61,66,72,75,71,61,56,43,19,32,16,13
0,6,0,5,0,11,51,55,72,83,83,76,70,54,59,65,70,70,71,61,54,33,14,13,13,9
0,8,0,0,0,11,51,53,67,78,80,76,65,53,57,64,69,68,67,61,53,27,14,13,12,9
0,0,0,0,0,9,50,52,63,76,75,71,59,52,52,60,64,65,63,57,52,14,11,11,10,7
0,0,0,0,0,0,42,51,58,73,74,70,58,52,52,58,61,62,62,55,43,12,9,9,11,6
0,6,0,0,0,0,25,47,56,72,70,67,55,50,52,58,61,63,60,54,40,11,8,9,8,7
0,0,0,0,0,12,14,34,57,70,69,64,51,30,52,56,59,60,54,45,27,11,8,6,0,0
0,0,0,0,0,0,48,52,52,71,79,61,53,37,47,54,60,73,62,52,42,12,11,8,8,0
7,10,6,0,0,12,59,61,64,105,128,74,58,55,58,60,71,133,87,60,55,47,12,9,11,9
0,9,0,0,0,13,53,53,58,90,91,60,55,55,54,56,66,94,72,57,51,17,10,10,0,0
0,0,0,0,0,0,32,21,51,69,62,54,47,35,40,51,53,57,55,51,25,7,7,0,0,0
0,0,0,0,0,8,14,12,51,63,56,50,29,10,11,40,50,50,51,31,13,9,0,0,0,0
0,0,0,0,0,9,14,14,28,55,51,21,12,11,11,27,31,36,33,18,10,8,7,0,0,0
0,0,5,0,0,5,11,10,12,53,41,8,11,9,12,10,12,14,9,11,8,0,0,6,0,0
0,0,0,0,0,0,7,6,6,32,16,8,5,0,0,9,12,14,12,10,7,0,6,0,6,0
12,24,18,13,31,127,322,149,77,80,72,72,73,70,71,72,65,64,76,105,98,57,50,51,27,35
22,51,53,54,60,122,353,204,96,86,77,81,88,81,94,99,90,87,105,556,204,70,62,57,55,53
12,19,19,13,12,65,82,106,57,52,62,68,69,75,75,67,64,64,106,174,94,52,50,35,31,14
6,12,10,9,10,39,57,13,10,60,66,64,65,62,64,64,60,56,65,68,56,20,11,9,11,9
9,10,8,0,0,0,51,56,51,59,65,65,60,62,71,64,65,57,58,59,52,13,13,9,0,6
7,5,0,0,0,13,62,50,55,57,51,13,52,59,63,62,70,65,56,57,38,11,10,8,0,0
0,0,0,0,0,11,56,51,53,51,63,63,60,64,64,59,61,55,55,56,35,11,10,7,0,0
0,0,0,0,0,11,52,50,50,74,65,63,63,66,67,65,58,51,52,53,14,9,8,10,0,0
0,0,0,0,0,11,50,51,25,79,69,70,72,75,74,70,59,56,54,54,13,11,9,10,7,0
0,7,0,0,0,10,52,53,47,66,75,81,91,86,85,70,65,57,56,57,13,10,8,6,10,7
0,0,0,0,0,8,20,50,27,61,70,75,86,82,75,66,63,56,55,52,12,9,8,0,8,0
0,0,0,0,0,9,13,40,13,60,68,75,79,75,68,66,62,55,52,41,10,10,7,0,0,6
0,0,0,0,0,0,13,14,20,57,64,70,75,65,66,65,59,57,53,47,17,10,9,0,0,0
0,0,0,0,0,0,7,0,13,50,53,54,60,56,56,51,30,19,12,8,8,0,0,0,0,0
0,0,0,0,0,0,31,13,40,57,58,60,66,64,67,62,57,53,51,51,30,10,9,10,8,0
0,0,0,0,0,0,12,32,56,69,70,67,74,71,72,66,64,57,56,56,25,12,9,10,8,7
0,0,0,0,0,0,19,51,66,85,79,76,80,82,78,75,68,68,68,61,51,23,14,13,13,11
0,0,0,0,0,12,37,56,75,104,85,79,81,76,75,74,68,68,66,61,53,34,21,17,13,12
0,7,6,0,0,16,55,59,74,93,84,85,90,87,82,78,71,71,67,61,53,39,14,7,11,11
10,13,12,6,0,37,57,62,83,98,99,98,98,102,103,91,84,87,76,64,55,13,12,45,42,33
7,11,12,9,6,54,63,67,85,97,100,90,85,96,99,85,80,85,82,84,75,60,56,58,62,58
0,11,8,7,7,52,61,64,80,93,98,90,84,93,98,95,76,72,72,64,54,42,14,11,10,12
6,12,14,12,9,43,57,60,81,100,103,94,83,78,84,88,74,73,68,62,51,41,35,29,30,21
8,16,22,9,7,28,55,62,78,90,96,83,83,72,73,75,80,76,70,66,58,50,40,28,30,15
0,8,10,7,0,16,55,59,74,85,92,81,78,63,62,68,74,77,70,63,57,45,33,30,18,12
0,9,6,6,0,10,54,57,72,84,93,81,76,58,62,67,72,75,71,61,56,43,23,32,17,13
0,6,0,5,0,10,51,55,72,83,83,76,70,54,59,65,70,70,71,61,54,31,14,13,14,9
0,8,0,0,0,10,51,53,67,78,80,76,64,54,57,64,69,68,67,61,53,27,14,13,11,9
0,0,0,0,0,8,50,52,63,76,75,71,59,52,53,60,64,65,63,57,51,13,12,11,10,7
0,0,0,0,0,0,42,51,58,73,74,69,58,52,51,58,61,63,61,55,41,11,9,9,10,6
0,6,0,0,0,0,25,45,56,72,70,67,55,51,52,58,61,63,60,54,43,12,8,9,8,7
0,0,0,0,0,11,14,35,56,70,69,65,51,31,52,56,59,60,54,43,27,11,8,6,0,0
0,0,0,0,0,0,48,52,52,72,79,61,52,38,44,54,60,72,62,52,43,12,11,8,8,0
7,10,6,0,0,12,59,61,64,105,128,74,58,55,58,60,71,133,87,60,55,45,12,9,10,9
0,9,0,0,0,13,53,53,58,90,91,60,55,55,54,56,66,94,72,58,52,15,11,10,0,0
0,0,0,0,0,0,35,19,51,69,62,53,45,35,40,51,53,57,55,52,25,7,7,0,0,0
0,0,0,0,0,8,14,12,50,63,56,50,29,10,12,43,50,50,51,29,13,9,0,0,0,0
0,0,0,0,0,9,14,14,28,55,51,18,12,11,11,27,36,36,31,18,10,8,8,0,0,0
0,0,5,0,0,5,11,9,12,53,40,8,11,9,12,10,12,14,9,11,7,0,0,5,0,0
0,0,0,0,0,0,7,6,6,35,15,8,5,0,0,9,12,13,12,10,7,0,6,0,5,0
12,22,18,12,31,127,322,150,77,80,72,72,73,69,71,73,66,64,75,104,98,57,50,50,29,35
23,51,53,54,60,122,353,205,96,86,77,81,89,81,94,99,90,86,105,555,201,71,62,57,55,52
13,19,20,13,12,64,81,106,57,52,61,68,68,75,75,67,64,64,106,174,95,52,50,35,34,14
6,12,10,9,10,37,57,13,10,60,66,64,65,61,64,64,61,56,66,68,56,18,12,9,11,8
8,10,8,0,0,0,51,56,51,59,65,65,60,62,71,65,65,56,57,59,52,13,13,9,0,7
7,0,0,0,0,13,62,50,54,56,51,13,52,59,63,62,70,65,56,56,44,12,10,8,0,0
0,0,0,0,0,11,56,51,53,51,63,62,60,64,64,60,61,55,54,56,32,11,10,8,0,0
0,0,0,0,0,11,51,50,50,75,65,63,62,65,67,65,58,50,52,53,14,9,8,10,0,0
0,0,0,0,0,11,46,51,27,79,69,70,72,74,75,70,60,56,54,53,14,11,9,9,7,0
0,7,0,0,0,10,52,54,44,66,75,81,91,86,86,70,65,58,56,57,13,10,8,6,10,7
0,0,0,0,0,9,20,50,22,61,70,75,85,82,76,67,63,56,55,52,12,9,9,7,8,0
0,0,0,0,0,9,13,40,13,60,68,75,79,75,69,66,62,55,52,38,11,10,7,0,0,6
0,0,0,0,0,0,13,15,21,57,64,70,75,65,66,65,59,56,53,45,15,11,9,0,0,0
0,0,0,0,0,0,7,0,13,50,53,54,60,56,56,51,31,17,11,8,7,0,0,0,0,0
0,0,0,0,0,0,29,13,39,58,58,60,66,64,67,62,57,53,51,50,28,10,9,9,9,0
0,0,0,0,0,0,12,32,56,69,70,66,74,71,72,66,65,57,56,56,23,11,10,10,8,7
0,0,0,0,0,0,19,51,65,85,79,76,80,81,78,75,68,68,68,61,51,25,14,13,13,11
0,0,0,0,0,12,37,56,75,103,85,78,81,75,76,74,68,68,66,61,54,34,22,16,13,12
0,7,6,0,0,16,55,59,74,93,84,85,90,86,82,78,71,70,67,60,53,35,16,8,12,11
10,13,12,6,0,35,57,62,83,98,99,98,98,102,103,91,85,86,77,64,55,13,12,43,44,36
7,11,11,8,6,55,63,67,85,97,100,90,84,96,99,85,80,84,82,84,75,60,57,58,62,59
0,11,8,7,6,52,61,64,80,93,98,90,84,93,98,95,76,72,72,63,54,42,14,11,11,12
6,12,14,11,9,43,57,60,81,101,103,94,83,78,84,88,74,73,68,62,53,41,35,29,29,21
7,15,20,9,7,27,56,62,78,89,96,83,81,72,73,75,80,76,70,65,59,48,40,29,31,15
0,8,10,7,0,15,55,59,74,85,92,81,78,63,62,68,74,77,70,62,57,45,33,26,20,12
6,8,6,6,0,11,54,57,72,84,93,81,76,58,61,66,72,75,71,61,56,43,28,30,19,12
0,0,0,5,0,10,51,55,72,83,83,76,70,54,59,65,70,70,71,61,54,33,14,13,14,9
0,8,0,0,0,10,51,52,67,78,80,76,64,53,57,64,68,68,67,61,53,27,14,13,11,9
0,0,0,0,0,8,50,52,63,75,75,71,59,52,53,60,64,65,63,57,51,14,12,12,9,7
0,0,0,0,0,0,40,51,58,73,74,69,57,52,52,58,61,63,61,55,43,12,9,9,10,6
0,6,0,0,0,0,25,45,56,72,70,67,56,51,52,58,61,62,60,54,45,12,9,9,8,7
0,0,0,0,0,11,14,34,56,70,69,65,51,30,52,56,60,60,54,41,28,11,8,6,0,0
0,0,0,0,0,0,50,52,51,72,78,61,52,38,45,54,60,72,62,52,43,12,11,8,8,0
7,10,0,0,0,12,59,61,64,105,128,74,58,55,58,60,71,134,87,60,55,42,12,9,11,9
0,9,0,0,0,13,53,53,57,90,91,60,55,55,54,57,66,94,72,57,52,17,11,10,0,0
0,0,0,0,0,0,35,23,50,69,62,53,50,37,42,51,53,56,55,51,27,7,7,0,0,0
0,0,0,0,0,8,14,12,50,63,56,50,27,9,12,43,50,50,51,27,13,9,0,0,0,0
0,0,0,0,0,9,14,14,28,55,51,20,12,11,11,26,36,38,30,20,10,8,8,0,0,0
0,0,5,0,0,5,11,9,11,53,40,8,11,9,12,10,12,14,9,11,8,0,0,5,0,0
0,0,0,0,0,0,7,6,6,37,15,7,5,0,0,9,12,13,12,10,7,0,6,0,6,0
13,22,18,12,32,128,324,150,77,80,73,71,73,69,72,73,66,64,75,105,98,58,50,50,33,31
23,51,53,53,60,122,352,203,95,86,77,81,89,80,95,99,90,87,104,556,200,71,62,57,55,52
13,18,21,13,11,64,82,106,57,52,62,68,68,75,74,67,64,64,106,174,94,52,50,37,34,14
6,11,10,9,9,39,57,13,11,60,67,64,65,61,64,63,60,56,65,67,56,16,12,9,11,8
8,10,8,0,0,0,50,56,50,59,66,65,60,61,70,65,65,57,57,59,52,13,14,9,0,7
7,5,0,0,0,13,62,50,55,56,51,13,52,59,63,62,69,65,56,56,41,12,11,8,0,0
0,0,0,0,0,11,56,50,53,51,64,62,60,64,64,60,61,55,54,56,35,11,10,7,0,0
0,0,0,0,0,11,51,50,50,75,65,63,63,65,67,65,57,51,52,53,17,9,8,10,0,0
0,0,0,0,0,11,43,50,27,80,69,70,72,73,74,69,58,57,54,53,14,11,9,8,7,0
0,7,0,0,0,10,52,54,47,66,75,81,91,85,86,70,65,58,56,58,13,10,9,6,10,7
0,0,0,0,0,9,18,50,25,61,70,74,86,82,75,67,63,57,54,52,12,9,9,0,8,0
0,0,0,0,0,9,13,35,13,60,67,74,78,75,68,66,62,56,52,38,11,10,8,0,0,6
0,0,0,0,0,0,13,14,21,57,64,70,75,65,66,65,59,57,53,37,14,11,9,0,0,0
0,0,0,0,0,0,7,0,14,50,53,54,60,55,56,51,31,17,11,8,7,0,0,0,0,0
0,0,0,0,0,0,31,13,39,58,58,59,66,64,66,62,57,54,51,50,28,10,10,9,9,0
0,0,0,0,0,0,12,27,57,68,70,66,74,70,72,66,65,57,56,56,25,12,10,10,8,7
0,0,0,0,0,0,19,51,65,86,79,76,80,81,78,75,68,68,68,61,51,19,15,13,13,11
0,0,0,0,0,12,37,55,76,104,85,78,81,75,76,74,68,68,66,60,54,36,21,15,13,12
0,7,7,0,0,18,54,58,74,94,85,86,90,86,82,78,71,71,67,61,54,35,16,7,12,10
10,13,12,6,0,33,57,62,83,98,99,98,98,102,103,91,85,86,77,64,55,14,12,45,46,36
8,12,11,8,6,54,63,67,85,97,100,90,84,96,99,85,80,85,82,84,75,60,57,58,62,59
0,11,8,7,6,52,61,64,80,93,98,90,84,93,98,95,76,72,72,63,54,42,14,11,10,12
6,12,15,11,9,43,57,60,81,100,103,94,83,77,84,88,74,73,68,62,52,41,35,29,30,21
7,14,20,9,7,26,55,62,78,90,96,84,82,72,73,75,80,76,70,66,59,50,41,28,30,14
0,8,10,7,0,14,55,59,74,85,92,81,78,63,62,68,74,77,69,63,57,47,31,25,20,12
6,8,6,6,0,11,54,57,72,85,93,81,76,58,61,67,72,75,70,61,56,43,26,26,17,12
0,0,0,5,0,11,51,55,72,83,83,76,69,54,60,65,70,70,71,61,55,37,14,13,14,9
0,8,0,0,0,10,51,52,66,78,80,75,64,53,57,64,68,68,67,61,53,25,14,13,11,8
0,0,0,0,0,8,50,52,62,75,76,71,59,52,53,60,64,65,63,57,51,14,12,12,9,6
0,0,0,0,0,0,40,51,58,73,73,69,57,51,51,58,62,63,61,55,45,12,9,9,10,6
0,6,0,0,0,0,23,45,56,72,70,67,55,51,52,59,61,63,60,54,45,12,9,10,8,7
0,0,0,0,0,11,14,34,56,70,69,65,52,31,52,57,60,60,54,44,27,11,8,6,0,0
0,0,0,0,0,0,50,52,51,71,78,61,52,38,45,54,60,72,62,52,42,12,11,9,8,0
7,10,0,0,0,12,58,60,64,105,129,73,58,55,58,60,71,134,87,60,55,42,13,9,10,9
0,9,0,0,0,13,53,53,57,90,91,60,55,55,54,57,66,95,72,57,52,19,12,10,0,0
0,0,0,0,0,0,32,21,50,69,61,54,47,35,45,51,53,57,56,52,27,7,7,0,0,0
0,0,0,0,0,8,14,12,51,63,56,50,29,10,12,43,50,50,51,29,13,9,0,0,0,0
0,0,0,0,0,9,13,14,28,55,51,18,12,11,11,27,36,38,30,21,10,8,8,0,0,0
0,0,5,0,0,5,11,8,12,53,40,7,12,9,12,10,11,14,9,11,8,0,0,5,0,0
0,0,0,0,0,0,7,5,6,37,15,7,5,0,0,9,12,13,12,10,7,0,6,0,6,0
12,21,17,12,31,128,326,150,78,80,74,71,73,69,71,73,66,64,75,105,98,58,50,50,37,33
22,51,53,53,59,122,352,202,96,86,78,81,88,80,94,99,90,87,104,555,202,71,62,57,55,53
13,18,19,13,11,64,83,106,57,52,62,68,68,75,74,67,64,64,105,172,95,53,50,35,34,14
6,11,10,9,9,39,57,13,11,60,67,63,65,61,64,63,60,56,65,67,56,16,11,9,11,8
8,10,7,0,0,0,50,55,50,60,66,65,60,61,70,65,66,57,57,58,52,13,13,9,0,7
7,5,0,0,0,12,62,47,55,56,51,13,51,59,63,62,69,65,56,55,47,12,10,7,0,0
0,0,0,0,0,10,56,50,53,52,64,62,60,64,64,60,61,55,55,55,37,11,10,7,0,0
0,0,0,0,0,11,51,50,50,75,65,63,63,66,67,65,57,52,52,53,17,9,8,10,0,0
0,0,0,0,0,11,40,51,30,80,70,70,72,73,74,70,59,56,54,53,14,11,9,9,7,0
0,7,0,0,0,9,51,54,47,66,76,82,91,86,87,71,65,58,56,58,13,10,9,6,10,7
0,0,0,0,0,8,18,51,27,62,71,75,86,83,75,67,62,57,54,52,11,8,9,7,8,0
0,0,0,0,0,9,12,37,15,61,68,74,79,75,69,66,61,56,52,41,12,10,8,0,0,6
0,0,0,0,0,0,14,14,27,58,64,70,75,65,67,66,59,57,53,37,14,11,9,0,0,0
0,0,0,0,0,0,7,0,14,50,54,54,60,55,56,52,32,17,11,8,0,0,0,0,0,0
0,0,0,0,0,0,27,14,42,58,59,59,65,64,66,62,57,54,51,50,28,11,9,10,9,0
0,0,0,0,0,0,12,27,57,68,70,66,74,70,72,66,64,58,56,55,25,12,9,9,9,7
0,0,0,0,0,0,21,50,65,85,80,76,81,81,78,76,67,68,68,61,52,21,14,12,13,11
0,0,0,0,0,12,35,55,76,102,85,78,81,75,76,74,68,68,66,60,54,36,20,14,13,12
0,7,6,0,0,18,54,58,74,93,85,86,90,86,83,78,71,71,68,60,53,35,14,7,12,10
10,13,12,6,0,29,57,62,82,98,99,97,97,102,103,91,84,87,77,64,55,13,12,41,46,38
8,12,12,8,6,54,63,67,85,97,100,90,84,97,98,85,80,85,82,84,75,60,56,58,63,59
0,11,8,7,7,52,61,64,80,93,98,90,84,92,98,95,76,72,71,64,54,38,14,11,11,12
6,12,14,11,8,43,57,60,81,100,105,93,82,77,84,88,73,74,68,62,52,40,36,29,30,22
7,14,19,9,7,25,55,62,79,89,96,84,81,72,73,75,80,76,70,65,59,50,40,28,30,14
0,8,10,7,0,14,54,59,74,85,93,81,78,63,62,67,74,77,69,62,57,47,31,23,20,12
6,8,6,6,0,11,54,57,72,84,93,81,76,58,61,67,71,75,70,60,56,45,28,25,19,11
0,0,0,5,0,10,51,55,72,82,84,76,69,54,59,66,70,70,70,61,55,35,16,13,14,9
0,8,0,0,0,10,51,52,67,79,80,75,63,53,57,64,68,69,67,61,53,25,14,12,11,9
0,0,0,0,0,8,50,52,62,75,76,71,60,52,53,61,64,65,63,57,51,14,12,12,9,6
0,0,0,0,0,0,40,51,58,73,74,69,57,52,51,58,61,64,61,55,50,12,9,9,10,6
0,6,0,0,0,0,25,45,57,72,70,67,56,51,52,59,61,63,60,54,50,12,8,10,8,7
0,0,0,0,0,11,14,34,57,70,69,65,52,31,52,57,60,60,53,43,29,11,8,6,0,0
0,0,0,0,0,0,50,52,52,71,79,61,52,39,45,54,60,72,61,52,45,12,11,8,8,0
7,10,0,0,0,12,58,60,64,105,130,73,57,56,58,60,71,134,88,60,55,37,12,9,10,10
0,9,0,0,0,13,53,53,58,90,91,60,55,55,54,57,66,95,72,57,52,19,12,10,0,0
0,0,0,0,0,0,32,19,51,69,62,54,47,37,45,51,53,57,56,52,25,7,7,0,0,0
0,0,0,0,0,7,14,11,51,63,56,50,29,10,12,43,50,50,51,27,13,9,0,0,0,0
0,0,0,0,0,9,13,14,29,55,51,20,12,11,11,30,36,39,30,21,10,8,8,0,0,0
0,0,5,0,0,5,11,9,11,53,40,7,12,9,12,10,12,14,9,11,8,0,0,5,0,0
0,0,0,0,0,0,8,5,6,40,17,7,6,0,0,8,12,13,12,10,7,0,6,0,5,0
13,22,20,13,31,128,327,150,77,80,74,71,73,68,71,73,66,63,75,105,97,59,51,50,39,33
26,51,53,54,59,122,351,202,96,86,77,80,89,80,94,99,90,86,104,558,203,71,62,57,54,53
13,17,20,13,12,64,82,106,58,52,62,69,67,75,74,67,64,64,105,171,95,53,50,37,34,15
6,11,10,9,9,37,58,13,11,60,67,63,65,61,64,64,61,56,65,67,57,18,11,9,11,8
8,10,7,0,0,0,50,56,50,60,66,65,60,61,70,65,66,57,58,58,52,13,13,9,0,7
7,0,0,0,0,12,61,50,55,57,51,12,52,59,63,62,69,66,56,55,47,12,10,7,0,0
0,0,0,0,0,10,56,50,54,52,64,62,60,63,64,60,61,56,54,56,40,11,11,8,0,0
0,0,0,0,0,11,51,50,50,74,65,64,63,65,67,65,57,52,52,53,20,9,8,10,0,0
0,0,0,0,0,11,40,51,30,79,69,70,72,72,74,70,59,57,53,53,14,11,9,9,7,0
0,6,0,0,0,10,51,54,50,66,75,82,91,85,87,70,65,58,56,58,13,10,9,6,10,7
0,0,0,0,0,9,18,51,30,62,70,74,86,82,76,67,62,58,54,52,12,8,9,7,7,0
0,0,0,0,0,9,12,40,14,60,68,73,79,74,68,67,61,57,51,44,12,10,8,0,0,6
0,0,0,0,0,0,14,14,30,58,64,70,75,64,66,66,58,57,53,40,15,11,8,0,0,0
0,0,0,0,0,0,7,0,14,48,53,54,60,55,56,52,31,16,12,8,0,0,0,0,0,0
0,0,0,0,0,0,26,14,43,58,58,59,65,63,66,62,57,54,51,50,28,11,9,10,9,0
0,0,0,0,0,0,12,32,57,68,70,66,73,70,72,66,64,58,56,55,23,12,10,9,9,7
0,0,0,0,0,0,23,51,65,85,79,76,80,80,78,76,67,68,69,61,52,19,14,12,13,11
0,0,0,0,0,12,35,56,76,102,85,78,81,75,75,75,68,68,66,60,54,38,20,14,13,12
6,7,6,0,0,16,54,58,74,94,85,86,89,85,82,78,71,72,68,61,54,35,14,7,12,10
10,12,12,6,0,31,57,63,82,98,99,97,97,102,103,92,84,87,77,64,55,13,12,45,44,38
8,12,11,8,6,54,63,67,85,97,101,91,84,96,98,86,80,85,82,84,75,60,57,57,63,59
0,11,8,7,7,52,61,64,80,93,98,91,83,92,98,96,77,72,71,63,55,40,14,11,10,12
6,12,15,11,8,42,57,60,81,100,105,94,82,77,84,88,74,74,68,62,53,41,36,30,29,24
8,14,16,9,6,23,56,62,78,89,97,84,81,72,73,75,80,76,70,66,59,48,40,29,29,15
0,8,10,7,0,15,54,59,74,85,93,81,78,63,62,67,74,78,69,62,57,47,29,23,20,12
7,8,6,6,0,11,54,57,73,85,93,81,76,57,61,67,72,75,70,61,56,45,28,25,16,12
0,0,0,5,0,11,51,55,72,82,83,76,69,53,59,65,70,70,70,61,55,39,18,14,13,9
0,8,0,0,0,10,51,52,66,79,80,75,64,53,56,64,68,69,68,61,53,25,14,12,11,8
0,0,0,0,0,8,50,52,62,75,76,71,60,52,53,61,64,65,63,57,52,13,11,12,9,0
0,0,0,0,0,0,42,51,58,73,73,69,57,52,52,59,61,63,61,56,50,12,9,9,10,6
0,5,0,0,0,0,23,47,57,72,70,67,56,51,52,59,61,63,60,54,47,12,9,10,8,7
0,0,0,0,0,11,14,34,57,70,69,65,52,30,52,57,60,60,53,44,29,11,8,6,0,0
0,0,0,0,0,0,48,51,52,72,79,61,52,38,45,54,60,73,61,52,46,12,11,9,7,0
7,10,0,0,0,12,58,60,64,105,129,72,57,55,58,60,71,134,88,60,55,40,12,9,10,10
0,8,0,0,0,13,53,53,57,90,91,60,54,55,54,57,66,95,72,57,52,19,12,10,0,0
0,0,0,0,0,0,32,21,51,68,61,54,50,35,45,51,52,57,56,52,25,7,7,0,0,0
0,0,0,0,0,7,14,12,51,63,56,50,27,9,12,43,50,50,51,27,13,9,0,0,0,0
0,0,0,0,0,9,14,14,31,55,51,20,12,10,11,29,34,39,28,23,11,8,8,0,0,0
0,0,5,0,0,5,12,9,11,52,40,7,11,9,12,10,12,14,9,11,8,0,0,6,0,0
0,0,0,0,0,0,7,5,6,37,17,7,5,0,0,8,12,14,12,10,7,0,6,0,5,0
12,23,20,13,29,129,328,150,78,80,74,70,73,69,71,73,66,64,75,105,97,59,52,51,37,31
25,51,53,54,59,122,350,201,96,86,77,80,89,80,94,99,90,87,104,560,204,71,62,57,54,53
13,16,19,13,12,64,82,106,58,51,63,68,67,75,74,67,64,64,105,171,95,53,50,35,34,14
6,12,10,9,9,37,58,13,11,59,66,63,65,61,64,64,60,56,65,67,56,18,11,9,10,7
8,10,7,0,0,0,50,56,50,59,67,65,60,61,70,65,66,57,57,58,52,14,13,9,0,6
7,0,0,0,0,12,62,50,55,56,50,12,52,59,63,62,69,66,55,56,44,12,11,7,0,0
0,0,0,0,0,11,56,50,54,52,65,61,60,63,64,59,61,56,54,56,37,11,10,8,0,0
0,0,0,0,0,11,52,50,50,75,64,64,63,66,67,65,57,52,52,53,17,9,8,10,0,0
0,0,0,0,0,11,43,51,33,79,69,70,72,73,74,70,59,57,54,53,14,11,10,9,7,0
0,7,0,0,0,10,51,54,50,65,76,82,91,86,86,70,64,58,57,57,13,10,10,6,10,7
0,0,0,0,0,9,18,50,38,62,70,74,87,83,75,67,62,57,54,52,12,8,9,0,7,0
0,0,0,0,0,9,12,37,15,60,68,73,79,75,68,67,61,58,51,44,11,10,8,0,0,6
0,0,0,0,0,0,14,14,30,58,64,70,75,64,66,66,58,57,52,42,17,11,8,0,0,0
0,0,0,0,0,0,8,0,14,48,54,54,60,55,56,52,30,16,11,8,7,0,0,0,0,0
0,0,0,0,0,0,27,14,44,58,59,60,65,63,66,62,57,54,50,50,30,11,10,10,8,0
0,0,0,0,0,0,12,35,57,69,70,67,73,70,72,66,64,58,56,55,23,12,9,9,9,7
0,0,0,0,0,0,21,51,66,85,79,76,80,80,78,76,67,68,69,61,52,19,14,12,13,10
0,0,0,0,0,12,37,56,75,102,85,78,81,75,75,75,68,68,66,60,53,38,21,15,13,12
6,7,7,0,0,16,54,58,74,93,84,86,89,85,82,78,71,71,68,61,54,35,14,7,12,10
10,12,12,6,0,31,57,63,82,98,99,98,97,102,104,92,84,87,76,64,55,13,12,43,42,36
8,11,11,8,6,54,64,67,85,97,101,91,84,96,98,86,81,85,82,85,75,60,56,58,62,58
0,11,8,7,7,52,61,64,80,92,98,90,83,92,98,96,77,72,71,64,54,40,14,11,10,11
6,12,15,10,9,41,57,60,81,99,105,94,82,77,84,88,74,73,68,63,53,41,37,30,29,23
8,14,17,9,6,25,56,62,79,89,97,84,82,73,73,75,80,76,70,66,58,50,41,28,29,15
5,8,10,7,0,16,54,59,74,85,93,81,78,63,62,67,74,77,69,62,58,47,29,25,16,12
6,8,6,6,0,11,54,57,73,85,93,81,76,57,61,67,72,75,70,61,56,45,25,25,15,12
0,0,0,5,0,11,51,55,72,82,84,76,69,53,60,65,70,70,70,61,54,39,16,14,13,9
0,8,0,0,0,10,51,53,66,79,80,75,64,52,56,64,68,69,67,61,53,29,14,12,11,8
0,0,0,0,0,8,50,52,62,75,76,71,60,52,53,61,64,65,62,57,52,13,12,11,9,0
0,0,0,0,0,0,45,51,58,73,74,70,57,52,51,59,62,63,61,56,50,12,9,9,10,6
0,5,0,0,0,0,25,45,57,72,70,67,55,51,52,59,61,63,59,55,47,12,9,9,8,7
0,0,0,0,0,11,14,34,57,70,70,65,52,33,51,57,59,60,53,45,27,11,8,6,0,0
0,0,0,0,0,0,48,51,52,71,79,61,52,38,45,54,60,73,61,52,46,12,12,9,8,0
8,10,0,0,0,11,58,60,64,105,129,72,57,56,58,60,71,134,87,60,55,42,13,9,10,10
0,8,0,0,0,13,53,53,58,91,92,60,54,55,54,58,66,95,72,57,52,19,12,10,0,0
0,0,0,0,0,0,30,19,51,68,61,54,47,37,42,51,52,57,56,52,23,7,7,0,0,0
0,0,0,0,0,8,14,11,51,63,56,50,27,9,11,43,47,50,51,27,13,9,0,0,0,0
0,0,0,0,0,9,14,14,32,54,51,20,12,11,11,29,36,39,28,23,10,8,8,0,0,0
0,0,5,0,0,5,11,9,12,52,41,8,11,9,12,10,12,14,9,11,7,0,0,6,0,0
0,0,0,0,0,0,8,5,6,35,19,7,5,0,0,9,12,14,12,10,8,0,6,0,5,0
12,21,20,13,29,129,330,148,78,80,73,70,72,69,71,73,66,64,75,105,98,58,51,51,35,31
25,51,54,54,59,122,350,200,96,86,77,80,88,81,94,99,90,86,104,560,205,71,62,57,54,53
12,16,18,13,12,64,82,106,58,51,62,68,67,75,75,67,64,64,105,170,96,53,50,37,31,18
5,12,10,8,10,37,58,13,11,59,66,63,65,61,64,63,61,56,65,66,57,16,10,9,10,8
8,10,8,0,0,0,51,55,51,59,66,65,59,61,70,65,65,57,57,58,52,14,13,9,0,7
7,0,0,0,0,13,62,50,56,56,50,12,51,59,63,61,70,66,56,56,44,11,11,7,0,0
0,0,0,0,0,11,56,50,54,52,64,62,60,63,64,59,61,56,54,56,37,11,10,8,0,0
0,0,0,0,0,11,52,47,50,75,63,64,62,66,66,65,58,51,52,52,15,9,8,10,0,0
0,0,0,0,0,11,46,51,33,79,69,70,72,73,74,70,61,57,54,54,13,11,10,9,6,0
0,0,0,0,0,10,51,54,50,65,76,82,90,86,86,69,65,58,57,57,13,10,9,7,9,7
0,0,0,0,0,9,18,50,36,62,70,75,86,83,75,67,62,57,54,52,12,8,8,7,7,0
0,0,0,0,0,9,12,37,14,60,68,73,79,75,68,67,61,57,51,44,11,10,8,0,0,7
0,0,0,0,0,0,13,13,30,58,65,70,74,64,66,66,58,57,52,50,20,11,9,0,0,0
0,0,0,0,0,0,8,0,14,48,54,54,59,56,56,51,32,16,11,8,7,0,0,0,0,0
0,0,0,0,0,0,27,14,44,57,59,60,65,63,66,61,57,54,50,50,30,11,9,10,8,0
0,0,0,0,0,0,12,35,57,69,70,67,73,71,72,66,64,58,56,55,23,12,9,9,9,7
0,0,0,0,0,0,21,51,66,84,79,76,80,80,78,76,67,68,68,61,52,23,14,12,13,10
0,0,0,0,0,12,37,56,75,102,85,78,81,76,75,74,68,68,66,61,53,38,22,16,13,12
0,6,7,0,0,16,54,58,75,93,84,85,89,86,81,78,71,71,67,60,54,35,16,7,12,10
9,12,12,6,0,33,57,63,83,98,99,97,96,102,104,91,84,88,76,64,55,13,13,43,42,38
8,11,11,9,6,54,64,67,85,97,101,91,84,97,98,86,81,85,82,85,76,60,57,58,62,58
0,11,8,8,7,52,61,63,80,92,98,90,83,93,98,95,76,72,71,64,54,40,14,11,10,12
6,12,15,11,9,42,57,60,82,99,105,95,82,78,84,88,74,73,67,63,53,42,35,29,28,25
9,14,16,9,6,25,56,62,79,89,97,83,81,73,73,75,80,76,70,65,58,48,40,29,29,17
5,8,10,7,0,18,55,59,74,85,93,81,77,63,62,67,74,77,70,62,58,43,29,25,16,12
6,8,7,6,0,11,54,57,73,85,93,81,75,57,60,67,72,76,70,61,56,45,25,25,16,13
0,0,0,5,0,11,51,55,72,82,84,76,69,53,59,65,70,70,70,61,55,37,16,14,12,9
0,7,0,0,0,10,51,53,67,79,79,75,64,53,56,63,68,69,68,61,53,29,14,13,10,9
0,0,0,0,0,8,51,52,62,76,76,71,59,52,52,60,64,66,62,57,51,13,12,11,8,7
0,0,0,0,0,0,42,51,59,73,74,70,57,52,51,58,62,63,60,56,50,12,9,9,10,6
0,6,0,0,0,0,25,41,57,72,70,67,55,51,52,59,61,63,59,55,47,11,9,9,8,8
0,0,0,0,0,11,14,32,57,70,70,65,52,31,52,56,60,60,53,45,28,11,8,6,0,0
0,0,0,0,0,0,46,51,52,72,79,61,52,39,45,54,60,73,61,53,48,12,12,8,7,0
8,9,0,0,0,11,58,60,64,105,129,72,57,56,57,60,71,134,87,60,56,42,13,9,10,10
0,8,0,0,0,13,54,53,58,91,92,60,54,56,54,58,65,96,72,57,52,19,12,10,0,0
0,0,0,0,0,0,27,19,51,68,62,54,42,40,42,51,52,57,56,51,23,7,7,0,0,0
0,0,0,0,0,8,14,11,51,63,56,50,27,9,12,40,50,50,51,22,13,9,0,0,0,0
0,0,0,0,0,9,13,14,32,54,51,20,12,11,11,27,36,41,30,21,10,8,8,0,0,0
0,0,5,0,0,5,11,9,12,53,41,8,11,9,12,10,12,14,9,11,7,0,0,6,0,0
0,0,0,0,0,0,8,5,6,35,19,8,5,0,0,9,13,14,12,10,7,0,6,0,5,0
12,21,21,13,31,130,331,149,78,80,73,70,73,69,72,73,66,64,75,105,98,59,52,50,29,31
25,51,54,54,59,122,350,200,96,86,76,80,89,81,94,99,90,86,105,560,204,71,62,57,53,53
13,17,17,13,12,64,82,106,58,51,62,68,67,75,74,67,64,64,105,171,95,53,50,37,31,18
5,12,10,8,10,35,57,14,11,59,66,63,65,61,64,63,61,56,65,67,56,16,10,9,10,8
8,10,8,0,0,0,50,56,51,59,66,64,59,62,71,64,65,57,57,58,52,14,13,8,0,7
7,0,0,0,0,13,61,50,55,56,50,12,50,59,62,61,69,66,56,56,38,11,11,7,0,0
0,0,0,0,0,11,55,51,54,51,63,61,59,63,64,58,60,56,54,55,35,11,10,7,0,0
0,0,0,0,0,11,52,47,50,74,64,64,62,65,66,64,58,51,52,52,14,9,8,9,0,0
0,0,0,0,0,11,46,52,33,77,68,70,72,73,74,69,61,57,54,54,13,11,9,9,6,0
0,0,0,0,0,9,51,54,47,64,77,81,90,86,85,70,65,58,58,57,13,10,9,6,10,7
0,0,0,0,0,9,18,50,36,61,70,74,86,82,75,67,62,57,54,52,12,9,9,7,7,0
0,0,0,0,0,9,12,37,13,60,68,73,79,75,68,67,61,57,51,38,11,10,7,0,0,6
0,0,0,0,0,0,13,14,32,58,65,70,75,64,65,66,58,57,52,50,17,11,9,0,0,0
0,0,0,0,0,0,8,0,13,48,54,54,59,56,56,51,32,17,12,8,7,0,0,0,0,0
0,0,0,0,0,0,29,13,44,57,59,60,66,63,66,62,57,54,50,50,30,10,9,10,8,0
0,0,0,0,0,0,12,35,57,69,69,66,73,71,72,65,65,58,56,55,23,12,9,10,9,7
0,0,0,0,0,0,19,51,65,84,79,76,79,80,78,75,68,68,68,61,52,21,14,12,13,10
0,0,0,0,0,12,39,56,75,102,84,78,80,76,75,74,68,69,66,61,53,38,22,14,12,12
0,6,7,0,0,16,54,58,75,93,84,85,89,86,81,78,71,71,67,60,54,34,17,7,11,10
9,12,11,6,0,37,57,63,83,98,99,97,97,102,104,91,84,88,76,64,55,13,13,43,42,40
8,11,11,8,6,54,64,67,85,97,101,91,84,97,98,86,81,85,82,85,76,60,57,58,62,58
0,11,8,8,7,52,61,63,80,92,98,91,83,93,98,95,77,72,71,64,54,38,14,11,10,12
6,12,15,10,9,40,57,60,81,98,104,95,82,78,84,88,74,73,68,63,53,42,35,29,28,25
9,14,16,9,6,23,56,62,78,89,97,83,82,73,73,75,80,76,70,65,58,50,40,29,29,18
5,7,10,7,0,16,55,59,74,85,93,81,77,63,62,67,74,77,70,62,58,45,29,23,15,12
6,8,7,6,0,10,54,57,73,85,93,81,75,57,60,67,73,75,71,61,56,45,23,23,15,13
0,0,0,5,0,11,51,56,72,82,84,76,69,53,60,65,70,70,71,61,54,39,15,14,12,10
0,7,0,0,0,10,51,53,66,78,79,75,64,52,57,63,68,69,68,61,53,29,14,13,10,9
0,0,0,0,0,8,51,52,62,76,76,71,59,52,53,60,64,66,62,57,51,14,11,11,8,7
0,0,0,0,0,0,42,51,58,73,74,69,57,52,51,58,62,63,60,56,50,12,9,9,10,6
0,6,0,0,0,0,25,41,57,72,70,66,55,51,52,58,61,63,60,55,47,11,9,9,8,8
0,0,0,0,0,11,14,34,56,70,70,65,52,31,52,56,60,60,53,46,27,11,8,6,0,0
0,0,0,0,0,0,46,51,53,71,79,61,52,39,45,54,60,73,61,53,46,12,12,8,8,0
8,9,6,0,0,11,58,60,64,104,130,72,58,56,58,60,71,134,87,60,55,45,14,9,10,10
0,8,0,0,0,13,53,53,57,90,92,60,54,56,54,57,65,95,72,57,52,19,12,10,0,0
0,0,0,0,0,0,30,19,51,69,62,53,42,37,47,51,53,57,56,51,23,7,7,0,0,0
0,0,0,0,0,8,14,12,50,63,56,50,25,9,12,40,50,50,51,20,13,9,0,0,0,0
0,0,0,0,0,9,13,14,29,54,52,18,12,11,11,26,37,42,30,21,10,8,8,0,0,0
0,0,5,0,0,5,12,9,12,53,43,7,11,9,12,10,12,14,9,11,7,0,0,6,0,0
0,0,0,0,0,0,7,6,6,35,19,8,6,0,0,8,13,14,12,10,8,0,6,0,5,0
12,21,20,13,29,129,332,149,78,81,72,70,73,70,71,73,66,65,76,105,98,59,51,50,31,29
22,51,53,54,59,122,349,200,96,85,77,80,88,81,93,98,90,86,105,560,204,72,63,57,54,52
13,17,16,13,11,64,82,105,58,51,62,68,67,75,74,68,64,64,105,171,95,53,50,32,29,15
6,12,10,8,10,39,57,13,11,60,66,62,65,61,63,63,60,56,65,68,56,16,10,9,10,8
8,9,8,0,0,0,51,55,51,59,66,64,59,62,71,64,65,56,57,58,52,14,13,9,0,7
7,5,0,0,0,13,61,47,55,56,50,12,50,59,62,62,69,65,56,56,38,11,11,8,0,0
0,0,0,0,0,11,55,51,54,51,63,61,59,64,65,59,60,56,54,56,32,11,10,7,0,0
0,0,0,0,0,11,52,47,51,75,63,63,62,66,67,64,59,51,52,53,14,9,8,9,0,0
0,0,0,0,0,11,43,52,36,78,68,70,72,73,75,69,62,57,54,55,13,11,9,9,7,0
0,0,0,0,0,10,51,54,47,65,77,81,90,86,86,69,65,59,58,57,14,10,9,6,10,7
0,0,0,0,0,9,18,50,30,61,71,74,86,82,75,67,62,56,54,52,12,9,9,7,7,0
0,0,0,0,0,9,12,37,14,60,68,73,78,75,68,66,61,56,52,36,11,10,8,0,0,6
0,0,0,0,0,0,13,14,30,58,65,70,74,65,65,66,59,57,52,50,17,11,9,0,0,0
0,0,0,0,0,0,8,0,13,50,55,54,59,57,56,51,31,17,11,8,7,0,0,0,0,0
0,0,0,0,0,0,29,13,44,57,59,60,66,63,66,62,57,54,50,50,28,10,9,9,9,0
0,0,0,0,0,0,11,32,57,69,70,66,73,71,72,65,64,58,56,55,21,12,9,10,9,8
0,0,0,0,0,0,19,51,65,85,79,76,79,81,77,75,68,68,67,60,52,23,14,12,13,10
0,0,0,0,0,12,37,56,75,102,84,78,80,76,75,74,68,68,66,61,53,40,21,14,12,12
0,6,6,0,0,16,55,59,74,93,84,85,89,85,81,78,71,70,67,60,54,35,17,7,11,10
10,12,11,6,0,33,57,62,83,98,98,97,97,102,104,90,84,87,77,64,54,13,13,39,42,40
8,11,11,9,6,54,64,67,85,97,100,90,84,97,99,85,81,85,83,85,75,60,56,58,62,58
0,11,8,8,7,52,61,63,80,92,98,91,83,93,98,95,77,72,71,64,54,36,14,11,11,12
6,12,15,10,9,40,57,60,81,99,104,95,83,78,84,88,73,73,68,62,53,41,36,29,29,25
8,15,16,9,6,25,56,62,78,89,97,83,81,73,73,75,80,76,69,65,58,50,38,30,29,16
5,7,10,7,0,16,54,59,74,84,93,81,78,63,62,67,74,77,70,63,58,45,27,23,14,12
6,8,7,6,0,11,54,57,73,84,93,81,75,58,61,67,73,75,71,61,56,45,23,23,14,13
0,0,0,5,0,11,51,55,72,82,84,76,69,54,59,65,70,70,71,61,54,39,15,13,12,10
0,7,0,0,0,10,51,53,67,79,80,75,64,52,58,63,68,69,67,61,53,29,14,13,10,9
0,0,0,0,0,8,51,51,63,76,76,70,59,52,53,59,64,66,62,58,51,13,11,10,8,7
0,0,0,0,0,0,45,51,58,74,74,69,57,52,52,58,62,63,60,56,50,12,9,8,10,6
0,6,0,0,0,0,33,41,57,72,70,66,56,51,52,58,61,62,60,55,50,12,8,9,7,8
0,0,0,0,0,12,13,31,56,70,70,65,52,31,52,56,59,61,54,46,27,11,8,6,0,0
0,0,0,0,0,0,46,51,53,71,79,61,52,40,44,54,60,73,62,53,43,12,12,8,8,0
8,9,0,0,0,12,59,59,64,104,130,73,57,56,58,60,70,134,87,60,56,45,13,9,10,10
0,9,0,0,0,13,54,53,57,90,92,60,54,56,54,57,65,96,72,57,52,19,12,10,0,0
0,0,0,0,0,0,27,19,51,69,62,53,40,42,47,51,52,57,56,51,21,7,7,0,0,0
0,0,0,0,0,8,14,11,51,63,56,50,25,10,12,38,50,50,51,25,13,9,0,0,0,0
0,0,0,0,0,9,13,14,28,54,51,16,12,11,11,27,36,41,33,21,10,8,8,0,0,0
0,0,5,0,0,5,11,9,12,53,41,7,11,9,12,10,12,14,9,11,7,0,0,6,0,0
0,0,0,0,0,0,8,5,6,37,19,7,6,0,0,9,12,14,12,9,8,0,6,0,5,0
13,22,20,14,32,130,333,149,78,81,72,70,73,70,72,73,66,65,76,105,98,59,51,50,35,31
23,51,54,54,59,122,350,200,95,84,76,80,88,81,93,98,91,86,106,560,204,72,63,56,54,53
12,17,16,13,11,64,82,105,57,52,62,67,67,75,74,68,64,64,105,172,95,53,50,32,27,16
6,12,10,8,10,39,58,13,11,60,66,62,65,61,64,64,61,55,65,67,56,18,10,9,10,8
8,10,8,0,0,0,51,55,51,59,66,63,59,61,70,65,65,56,57,58,52,14,13,8,0,7
7,5,0,0,0,13,61,47,55,56,50,11,47,59,63,62,69,65,55,56,38,11,11,8,0,0
0,0,0,0,0,11,55,51,53,51,62,60,59,64,64,59,60,55,53,56,35,11,10,7,0,0
0,0,0,0,0,11,52,44,50,75,64,63,62,65,67,65,58,52,52,53,14,9,8,10,0,0
0,0,0,0,0,11,43,52,33,79,68,69,71,72,75,69,61,57,54,54,13,11,9,9,6,0
0,0,0,0,0,10,50,54,44,66,77,81,90,86,86,70,66,58,57,57,14,11,8,6,10,7
0,0,0,0,0,10,16,52,25,62,70,74,85,83,76,67,62,56,54,51,11,9,8,7,7,0
0,0,0,0,0,9,11,35,14,60,68,73,79,75,69,66,61,56,52,38,11,10,8,0,0,7
0,0,0,0,0,0,13,14,30,58,65,70,75,64,66,66,59,57,52,50,17,11,9,0,0,0
0,0,0,0,0,0,8,0,13,50,54,54,59,57,56,51,31,17,12,8,7,0,0,0,0,0
0,0,0,0,0,0,27,13,44,57,59,60,67,63,66,62,57,54,50,50,28,10,9,9,9,0
0,0,0,0,0,0,11,32,56,68,69,66,73,71,72,65,64,58,56,55,21,12,9,9,9,8
0,0,0,0,0,0,19,51,65,85,79,75,80,81,78,75,67,68,68,61,52,19,14,12,13,10
0,0,0,0,0,13,35,56,75,102,84,77,80,76,75,74,68,68,66,61,53,38,19,14,13,12
0,0,6,0,0,16,55,58,74,93,84,85,89,85,82,78,71,71,68,60,54,35,16,6,11,11
10,12,11,6,0,33,56,62,83,98,99,97,97,102,103,91,84,88,77,64,54,13,13,41,42,41
8,11,11,9,6,54,63,67,85,97,100,90,84,96,98,85,81,85,82,85,75,60,56,58,62,58
0,11,8,8,7,52,61,64,80,93,98,90,83,93,98,95,77,73,71,64,55,36,14,10,11,13
6,13,15,10,8,42,57,60,81,99,104,94,83,78,84,89,73,73,67,62,53,42,36,29,30,25
8,15,16,8,6,25,56,62,78,89,97,83,81,73,74,76,80,76,69,65,59,48,37,31,29,17
0,7,10,7,0,16,54,59,74,85,93,81,78,63,63,67,74,77,70,63,58,47,25,26,15,12
6,8,7,6,0,11,54,57,72,85,93,81,76,58,61,67,73,75,71,61,56,45,25,23,15,13
0,6,0,5,0,11,51,55,72,82,83,75,69,53,59,65,70,70,71,61,54,41,14,13,12,10
0,8,0,0,0,10,51,53,67,79,80,75,65,53,57,64,68,68,68,61,53,25,13,13,10,9
0,0,0,0,0,8,50,51,63,76,76,70,60,52,53,60,64,66,63,58,51,13,11,11,9,7
0,0,0,0,0,0,42,51,58,73,74,68,57,52,52,58,62,63,60,56,50,12,9,9,10,6
0,6,0,0,0,0,27,43,57,72,70,66,56,51,53,58,61,63,60,55,47,11,8,9,7,8
0,0,0,0,0,12,14,32,56,70,70,65,52,30,52,56,59,60,53,46,27,11,8,6,0,0
0,0,0,0,0,0,45,51,52,72,78,61,51,40,44,54,60,72,61,53,42,12,10,8,7,0
7,9,0,0,0,12,58,59,64,104,130,73,57,56,58,60,70,134,87,60,56,45,13,9,10,10
0,9,0,0,0,14,54,53,57,90,92,60,54,56,54,57,65,96,72,57,51,19,11,9,0,0
0,0,0,0,0,0,27,19,51,69,62,53,42,37,50,50,53,57,56,51,21,7,6,0,0,0
0,0,0,0,0,8,14,12,50,63,56,47,25,10,12,40,50,50,51,25,13,9,0,0,0,0
0,0,0,0,0,9,13,14,26,54,51,16,12,11,11,27,33,41,33,21,10,8,8,0,0,0
0,0,5,0,0,5,11,10,12,53,41,7,11,9,12,10,12,14,9,11,7,0,0,6,0,0
0,0,0,0,0,0,8,5,6,37,17,7,6,0,0,9,12,14,12,9,7,0,6,0,5,0
13,22,18,13,34,130,333,150,78,81,72,70,73,70,72,74,66,64,75,105,98,59,51,50,35,27
25,50,54,54,58,122,350,200,96,84,77,80,88,80,93,98,90,86,105,560,204,71,63,57,54,52
12,18,17,14,11,64,81,105,57,52,62,68,68,75,74,68,64,63,104,172,95,52,50,35,29,14
6,12,10,9,10,39,57,13,11,60,66,62,64,61,64,64,60,55,65,67,56,21,10,8,10,8
8,9,8,0,0,0,50,56,51,59,65,63,59,62,70,65,65,56,56,58,52,14,13,8,0,7
7,5,0,0,0,12,61,47,55,57,50,11,50,60,62,63,68,64,55,56,41,12,11,8,0,0
0,0,0,0,0,11,56,51,53,52,63,60,59,64,64,60,60,55,53,56,35,11,10,7,0,0
0,0,0,0,0,11,51,50,50,74,64,63,62,65,67,66,57,51,52,53,14,9,8,10,0,0
0,0,0,0,0,11,40,53,33,77,67,70,72,72,74,69,61,56,53,55,14,10,9,9,7,0
0,6,0,0,0,10,50,54,44,66,77,81,90,85,86,70,66,57,57,56,13,11,9,6,10,6
0,0,0,0,0,10,16,52,22,62,70,73,86,83,77,67,62,56,54,52,12,9,9,7,8,0
0,0,0,0,0,9,11,40,15,60,68,72,79,75,68,66,61,55,52,36,12,10,8,0,0,0
0,0,0,0,0,0,13,15,35,59,65,70,75,65,66,66,58,56,52,50,17,11,9,0,0,0
0,0,0,0,0,0,7,0,14,51,54,54,60,56,55,51,30,16,12,8,7,0,0,0,0,0
0,0,0,0,0,0,26,14,44,57,59,60,67,63,66,62,56,53,50,48,31,10,9,9,9,0
0,0,0,0,0,0,12,30,56,68,69,66,73,71,72,65,64,57,56,55,23,12,9,9,9,7
0,0,0,0,0,0,17,51,64,85,79,75,80,82,77,75,67,67,68,61,52,17,14,12,13,10
0,0,0,0,0,12,37,56,75,102,84,78,80,76,75,74,68,68,66,60,53,38,19,14,13,11
0,0,0,0,0,15,55,58,75,93,84,85,89,85,82,78,71,70,68,60,54,34,14,6,12,10
10,13,11,6,0,31,56,62,83,98,99,97,97,102,102,91,84,87,77,64,55,13,13,41,44,38
8,11,11,9,6,54,63,66,85,97,99,90,85,97,99,85,81,84,82,85,75,60,56,58,63,58
0,11,8,8,7,52,61,64,80,93,98,91,83,93,98,95,77,72,72,64,55,38,14,11,11,12
6,13,15,10,8,41,57,60,81,100,103,94,83,78,84,89,74,72,68,62,53,42,37,30,30,22
8,15,16,8,6,26,55,62,78,89,96,83,82,73,74,76,80,75,70,65,58,50,40,31,29,16
0,8,10,7,0,16,54,59,74,85,93,81,77,63,63,68,74,77,70,62,58,45,23,28,15,12
6,7,7,6,0,11,54,57,72,85,93,81,76,58,61,67,73,75,71,61,56,38,26,25,15,13
0,6,0,0,0,11,51,56,72,82,83,75,70,54,59,66,70,70,71,61,55,41,14,13,13,9
0,8,0,0,0,10,51,53,67,79,80,75,64,53,58,64,68,68,67,61,53,25,14,13,11,8
0,0,0,0,0,8,50,51,63,75,75,70,60,52,53,60,64,65,62,57,51,13,11,10,9,6
0,0,0,0,0,0,47,51,58,73,74,68,57,52,52,58,62,63,60,56,50,12,9,8,10,5
0,5,0,0,0,0,27,45,57,72,70,66,56,51,53,59,61,62,60,55,50,12,7,9,7,8
0,0,0,0,0,12,14,34,56,70,70,66,52,31,52,56,59,60,53,44,27,11,8,6,0,0
0,0,0,0,0,0,45,51,52,71,78,61,52,41,44,54,60,72,61,53,43,12,11,8,8,0
7,9,0,0,0,12,58,59,64,104,130,73,57,56,58,60,70,133,87,60,55,40,13,9,10,9
0,9,0,0,0,13,54,53,57,90,92,60,54,55,54,58,64,95,72,57,51,17,11,10,0,0
0,0,0,0,0,0,30,19,51,69,61,53,47,35,50,51,52,57,55,51,21,7,6,0,0,0
0,0,0,0,0,8,14,12,50,63,56,47,25,10,12,45,50,48,51,25,13,10,0,0,0,0
0,0,0,0,0,9,13,14,26,55,50,16,12,11,11,30,33,39,30,23,10,8,8,0,0,0
0,0,5,0,0,5,11,9,12,53,40,7,11,9,12,10,12,13,9,11,7,0,0,6,0,0
0,0,0,0,0,0,8,5,6,37,16,7,6,0,0,9,12,14,12,10,8,0,6,0,5,0
