0,9,10,5,11,32,50,56,62,60,58,60,66,62,60,61,52,17,10,7,8,0,5,0,0,0
8,6,13,17,22,61,66,72,77,67,59,65,81,77,76,73,63,56,36,12,6,7,0,6,7,0
10,11,30,47,52,65,84,91,72,69,71,75,91,92,84,81,67,58,56,52,11,11,11,7,8,0
12,34,48,51,53,63,78,82,92,94,91,88,105,101,104,101,87,69,56,52,33,14,13,11,0,0
9,14,53,54,50,53,91,122,117,105,103,96,95,113,123,110,90,67,58,54,45,39,19,10,6,7
11,8,35,57,23,60,90,109,106,104,95,82,95,109,118,105,81,68,56,54,52,38,14,12,9,7
12,14,50,54,52,60,94,102,107,110,108,98,104,109,107,100,75,61,54,52,50,36,21,11,12,8
11,13,45,50,33,51,86,88,100,106,107,94,95,103,103,94,71,53,33,46,44,30,23,13,8,0
9,25,40,36,13,30,69,81,92,107,101,85,99,104,95,84,66,37,15,15,28,25,15,9,6,0
12,30,40,42,11,50,67,89,99,97,109,108,113,110,102,89,63,33,19,14,17,40,28,13,12,7
0,13,30,14,9,40,59,75,82,85,88,82,98,95,85,67,58,11,11,11,9,20,54,11,8,0
7,23,50,13,10,37,55,63,73,80,82,80,86,83,71,68,54,0,13,0,7,12,37,13,10,0
10,14,12,0,10,30,53,63,66,68,71,70,73,71,65,61,51,10,0,0,0,8,12,12,11,6
0,0,0,0,0,7,26,52,58,56,59,53,56,53,51,44,10,0,0,0,0,0,0,0,0,0
10,12,11,8,11,19,55,62,69,72,68,65,70,66,66,65,54,11,10,6,7,0,0,7,10,9
6,10,16,12,12,37,61,74,73,71,71,68,71,72,74,64,57,22,12,7,8,7,6,0,6,0
7,10,11,14,14,51,73,77,83,80,76,72,76,80,71,70,60,51,13,5,0,0,0,0,6,0
13,21,33,34,51,62,84,97,108,112,102,90,100,98,92,85,73,60,50,13,9,11,10,7,0,6
16,36,50,53,57,75,96,108,120,129,121,124,118,111,98,89,76,64,54,18,13,12,8,0,0,0
35,42,53,57,62,81,101,118,131,130,138,136,122,125,110,98,88,84,71,58,40,10,38,50,50,31
32,51,55,59,64,84,113,124,128,132,140,134,124,127,112,99,96,82,67,57,58,55,55,54,55,50
29,35,54,59,67,78,98,114,125,127,121,109,118,117,107,98,84,74,58,52,19,10,8,9,0,5
25,41,50,51,63,76,91,99,115,122,110,93,100,100,97,95,79,68,51,39,30,15,13,9,0,0
40,53,57,55,63,79,84,83,97,90,82,76,81,89,91,81,82,65,55,41,26,8,12,6,7,7
26,52,52,52,56,64,66,67,77,68,65,67,66,73,73,68,65,62,50,14,11,12,11,10,0,0
16,51,38,50,50,55,56,55,65,64,59,62,63,65,67,63,60,57,44,11,8,9,6,9,0,0
15,15,48,25,25,48,52,52,57,57,58,58,59,63,63,60,57,50,19,8,0,6,6,7,0,0
10,10,13,11,11,21,33,35,55,52,55,55,56,61,61,58,54,33,11,7,6,0,5,6,0,0
0,8,7,8,7,12,11,14,50,50,50,50,54,58,56,55,51,14,6,0,0,0,0,0,0,0
8,10,7,0,8,14,15,27,50,31,50,50,53,57,55,54,47,11,0,0,0,0,0,0,0,0
9,12,12,12,11,13,30,15,50,38,50,50,53,55,55,54,50,11,0,0,0,0,0,0,0,0
7,11,12,13,14,38,45,43,51,26,51,41,54,52,51,53,29,7,0,0,0,0,0,0,0,0
0,12,13,22,38,40,51,52,52,40,49,50,56,51,48,49,37,12,0,0,0,0,0,0,0,0
8,11,10,10,13,47,52,58,60,59,60,56,59,58,51,53,50,14,8,0,0,0,6,0,0,0
8,11,11,0,10,32,51,53,59,61,78,61,59,53,53,53,51,11,0,0,0,5,6,0,0,0
6,9,5,0,9,13,40,47,53,52,55,57,57,52,50,52,37,13,0,0,0,0,0,0,0,0
7,4,0,0,10,13,38,41,52,45,55,57,62,52,51,52,45,13,8,0,0,0,0,0,0,0
0,7,0,6,7,11,14,13,22,28,48,50,57,39,48,51,34,11,9,5,0,0,0,0,0,0
0,9,3,7,0,11,12,10,15,13,13,44,64,32,41,50,28,11,8,0,0,0,0,5,0,0
0,0,0,8,0,0,8,7,6,7,7,21,53,26,35,38,20,10,6,0,0,0,6,0,5,0
0,9,10,6,11,34,51,56,62,60,57,60,66,62,60,60,52,17,11,7,8,0,5,0,0,0
8,6,13,16,22,61,66,72,77,68,59,65,82,77,75,73,63,56,36,13,6,7,5,6,7,0
10,12,29,45,52,65,84,91,72,69,71,75,92,91,85,81,67,59,56,52,11,11,11,7,9,0
13,33,48,51,54,63,78,82,92,95,90,88,106,102,104,102,87,69,57,52,33,14,14,11,0,0
9,14,53,54,50,53,92,123,118,105,102,96,96,113,123,110,90,67,58,53,47,37,19,10,6,7
11,8,33,57,27,60,91,109,106,105,95,83,95,109,118,105,81,68,56,54,52,36,14,12,9,7
12,14,50,55,52,60,93,102,108,110,107,98,105,109,107,100,75,61,54,52,50,36,17,11,12,7
11,13,47,51,36,51,86,88,100,106,107,94,96,104,103,93,70,52,36,43,44,30,19,13,8,0
10,23,42,33,13,36,69,81,92,108,101,85,100,104,96,84,65,37,15,15,25,23,15,9,7,0
12,30,40,40,11,50,67,90,99,97,110,108,113,110,102,89,63,33,23,14,17,43,31,13,12,7
0,13,30,15,9,43,59,75,81,85,87,82,99,96,85,67,58,12,11,11,9,14,54,11,9,0
8,23,50,12,10,37,55,63,73,80,82,80,87,82,72,68,55,0,13,0,7,11,40,13,10,0
10,14,12,0,10,30,53,64,66,68,71,70,74,71,66,61,51,9,0,0,0,8,12,12,11,6
0,0,0,0,0,7,26,52,58,57,59,53,55,53,51,44,10,0,0,0,0,0,0,0,0,0
10,11,11,8,11,19,55,62,69,72,68,65,70,66,66,66,53,12,10,6,7,0,0,7,10,9
7,9,15,12,12,37,60,74,73,71,70,69,71,71,74,63,57,20,13,7,8,7,6,5,7,0
8,10,11,14,14,52,73,77,82,80,76,72,76,80,72,70,60,50,13,5,0,0,0,0,6,0
14,23,33,34,51,62,84,98,107,112,102,90,100,98,91,85,73,61,50,13,9,11,9,7,0,6
18,38,50,53,57,75,96,109,120,130,121,125,119,111,98,89,76,64,55,18,13,12,8,0,7,0
36,42,53,57,62,81,101,118,131,130,138,136,122,125,110,98,88,84,70,57,40,10,34,50,50,30
33,50,55,59,64,84,113,125,128,132,141,134,126,126,111,100,96,82,67,56,57,55,55,54,56,50
29,35,54,59,67,78,98,114,126,128,122,109,119,117,106,98,84,74,58,52,17,10,8,9,0,6
26,41,50,52,63,76,91,100,115,121,111,94,100,100,97,95,78,67,51,38,30,15,13,8,0,0
42,53,57,55,63,79,84,83,97,90,82,76,82,89,91,81,81,65,55,38,25,8,12,6,8,7
30,52,51,53,56,64,66,67,77,68,65,68,67,73,73,68,65,62,50,14,10,11,12,10,5,0
18,51,38,50,50,55,56,55,64,64,60,62,64,64,67,63,60,57,48,11,8,8,6,9,0,0
16,15,44,26,25,46,52,53,57,57,58,58,59,62,63,61,57,50,19,8,0,6,6,7,0,0
11,10,13,11,11,21,33,36,55,52,55,55,56,61,60,58,54,35,12,7,7,0,6,6,0,0
0,8,7,8,7,13,11,15,50,47,50,50,54,57,56,55,51,14,6,0,0,0,0,0,0,0
9,10,7,0,8,13,15,29,50,34,50,50,53,56,54,54,50,11,0,0,0,0,0,0,0,0
10,12,12,12,11,13,30,15,50,38,47,50,53,55,55,54,50,11,0,0,0,0,0,0,0,0
8,11,12,13,15,36,42,43,51,25,50,42,55,52,51,52,27,8,0,0,0,0,0,0,0,0
5,12,13,22,39,41,51,53,52,40,50,50,56,52,48,50,37,12,0,0,0,0,0,0,0,0
8,11,10,10,13,50,52,58,60,60,60,56,60,57,51,53,50,14,8,0,0,0,7,0,0,0
8,11,11,0,10,32,52,54,59,62,79,61,60,53,53,53,51,11,0,0,0,5,6,0,0,0
0,9,5,0,9,13,40,50,53,52,55,57,58,52,50,52,35,13,0,0,0,0,0,0,0,0
7,0,0,0,10,13,38,43,52,43,54,57,62,52,51,52,45,12,8,0,0,0,0,0,0,0
0,7,0,6,7,11,14,13,19,31,50,51,58,39,48,51,34,11,9,5,0,0,0,0,0,0
0,9,0,7,0,12,12,11,14,13,13,48,64,32,41,50,26,11,8,0,0,0,0,5,4,0
0,0,0,8,0,0,8,7,6,8,7,21,54,25,36,38,19,10,6,0,0,0,5,0,5,0
0,9,10,6,11,32,51,57,62,60,57,60,66,61,60,61,52,15,11,7,8,0,5,0,0,0
9,6,13,17,23,60,65,72,76,68,59,65,81,76,75,73,63,56,36,13,6,7,6,6,7,0
11,12,30,44,51,65,84,91,72,69,71,75,92,91,84,81,67,58,56,52,12,11,11,7,9,0
13,33,48,51,53,63,78,82,92,95,90,88,106,101,104,102,87,69,57,52,33,14,14,11,0,0
9,14,54,54,50,53,91,123,118,104,103,97,95,113,123,110,90,67,58,53,47,37,17,10,6,7
11,8,35,57,31,60,91,108,106,105,95,82,95,108,118,106,81,68,56,55,52,41,14,12,10,7
13,14,50,55,51,60,93,102,107,110,108,98,104,108,107,100,75,61,54,52,50,38,19,12,13,8
12,13,50,50,33,51,84,88,100,106,107,94,95,103,103,92,71,52,33,40,41,30,17,13,8,0
11,27,40,33,14,36,69,81,91,107,101,85,100,104,96,83,65,40,15,20,28,23,15,9,7,0
12,30,42,40,11,50,67,90,98,97,110,107,113,110,103,89,63,30,21,17,17,43,28,13,12,7
0,14,32,15,9,40,59,75,81,85,88,82,99,96,84,67,58,12,11,11,9,14,54,11,9,0
8,26,47,12,10,40,55,63,73,79,82,80,87,82,72,67,54,0,12,0,7,11,40,14,11,0
10,14,12,0,10,33,53,63,66,69,71,70,74,70,66,62,50,10,0,0,0,8,12,13,11,6
0,0,0,0,0,7,26,52,57,56,59,53,55,53,51,43,9,0,0,0,0,0,0,0,0,0
10,12,10,8,12,19,54,62,68,71,68,65,70,66,66,66,54,12,10,6,7,0,0,7,10,9
6,10,16,12,12,35,60,74,73,71,70,69,71,71,74,63,56,20,13,7,7,0,0,5,7,0
8,10,11,14,14,52,73,77,82,80,75,72,76,80,72,70,60,51,13,5,0,0,0,0,6,0
14,25,33,36,51,62,84,97,107,111,102,91,100,97,91,85,73,61,50,13,9,11,10,7,5,6
18,41,50,53,57,75,97,110,120,129,119,125,119,111,98,90,76,64,55,15,13,12,8,0,7,0
35,44,53,57,62,81,101,118,130,130,138,137,122,124,110,98,88,84,70,57,42,10,38,50,51,31
33,50,55,59,64,84,113,124,128,132,140,134,125,125,111,100,95,82,67,57,58,55,55,54,56,50
30,36,54,59,67,78,98,114,126,127,122,110,119,117,106,97,85,74,59,52,16,10,8,9,0,6
25,42,50,51,63,76,90,100,115,121,110,94,100,100,97,95,78,67,51,38,30,15,13,9,7,0
42,53,58,55,63,79,84,84,96,89,82,76,82,89,91,82,81,64,55,36,26,8,12,6,8,7
30,52,52,53,55,64,66,68,77,68,65,67,66,73,73,67,65,62,50,14,10,11,12,10,4,0
18,52,36,50,50,56,56,55,64,64,60,63,64,64,67,63,59,57,48,11,9,8,6,9,0,0
16,16,46,26,25,48,52,53,57,57,58,58,59,62,63,61,56,50,19,8,0,6,6,8,0,0
11,10,13,11,11,21,29,36,55,52,55,54,56,61,60,58,54,35,11,7,6,0,5,6,0,0
0,9,7,9,7,13,11,15,50,50,50,50,54,57,56,55,50,13,6,0,0,0,0,0,0,0
9,10,8,0,8,14,14,34,50,31,50,50,53,56,55,54,50,11,0,0,0,0,0,0,0,0
10,13,12,12,11,14,27,15,47,38,50,51,53,55,55,54,50,11,0,0,0,0,0,0,0,0
8,11,12,13,15,36,42,43,50,23,50,42,54,52,51,52,26,8,0,0,0,0,0,0,0,0
6,12,13,22,38,43,51,53,52,41,49,50,56,51,47,50,38,13,0,0,0,0,0,0,0,0
8,11,10,10,13,50,52,58,60,60,61,56,60,57,52,53,50,14,7,0,0,0,7,0,0,0
8,10,11,0,10,32,51,53,58,62,78,60,60,53,53,53,51,11,0,0,0,5,6,0,0,0
0,9,5,0,9,14,40,50,53,52,55,57,57,51,50,52,32,13,0,0,0,0,0,0,0,0
7,5,0,0,9,13,38,43,51,40,54,57,63,51,51,52,45,12,8,0,0,0,0,0,0,0
0,8,0,6,7,11,14,13,17,31,46,51,58,35,48,51,33,11,9,5,0,0,0,0,0,0
0,10,0,7,0,12,12,11,13,13,14,48,64,32,43,50,25,11,8,0,0,0,0,5,5,0
0,0,0,8,0,0,8,7,6,7,7,22,54,23,35,36,19,10,6,0,0,0,5,0,5,0
0,9,9,6,10,31,51,57,62,60,57,60,65,60,61,61,51,17,11,7,8,0,5,0,0,0
9,7,12,17,20,60,66,72,76,68,59,65,81,76,74,73,62,56,36,13,7,7,6,6,7,0
11,12,30,45,51,65,85,91,72,69,71,75,91,90,84,81,67,59,56,52,12,11,11,7,9,0
13,32,50,52,53,63,78,81,92,95,90,87,105,101,103,102,86,69,57,52,35,14,14,11,0,0
9,16,54,55,50,52,91,123,118,104,104,97,95,114,123,110,89,67,58,53,50,37,17,10,7,7
11,8,37,57,31,60,90,109,106,104,95,83,95,109,117,105,81,68,56,54,52,41,15,12,10,7
13,14,50,55,51,61,93,102,108,110,107,98,105,107,107,100,75,61,54,52,50,38,21,11,13,8
12,13,47,51,33,50,85,88,100,106,107,94,95,103,103,92,71,53,36,40,41,27,19,12,8,0
11,25,40,33,13,27,69,81,92,107,101,86,100,104,96,83,65,40,17,20,23,25,15,9,7,0
12,27,45,40,11,46,67,89,98,96,110,107,113,110,103,89,63,30,23,15,17,50,28,12,12,6
0,14,35,19,9,40,58,75,81,84,87,82,98,96,84,67,56,11,11,11,9,17,54,11,9,0
8,26,50,12,11,37,55,63,73,79,82,80,87,81,72,67,54,7,13,0,7,11,42,13,10,0
10,14,12,0,9,33,54,63,66,68,71,70,74,70,66,61,50,9,0,0,0,8,12,13,11,6
0,0,0,0,0,0,27,52,57,56,58,54,55,53,51,44,9,0,0,0,0,0,0,0,0,0
10,12,10,9,11,17,55,62,68,71,68,66,70,66,66,65,53,12,10,0,8,0,0,7,10,9
6,9,16,12,12,33,60,74,74,71,70,69,71,71,74,63,56,22,13,7,7,0,0,0,8,6
8,10,12,15,14,52,73,77,82,80,75,73,76,80,72,70,60,50,13,5,0,0,0,0,6,0
14,23,33,36,51,62,85,98,106,111,102,91,100,98,92,84,73,60,50,13,9,10,10,7,0,6
20,40,50,54,56,75,97,109,120,129,119,124,119,110,98,89,76,64,55,15,12,12,8,0,0,0
36,44,54,57,62,81,101,118,130,130,138,137,121,124,110,98,88,84,70,57,42,11,38,50,51,28
33,50,55,59,64,84,113,125,128,131,139,134,125,125,111,99,95,82,67,56,58,56,55,54,55,50
32,35,53,59,67,78,98,115,126,127,121,109,118,117,107,97,85,74,59,51,15,10,8,9,0,6
25,41,50,51,63,76,90,100,115,120,110,94,100,99,97,95,78,67,50,37,31,15,13,9,0,0
44,53,57,55,62,79,84,84,96,89,82,76,82,89,91,82,81,65,55,35,26,8,12,6,8,7
32,52,52,52,55,64,66,67,77,68,65,67,67,73,73,67,65,62,50,14,10,11,12,10,4,0
18,51,35,50,50,56,56,55,64,63,60,63,64,64,67,62,59,58,48,11,9,8,6,9,0,0
16,15,44,28,23,46,52,53,57,57,58,58,59,62,63,60,56,50,17,8,0,6,6,8,0,0
11,10,14,11,10,21,29,36,55,52,55,54,56,61,59,58,54,35,11,7,6,0,6,6,0,0
0,9,7,9,7,13,11,18,50,50,51,51,54,57,56,55,50,14,7,0,0,0,0,0,0,0
9,10,8,0,8,13,15,36,50,29,50,50,53,56,54,53,50,11,0,0,0,0,0,0,0,0
10,13,12,13,11,14,27,15,50,38,50,51,53,55,55,54,47,11,0,0,0,0,0,0,0,0
8,11,12,13,15,38,44,46,50,21,50,42,54,52,51,52,26,8,0,0,0,0,0,0,0,0
6,12,13,22,38,43,51,52,52,40,50,50,56,51,47,50,38,13,0,0,0,0,0,0,0,0
8,11,10,10,13,50,52,58,60,60,61,56,60,57,52,53,50,14,7,0,0,0,6,0,0,0
8,11,11,0,10,32,51,53,59,61,78,60,60,53,52,53,51,11,6,0,0,5,6,0,0,0
6,9,5,0,9,14,37,47,52,51,55,58,57,51,45,51,32,13,0,0,0,0,0,0,0,0
8,4,0,0,9,13,36,41,51,38,54,57,63,51,51,52,42,12,9,0,0,0,0,0,0,0
0,8,0,6,7,11,14,13,17,30,46,51,58,35,48,51,31,11,8,5,0,4,4,0,0,0
0,9,0,7,0,11,13,11,14,13,14,48,64,34,41,48,22,11,9,0,0,0,0,5,5,0
0,0,0,8,0,0,8,7,6,7,7,21,54,26,33,36,20,10,6,0,0,0,6,0,5,0
0,9,9,6,11,30,51,57,62,60,57,60,65,61,60,61,51,15,11,7,8,0,5,0,0,0
8,7,12,16,20,60,66,72,77,69,59,66,81,76,74,73,62,56,36,13,7,8,6,6,7,0
11,12,32,47,52,64,85,91,72,69,71,75,90,91,84,81,67,58,55,52,13,11,11,6,9,0
13,32,47,51,53,63,78,82,92,95,90,87,105,102,103,102,87,69,57,53,39,14,13,12,0,0
9,16,54,55,50,53,91,123,118,105,103,97,95,114,124,110,89,67,59,54,50,37,17,10,7,7
11,8,37,57,29,60,90,108,106,104,94,83,95,108,118,105,81,67,56,55,52,41,15,12,10,7
13,14,50,55,51,61,93,102,108,110,107,99,105,107,107,100,75,60,54,53,51,38,19,12,13,8
12,13,45,50,36,50,84,88,100,106,107,94,94,102,104,93,71,52,33,40,47,27,17,12,8,0
10,21,42,33,13,27,69,81,92,107,101,86,100,105,96,84,66,37,17,22,23,25,14,9,7,0
13,27,47,35,12,50,66,90,98,96,110,107,112,110,103,89,63,30,21,17,17,50,28,12,12,6
0,14,37,17,9,40,58,75,81,84,88,82,97,97,84,68,56,10,11,11,10,22,53,11,9,0
8,28,50,13,10,34,55,64,74,79,82,80,87,82,72,67,55,0,12,0,7,12,42,14,10,0
10,14,12,0,9,36,54,63,66,67,71,70,74,70,66,62,50,9,0,0,0,8,12,13,11,6
0,0,0,0,0,0,26,51,58,55,59,53,55,53,51,47,9,0,0,0,0,0,0,0,0,0
10,12,11,9,11,19,55,62,68,71,67,66,69,66,66,66,53,11,10,0,8,0,0,7,10,9
6,9,16,12,12,35,61,74,74,71,70,69,71,72,74,63,56,22,13,7,7,0,0,0,8,6
8,10,12,14,14,51,73,77,82,80,76,73,76,79,73,70,60,50,13,5,0,0,0,0,6,0
14,23,31,38,51,62,85,98,107,111,103,92,100,98,92,85,72,60,50,13,10,11,9,7,5,6
23,40,50,54,57,75,97,108,120,128,119,125,119,111,98,89,76,64,55,16,13,12,8,0,7,0
38,44,54,57,62,81,101,118,130,129,138,137,121,124,109,98,87,84,69,57,46,11,36,45,51,26
31,50,55,59,64,85,113,124,128,131,138,135,125,126,111,100,95,81,67,57,58,56,55,54,56,50
33,36,53,59,67,78,98,115,126,126,122,110,118,116,107,97,85,74,59,51,17,9,8,9,0,6
25,42,50,51,63,76,90,100,115,120,110,93,99,100,98,96,78,67,51,37,31,15,13,8,0,0
46,53,58,55,63,79,84,84,97,89,82,76,82,89,91,82,82,65,55,35,31,8,12,6,8,6
32,52,52,52,55,64,66,66,77,67,65,68,66,73,72,67,65,62,51,14,10,11,12,10,0,0
16,51,35,50,50,55,56,56,64,63,60,63,64,64,67,62,59,58,48,11,9,8,6,9,0,0
15,16,46,26,23,48,52,52,57,57,58,58,58,62,63,61,55,50,17,9,0,6,6,8,0,0
10,10,14,11,10,25,29,40,55,52,55,54,56,61,59,58,54,35,11,7,7,0,6,6,0,0
0,9,7,8,7,13,11,18,50,45,51,50,53,57,56,55,50,13,7,0,0,0,0,0,0,0
9,10,8,0,8,13,14,36,50,27,50,51,53,57,55,53,50,11,0,0,0,0,0,0,0,0
10,13,12,12,11,14,33,14,47,38,50,51,52,55,55,55,41,11,0,0,0,0,0,0,0,0
8,11,12,13,15,36,44,46,50,20,48,42,54,52,51,52,25,8,0,0,0,0,0,0,0,0
6,12,13,21,38,44,51,52,52,39,50,50,57,51,47,50,36,13,0,0,0,0,0,0,0,0
7,11,10,10,13,50,52,58,60,59,61,56,59,57,52,53,47,14,7,0,0,6,6,0,0,0
8,11,11,0,10,32,51,53,59,62,79,60,61,53,52,53,50,11,7,0,0,6,6,0,0,0
0,9,5,0,9,14,35,45,52,51,55,57,57,51,45,51,32,13,0,0,0,0,0,0,0,0
8,4,0,0,9,13,36,41,51,40,54,57,63,52,51,53,42,12,9,0,0,0,0,0,0,0
0,7,0,6,7,11,14,14,19,28,47,51,58,37,48,51,31,11,8,6,0,4,4,0,0,0
0,9,0,7,0,11,13,11,14,13,14,48,64,35,41,50,22,10,9,0,0,0,0,5,4,0
0,0,0,8,0,0,8,8,6,7,7,21,54,25,35,38,19,10,6,0,0,0,5,0,5,0
0,9,10,5,11,27,50,57,61,60,56,59,65,61,60,62,52,14,11,7,8,0,6,0,0,0
8,7,12,15,20,60,65,72,77,68,59,65,81,76,75,74,62,55,38,13,6,8,6,6,7,0
11,12,32,47,52,64,84,91,72,69,71,76,90,91,83,81,67,58,55,52,12,11,11,7,9,0
12,35,48,51,52,63,78,82,92,94,91,87,105,102,103,103,87,70,58,53,39,14,13,12,0,0
9,17,54,55,50,53,91,123,119,105,103,96,95,113,124,109,89,66,59,54,50,37,17,10,7,8
11,8,39,57,27,60,89,109,107,104,94,83,95,109,118,105,81,68,56,54,51,41,14,12,9,7
13,14,50,54,51,60,92,102,107,110,108,98,105,107,107,100,76,61,55,53,51,36,21,12,12,8
11,13,45,50,36,51,84,87,100,106,107,94,94,103,103,93,71,53,36,40,44,30,17,12,0,0
10,21,42,30,13,27,69,81,93,107,101,87,100,105,96,84,66,34,20,20,21,28,14,9,7,0
12,30,47,37,12,50,66,90,99,97,110,107,111,110,103,89,64,27,23,17,15,50,25,13,12,6
0,15,35,15,10,37,58,75,81,84,88,83,96,96,84,68,56,10,12,10,10,25,53,12,9,0
8,30,50,13,11,31,55,64,74,79,81,80,86,82,72,67,55,0,13,0,7,11,40,14,11,0
10,15,13,0,9,33,53,63,66,68,71,70,73,70,66,62,50,9,0,0,0,8,12,13,11,6
0,0,0,0,0,0,26,51,58,55,59,53,55,53,51,47,10,0,0,0,0,0,0,0,0,0
10,12,11,9,11,19,56,62,68,71,67,66,69,66,66,66,54,11,10,6,7,0,0,7,10,9
6,9,18,12,12,35,61,75,73,71,70,69,72,72,74,63,57,27,13,6,7,0,0,0,8,6
8,10,12,14,14,51,73,77,82,80,75,73,75,80,72,70,60,51,13,5,0,0,0,0,6,0
14,21,33,36,51,62,84,98,107,110,102,92,100,98,91,85,72,60,50,13,9,11,9,7,5,6
23,40,50,54,57,75,97,109,120,128,119,124,119,111,98,89,75,64,55,16,13,12,8,0,7,0
38,42,54,57,62,81,101,118,130,130,137,136,121,123,110,98,88,84,69,57,42,11,36,47,50,31
30,50,55,59,64,84,112,123,127,131,137,135,124,126,110,99,95,81,67,57,57,56,54,54,55,50
32,36,53,59,67,78,98,115,126,126,121,109,117,116,107,98,85,74,59,51,15,10,8,9,0,6
24,42,51,51,63,76,90,99,115,120,108,93,99,99,98,96,78,67,51,37,28,16,13,9,0,0
46,54,57,55,63,79,84,84,96,89,82,76,82,89,91,82,82,64,55,36,31,8,12,6,7,6
28,51,52,52,55,64,66,66,76,67,65,68,66,73,72,67,65,62,51,14,10,12,12,10,0,0
15,51,36,50,50,55,56,56,64,63,60,63,63,64,66,62,59,57,46,11,8,8,6,9,0,0
14,15,46,26,23,48,52,52,57,57,58,58,59,62,63,61,56,50,17,8,0,6,6,8,0,0
10,10,14,12,10,23,29,40,55,52,54,55,56,61,60,58,54,31,11,7,6,5,5,6,0,0
0,9,7,8,7,13,11,16,50,47,51,51,53,57,56,55,51,13,7,0,0,0,0,0,0,0
9,10,8,0,8,13,14,38,50,29,50,51,54,57,55,54,50,11,0,0,0,0,0,0,0,0
10,13,12,12,11,14,30,16,47,40,50,51,52,55,54,54,41,11,0,0,0,0,0,0,0,0
8,12,12,13,14,36,45,46,50,23,50,42,54,52,52,52,26,8,0,0,0,0,0,0,0,0
6,12,14,21,38,44,50,51,52,39,48,50,57,51,47,50,35,12,0,0,0,0,0,0,0,0
7,11,10,10,13,50,52,59,60,59,61,57,59,57,52,53,47,13,7,0,0,6,6,0,0,0
8,11,11,0,10,35,51,53,59,62,78,60,60,53,52,53,50,11,7,0,0,6,6,0,0,0
0,10,5,0,9,14,37,45,52,51,55,57,57,51,45,51,35,13,0,0,0,0,0,0,0,0
7,5,0,0,9,13,34,43,52,43,55,57,62,52,51,53,42,12,9,0,0,0,0,0,0,0
0,7,0,6,7,11,15,13,22,27,46,51,57,37,48,51,33,11,8,6,0,5,4,0,0,0
0,9,3,7,0,11,12,11,14,13,14,46,63,35,41,50,23,10,9,0,0,0,0,5,4,0
0,0,0,8,0,0,8,8,6,7,7,22,53,26,33,41,20,9,6,0,0,0,5,0,5,0
0,9,10,5,11,28,50,57,62,59,57,60,65,61,60,62,52,14,11,7,8,0,6,0,0,0
7,6,13,16,22,60,65,72,78,68,59,65,81,77,75,73,62,55,36,12,7,8,6,6,6,0
10,11,32,48,52,64,85,91,72,69,71,76,90,92,83,81,66,57,55,51,12,11,11,6,9,0
11,35,50,50,53,63,78,82,92,94,91,87,104,102,103,103,87,70,57,53,39,14,13,12,0,0
9,17,54,54,50,53,91,123,119,105,102,96,94,114,124,109,89,66,59,54,51,39,16,10,6,7
11,7,39,57,25,60,89,109,108,104,94,83,95,109,118,105,81,67,57,54,50,38,14,11,9,7
12,14,50,54,51,60,93,102,107,110,107,98,105,108,107,101,75,60,55,53,51,36,23,11,12,7
10,13,45,50,41,51,86,87,100,106,107,94,94,103,104,93,71,52,36,43,47,30,14,12,0,0
10,18,42,27,13,25,69,81,93,108,101,87,100,104,96,84,66,34,20,15,23,28,14,8,7,0
12,25,47,35,12,51,66,90,100,98,109,108,111,110,102,89,64,27,23,15,14,50,25,12,12,5
0,14,37,15,10,40,58,75,81,84,88,83,96,96,85,68,56,10,12,10,10,27,52,11,8,0
8,26,51,13,11,34,54,63,74,79,81,80,86,82,72,67,55,0,13,0,7,12,37,14,10,0
9,15,13,0,9,30,54,63,66,67,71,70,73,70,66,62,50,8,0,0,0,8,12,12,11,0
0,0,0,0,0,7,25,52,58,56,59,53,55,54,51,48,10,0,0,0,0,0,0,0,0,0
10,12,11,9,11,19,56,62,68,71,67,66,68,66,66,65,53,11,10,0,8,0,0,7,10,8
6,9,16,12,12,37,61,75,73,71,70,69,71,72,74,63,57,27,12,7,7,0,6,0,7,0
8,9,12,14,14,52,73,77,82,79,76,73,75,80,72,70,60,51,13,5,0,0,0,0,6,0
13,20,33,27,51,62,84,98,108,110,102,92,100,98,91,85,72,59,50,12,9,11,9,7,0,6
23,35,50,54,57,75,97,109,120,128,120,125,119,111,98,89,75,64,55,18,13,13,8,0,7,0
36,39,54,56,62,81,101,118,131,129,137,136,121,125,109,97,87,84,70,57,44,11,34,43,50,30
28,50,55,59,64,84,112,124,128,130,138,135,124,126,110,100,95,81,67,56,57,56,54,54,55,50
32,36,53,58,67,78,97,114,126,126,121,109,117,116,107,98,84,74,59,51,16,10,8,8,0,6
24,42,51,50,63,76,90,100,115,121,109,93,99,99,97,96,78,67,51,36,29,15,13,8,0,0
46,53,57,55,63,79,84,83,97,89,82,76,81,88,90,81,82,64,55,36,31,8,12,6,7,6
25,51,52,51,56,64,66,66,76,67,65,68,66,73,72,67,64,62,51,14,10,11,11,10,0,0
14,51,36,50,50,55,56,56,64,63,59,63,63,64,66,62,59,57,48,12,8,8,0,9,0,0
14,14,46,23,25,48,52,52,57,57,58,58,59,63,63,61,56,50,17,8,0,6,6,8,0,0
10,10,14,12,10,25,31,38,55,52,55,55,56,62,59,58,54,35,11,7,7,0,5,6,0,0
0,9,7,8,8,13,11,18,51,45,51,51,53,58,56,55,51,13,7,0,0,0,0,0,0,0
9,10,8,0,8,13,14,31,50,31,50,51,53,57,55,54,50,11,0,0,0,0,0,0,0,0
9,13,12,12,11,14,30,18,50,38,50,51,52,55,54,54,38,10,0,0,0,0,0,0,0,0
8,11,12,13,15,36,45,50,50,25,50,44,53,52,52,52,26,7,0,0,0,0,0,0,0,0
5,12,14,20,38,43,51,51,51,39,48,50,56,52,48,51,34,11,0,0,0,0,0,0,0,0
7,11,10,10,13,50,52,59,60,59,61,57,59,58,52,53,47,13,7,0,0,6,0,0,0,0
8,11,11,0,10,32,51,54,59,62,79,60,60,53,52,54,50,11,7,0,0,6,6,0,0,0
0,9,5,0,9,14,35,47,52,51,55,57,57,51,47,51,37,12,0,0,0,0,0,0,0,0
7,0,0,0,10,13,31,43,52,45,54,58,62,52,51,52,42,12,9,0,0,0,0,0,0,0
0,7,0,6,7,11,16,13,23,27,43,51,57,39,48,50,33,11,9,6,0,5,0,0,0,0
0,9,3,7,0,11,12,11,14,13,14,48,63,36,43,50,23,10,9,0,0,0,0,5,0,0
0,0,0,8,0,0,8,8,6,7,7,23,53,25,35,41,20,9,6,0,0,0,5,0,5,0
0,9,10,0,11,30,50,57,62,60,57,60,65,62,60,61,52,14,10,7,8,0,5,0,0,0
7,6,13,16,22,60,65,73,78,68,59,65,81,77,75,73,62,55,36,12,6,8,6,6,6,0
10,11,33,47,52,64,84,91,72,70,71,76,91,92,83,80,67,57,55,51,12,11,11,7,8,0
11,35,50,50,53,63,77,82,92,94,91,87,104,102,103,103,87,70,57,52,37,14,13,12,0,0
9,16,54,54,50,53,91,124,119,105,102,96,95,113,123,109,88,66,59,54,50,37,17,10,6,7
11,7,39,56,23,60,89,109,108,104,94,83,95,109,118,106,81,67,56,54,50,36,13,11,9,0
12,14,50,54,51,59,91,102,108,110,108,98,105,109,106,101,75,60,55,53,50,36,23,11,12,8
10,13,45,50,44,51,84,87,100,105,107,95,94,104,104,93,71,52,36,46,50,32,15,12,0,0
10,21,42,25,13,27,69,81,93,107,102,87,99,104,96,84,66,34,20,15,25,25,14,8,7,0
11,27,50,32,12,50,66,90,100,99,110,109,112,111,102,89,64,33,23,19,15,43,22,12,12,6
0,14,40,14,10,40,58,76,81,85,88,84,97,96,85,68,57,10,12,10,10,27,52,12,9,0
8,25,51,12,11,34,54,63,74,79,82,80,86,83,72,67,55,0,13,0,7,11,35,14,10,0
9,16,12,0,10,27,53,62,66,67,71,70,73,70,66,62,50,9,0,0,0,8,12,12,11,6
0,0,0,0,0,7,23,52,58,56,59,53,56,54,51,44,10,0,0,0,0,0,0,0,0,0
10,12,10,9,11,19,55,62,68,71,68,66,68,67,66,66,54,11,10,0,7,0,0,7,10,8
6,9,16,11,13,37,60,75,73,71,70,68,71,72,75,64,57,25,13,7,7,0,6,0,7,0
8,9,12,14,14,51,72,77,83,79,76,73,76,80,71,70,60,51,13,5,0,0,0,0,6,0
13,21,33,23,51,62,83,98,109,110,103,92,100,98,91,85,73,59,50,12,9,11,9,7,0,6
21,36,50,53,57,75,96,109,120,129,121,125,119,111,99,89,75,64,55,20,13,12,7,0,7,0
35,41,53,56,62,81,101,118,131,130,137,136,121,125,109,97,87,84,70,57,42,11,32,47,50,33
27,50,55,58,65,84,112,124,128,131,137,135,124,127,110,100,96,82,67,57,57,56,54,54,55,48
33,38,52,58,68,78,97,115,126,126,121,110,117,116,106,98,84,73,59,51,15,10,7,8,0,5
25,42,50,50,63,76,90,100,115,122,109,94,99,100,98,96,78,67,51,37,29,14,13,8,0,0
44,54,57,55,64,79,84,84,97,89,81,76,82,89,90,81,82,64,55,38,31,8,12,6,7,6
26,53,51,52,56,64,66,66,76,67,65,68,66,74,73,68,64,62,51,14,10,12,11,10,0,0
15,51,38,48,51,55,55,56,64,63,60,63,63,65,66,62,59,57,50,12,7,8,0,9,0,0
15,14,44,23,23,48,52,53,57,57,58,58,59,63,63,61,56,50,19,8,0,6,6,8,0,0
10,10,14,12,11,23,29,38,56,52,55,55,56,61,60,58,54,33,11,7,6,0,0,6,0,0
0,8,7,8,8,13,11,16,51,47,51,50,53,57,56,55,51,14,6,0,0,0,0,0,0,0
9,10,8,0,8,14,13,34,50,34,51,50,54,57,55,55,50,11,0,0,0,0,0,0,0,0
9,13,12,12,11,14,27,18,47,36,50,51,52,55,54,54,41,10,0,0,0,0,0,0,0,0
8,11,12,13,15,36,42,45,50,26,50,45,54,53,51,53,29,7,0,0,0,0,0,0,0,0
0,12,14,18,38,43,51,52,51,39,49,50,56,53,47,51,35,11,0,0,0,0,0,0,0,0
7,11,10,10,13,50,52,59,60,59,61,57,59,58,52,53,47,13,7,0,0,0,0,0,0,0
8,11,11,0,11,30,51,54,59,62,79,60,60,53,52,54,50,11,6,0,0,6,0,0,0,0
0,9,5,0,10,14,32,50,52,51,55,57,57,52,50,52,40,12,0,0,0,0,0,0,0,0
7,4,0,0,9,13,29,45,52,47,55,58,62,52,51,52,42,12,9,0,0,0,0,0,0,0
0,7,0,6,7,11,15,13,23,27,43,52,57,41,46,51,33,11,9,5,0,5,0,0,0,0
0,9,3,7,0,11,12,11,14,13,14,46,63,36,43,50,25,10,9,0,0,0,0,5,0,0
0,0,0,8,0,0,8,7,6,7,7,22,53,25,35,43,19,9,6,0,0,0,5,0,5,0
0,9,10,5,11,32,50,57,61,60,57,60,66,62,61,61,52,15,10,7,8,0,5,0,0,0
7,7,13,16,23,60,65,72,78,68,59,64,81,77,75,73,63,55,36,12,6,8,5,6,6,0
9,12,32,47,52,64,84,91,72,70,71,76,91,92,83,80,66,58,56,51,12,11,11,7,8,0
11,36,50,50,53,63,77,82,93,95,91,87,104,103,103,103,86,70,57,52,33,14,13,11,0,0
9,16,54,54,51,53,91,124,119,104,102,96,95,113,123,109,88,66,58,54,50,35,16,10,6,7
11,8,41,57,25,60,89,109,108,104,95,82,95,110,118,106,81,68,56,54,50,33,13,11,9,6
13,14,50,54,51,58,92,101,108,110,108,98,105,109,106,101,75,60,55,52,50,33,23,11,11,8
10,14,50,51,44,52,84,88,100,105,107,94,94,104,104,93,71,52,33,43,47,32,14,12,0,0
10,23,40,23,13,25,68,81,92,107,102,87,99,104,96,84,66,34,20,17,28,25,13,9,6,0
10,27,45,27,12,50,67,90,100,99,110,109,112,111,103,90,64,30,23,15,15,46,20,12,11,6
0,14,40,13,10,43,58,76,81,85,88,85,98,96,86,68,58,11,12,10,9,27,53,12,8,0
7,25,51,12,11,34,53,63,74,79,82,81,86,83,71,67,55,0,13,0,7,11,30,14,10,0
9,18,12,0,10,27,53,63,66,68,71,71,73,70,66,62,50,9,0,0,0,8,12,12,11,7
0,0,0,0,0,7,25,52,58,56,59,53,56,54,51,44,10,0,0,0,0,0,0,0,0,0
10,12,11,8,11,23,55,62,69,71,68,65,69,67,66,65,54,12,10,0,7,0,0,7,10,9
6,10,18,11,13,37,60,75,73,71,70,68,71,71,75,64,57,27,13,7,7,7,6,0,7,6
8,9,12,14,14,52,72,77,82,80,76,73,76,80,72,70,60,51,13,0,0,0,0,0,5,0
13,21,35,25,51,62,83,99,108,111,102,91,99,98,91,84,73,59,50,12,8,11,8,7,0,6
18,36,51,53,56,75,96,109,119,130,121,125,119,111,99,89,75,63,55,18,13,12,7,0,7,0
33,41,53,56,61,81,101,118,131,129,138,136,120,125,110,97,88,84,70,57,40,11,30,50,50,35
27,50,55,58,65,85,112,124,128,131,138,135,123,126,111,100,95,82,67,57,57,56,54,54,55,46
32,36,52,58,68,78,97,115,126,125,122,109,118,116,105,98,83,74,59,51,14,10,7,8,0,5
25,41,50,50,64,76,89,100,114,121,109,94,100,100,98,96,78,67,50,37,30,14,13,8,0,0
39,54,56,55,63,79,84,84,97,90,82,76,82,88,90,81,82,64,55,38,28,8,12,6,7,7
25,53,51,52,56,64,66,66,76,67,66,68,66,74,73,67,64,62,51,14,10,11,11,10,0,0
15,51,36,46,51,55,55,56,64,63,60,62,62,65,66,62,59,58,50,12,7,8,0,9,0,0
15,15,44,25,22,46,52,53,57,57,58,58,59,64,62,61,57,50,19,8,0,6,0,8,0,0
10,10,14,12,11,19,33,36,56,51,55,54,56,61,59,58,54,35,11,7,6,0,0,6,0,0
0,8,7,8,8,13,11,20,50,47,51,51,53,58,56,55,51,14,7,0,0,0,0,0,0,0
8,10,8,0,8,14,13,36,50,36,51,50,54,57,55,55,50,11,0,0,0,0,0,0,0,0
9,13,12,12,11,14,27,18,50,36,50,51,52,55,54,54,44,11,0,0,0,0,0,0,0,0
7,11,12,13,15,36,44,48,51,30,51,46,54,53,52,53,30,8,0,0,0,0,0,0,0,0
0,12,14,20,39,40,51,52,51,39,50,50,56,53,48,50,35,12,0,0,0,0,0,0,0,0
7,11,10,10,14,50,52,58,60,59,61,57,59,58,52,53,47,13,7,0,0,0,0,0,0,0
8,11,11,0,10,32,51,54,59,62,78,61,60,53,53,54,50,11,7,0,0,6,0,0,0,0
0,9,5,0,10,13,35,50,53,51,55,57,57,52,50,52,37,13,0,0,0,0,0,0,0,0
7,5,0,0,9,13,29,45,52,45,55,58,62,52,52,52,42,12,9,0,0,0,0,0,0,0
0,7,0,6,7,11,15,13,22,27,43,52,57,41,46,50,31,11,9,5,0,5,0,0,0,0
0,9,3,7,0,11,12,11,14,13,14,46,63,36,44,50,28,11,9,0,0,0,0,6,0,0
0,0,0,8,0,0,8,8,6,7,7,23,53,26,36,41,19,9,6,0,0,0,5,0,5,0
0,9,10,5,11,31,50,56,62,60,58,60,66,62,61,60,51,17,10,7,8,0,0,0,0,0
7,6,13,16,23,60,66,73,78,68,59,64,81,78,75,73,63,55,34,12,6,8,0,6,6,0
10,11,33,47,51,64,84,91,72,69,71,76,90,93,83,80,66,58,56,51,12,11,11,7,8,0
11,34,47,51,52,63,77,82,93,95,91,87,103,104,103,101,86,70,57,52,31,14,13,12,0,0
9,14,54,54,51,53,91,124,119,104,103,96,95,114,123,110,89,67,57,54,50,33,16,10,6,7
11,8,41,57,25,60,89,108,107,105,95,82,94,110,118,106,81,68,56,54,50,33,14,12,9,0
13,14,50,54,51,58,91,101,109,110,108,97,105,109,107,101,75,60,55,52,50,36,23,11,12,7
10,14,50,51,44,51,84,87,100,105,107,94,94,104,105,93,71,52,33,43,47,30,15,12,0,0
10,21,40,25,13,27,68,81,92,107,102,87,100,104,96,84,65,37,20,17,34,25,14,8,6,0
10,27,42,25,11,46,66,90,100,98,110,109,112,110,102,91,63,36,21,15,15,50,22,12,12,5
0,13,40,14,10,40,58,76,81,85,89,85,98,97,87,68,58,11,11,11,9,30,52,11,8,0
8,25,50,12,11,37,54,63,73,79,83,80,87,84,71,67,55,0,13,0,7,12,27,14,10,0
9,16,12,0,10,27,53,63,66,67,72,71,74,71,66,63,50,9,0,0,0,8,11,12,11,7
0,0,0,0,0,0,25,52,58,56,60,53,56,54,51,45,9,0,0,0,0,0,0,0,0,0
10,11,10,8,11,23,55,62,69,71,68,65,70,67,66,65,54,12,10,0,7,0,0,7,10,8
6,9,18,12,12,39,59,75,73,71,71,68,72,72,75,64,57,30,12,7,7,0,0,0,7,0
8,9,12,14,14,52,73,77,83,80,76,74,76,80,72,70,60,51,13,0,0,0,0,0,5,0
13,21,35,25,51,62,83,98,109,110,104,91,99,98,92,85,73,60,50,12,9,11,8,6,0,5
16,36,51,53,56,75,97,109,120,129,122,125,119,111,98,89,75,63,55,20,13,12,7,0,7,0
32,44,54,56,61,81,101,118,132,129,138,136,120,125,110,98,88,84,70,57,40,10,28,50,50,30
27,50,55,58,65,85,112,124,129,131,139,134,124,126,111,100,95,82,66,56,57,56,54,54,55,45
32,36,53,58,68,78,98,114,126,125,122,109,118,118,105,98,83,74,59,51,14,10,7,8,0,0
26,41,51,50,64,76,90,100,115,121,109,94,101,101,98,96,78,67,50,37,31,14,12,8,0,0
40,53,56,55,63,79,84,84,97,90,82,76,81,89,90,80,82,64,55,36,28,8,11,6,7,6
26,53,51,52,56,64,66,66,77,67,66,68,67,74,73,67,64,62,51,14,10,12,11,9,0,0
15,51,36,44,51,55,55,56,64,63,60,62,63,66,67,62,59,58,48,11,7,8,0,8,0,0
16,15,44,25,22,46,52,53,58,57,58,58,59,64,63,61,57,50,19,8,0,6,6,8,0,0
10,10,14,12,11,21,33,38,56,51,55,54,56,62,59,58,54,37,11,7,6,0,0,6,0,0
0,8,7,8,8,13,11,18,50,45,51,51,53,58,56,55,51,14,7,0,0,0,0,0,0,0
9,10,8,0,8,14,13,31,50,36,51,50,54,57,55,55,50,11,0,0,0,0,0,0,0,0
9,12,12,12,11,14,30,20,47,36,50,51,52,56,54,54,47,11,0,0,0,0,0,0,0,0
7,12,12,13,15,39,44,48,51,28,51,46,54,53,52,53,27,7,0,0,0,0,0,0,0,0
0,12,13,18,39,41,51,52,51,39,50,50,56,53,49,50,36,12,0,0,0,0,0,0,0,0
7,11,10,9,13,50,52,58,60,59,61,56,59,58,52,53,47,13,7,0,0,0,0,0,0,0
7,11,11,0,10,30,51,54,59,61,78,61,60,54,53,54,50,11,0,0,0,6,0,0,0,0
0,9,5,0,10,13,32,50,52,51,55,57,57,53,50,52,37,13,0,0,0,0,0,0,0,0
7,5,0,0,9,13,31,43,52,43,55,57,62,52,52,53,42,12,8,0,0,0,0,0,0,0
0,7,0,6,8,11,14,14,22,28,46,52,57,42,48,51,29,11,9,5,0,5,0,0,0,0
0,9,3,7,0,11,12,11,14,13,14,44,63,37,44,50,28,11,9,0,0,0,0,6,0,0
0,0,0,8,0,0,8,8,6,7,7,22,53,28,38,41,17,10,6,0,0,0,5,0,5,0
0,9,10,5,11,30,50,56,62,60,57,60,66,63,61,60,51,17,10,7,7,0,0,0,0,0
8,6,13,16,22,60,66,72,77,68,60,64,81,78,75,73,63,55,34,13,5,8,0,5,7,0
10,11,32,47,51,65,84,91,72,69,71,75,90,92,83,80,67,58,56,51,11,11,11,7,9,0
12,34,47,51,52,64,78,82,93,95,91,86,103,104,103,101,85,70,57,52,29,14,13,11,0,0
8,15,53,54,51,53,91,124,119,104,103,96,95,114,125,109,88,67,57,54,47,29,19,9,7,7
11,8,41,58,23,60,89,108,107,105,95,82,95,111,118,106,80,68,56,54,51,36,14,12,10,7
13,16,50,54,51,59,91,101,109,110,109,97,105,109,107,100,75,61,55,52,50,30,19,11,12,7
10,14,50,51,41,51,84,87,100,106,107,93,94,103,105,92,71,53,33,43,44,27,17,12,0,0
10,21,40,27,13,25,68,81,93,107,103,87,100,105,96,83,66,40,17,22,34,28,14,8,6,0
11,30,40,25,11,42,67,90,100,98,110,108,113,110,103,91,63,33,19,17,15,50,22,12,12,5
0,14,42,14,10,40,58,76,80,85,89,84,98,97,87,68,58,11,12,11,9,27,53,11,9,0
7,25,50,12,11,34,54,63,73,79,83,80,87,84,71,67,55,0,13,0,6,11,30,13,10,0
10,15,12,0,10,30,53,62,66,68,72,70,73,71,67,63,50,9,0,0,0,8,11,11,11,7
0,0,0,0,0,0,25,52,58,55,60,53,57,54,51,44,8,0,0,0,0,0,0,0,0,0
10,11,11,8,12,23,55,63,69,71,69,65,70,68,66,65,53,12,10,0,7,0,0,0,10,8
6,9,20,12,12,37,59,75,73,71,71,67,73,72,75,63,56,30,13,7,7,0,0,0,7,0
8,10,12,14,14,52,73,78,83,80,77,73,77,81,72,69,59,51,13,5,0,0,0,0,5,0
13,21,35,29,52,62,83,98,109,111,104,91,99,99,92,84,73,59,50,12,8,11,8,7,0,5
16,38,51,53,56,75,96,109,120,129,123,124,119,111,98,89,75,63,54,21,13,12,7,0,0,0
32,44,54,56,61,81,101,118,131,128,138,136,120,125,110,98,87,84,70,57,36,11,30,45,50,30
28,50,55,59,65,85,112,124,129,131,138,134,124,126,112,99,95,83,66,56,57,55,54,53,55,46
32,36,53,59,67,78,98,114,126,125,123,108,118,118,105,97,83,73,59,51,14,10,7,8,0,0
26,40,51,51,64,76,90,100,115,120,110,93,101,101,98,95,78,67,50,37,31,15,12,8,0,0
39,54,56,55,62,79,84,83,97,90,82,75,82,89,90,80,81,64,55,38,25,8,11,5,7,6
30,52,51,52,56,63,66,67,77,67,65,68,67,74,74,67,64,62,51,15,10,12,11,9,0,0
16,51,38,44,51,55,55,56,64,63,60,62,63,66,67,62,59,58,46,11,7,8,0,8,0,0
16,16,44,25,22,46,52,52,58,57,58,58,59,64,63,61,57,50,15,9,0,6,6,7,0,0
10,10,14,12,11,23,33,38,56,51,55,54,57,61,60,58,54,35,11,7,6,0,0,0,0,0
0,8,7,8,8,13,11,16,50,45,51,50,54,59,56,55,51,14,7,0,0,0,0,0,0,0
9,11,7,0,8,14,13,34,50,34,51,50,54,57,55,55,50,11,0,0,0,0,0,0,0,0
10,13,12,12,11,14,33,20,45,36,50,51,52,56,54,54,47,12,0,0,0,0,0,0,0,0
8,12,12,13,14,38,45,48,51,30,51,45,55,53,52,53,27,7,0,0,0,0,0,0,0,0
0,12,13,18,38,41,51,52,52,39,50,50,56,53,49,50,35,13,0,0,0,0,0,0,0,0
7,12,10,10,13,50,53,58,60,59,61,56,59,58,52,53,45,14,7,0,0,0,0,0,0,0
7,11,11,0,9,27,51,54,59,61,79,60,60,54,53,53,50,11,6,0,0,6,6,0,0,0
0,10,5,0,10,13,35,50,52,51,55,57,57,53,50,52,32,13,0,0,0,0,0,0,0,0
7,5,0,0,9,13,34,43,52,43,55,57,62,52,52,52,40,12,8,0,0,0,0,0,0,0
0,7,0,6,7,11,14,14,22,28,48,51,57,44,46,51,29,11,9,5,0,5,0,0,0,0
0,9,3,7,0,11,12,11,14,13,14,46,63,38,43,50,28,11,9,0,0,0,0,5,0,0
0,0,0,8,0,0,8,8,6,7,7,21,54,30,38,41,16,10,6,0,0,0,5,0,5,0
0,9,10,6,11,30,50,56,62,60,57,60,66,62,61,60,51,19,10,7,7,0,0,0,0,0
8,6,13,15,20,60,67,72,77,68,59,64,81,78,75,73,62,55,36,13,6,8,0,5,7,0
11,11,32,50,51,65,84,91,72,69,71,75,90,92,83,80,67,58,56,51,11,11,10,7,8,0
12,34,46,51,53,64,78,82,93,95,91,87,103,104,103,100,86,70,57,52,29,14,13,11,0,0
9,14,53,54,51,53,91,124,119,105,102,97,95,114,125,108,88,66,57,54,45,29,19,10,6,8
10,8,39,58,23,60,89,107,107,105,95,82,95,110,118,105,80,68,56,54,50,38,14,12,10,7
13,15,50,54,52,59,92,101,108,110,109,98,104,109,107,100,75,60,55,52,50,33,15,11,12,0
10,14,50,51,44,51,85,87,100,106,107,92,94,103,104,92,71,53,30,43,41,27,15,12,0,0
10,20,37,27,13,25,68,81,92,107,103,86,100,105,96,83,65,40,17,22,37,28,14,8,6,0
12,27,37,27,12,50,67,91,100,98,110,108,113,110,103,91,63,30,17,17,14,50,25,12,12,5
0,14,42,14,10,40,58,75,80,85,89,83,98,96,87,68,58,11,12,11,9,27,52,11,9,0
7,25,50,12,11,37,54,63,73,79,83,80,87,84,72,67,55,0,13,0,6,11,30,13,10,0
10,15,12,0,10,33,54,62,66,68,72,70,73,71,67,62,50,9,0,0,0,7,12,11,11,6
0,0,0,0,0,0,25,52,58,55,60,53,56,54,51,45,8,0,0,0,0,0,0,0,0,0
10,11,11,9,12,25,56,63,69,71,69,65,70,67,66,65,53,12,10,0,7,0,0,0,10,8
6,9,20,12,11,41,60,75,73,71,71,67,73,72,75,63,56,32,12,8,7,7,6,0,8,0
8,10,12,15,13,52,73,78,83,80,76,73,76,81,72,69,59,50,13,5,0,0,0,0,5,0
13,21,31,34,52,62,83,98,108,110,103,91,100,98,92,84,73,59,50,12,8,11,8,6,0,0
20,38,51,54,56,75,97,109,120,128,122,124,118,111,97,89,75,63,54,21,12,12,8,0,7,0
32,44,54,57,61,81,101,117,131,128,138,136,120,125,110,98,87,84,70,57,36,10,30,43,50,26
30,50,55,59,65,85,113,124,129,132,138,134,123,126,112,99,95,82,66,56,57,55,54,53,55,48
30,36,53,59,68,78,98,114,126,125,122,108,118,118,106,97,83,74,59,51,14,10,7,8,0,0
26,40,51,51,64,76,90,99,115,120,110,93,101,101,98,95,77,67,50,36,30,15,12,7,0,0
40,53,57,55,62,79,84,83,97,89,83,75,81,89,90,81,81,64,55,36,23,8,12,5,7,6
32,51,51,52,56,63,67,66,77,67,65,68,67,74,73,67,64,62,51,14,9,12,12,9,0,0
16,51,38,48,50,55,56,56,64,63,60,62,63,65,67,62,59,58,46,11,7,8,0,8,0,0
16,17,44,25,25,46,52,52,57,57,58,59,60,64,63,61,56,50,17,9,0,6,6,7,0,0
10,10,14,12,11,25,35,40,56,51,55,55,56,61,59,58,55,35,11,7,6,0,0,0,0,0
0,8,7,8,8,12,11,16,50,45,51,51,53,59,56,55,51,14,7,0,0,0,0,0,0,0
9,11,7,0,8,14,14,31,50,34,51,50,53,57,55,54,50,11,0,0,0,0,0,0,0,0
10,13,12,12,11,14,33,20,50,38,50,51,52,56,55,54,50,12,0,0,0,0,0,0,0,0
8,12,12,13,14,39,45,50,51,30,50,44,55,52,52,53,25,8,0,0,0,0,0,0,0,0
5,12,13,18,39,41,52,52,52,39,50,50,56,53,50,50,34,13,0,0,0,0,0,0,0,0
7,11,10,10,13,50,52,58,60,59,61,57,60,57,52,53,45,14,7,0,0,0,0,0,0,0
7,10,11,0,9,30,52,54,59,61,78,61,60,53,53,53,51,11,6,0,0,6,0,0,0,0
6,9,5,0,10,13,35,50,52,51,55,57,57,53,50,52,35,13,0,0,0,0,0,0,0,0
7,5,0,0,10,13,34,43,51,43,55,57,62,52,52,52,42,12,8,0,0,0,0,0,0,0
0,7,0,6,7,11,14,14,23,30,50,51,57,42,50,51,30,11,9,5,0,5,0,0,0,0
0,9,3,7,0,11,13,11,14,13,14,46,63,36,41,50,25,11,9,0,0,0,0,5,0,0
0,0,0,8,0,0,8,8,6,8,7,22,54,28,39,40,17,10,6,0,0,0,5,0,5,0
