0,8,0,0,0,11,32,53,58,63,62,68,66,60,58,58,51,31,12,6,9,0,0,0,0,0
0,0,0,0,9,14,54,71,81,69,64,75,83,76,72,64,57,52,43,6,0,8,0,0,0,0
0,0,0,0,9,50,55,70,64,62,80,94,102,95,83,72,63,59,108,63,0,0,11,10,11,0
0,10,8,0,11,31,23,11,55,77,88,103,124,108,96,85,75,70,63,52,10,0,13,6,7,0
0,0,9,11,11,6,13,53,65,79,104,115,111,137,126,97,83,74,64,54,23,13,14,7,10,8
5,0,0,0,6,14,52,51,64,75,87,85,105,119,116,91,80,77,63,54,7,10,10,11,7,7
0,0,8,0,12,21,50,53,64,82,100,104,114,130,113,89,78,73,66,22,11,11,11,0,0,0
0,0,9,11,11,12,13,38,64,86,105,103,107,114,110,97,80,72,62,14,11,9,12,12,0,0
0,8,10,0,10,17,11,14,62,88,100,101,116,120,106,93,87,78,67,34,10,11,12,8,10,0
9,12,10,12,11,14,31,51,69,85,107,118,132,134,118,109,100,87,71,54,20,11,14,13,13,12
0,8,11,11,11,9,14,50,59,77,94,114,128,126,114,98,90,80,68,52,17,13,13,12,13,11
0,8,14,11,10,14,12,22,57,68,88,105,105,103,93,89,79,70,62,51,12,11,10,9,12,10
0,8,11,8,0,12,13,12,55,65,77,87,89,89,79,81,71,66,60,50,22,10,11,7,10,12
0,0,0,0,0,0,0,0,21,54,68,68,71,73,65,65,55,52,33,9,0,0,0,0,0,0
0,0,7,9,9,8,8,9,40,63,71,76,79,82,82,79,69,64,58,38,14,11,12,10,12,8
0,6,11,10,9,0,8,32,57,71,81,83,87,90,86,80,73,64,60,52,19,13,12,10,12,9
6,8,34,50,9,0,23,51,65,84,95,90,91,95,87,85,76,72,67,60,52,30,21,14,14,13
7,14,39,52,11,14,51,58,69,88,116,94,95,94,88,84,75,71,65,60,52,43,33,20,16,13
8,12,37,45,0,20,59,62,72,93,101,100,97,94,87,81,73,71,67,57,50,31,14,7,9,7
13,25,51,41,8,53,58,62,77,98,113,113,104,110,101,91,83,84,79,62,52,19,28,31,48,36
12,29,50,14,32,57,64,65,79,96,110,112,97,98,98,89,83,80,80,81,72,60,56,57,63,57
0,13,15,13,15,54,58,60,77,90,99,102,98,95,90,96,82,71,69,59,51,28,12,8,7,7
6,15,22,24,22,42,53,54,73,91,102,112,100,86,83,90,74,70,65,54,43,37,34,23,26,23
8,21,33,12,27,42,51,56,71,87,93,98,91,84,78,77,76,73,68,60,53,39,36,20,26,13
5,10,12,0,10,11,34,51,63,79,88,93,80,79,70,66,69,73,68,58,52,25,18,13,13,10
6,10,0,0,0,6,14,19,61,78,83,90,79,77,67,65,67,71,68,55,50,23,13,13,13,9
7,0,0,6,0,9,12,13,58,73,79,82,75,69,64,64,65,66,68,55,37,14,12,8,11,6
0,0,0,0,0,10,11,10,55,69,76,81,70,66,61,62,64,64,64,56,28,12,11,9,7,0
0,0,0,0,0,6,0,10,52,65,75,77,67,62,58,59,60,61,60,52,14,9,8,6,0,0
0,0,0,0,0,0,0,11,51,62,72,76,65,60,55,57,59,61,59,51,12,8,0,0,7,0
0,0,0,0,0,0,6,6,50,63,73,71,63,58,53,58,58,60,57,47,12,9,8,0,7,0
0,0,6,0,0,0,7,8,46,62,73,71,65,57,55,57,60,58,54,25,11,9,9,6,0,0
0,0,0,0,0,8,9,16,40,59,75,74,61,56,53,55,60,66,57,35,14,10,8,0,0,0
5,7,0,0,0,7,13,23,55,66,90,96,69,64,64,61,66,114,79,52,41,13,8,8,7,5
0,6,0,0,0,11,13,8,51,64,84,76,62,59,58,58,62,94,72,51,25,12,8,0,0,0
0,0,0,0,0,7,9,6,40,62,71,62,56,55,53,53,55,57,57,23,13,0,7,0,0,0
0,0,0,0,6,8,7,0,27,56,67,58,54,51,47,52,52,51,51,12,10,7,0,0,0,0
0,0,0,0,0,6,8,6,13,52,56,53,38,13,14,38,31,29,26,11,6,7,7,0,0,0
0,0,6,0,0,4,0,0,9,42,52,42,13,13,14,16,14,14,13,9,0,0,0,4,0,0
0,0,0,5,0,0,0,0,0,37,46,34,12,13,13,15,13,13,12,7,5,0,6,0,4,0
0,8,0,0,0,12,35,53,57,63,62,68,66,60,58,58,51,34,13,6,8,0,0,0,0,0
0,0,0,0,9,14,54,71,81,69,64,75,83,76,73,64,57,52,47,6,0,8,0,0,0,0
0,0,0,0,9,50,55,70,63,62,80,94,102,95,84,72,63,59,107,63,0,0,11,11,11,0
0,10,7,0,11,29,23,11,55,77,89,104,124,108,97,85,74,69,64,53,11,0,13,7,8,0
0,0,9,10,11,7,14,54,64,79,105,114,111,137,127,97,84,75,65,54,27,13,14,7,10,9
5,0,0,0,6,15,52,51,64,75,87,85,105,119,117,91,80,78,64,54,7,10,10,11,7,7
0,0,8,0,13,21,50,53,63,82,99,103,113,130,113,89,78,73,66,25,11,11,11,0,0,0
0,0,9,11,11,12,13,44,63,88,105,103,108,114,110,97,80,72,62,14,11,9,12,12,0,0
0,8,10,0,10,17,11,14,61,88,100,101,117,119,106,94,87,78,68,34,10,11,13,8,10,0
9,11,10,12,11,13,34,46,68,85,108,118,132,134,118,108,100,87,71,54,20,11,14,13,14,11
0,8,11,11,11,9,14,50,58,77,95,113,128,125,114,97,91,80,69,52,19,12,13,13,13,11
0,8,14,12,10,15,12,25,57,69,88,105,105,102,93,88,79,70,63,51,12,11,10,9,12,11
0,8,10,7,0,12,13,13,54,65,77,87,88,89,78,81,71,66,60,50,25,10,11,0,10,12
0,0,0,0,0,0,0,0,21,54,68,68,71,72,65,64,55,52,33,8,0,0,0,0,0,0
0,0,7,9,9,9,8,9,39,63,72,76,78,81,82,79,69,64,59,36,14,11,11,10,12,8
0,6,11,10,10,0,8,35,56,71,80,83,87,90,86,80,72,64,60,52,17,13,12,10,12,10
6,8,32,47,9,0,21,51,65,84,95,90,90,94,88,85,75,72,67,61,52,27,25,14,14,13
7,13,39,52,11,14,51,58,69,87,116,93,95,94,88,84,76,71,66,60,52,40,33,19,16,14
8,13,35,43,0,23,59,62,72,93,101,99,97,94,87,81,73,71,67,57,50,29,14,7,10,8
13,23,51,37,8,53,58,63,77,98,113,113,104,109,101,91,83,84,79,63,52,19,28,35,48,40
12,29,50,14,32,57,65,64,79,95,110,111,96,98,98,90,82,80,81,81,72,60,56,58,63,57
0,13,16,12,15,54,58,60,77,90,100,102,98,94,90,96,82,71,69,59,51,26,12,8,7,7
6,14,22,22,22,43,54,54,73,91,103,112,100,86,84,90,74,71,65,54,43,36,35,23,25,21
7,20,33,12,28,41,51,56,71,87,93,97,90,83,79,77,76,72,69,60,52,38,36,20,28,13
0,10,12,0,10,10,34,52,62,79,88,92,80,79,70,66,69,72,68,58,52,23,18,13,14,11
6,10,0,0,0,6,14,19,60,78,83,91,79,76,67,65,67,70,68,55,50,21,12,13,13,8
6,0,0,5,0,9,12,13,57,74,80,82,75,69,64,63,65,66,68,54,39,14,12,8,11,6
0,0,0,0,0,10,12,10,55,69,77,81,70,66,61,62,63,63,64,56,30,12,11,9,7,0
0,0,0,0,0,6,0,10,52,66,74,77,67,62,58,59,60,61,60,52,14,9,8,6,0,0
0,0,0,0,0,0,0,11,50,63,73,76,65,60,55,57,59,60,59,51,12,9,0,0,7,0
0,0,0,0,0,0,6,7,50,63,73,71,63,58,54,57,58,60,57,50,12,9,7,0,6,0
0,0,6,0,0,0,7,7,42,62,73,71,65,56,55,57,60,58,54,25,12,9,8,6,0,0
0,0,0,0,0,8,9,17,38,60,75,73,61,56,53,56,60,66,58,34,14,10,7,0,0,0
5,7,0,0,0,8,13,25,54,67,90,96,69,63,64,61,66,114,79,52,41,12,9,7,7,5
0,6,0,0,0,10,12,9,50,64,84,76,62,59,58,58,62,94,72,51,25,12,8,0,0,0
0,0,0,0,0,7,10,6,35,61,71,61,56,55,53,53,55,57,57,25,13,0,7,0,0,0
0,0,0,0,6,8,7,0,25,57,67,58,54,50,50,52,52,51,52,12,10,7,0,0,0,0
0,0,0,0,0,7,8,6,12,52,56,53,39,13,15,38,31,29,30,11,6,6,7,0,0,0
0,0,6,0,0,5,0,0,8,44,53,41,13,13,14,16,14,15,14,9,0,0,0,4,0,0
0,0,0,5,0,0,0,0,0,37,48,33,12,13,14,15,13,13,12,7,5,0,7,0,5,0
0,8,0,0,0,12,35,53,57,63,62,69,66,60,58,58,52,31,13,0,8,0,0,0,0,0
0,0,0,0,8,14,54,71,81,69,64,75,83,76,73,64,57,52,50,6,0,8,5,0,0,0
0,0,0,0,9,50,55,70,63,62,80,94,102,96,85,72,64,59,107,62,0,0,11,10,11,0
0,10,7,0,11,29,23,11,55,76,89,104,122,108,98,85,75,70,64,53,11,7,13,7,7,0
0,0,9,11,11,6,14,54,63,79,105,115,111,138,127,96,84,75,65,54,31,13,14,7,10,9
5,0,0,0,6,16,52,53,64,76,87,85,105,120,117,91,81,79,64,54,7,10,10,10,6,7
0,0,7,0,12,21,50,53,63,82,99,104,113,130,113,88,79,74,66,30,12,11,10,0,0,0
0,0,9,11,11,12,13,41,63,87,106,104,107,113,109,96,80,73,62,14,11,10,12,12,0,0
0,8,10,7,10,17,11,15,61,88,100,101,117,119,106,93,87,78,68,31,10,11,13,8,10,0
9,11,10,11,11,13,37,46,68,85,108,118,132,134,118,108,100,87,71,54,17,12,14,13,14,11
0,8,11,12,10,9,14,50,58,78,95,113,127,125,114,97,91,80,69,52,21,12,13,13,12,11
0,7,13,12,10,14,12,27,57,69,88,105,104,103,92,88,80,70,63,51,12,11,10,9,12,12
0,8,10,7,0,12,13,13,54,65,77,87,87,89,79,80,71,66,60,47,25,10,11,7,10,12
0,0,0,0,0,0,0,0,20,54,69,68,71,73,65,64,56,52,34,8,0,0,0,0,0,0
0,0,8,9,9,8,8,9,39,63,72,75,78,81,82,78,69,63,60,32,15,11,11,10,12,9
0,6,11,10,10,0,8,35,56,71,80,83,87,90,87,79,73,64,60,52,19,13,12,10,12,10
6,8,32,50,9,0,21,51,64,84,95,91,90,94,88,85,76,71,67,61,52,30,23,14,14,13
6,13,41,52,11,13,50,58,68,87,116,94,94,94,89,84,76,71,66,60,52,43,33,19,14,14
8,12,35,45,0,20,59,62,71,93,101,100,97,94,87,80,73,71,67,56,50,31,14,7,10,8
13,20,51,35,8,52,58,63,77,98,115,113,103,108,102,90,83,83,79,62,52,23,26,35,44,43
12,26,50,14,36,56,64,65,78,95,110,111,96,97,98,89,83,80,81,81,71,60,56,57,62,58
0,13,16,13,15,54,58,60,77,90,100,102,98,94,90,96,82,71,68,59,51,28,13,8,6,6
6,13,22,22,22,42,54,55,72,91,103,112,99,85,83,90,75,71,65,54,43,36,35,23,23,21
7,17,34,12,28,40,51,56,71,87,94,97,90,83,80,76,77,72,69,60,53,39,38,20,26,13
0,10,12,0,10,10,31,52,62,79,88,93,80,78,70,66,69,72,68,57,51,25,18,13,13,11
6,10,0,0,0,6,14,23,60,78,83,91,79,76,67,65,67,70,68,55,47,23,13,13,12,8
7,0,0,6,0,9,12,13,57,74,80,82,75,69,64,63,66,66,68,54,37,14,12,8,10,6
0,0,0,0,0,9,12,11,55,69,77,81,70,66,62,61,64,63,64,55,30,12,11,8,7,0
0,0,0,0,0,6,0,10,52,65,75,77,67,62,58,58,60,62,60,52,14,9,8,6,0,0
0,0,0,0,0,0,0,11,50,63,73,76,65,60,56,57,60,60,59,51,13,9,0,0,6,0
0,0,0,0,0,0,6,7,50,63,73,71,62,58,54,57,59,59,58,47,12,10,8,0,6,0
0,0,5,0,0,0,7,8,41,62,73,71,64,56,55,57,60,59,54,25,12,9,7,6,0,0
0,0,0,0,0,7,9,17,38,60,75,73,61,56,54,56,60,66,58,30,15,10,7,0,0,0
5,7,0,0,0,7,13,27,54,67,91,96,68,64,64,61,67,114,80,52,41,13,9,7,7,6
0,6,0,0,0,10,12,9,50,64,84,76,62,59,58,58,62,94,72,50,25,12,8,0,0,0
0,0,0,0,0,6,10,6,37,61,71,62,56,55,53,53,55,57,57,23,12,0,7,0,0,0
0,0,0,0,6,8,7,0,23,57,67,58,53,51,50,52,52,51,52,12,9,7,0,0,0,0
0,0,0,0,0,6,8,7,12,52,56,53,38,13,16,39,34,30,31,11,6,7,7,0,0,0
0,0,6,0,0,5,0,0,9,44,53,41,12,13,14,16,15,17,14,9,0,0,0,4,0,0
0,0,0,6,0,0,0,0,0,39,50,34,12,13,14,15,14,13,12,7,5,0,7,0,4,0
0,8,0,0,0,12,30,53,58,64,62,68,66,59,58,58,52,36,13,5,8,0,0,0,0,0
0,0,0,0,8,15,54,71,80,69,63,75,84,76,74,65,58,52,47,6,0,8,5,5,0,0
0,0,0,0,9,50,56,69,62,62,80,93,103,95,86,72,64,59,105,62,0,0,11,11,11,0
0,11,7,0,11,34,23,10,54,77,88,102,124,108,99,85,76,70,64,54,12,7,14,7,8,0
0,0,9,11,12,6,14,53,62,79,104,114,111,138,128,97,83,75,65,54,31,13,16,6,10,8
5,0,0,0,6,20,52,53,63,76,87,85,106,120,118,91,82,78,65,54,8,10,11,11,0,7
0,0,7,0,12,25,50,53,62,82,97,102,113,129,113,88,79,75,66,36,12,11,11,0,0,0
0,0,9,11,11,12,13,44,61,87,105,104,108,113,109,96,79,73,62,15,11,10,12,12,0,0
0,8,9,8,10,15,11,14,61,88,99,100,116,119,107,93,86,77,66,28,9,11,13,8,10,0
9,11,10,12,11,14,34,40,67,85,107,118,132,132,118,109,100,87,72,54,22,12,14,13,14,10
0,8,10,12,10,9,13,47,57,78,95,113,127,125,114,97,90,81,68,52,17,12,13,13,13,10
0,8,13,12,10,14,12,30,57,69,87,106,105,102,93,88,80,70,62,52,12,10,10,9,12,11
0,8,10,7,0,12,13,13,54,64,77,87,88,88,80,80,71,66,59,50,20,10,12,7,10,11
0,0,0,0,0,0,0,0,17,54,69,67,71,72,66,66,56,53,30,8,0,0,0,0,0,0
0,0,8,9,9,8,8,9,38,63,72,74,77,81,83,79,69,64,60,35,15,12,12,10,12,8
0,6,11,10,9,6,8,37,56,71,80,82,87,90,88,79,73,64,60,52,19,12,12,11,12,9
6,8,34,50,9,0,17,51,64,84,94,91,89,95,88,85,76,71,67,61,52,30,27,14,14,13
6,13,43,52,12,13,50,57,68,87,115,94,94,93,89,84,76,70,66,60,52,45,33,20,14,13
8,13,35,45,0,20,59,61,71,93,100,98,97,94,87,81,73,70,66,57,51,29,16,7,10,7
14,21,51,33,8,52,57,62,76,98,113,113,103,106,103,90,84,83,78,63,52,19,26,39,48,40
13,25,48,14,36,56,64,65,78,95,109,109,96,96,98,89,82,80,80,81,71,60,56,57,62,57
0,13,15,12,15,54,58,59,77,90,99,102,98,95,91,96,82,71,68,59,51,26,13,8,6,6
6,14,20,22,25,42,53,54,72,91,101,111,100,84,84,90,74,71,64,56,43,36,35,23,24,18
7,18,33,11,27,39,50,55,70,87,93,97,89,83,80,76,76,72,68,60,53,41,40,17,25,13
0,10,12,0,10,10,27,52,62,80,88,92,80,77,70,66,69,73,68,57,51,16,20,14,14,10
6,10,0,0,0,5,14,23,60,78,83,91,79,75,67,64,67,71,68,56,50,16,13,13,13,7
7,0,0,5,0,9,12,12,57,74,79,82,75,69,64,63,65,66,68,55,41,14,13,8,10,6
0,0,0,0,0,9,12,10,55,70,76,81,70,65,62,61,63,63,64,56,35,12,11,8,6,0
0,0,0,0,0,6,0,10,52,66,74,76,67,62,59,58,59,62,60,52,14,9,9,7,0,0
0,0,0,0,0,0,0,10,50,63,73,75,66,59,56,58,60,60,59,51,12,9,0,0,7,0
0,0,0,0,0,0,6,7,50,63,73,71,62,58,55,57,59,60,58,50,12,9,8,0,7,0
0,0,5,0,0,0,6,8,44,62,73,71,64,56,56,57,60,59,53,26,12,8,8,7,0,0
0,0,0,0,0,8,9,15,37,59,74,72,61,56,54,56,60,67,58,34,16,9,8,0,0,0
5,7,0,0,0,7,12,27,54,67,91,96,68,64,64,61,67,114,80,52,41,13,9,7,8,5
0,6,0,0,0,10,12,9,50,64,84,76,62,60,59,58,62,93,72,50,25,12,9,0,0,0
0,0,0,0,0,7,10,6,32,61,70,61,56,55,53,53,55,57,56,30,12,0,7,0,0,0
0,0,0,0,6,8,7,0,21,57,67,58,53,50,50,52,53,51,51,12,9,7,0,0,0,0
0,4,0,0,0,6,8,6,12,51,55,52,42,13,21,41,36,32,30,12,7,6,7,0,0,0
0,0,6,0,0,5,0,0,9,48,53,37,13,12,16,16,16,16,14,9,4,0,0,4,0,0
0,0,0,5,0,0,0,0,0,39,50,29,12,13,17,17,14,13,12,7,0,0,7,0,5,0
0,8,0,0,0,12,30,53,58,64,62,68,66,59,58,58,52,36,13,5,8,0,0,0,0,0
0,0,0,0,8,15,54,71,80,69,63,75,84,76,74,65,58,52,47,6,0,8,5,5,0,0
0,0,0,0,9,50,56,69,62,62,80,93,103,95,86,72,64,59,105,62,0,0,11,11,11,0
0,11,7,0,11,34,23,10,54,77,88,102,124,108,99,85,76,70,64,54,12,7,14,7,8,0
0,0,9,11,12,6,14,53,62,79,104,114,111,138,128,97,83,75,65,54,31,13,16,6,10,8
5,0,0,0,6,20,52,53,63,76,87,85,106,120,118,91,82,78,65,54,8,10,11,11,0,7
0,0,7,0,12,25,50,53,62,82,97,102,113,129,113,88,79,75,66,36,12,11,11,0,0,0
0,0,9,11,11,12,13,44,61,87,105,104,108,113,109,96,79,73,62,15,11,10,12,12,0,0
0,8,9,8,10,15,11,14,61,88,99,100,116,119,107,93,86,77,66,28,9,11,13,8,10,0
9,11,10,12,11,14,34,40,67,85,107,118,132,132,118,109,100,87,72,54,22,12,14,13,14,10
0,8,10,12,10,9,13,47,57,78,95,113,127,125,114,97,90,81,68,52,17,12,13,13,13,10
0,8,13,12,10,14,12,30,57,69,87,106,105,102,93,88,80,70,62,52,12,10,10,9,12,11
0,8,10,7,0,12,13,13,54,64,77,87,88,88,80,80,71,66,59,50,20,10,12,7,10,11
0,0,0,0,0,0,0,0,17,54,69,67,71,72,66,66,56,53,30,8,0,0,0,0,0,0
0,0,8,9,9,8,8,9,38,63,72,74,77,81,83,79,69,64,60,35,15,12,12,10,12,8
0,6,11,10,9,6,8,37,56,71,80,82,87,90,88,79,73,64,60,52,19,12,12,11,12,9
6,8,34,50,9,0,17,51,64,84,94,91,89,95,88,85,76,71,67,61,52,30,27,14,14,13
6,13,43,52,12,13,50,57,68,87,115,94,94,93,89,84,76,70,66,60,52,45,33,20,14,13
8,13,35,45,0,20,59,61,71,93,100,98,97,94,87,81,73,70,66,57,51,29,16,7,10,7
14,21,51,33,8,52,57,62,76,98,113,113,103,106,103,90,84,83,78,63,52,19,26,39,48,40
13,25,48,14,36,56,64,65,78,95,109,109,96,96,98,89,82,80,80,81,71,60,56,57,62,57
0,13,15,12,15,54,58,59,77,90,99,102,98,95,91,96,82,71,68,59,51,26,13,8,6,6
6,14,20,22,25,42,53,54,72,91,101,111,100,84,84,90,74,71,64,56,43,36,35,23,24,18
7,18,33,11,27,39,50,55,70,87,93,97,89,83,80,76,76,72,68,60,53,41,40,17,25,13
0,10,12,0,10,10,27,52,62,80,88,92,80,77,70,66,69,73,68,57,51,16,20,14,14,10
6,10,0,0,0,5,14,23,60,78,83,91,79,75,67,64,67,71,68,56,50,16,13,13,13,7
7,0,0,5,0,9,12,12,57,74,79,82,75,69,64,63,65,66,68,55,41,14,13,8,10,6
0,0,0,0,0,9,12,10,55,70,76,81,70,65,62,61,63,63,64,56,35,12,11,8,6,0
0,0,0,0,0,6,0,10,52,66,74,76,67,62,59,58,59,62,60,52,14,9,9,7,0,0
0,0,0,0,0,0,0,10,50,63,73,75,66,59,56,58,60,60,59,51,12,9,0,0,7,0
0,0,0,0,0,0,6,7,50,63,73,71,62,58,55,57,59,60,58,50,12,9,8,0,7,0
0,0,5,0,0,0,6,8,44,62,73,71,64,56,56,57,60,59,53,26,12,8,8,7,0,0
0,0,0,0,0,8,9,15,37,59,74,72,61,56,54,56,60,67,58,34,16,9,8,0,0,0
5,7,0,0,0,7,12,27,54,67,91,96,68,64,64,61,67,114,80,52,41,13,9,7,8,5
0,6,0,0,0,10,12,9,50,64,84,76,62,60,59,58,62,93,72,50,25,12,9,0,0,0
0,0,0,0,0,7,10,6,32,61,70,61,56,55,53,53,55,57,56,30,12,0,7,0,0,0
0,0,0,0,6,8,7,0,21,57,67,58,53,50,50,52,53,51,51,12,9,7,0,0,0,0
0,4,0,0,0,6,8,6,12,51,55,52,42,13,21,41,36,32,30,12,7,6,7,0,0,0
0,0,6,0,0,5,0,0,9,48,53,37,13,12,16,16,16,16,14,9,4,0,0,4,0,0
0,0,0,5,0,0,0,0,0,39,50,29,12,13,17,17,14,13,12,7,0,0,7,0,5,0
0,8,0,0,0,12,30,52,57,64,62,68,66,60,58,58,51,40,13,5,8,0,0,0,0,0
0,0,0,0,9,15,54,69,78,70,64,74,84,76,73,64,57,52,47,6,0,8,0,5,0,0
0,0,0,0,9,50,55,67,62,62,79,93,104,95,85,72,63,59,102,62,0,0,11,11,11,0
0,11,8,0,12,34,23,9,54,78,89,101,125,108,98,85,75,70,64,53,13,7,13,7,8,0
0,0,9,11,12,6,14,52,62,79,103,113,111,137,127,97,84,76,65,54,29,13,17,7,10,8
5,0,0,0,7,20,52,51,62,75,87,83,105,120,118,91,82,79,64,55,9,10,12,11,6,7
0,0,7,0,13,23,50,51,61,82,97,102,113,129,112,88,79,75,66,38,12,12,12,0,0,7
0,0,10,11,11,11,12,36,61,87,104,103,108,113,109,95,79,72,62,17,10,10,12,12,0,0
0,8,9,7,11,17,10,13,60,87,98,100,116,119,107,93,86,77,65,37,8,11,13,9,11,0
9,11,9,12,11,14,25,34,67,85,107,117,132,133,118,108,100,87,72,55,20,12,14,12,14,11
0,7,10,12,11,9,13,50,58,77,95,112,128,125,114,98,89,81,68,52,15,13,12,13,13,11
6,8,12,12,10,14,12,27,57,69,87,105,105,103,94,89,79,70,62,52,12,11,10,9,13,11
0,8,9,8,0,13,13,12,54,63,77,85,88,88,81,81,71,67,59,50,15,10,11,8,9,12
0,0,0,0,0,0,0,0,16,53,68,67,72,73,66,66,55,53,30,9,0,0,0,0,0,0
0,0,7,9,10,8,7,8,38,62,71,75,79,81,83,79,68,65,60,41,16,12,12,10,12,8
0,7,11,10,10,0,8,32,56,71,79,82,88,90,87,79,73,64,60,52,21,13,12,11,11,9
6,8,34,50,9,0,15,50,64,84,94,90,90,95,88,84,76,71,67,60,52,30,27,14,14,13
6,13,41,52,12,12,50,56,68,87,115,92,94,93,88,84,75,70,66,60,52,43,35,20,14,13
7,12,37,43,0,20,58,60,71,93,100,98,97,93,87,81,73,70,66,57,51,28,16,7,9,7
13,23,51,33,8,52,57,61,76,98,112,112,104,107,102,91,83,83,78,63,52,15,26,35,50,38
13,23,48,14,34,56,63,64,78,95,108,109,96,97,98,88,82,80,80,81,71,60,56,57,62,57
0,13,14,12,16,53,57,59,77,90,99,101,98,95,91,95,81,71,68,59,51,28,13,8,6,6
6,14,20,22,25,42,53,53,72,91,100,110,100,86,84,90,73,70,64,55,42,37,34,23,25,20
8,18,32,11,28,38,50,56,70,87,93,96,90,83,79,76,76,72,68,60,53,39,38,17,23,13
5,10,12,0,10,9,27,51,62,80,87,92,80,78,70,66,68,73,67,58,51,18,20,14,14,10
7,10,0,0,0,5,15,21,60,78,83,90,80,75,67,64,66,71,68,56,51,15,13,13,13,9
7,0,0,5,0,9,12,12,57,74,78,82,75,69,64,63,65,66,67,55,41,15,12,9,10,0
0,0,0,0,0,9,11,9,55,69,75,80,70,66,62,62,63,63,64,56,35,13,11,9,7,0
0,0,0,0,0,6,0,10,52,66,74,76,68,62,59,58,59,62,60,52,14,9,9,6,0,0
0,0,0,0,0,0,0,9,50,63,72,75,65,60,56,58,60,60,59,51,12,9,0,0,7,0
0,0,0,0,0,0,7,6,50,64,73,71,63,58,54,58,59,60,58,50,12,9,8,0,7,0
0,0,5,0,0,0,6,8,44,63,73,70,65,56,56,57,60,59,53,27,12,8,8,7,0,0
0,0,0,0,0,7,8,14,37,60,74,72,62,56,54,55,60,67,58,40,15,9,9,0,0,0
5,7,0,0,0,8,13,21,54,67,92,95,68,64,64,61,66,114,79,52,41,13,9,8,8,6
0,6,0,0,0,10,12,8,50,64,84,76,62,60,59,58,62,93,72,51,25,13,9,0,0,0
0,0,0,0,0,7,10,6,40,62,70,61,57,55,53,53,54,57,56,30,12,0,7,0,0,0
0,0,0,0,6,8,7,0,21,57,66,57,54,50,50,52,53,51,51,12,10,8,0,0,0,0
0,4,0,0,0,6,8,6,13,52,56,52,43,14,20,38,34,32,28,12,7,7,7,0,0,0
0,0,6,0,0,5,0,0,9,48,53,35,13,13,15,16,14,14,13,10,4,0,0,4,0,0
0,0,0,5,0,0,0,0,0,39,48,26,13,13,17,18,14,13,12,7,0,0,7,0,4,0
0,8,0,0,0,12,32,52,57,63,62,68,66,59,58,57,51,40,13,5,8,0,0,0,0,0
0,0,0,0,9,14,54,69,78,69,64,74,84,76,72,63,57,52,45,6,0,8,0,5,0,0
0,0,0,0,9,50,56,67,61,62,80,93,103,95,84,72,63,59,102,62,0,0,11,11,10,0
0,11,8,0,12,32,23,10,55,77,89,102,125,108,97,85,75,70,63,53,13,7,14,7,8,0
0,0,9,11,12,6,14,53,62,79,104,113,111,137,127,97,83,76,65,54,31,13,16,6,10,8
5,0,0,0,7,20,52,51,63,75,88,83,105,120,118,91,81,79,64,54,9,10,11,12,6,8
0,0,7,0,13,23,50,51,61,81,98,102,113,129,112,88,79,75,65,41,12,12,12,0,0,7
0,0,10,11,11,11,12,38,61,86,104,102,107,114,109,95,79,73,61,17,10,10,12,11,0,0
0,8,9,7,11,17,10,14,60,87,98,101,116,119,107,93,86,77,65,37,8,11,13,8,10,0
9,11,9,12,11,14,25,34,67,85,107,117,131,133,118,107,100,87,72,54,22,11,14,13,14,11
0,7,10,12,11,9,14,50,58,77,95,112,128,125,114,97,89,81,68,52,15,13,13,13,13,11
6,8,12,12,10,14,12,30,57,69,86,105,105,102,94,89,79,70,62,52,12,11,10,10,12,11
0,8,9,8,0,13,13,12,53,64,77,85,88,88,80,81,70,67,59,50,15,10,11,8,9,11
0,0,0,0,0,0,0,0,17,53,68,67,72,73,65,66,55,53,29,8,0,0,0,0,0,0
0,0,7,9,10,8,7,8,37,62,71,75,79,81,83,78,68,65,59,39,16,12,12,10,12,8
0,7,11,10,10,0,8,30,56,70,80,82,87,90,86,79,73,64,60,52,21,12,11,11,12,9
6,8,34,50,9,0,14,50,64,84,94,89,89,94,88,84,76,71,68,60,52,27,25,14,14,13
6,13,41,52,12,12,50,56,68,86,115,93,94,94,88,84,75,70,65,60,52,43,33,20,14,13
7,12,37,43,0,18,58,60,71,93,100,99,97,92,86,80,73,70,66,56,51,28,15,7,9,7
13,23,51,33,8,52,57,61,76,98,113,111,104,108,102,91,83,83,78,62,52,14,26,33,48,38
13,23,48,14,34,56,63,64,78,95,108,109,96,97,97,88,82,80,80,81,71,60,56,58,62,57
0,13,14,12,16,53,57,59,77,89,99,102,99,95,90,95,81,71,68,59,51,26,13,8,5,6
6,14,20,22,25,42,53,53,71,91,100,110,99,85,83,89,74,70,64,55,42,37,34,23,24,20
8,18,32,11,28,38,50,55,70,87,94,96,91,83,78,76,77,71,68,60,52,35,37,19,22,13
5,10,12,0,10,9,29,51,62,79,87,92,80,77,70,66,69,73,67,57,51,20,18,13,14,10
7,10,0,0,0,6,14,23,60,78,83,90,79,75,67,64,67,71,68,56,50,18,12,13,12,9
7,0,0,5,0,9,12,12,57,74,79,82,75,69,64,63,64,66,67,55,39,14,12,8,10,5
0,0,0,0,0,9,11,10,55,69,76,80,70,65,61,62,63,63,64,55,35,12,11,9,6,0
0,0,0,0,0,6,0,10,52,66,75,76,68,62,58,59,60,62,59,52,14,9,9,6,0,0
0,0,0,0,0,0,0,9,48,63,73,74,65,59,55,57,59,60,58,51,12,8,0,0,6,0
0,0,0,0,0,0,7,7,50,63,73,71,63,58,54,58,59,60,58,50,13,9,8,0,7,0
0,0,5,0,0,0,6,8,42,62,73,70,65,56,56,57,60,60,53,25,12,8,8,6,0,0
0,0,0,0,0,7,8,15,38,60,75,72,62,56,54,55,60,66,57,38,16,9,8,0,0,0
5,7,0,0,0,8,13,23,54,67,92,96,69,64,64,61,66,114,79,52,38,13,9,8,8,6
0,6,0,0,0,10,12,9,50,64,84,75,62,60,58,57,63,93,71,51,25,12,8,0,0,0
0,0,0,0,0,7,10,6,40,61,70,61,57,55,53,53,54,57,56,27,12,0,7,0,0,0
0,0,0,0,6,9,7,0,21,57,67,57,54,50,50,51,52,51,50,12,10,8,0,0,0,0
0,4,0,0,0,6,8,6,13,52,56,52,42,14,16,39,33,32,28,12,7,7,7,0,0,0
0,0,6,0,0,4,0,0,9,46,53,37,13,13,14,16,14,15,13,10,4,0,0,4,0,0
0,0,0,5,0,0,0,0,0,35,46,26,12,13,17,18,14,14,12,7,5,0,6,0,4,0
0,8,0,0,0,12,30,52,57,64,62,68,66,60,58,58,51,36,13,0,8,0,0,0,0,0
0,0,0,0,8,14,54,69,78,69,64,74,83,75,72,63,57,52,45,6,0,8,0,0,0,0
0,0,0,0,8,47,55,67,61,63,80,93,104,95,84,72,63,58,101,61,0,0,11,11,10,0
0,10,8,0,11,31,23,10,55,77,89,102,124,109,97,85,75,70,64,52,13,7,14,7,7,6
0,0,9,11,12,6,14,53,62,79,104,112,111,137,126,97,84,76,65,54,31,13,15,7,10,8
4,0,0,0,7,18,52,51,62,75,88,84,105,121,117,91,81,79,64,54,9,10,11,11,0,8
0,0,8,0,13,21,50,51,62,81,98,102,113,129,112,88,79,74,66,44,12,12,12,0,0,8
0,0,10,11,11,11,13,38,61,87,105,102,107,113,109,95,79,72,61,17,10,10,11,11,0,0
0,8,9,8,11,15,10,13,60,86,98,100,116,119,107,93,86,77,65,37,8,11,12,8,10,0
9,11,10,12,11,14,25,37,67,85,106,117,132,133,118,107,100,87,71,54,22,11,13,13,13,11
0,7,11,12,11,9,14,50,57,77,95,112,128,124,114,97,90,80,68,53,17,13,13,13,13,11
0,8,13,12,10,14,12,30,57,69,87,104,105,102,94,88,79,70,62,52,12,11,10,9,13,12
0,8,10,8,0,13,12,12,53,64,77,85,88,89,80,81,71,67,60,50,15,10,11,8,9,11
0,0,0,0,0,0,0,0,16,53,69,67,72,73,64,66,55,53,30,8,0,0,0,0,0,0
0,0,8,8,10,7,8,8,35,62,71,75,79,81,83,78,68,64,59,41,17,12,11,10,11,9
0,7,11,10,10,0,8,30,56,70,81,82,87,90,86,78,73,64,59,53,19,12,11,11,12,9
6,8,34,47,9,0,14,50,65,84,94,89,90,94,89,84,76,72,68,60,52,27,25,14,15,13
7,13,43,52,12,13,50,56,68,87,115,92,95,93,88,84,75,70,65,60,52,43,31,20,14,13
8,12,37,43,0,18,58,60,71,93,101,99,97,92,86,80,73,70,66,57,50,28,14,7,9,7
14,20,51,35,8,52,57,61,76,98,113,111,104,108,102,91,83,83,78,62,52,15,26,33,46,40
13,22,50,14,32,56,64,64,78,95,108,109,97,97,97,88,82,79,80,80,71,60,56,57,62,57
0,12,15,13,15,53,57,59,77,89,99,101,99,94,90,96,81,71,68,59,51,23,12,8,5,7
6,13,22,23,25,42,53,53,72,91,101,111,100,85,82,89,74,70,64,55,42,36,34,22,24,20
8,17,33,11,28,36,50,55,70,86,93,96,91,83,78,76,76,72,68,60,53,32,37,19,22,13
0,9,13,0,10,9,29,51,62,79,87,92,80,77,70,66,68,73,68,57,51,21,18,13,13,10
7,9,0,0,0,6,14,21,60,78,84,90,79,75,67,64,67,71,68,56,51,16,12,13,12,10
7,0,0,5,0,9,12,13,58,73,80,82,75,69,63,63,65,65,67,55,41,14,12,8,10,6
0,0,0,0,0,9,11,10,55,69,77,80,71,66,61,62,63,64,64,55,33,12,11,9,7,0
0,0,0,0,0,6,0,10,52,66,75,76,68,62,58,60,60,62,59,51,14,9,9,0,0,0
0,0,0,0,0,0,0,10,48,63,73,75,65,59,55,58,59,60,58,51,12,8,0,0,6,0
0,0,0,0,0,0,7,7,50,63,73,70,63,58,54,58,59,60,58,50,12,9,8,0,6,0
0,0,5,0,0,0,6,7,42,63,73,70,65,56,56,57,60,60,53,25,12,8,8,6,0,0
0,0,0,0,0,7,9,15,38,60,74,72,62,56,54,56,60,66,57,36,16,8,8,0,0,0
5,7,0,0,0,7,13,23,54,67,92,96,69,64,64,62,67,114,79,52,41,13,8,8,8,6
0,6,0,0,0,10,13,9,50,64,84,75,62,59,58,58,63,93,72,50,25,12,8,0,0,0
0,0,0,0,0,7,10,6,42,61,70,61,57,55,53,53,54,57,57,27,12,0,7,0,0,0
0,0,0,0,6,8,7,0,21,57,67,57,54,50,50,52,52,51,50,12,10,8,0,0,0,0
0,0,0,0,0,6,8,6,13,52,57,52,42,14,16,36,31,30,28,12,6,7,7,0,0,0
0,0,7,0,0,4,0,0,9,46,53,39,13,13,14,16,15,15,13,10,0,0,0,4,0,0
0,0,0,5,0,0,5,0,0,34,48,27,13,13,16,18,14,14,12,7,5,0,6,0,4,0
0,8,0,0,0,11,32,53,57,63,62,69,67,60,57,57,52,36,13,5,8,0,0,0,0,0
0,0,0,0,8,14,54,69,77,69,64,74,84,75,72,63,57,52,45,6,0,8,5,0,0,0
0,0,0,0,8,47,55,67,61,62,79,93,104,95,85,72,63,59,100,61,0,0,11,10,10,0
0,10,8,0,12,31,27,10,55,77,89,102,124,108,98,85,75,71,64,52,13,7,14,7,8,0
0,0,9,11,12,6,14,52,62,79,104,112,111,137,127,97,84,76,65,54,31,14,16,7,10,8
5,0,0,0,7,18,52,51,62,75,87,84,105,121,117,91,81,79,64,54,8,10,11,11,0,7
0,0,8,0,13,23,50,52,62,80,97,102,113,128,112,88,78,75,65,47,12,11,12,0,0,7
0,0,10,10,11,11,13,38,60,86,105,102,108,113,109,94,79,72,61,15,10,10,11,12,0,0
0,8,10,8,10,15,10,13,61,86,97,100,116,119,106,92,86,78,65,34,9,11,12,9,10,0
9,11,9,11,11,13,28,43,67,85,106,117,132,133,118,107,100,88,71,54,22,11,13,12,14,11
0,8,10,12,11,9,14,50,57,77,95,112,129,124,113,97,90,80,68,53,15,13,13,12,13,11
0,8,13,12,10,14,12,30,56,69,86,105,105,102,94,88,79,69,62,52,12,11,9,10,13,12
0,8,10,8,0,12,12,12,53,64,77,86,88,88,80,80,70,66,60,50,14,9,11,8,9,11
0,0,0,0,0,0,0,0,16,54,69,67,72,73,64,66,55,52,29,8,0,0,0,0,0,0
0,0,8,9,10,7,8,8,35,62,71,75,79,81,82,78,69,64,59,39,16,11,12,10,11,8
0,6,11,10,10,0,8,27,56,70,80,82,87,90,86,78,72,64,60,53,17,12,12,11,12,9
6,8,30,50,9,0,15,50,64,84,93,89,89,94,89,84,76,72,67,60,52,27,25,14,14,13
6,13,43,52,11,12,50,56,68,87,114,93,94,93,88,83,75,70,65,60,52,40,33,22,14,12
7,12,39,45,0,16,58,60,70,92,102,99,98,92,86,80,73,70,67,57,50,28,14,7,9,7
14,18,52,37,8,51,57,61,76,98,111,111,103,108,102,90,83,83,78,62,52,14,28,31,44,35
12,23,48,14,32,56,64,64,78,95,107,109,97,97,97,88,82,80,80,81,70,60,56,57,61,57
0,13,15,13,14,53,58,59,77,89,98,102,99,94,90,96,81,71,68,59,50,23,12,8,5,6
6,14,22,23,25,41,53,53,71,91,100,112,100,85,83,89,74,70,64,55,42,36,35,23,24,18
8,18,33,11,27,34,50,54,70,87,93,97,91,83,77,76,76,72,68,59,52,32,37,19,23,13
0,9,13,0,10,8,27,51,62,79,87,93,80,77,70,65,69,73,68,57,51,21,16,13,13,9
7,10,0,0,0,5,14,21,60,78,83,91,79,75,67,64,67,70,68,56,50,15,12,13,12,9
7,0,0,5,5,9,12,13,58,73,79,82,75,69,63,63,65,65,67,55,39,14,11,8,10,6
0,0,0,0,0,9,11,10,55,69,76,80,70,65,61,62,63,64,64,55,28,12,11,9,7,0
0,0,0,0,0,6,0,10,52,66,75,76,68,62,58,59,61,61,59,51,14,9,8,0,0,0
0,0,0,0,0,0,0,9,46,63,72,75,65,59,55,58,59,60,58,51,12,8,0,0,6,0
0,0,0,0,0,0,7,7,50,63,72,71,63,57,54,59,59,60,58,50,12,9,8,0,6,0
0,0,5,0,0,0,6,7,41,63,73,70,65,56,56,57,60,60,53,25,12,8,8,6,0,0
0,0,0,0,0,7,9,16,38,60,74,72,62,56,54,56,60,66,57,36,15,8,9,0,0,0
5,7,0,0,0,7,13,21,54,66,92,96,69,63,64,61,67,114,79,53,38,13,8,8,7,6
0,6,0,0,0,10,13,9,50,64,84,75,62,59,58,58,63,93,71,50,21,12,8,0,0,0
0,0,0,0,0,7,10,6,37,61,70,62,57,55,53,53,54,57,57,27,12,0,7,0,0,0
0,0,0,0,6,8,7,0,21,56,67,57,54,50,50,52,52,51,50,12,10,7,0,0,0,0
0,0,0,0,0,6,8,6,13,51,56,52,43,14,18,38,33,30,26,12,6,7,7,0,0,0
0,0,7,0,0,4,0,0,9,48,52,39,13,13,14,17,15,14,13,10,0,0,0,4,0,0
0,0,0,5,0,0,0,0,0,34,46,27,13,13,17,18,14,14,12,7,5,0,6,0,4,0
0,8,0,0,0,12,35,53,58,64,62,68,66,59,58,57,52,36,13,6,8,0,0,0,0,0
0,0,0,0,8,14,54,69,77,69,64,75,84,76,73,63,57,53,43,6,0,7,5,0,0,0
0,0,0,0,9,50,55,67,61,62,79,93,103,95,84,72,63,59,99,61,0,0,11,10,10,0
0,10,8,0,12,32,23,10,55,78,89,103,124,108,98,85,76,71,64,53,13,6,14,7,8,0
0,0,8,10,12,6,14,52,62,79,104,112,111,137,127,97,83,76,65,54,31,13,14,7,10,8
5,0,0,0,7,16,52,51,62,75,87,84,105,121,117,91,81,78,64,54,8,10,11,11,0,7
0,0,8,0,13,25,50,51,62,81,96,102,113,128,112,88,78,74,65,50,12,12,11,0,0,6
0,0,10,11,11,11,13,38,61,87,105,102,108,113,109,93,79,72,61,15,10,10,11,12,0,0
0,7,10,8,10,17,10,13,61,87,97,100,116,119,106,91,86,78,65,37,9,11,13,9,10,0
9,11,10,12,11,13,31,46,67,85,106,117,132,133,118,107,100,87,71,55,22,11,13,13,13,11
0,7,11,11,11,10,14,50,57,77,95,113,129,124,113,98,90,80,68,54,14,12,13,12,14,11
6,8,14,12,10,14,12,25,56,69,86,105,105,102,93,88,79,69,62,52,12,10,10,10,13,11
0,8,10,8,0,12,12,12,53,65,76,86,89,88,80,80,70,67,60,50,15,9,11,8,9,11
0,0,0,0,0,0,0,0,15,53,69,66,72,73,64,66,56,52,30,9,0,0,0,0,0,0
0,0,8,9,10,8,8,8,35,63,71,75,79,81,81,78,68,64,59,38,16,11,12,10,11,8
0,6,11,10,10,0,8,21,56,70,80,81,87,89,87,79,72,64,60,53,15,13,12,11,12,8
6,7,34,50,9,0,17,50,64,84,93,89,89,94,88,85,76,72,67,60,52,25,23,14,14,12
6,13,43,52,11,12,45,56,68,87,114,93,94,93,88,83,75,70,65,60,52,43,35,23,14,12
8,11,41,45,0,16,58,60,70,92,101,99,97,92,86,80,73,70,66,57,50,29,14,8,9,6
13,18,51,37,8,51,57,61,76,98,111,110,103,108,102,90,83,83,77,62,52,15,26,31,46,31
12,25,50,14,30,56,63,64,78,95,107,109,96,96,97,88,82,80,80,81,71,60,56,57,61,56
0,12,15,13,14,53,58,59,77,89,98,101,99,94,91,96,81,71,68,60,50,23,13,8,5,6
6,13,21,22,25,41,53,53,71,91,100,112,99,85,83,89,74,70,64,55,42,36,35,23,25,17
8,18,33,11,26,34,50,54,70,87,93,96,91,83,77,75,76,72,67,60,52,32,36,17,24,12
0,9,13,0,9,8,27,51,62,79,87,93,80,77,70,65,68,73,68,57,51,20,16,13,14,9
7,10,0,0,0,5,14,19,60,78,83,90,79,75,67,64,66,70,68,56,50,15,12,13,12,9
7,0,0,5,0,8,12,13,58,73,79,82,75,69,64,63,64,65,67,55,39,14,11,8,10,6
0,0,0,0,0,9,11,10,55,69,76,80,71,65,61,62,63,64,64,56,30,12,11,9,7,0
0,0,0,0,0,6,0,10,52,66,74,76,68,62,58,59,60,61,59,52,14,9,8,0,0,0
0,0,0,0,0,0,0,10,48,63,72,75,65,59,55,58,59,60,58,51,12,8,0,0,6,0
0,0,0,0,0,0,7,7,50,63,72,71,64,57,54,58,59,60,57,50,12,9,8,0,6,0
0,0,5,0,0,0,6,8,41,63,73,70,65,56,56,57,60,60,53,25,12,8,8,6,0,0
0,0,0,0,0,7,9,15,39,60,74,73,62,56,54,56,59,66,57,38,14,8,9,0,0,0
5,7,0,0,0,7,13,21,54,66,91,96,69,63,64,61,67,114,79,53,38,13,8,8,7,5
0,6,0,0,0,10,13,9,50,64,83,75,62,59,58,58,62,93,71,50,21,12,8,0,0,0
0,0,0,0,0,7,10,6,37,61,70,62,57,55,53,53,54,57,56,30,12,0,7,0,0,0
0,0,0,0,6,8,7,0,21,57,67,57,54,50,50,52,52,51,50,13,10,7,0,0,0,0
0,0,0,0,0,7,8,6,13,51,56,52,42,14,20,36,31,30,26,12,6,6,7,0,0,0
0,0,7,0,0,4,0,0,9,46,52,39,13,13,14,16,15,14,13,10,0,0,0,4,0,0
0,0,0,5,0,0,0,0,0,35,46,28,13,13,17,18,14,14,12,7,0,0,6,0,4,0
0,7,0,0,0,11,32,53,57,64,62,69,67,59,58,57,51,34,13,6,9,0,0,0,0,0
0,0,0,0,9,14,53,68,77,69,64,75,84,76,73,63,57,53,45,6,0,7,5,5,0,0
0,0,0,0,9,47,55,66,61,63,79,93,103,94,84,72,63,60,99,61,0,0,11,10,10,0
0,10,8,0,12,34,23,10,55,78,89,102,124,107,98,85,76,71,64,53,13,6,14,7,8,0
0,0,9,11,12,6,14,51,62,79,104,113,111,136,128,97,83,76,65,55,31,13,14,7,11,8
5,0,0,0,7,16,51,51,62,75,86,84,105,121,117,91,81,78,64,54,8,10,11,11,0,6
0,0,7,0,12,25,46,52,62,81,97,102,113,128,113,88,78,75,66,50,12,12,11,0,0,0
0,0,10,11,11,12,13,38,61,87,104,102,108,112,109,94,79,72,61,17,10,10,12,12,0,0
0,8,10,8,10,17,10,13,60,87,98,100,116,119,106,92,86,78,66,40,10,11,13,10,10,0
9,11,10,12,11,13,28,43,66,85,106,117,132,132,118,107,100,87,71,55,20,11,14,13,13,11
0,8,10,12,10,9,13,50,57,77,95,113,129,124,114,98,89,80,67,54,17,12,13,13,13,11
6,7,14,12,10,14,12,22,56,69,87,105,105,102,94,88,79,69,62,52,12,10,10,10,14,11
0,8,10,8,0,12,12,12,53,64,77,87,88,88,80,80,69,67,60,50,17,9,11,8,10,11
0,0,0,0,0,0,0,0,16,54,69,67,72,73,64,66,55,52,31,9,0,0,0,0,0,0
0,0,7,9,9,8,8,8,36,63,71,75,79,81,81,78,68,63,59,39,16,11,12,11,11,8
0,6,11,10,10,0,8,23,56,71,80,82,88,89,87,78,72,64,60,53,17,13,12,11,12,8
6,7,32,50,9,0,17,50,64,83,94,89,89,94,88,85,75,72,67,61,52,27,25,14,14,13
6,13,37,52,11,12,43,56,68,87,115,93,94,92,88,83,75,70,64,60,52,45,35,25,14,12
7,11,37,43,0,16,58,60,70,92,101,99,97,91,86,80,73,70,66,57,51,29,14,8,9,6
13,20,51,35,8,51,57,61,76,98,111,111,103,107,101,90,83,82,77,62,52,17,28,33,48,31
12,25,48,14,30,56,63,64,79,95,107,109,97,96,98,88,81,80,80,81,71,60,56,57,61,56
0,12,14,13,15,53,58,59,77,89,98,101,98,94,91,96,81,71,68,60,50,25,13,8,5,6
6,14,20,22,24,40,53,52,71,91,101,112,99,85,83,89,74,70,64,55,43,36,35,23,25,17
8,18,32,11,27,33,50,54,70,87,93,96,91,83,77,75,76,72,67,60,53,35,37,19,24,12
0,9,13,0,9,8,27,50,62,80,87,93,80,77,70,66,68,73,68,58,51,23,18,13,14,9
7,10,0,0,0,0,14,19,60,78,83,90,79,75,67,64,66,70,68,56,50,15,12,13,12,9
7,0,0,5,0,8,12,13,57,73,79,82,75,69,64,63,64,66,67,55,41,14,12,8,10,6
0,0,0,0,0,9,11,11,54,69,76,81,70,65,62,61,63,64,64,56,30,12,11,9,7,0
0,0,0,0,0,6,0,10,52,66,74,76,68,61,59,59,60,61,59,52,14,9,8,6,0,0
0,0,0,0,0,0,0,9,48,63,73,75,65,59,55,58,59,60,58,51,12,8,0,0,7,0
0,0,0,0,0,0,7,7,50,63,72,71,63,57,55,58,59,60,57,50,12,9,8,5,6,0
0,0,5,0,0,0,6,8,41,63,73,70,64,56,56,57,60,59,53,26,12,8,9,7,0,0
0,0,0,0,0,7,9,16,38,60,74,73,62,55,54,56,60,66,58,39,15,8,9,0,0,0
5,7,0,0,0,7,13,19,55,66,91,96,69,63,64,61,67,114,79,53,41,12,9,8,7,5
0,5,0,0,0,10,13,9,50,64,84,76,62,59,59,58,62,93,71,50,23,12,8,5,0,0
0,0,0,0,0,7,9,6,37,61,70,62,57,55,53,53,54,57,56,36,12,0,7,0,0,0
0,0,0,0,6,8,7,0,21,57,66,58,55,50,50,52,52,51,50,13,10,7,0,0,0,0
0,0,0,0,0,7,8,6,13,51,56,52,39,13,20,38,31,32,26,12,6,7,7,0,0,0
0,0,7,0,0,5,0,0,9,46,52,41,13,13,14,16,14,14,13,10,4,0,0,4,0,0
0,0,0,5,0,0,0,0,0,37,48,29,13,13,16,18,13,14,12,8,5,0,7,0,4,0
0,8,0,0,0,12,35,53,57,64,62,68,67,59,59,57,51,36,13,6,8,0,0,0,0,0
0,0,0,0,9,15,53,68,76,69,64,75,84,76,73,63,57,52,40,6,0,7,6,5,0,0
0,0,0,0,9,45,55,66,61,63,80,93,102,94,85,72,63,60,98,61,0,0,11,10,10,0
0,10,8,0,12,35,23,10,55,78,89,103,124,106,98,85,76,71,64,54,13,6,13,6,8,0
0,0,9,10,12,6,14,51,62,80,104,113,111,136,128,97,83,77,65,54,31,13,15,7,11,8
5,0,0,0,7,16,51,51,62,75,86,84,105,120,117,90,80,78,64,54,8,10,11,11,0,6
0,0,7,0,12,25,46,51,62,81,97,103,113,127,112,88,79,75,65,50,12,12,12,0,0,0
0,0,10,11,11,12,13,36,61,86,105,103,108,112,109,94,79,72,62,15,10,10,12,13,0,0
0,8,9,8,10,17,10,13,60,88,97,101,116,119,106,92,86,79,65,40,10,11,13,10,10,0
9,11,10,12,11,13,34,40,66,85,107,118,132,132,118,107,100,86,71,55,22,11,14,13,14,11
0,8,11,12,10,9,13,50,58,78,95,114,128,124,114,98,89,80,67,54,17,13,13,13,14,11
0,7,14,12,11,14,12,25,56,69,86,105,105,101,93,88,78,69,62,52,11,10,10,11,13,11
0,8,10,8,0,11,12,12,54,65,76,86,89,88,80,80,69,67,60,50,17,9,11,8,10,11
0,0,0,0,0,0,0,0,17,54,68,67,71,72,65,66,55,52,31,8,0,0,0,0,0,0
0,0,8,10,10,8,7,8,37,62,71,75,79,80,81,77,68,63,59,38,14,11,12,11,11,8
0,6,11,10,10,0,8,23,56,71,80,82,88,88,87,78,72,64,60,53,17,13,12,11,12,8
0,7,34,50,9,0,14,50,63,84,94,90,89,94,88,84,75,71,67,60,52,25,25,15,15,12
6,13,37,52,12,12,43,56,68,87,115,94,94,92,88,83,75,70,65,60,52,43,35,25,14,13
7,11,37,43,0,18,58,60,70,93,101,99,97,91,86,80,73,69,66,57,51,31,14,8,9,0
13,21,51,35,8,52,57,61,76,98,111,112,103,106,102,90,83,83,77,62,52,19,26,33,48,33
12,26,48,14,30,56,62,63,79,95,107,109,96,96,98,88,81,80,80,81,71,60,55,57,61,56
0,12,14,12,15,53,57,59,76,90,98,101,98,93,91,95,81,72,67,60,50,25,13,8,5,6
6,15,20,23,23,39,53,53,71,91,101,112,98,84,83,90,74,71,63,55,42,36,34,24,25,17
7,18,33,12,25,33,50,54,70,88,94,96,90,82,77,75,76,73,68,60,53,36,37,19,25,12
0,10,12,0,9,8,29,50,62,80,87,93,80,77,70,66,68,73,67,58,51,25,18,13,14,10
7,9,0,0,0,0,14,21,60,78,83,90,79,75,67,64,66,70,67,56,50,15,12,13,12,8
7,0,0,6,0,9,12,13,57,73,79,82,74,69,64,63,64,66,67,55,39,14,12,8,10,5
0,0,0,0,0,9,11,11,54,69,76,81,70,65,62,62,63,64,64,56,28,12,11,10,8,0
0,0,0,0,0,0,0,10,52,66,74,76,68,61,59,59,60,61,60,52,14,9,8,6,0,0
0,0,0,0,0,0,0,9,48,63,73,75,65,59,55,58,59,60,58,51,12,9,0,0,7,0
0,0,0,0,0,0,7,7,50,63,73,72,63,57,55,58,59,60,58,51,12,9,8,0,6,0
0,0,5,0,0,0,6,8,39,63,73,70,64,55,56,56,60,59,53,26,13,8,9,7,0,0
0,0,0,0,0,7,9,15,38,60,74,74,62,55,54,56,60,66,58,39,14,8,9,0,0,0
5,7,0,0,0,7,13,19,55,66,92,96,68,62,64,61,66,114,80,52,41,12,9,8,7,5
0,5,0,0,0,10,13,9,50,65,84,76,62,59,59,58,62,93,71,50,25,12,8,5,0,0
0,0,0,0,0,7,10,6,37,61,70,61,57,55,53,52,54,57,56,33,12,0,7,0,0,0
0,0,0,0,6,8,7,0,21,57,67,57,54,50,50,52,52,51,50,12,10,8,0,0,0,0
0,0,0,0,0,7,8,6,13,52,56,52,40,13,21,41,30,35,26,12,6,6,7,0,0,0
0,0,7,0,0,5,0,0,9,44,52,41,13,13,14,17,14,14,13,10,4,0,0,4,0,0
0,0,0,5,0,0,5,0,0,39,48,30,13,12,19,18,13,14,12,7,0,0,7,0,4,0
0,8,0,0,0,12,30,53,58,64,62,68,67,59,59,57,51,31,14,6,8,0,0,0,0,0
0,0,0,0,8,14,53,68,77,69,64,75,83,75,73,63,57,52,40,6,0,7,5,5,0,0
0,0,0,0,9,45,55,66,61,63,80,93,101,95,85,72,63,60,98,60,0,0,11,11,10,0
0,10,8,0,12,34,22,10,55,78,89,104,124,107,98,85,76,71,63,54,13,7,14,6,8,0
0,0,9,11,12,7,14,52,63,80,105,114,112,136,128,97,84,76,65,54,31,12,14,7,11,8
5,0,0,0,6,16,51,50,62,75,86,85,105,120,117,90,80,78,64,54,8,11,11,11,0,7
0,0,7,0,12,21,46,51,62,82,97,103,113,127,112,88,79,75,65,47,12,12,12,0,0,6
0,0,11,12,11,12,13,36,61,86,105,103,107,113,109,94,79,72,62,15,10,10,12,13,0,0
0,7,10,7,10,17,10,12,59,89,98,101,116,119,106,92,86,79,65,40,10,11,13,10,10,0
9,11,11,12,11,13,34,40,66,86,107,117,132,132,118,107,100,86,71,55,22,11,14,13,14,11
0,8,11,11,10,9,13,50,59,79,95,113,128,124,114,99,89,80,67,54,15,13,13,13,13,11
0,7,14,12,11,13,12,25,56,69,88,105,105,100,93,88,78,69,62,51,12,10,10,10,13,11
0,7,10,8,0,11,12,13,54,65,77,86,88,87,80,80,69,67,59,50,20,9,11,8,10,11
0,0,0,0,0,0,0,0,18,54,68,66,71,72,65,66,54,53,30,8,0,0,0,0,0,0
0,0,7,10,9,8,7,8,38,62,71,75,79,80,81,77,68,63,59,39,14,11,12,11,11,8
0,6,11,10,10,0,8,25,57,71,81,82,87,87,87,78,72,64,60,53,17,13,12,12,12,8
0,8,36,50,9,0,14,50,64,84,94,90,89,94,88,84,74,72,66,60,52,25,25,14,15,12
6,13,37,52,12,12,41,56,67,87,116,94,93,92,88,83,75,70,64,60,52,43,33,22,14,14
7,11,37,43,0,18,58,60,70,93,101,99,96,91,86,79,73,70,66,56,50,32,14,7,9,0
13,21,51,37,8,51,57,60,76,98,112,112,103,106,102,90,83,83,77,62,52,19,26,33,50,33
12,22,48,14,28,55,62,63,79,95,108,109,96,96,98,88,81,80,80,81,71,60,55,57,62,56
0,12,15,12,15,53,57,58,76,89,98,101,97,93,91,95,81,72,67,59,51,25,13,8,5,6
6,15,21,23,23,39,53,53,71,91,101,112,98,84,83,89,74,71,63,55,42,36,34,23,25,18
7,20,34,12,23,32,48,54,70,88,94,96,90,82,77,75,75,72,67,60,53,38,37,17,25,13
0,10,13,0,9,8,29,50,62,80,87,93,79,77,70,66,68,73,67,58,51,23,20,13,14,10
7,10,0,0,0,0,14,23,60,78,84,90,79,75,67,64,66,71,68,55,50,15,12,13,12,9
7,0,0,6,0,8,12,12,57,74,79,82,74,68,64,63,64,66,67,55,41,14,12,8,10,6
0,0,0,0,0,9,11,11,55,70,77,81,70,65,62,62,63,64,64,56,33,12,11,9,8,0
0,0,0,0,0,0,0,10,52,66,75,76,68,61,60,59,60,61,60,52,14,9,8,6,0,0
0,0,0,0,0,0,0,9,50,64,73,75,66,59,56,57,59,60,58,51,12,8,0,0,7,0
0,0,0,0,0,0,7,7,50,64,73,71,63,57,55,58,59,60,58,50,13,9,8,0,6,0
0,0,5,0,0,0,6,8,41,63,73,70,64,55,56,56,60,59,53,25,13,8,8,7,0,0
0,0,0,0,0,7,9,15,39,60,75,74,61,55,54,55,60,66,58,38,15,9,9,0,0,0
5,7,0,0,0,7,13,21,55,67,92,97,68,63,64,61,66,115,80,52,47,12,9,8,7,6
0,5,0,0,0,10,12,9,50,65,85,76,62,59,59,58,62,93,71,50,25,12,8,5,0,0
0,0,0,0,0,7,10,6,40,62,70,61,57,55,53,53,55,57,56,30,12,0,7,0,0,0
0,0,0,0,6,8,7,0,23,58,67,57,53,50,51,52,52,51,50,12,10,8,0,0,0,0
0,0,0,0,0,6,8,6,13,52,57,52,40,13,21,41,31,36,30,12,7,6,7,0,0,0
0,0,7,0,0,5,0,0,9,44,52,42,13,13,14,16,14,17,13,10,4,0,0,4,0,0
0,0,0,6,0,0,0,0,0,40,50,30,13,12,17,18,13,14,12,8,0,0,7,0,5,0
0,8,0,0,0,11,30,52,57,62,62,69,67,58,59,57,51,34,13,6,7,0,0,0,0,0
0,0,0,0,8,14,53,67,76,69,63,75,84,75,73,64,57,52,38,6,0,7,6,5,0,0
0,0,0,0,9,43,55,66,60,62,80,92,102,94,85,72,63,60,97,60,0,0,11,11,10,0
0,11,8,0,12,34,22,10,55,78,89,103,123,107,98,85,76,72,63,53,13,7,14,6,8,5
0,0,9,11,12,7,14,51,62,80,104,113,112,137,127,97,84,77,65,55,33,12,15,7,11,8
5,0,0,0,6,16,51,50,62,75,86,85,105,120,117,90,80,78,64,54,9,10,11,11,6,7
0,0,8,0,12,19,42,51,62,81,98,102,112,127,112,89,78,75,65,50,13,12,12,0,0,0
0,0,10,11,11,12,13,36,61,85,105,103,107,113,109,95,78,73,62,14,10,10,11,12,0,0
0,8,9,7,10,15,10,13,59,87,98,102,116,119,106,93,86,79,65,34,9,11,13,9,11,0
9,11,10,12,12,13,31,34,66,84,107,118,131,132,118,108,100,87,71,55,25,11,14,14,14,12
0,8,11,12,10,9,13,47,59,78,95,113,128,123,114,99,89,80,67,53,17,13,13,13,13,11
0,8,13,12,10,14,12,27,56,69,88,105,105,100,93,89,78,69,62,51,12,11,10,10,13,11
0,8,10,8,0,11,11,12,54,65,77,87,89,88,80,80,69,67,59,47,20,9,11,8,10,12
0,0,0,0,0,0,0,0,18,54,67,67,71,72,64,66,54,53,30,8,0,0,0,0,0,0
0,0,7,10,9,7,7,8,38,62,71,75,78,80,82,78,67,64,59,39,14,11,12,11,11,9
0,6,11,10,10,0,8,30,57,71,80,83,87,88,86,78,72,64,59,53,17,13,12,12,12,9
0,8,34,50,9,0,14,50,64,84,95,90,89,94,88,84,75,71,66,60,52,23,27,15,17,12
6,13,37,52,12,12,39,56,67,86,116,93,93,92,88,84,75,70,64,60,52,40,33,22,15,14
7,12,35,41,0,16,58,59,70,92,100,99,96,91,85,80,73,70,66,56,50,31,14,7,9,6
13,20,51,35,8,51,56,60,75,98,112,112,102,105,101,91,83,83,78,62,52,19,25,33,50,35
12,20,48,14,28,55,62,63,78,95,107,110,96,96,97,88,81,80,80,80,71,60,56,57,62,57
0,12,15,12,15,53,57,58,76,89,98,101,98,93,90,95,80,72,68,59,51,23,12,8,5,7
6,14,22,23,23,39,52,53,71,91,102,112,98,83,83,89,74,71,63,55,43,37,34,23,25,18
8,20,34,12,23,30,50,54,70,87,94,96,90,81,77,76,76,72,67,59,53,36,37,17,26,13
0,10,13,0,9,8,27,50,63,80,87,93,79,77,69,66,68,73,67,58,51,23,18,13,14,10
6,9,0,0,0,0,14,23,60,78,83,90,79,75,67,64,66,71,68,55,50,15,12,13,12,8
7,0,0,6,0,8,12,12,57,74,80,82,74,68,64,63,64,66,67,55,39,14,12,8,10,6
0,0,0,0,0,9,11,11,54,69,77,81,70,65,62,62,63,64,63,56,33,12,11,9,8,0
0,0,0,0,0,0,0,10,52,66,75,76,68,61,60,59,60,62,59,52,15,8,8,6,0,0
0,0,0,0,0,0,0,8,48,63,73,76,66,58,56,57,59,60,57,51,12,8,0,0,7,0
0,0,0,0,0,0,8,7,50,63,73,72,63,57,55,58,59,60,58,50,13,9,8,0,6,0
0,0,6,0,0,0,6,8,39,63,73,70,64,55,56,57,60,59,53,25,13,8,8,7,0,0
0,0,0,0,0,7,9,16,39,60,75,74,61,55,54,56,60,67,58,36,14,9,8,0,0,0
5,7,0,0,0,7,13,21,55,67,92,97,68,63,64,62,66,115,80,52,47,13,9,9,7,6
0,5,0,0,0,10,12,9,50,64,85,76,62,60,59,58,62,93,71,50,25,12,8,5,0,0
0,0,0,0,0,7,10,6,40,62,70,62,57,54,53,53,55,57,56,25,12,0,7,0,0,0
0,0,0,0,6,8,7,0,21,57,67,58,53,50,51,52,52,52,50,12,10,7,0,0,0,0
0,0,0,0,0,6,8,6,13,52,56,52,40,13,21,44,33,35,30,12,7,6,7,0,0,0
0,0,7,0,0,4,0,0,9,44,52,46,14,13,15,19,14,19,13,10,5,0,0,5,0,0
0,0,0,5,0,0,0,0,0,40,50,30,13,12,17,19,14,14,12,7,5,0,7,0,5,0
0,8,0,0,0,11,25,52,57,63,62,69,67,59,59,57,52,34,14,6,7,0,0,0,0,0
0,0,0,0,8,14,53,67,76,69,64,75,84,75,73,64,57,52,40,6,0,7,5,6,0,0
0,0,0,0,9,45,54,66,61,62,79,93,102,95,85,72,63,60,97,60,0,0,11,11,10,0
0,11,8,0,12,32,22,10,55,78,89,104,123,108,97,86,76,71,64,53,13,7,14,7,8,0
0,0,9,11,12,7,14,51,62,80,104,113,113,137,127,98,84,77,65,54,33,13,14,7,11,8
5,0,0,0,6,18,52,50,62,75,87,85,105,120,118,91,81,78,64,54,9,10,11,11,6,7
0,0,8,0,12,21,42,51,62,81,97,103,113,128,112,89,79,75,65,50,12,12,11,0,0,0
0,0,10,11,10,12,13,30,61,85,105,103,107,113,109,95,79,73,62,17,10,10,11,12,0,0
0,7,9,7,10,17,10,12,59,86,97,102,116,119,106,92,86,78,64,37,9,11,13,9,11,0
8,11,11,11,12,13,34,37,66,84,107,118,131,132,118,107,100,87,72,55,25,11,14,14,14,11
0,8,11,12,11,9,13,44,59,78,95,113,128,123,114,98,89,80,68,54,17,13,13,13,13,10
0,8,13,12,11,14,12,27,56,69,87,105,105,100,93,88,77,69,62,51,12,10,10,10,13,11
0,8,11,8,0,11,11,12,54,65,77,86,89,87,80,80,69,67,59,50,17,9,11,8,10,11
0,0,0,0,0,0,0,0,18,54,67,67,71,72,64,66,54,53,30,8,0,0,0,0,0,0
0,0,8,9,9,7,8,8,38,62,72,75,78,80,81,78,68,64,59,38,14,11,11,11,11,8
0,6,11,10,10,0,7,27,57,71,80,82,87,88,86,79,72,64,59,52,17,13,12,12,12,9
0,8,34,50,9,0,14,50,64,84,95,90,89,94,88,84,75,71,66,60,52,25,23,15,17,12
6,13,39,52,12,12,39,56,67,86,116,93,93,92,87,84,74,70,65,60,52,38,33,20,14,14
7,12,39,37,0,18,58,59,70,92,100,99,96,92,86,80,72,70,66,56,50,28,14,7,9,6
13,21,51,37,8,51,56,60,75,98,111,112,102,105,101,91,83,83,77,62,52,17,23,31,50,33
12,20,48,14,26,55,62,63,78,95,108,109,96,96,97,88,82,80,80,80,71,60,56,57,62,56
0,12,15,12,14,53,57,58,76,89,97,102,98,92,90,96,81,72,68,59,50,25,12,8,5,6
6,14,22,23,23,39,52,52,71,91,101,112,98,83,83,89,74,71,64,55,42,37,34,22,25,18
7,20,34,12,21,32,48,53,70,87,94,97,90,82,77,76,76,72,68,59,52,36,37,17,26,13
0,10,13,0,9,8,27,50,63,80,87,93,79,77,69,66,68,73,68,58,51,21,21,13,14,10
6,10,0,0,0,6,14,23,60,78,84,90,79,76,67,64,66,71,68,55,50,15,12,13,12,8
7,0,0,6,0,8,12,12,58,74,80,82,75,69,64,63,64,66,67,55,39,14,12,8,10,0
0,0,0,0,0,9,11,10,55,69,76,81,70,65,61,63,63,64,64,56,32,12,11,9,8,0
0,0,0,0,0,6,0,10,52,66,75,77,68,61,60,59,60,62,60,52,14,8,8,6,0,0
0,0,0,0,0,0,0,9,48,63,73,76,66,59,56,58,59,60,58,51,12,9,0,0,7,0
0,0,0,0,0,0,7,6,50,63,73,71,63,58,55,58,59,60,58,50,13,9,8,0,7,0
0,0,6,0,0,0,6,8,41,63,73,70,64,56,56,57,61,59,53,25,13,8,8,6,0,0
0,0,0,0,0,7,9,15,39,60,74,74,62,55,54,56,60,67,58,36,14,9,8,0,0,0
5,7,0,0,0,8,13,21,54,67,92,98,68,63,64,62,66,115,80,52,47,13,9,8,7,5
0,6,0,0,0,10,12,8,51,64,85,76,62,60,59,58,62,93,72,51,25,12,8,5,0,0
0,0,0,0,0,7,10,6,40,62,70,61,57,55,53,53,55,57,56,30,12,0,7,0,0,0
0,0,0,0,6,8,7,0,23,57,68,58,53,50,51,52,52,51,50,12,10,7,0,0,0,0
0,0,0,0,0,6,8,6,13,52,56,52,43,13,20,42,31,35,31,12,6,6,7,0,0,0
0,0,7,0,0,4,0,0,9,44,53,42,14,13,15,19,14,16,13,10,0,0,0,5,0,0
0,0,0,5,0,0,0,0,0,40,46,30,13,12,17,20,15,14,12,7,5,0,7,0,5,0
0,8,0,0,0,11,27,52,56,63,62,69,67,59,58,57,52,38,14,6,8,0,0,0,0,0
0,0,0,0,8,14,53,67,76,69,63,75,84,75,73,64,58,53,45,6,0,7,5,6,0,0
0,0,0,0,9,45,54,65,60,61,79,93,102,95,85,73,63,59,96,60,0,0,12,11,10,0
0,11,9,0,12,32,22,10,55,77,89,104,124,108,97,86,76,71,64,53,14,7,14,7,8,0
0,0,9,11,11,7,14,50,62,79,104,114,113,137,127,98,84,76,65,55,35,13,15,7,12,8
5,0,0,0,6,20,51,45,62,75,87,84,105,120,118,91,81,79,64,54,9,10,11,11,6,7
0,0,8,0,12,23,42,50,62,81,97,102,113,128,113,89,79,75,65,50,12,12,12,0,0,0
0,0,10,11,10,11,12,27,60,85,104,103,108,113,109,95,79,73,62,17,10,10,11,12,0,0
0,8,10,8,10,17,10,12,59,85,97,102,116,119,106,93,86,78,65,40,9,11,13,9,11,0
8,11,11,12,12,14,34,34,66,83,107,118,131,133,118,107,100,87,72,55,22,11,13,14,14,11
0,8,11,12,11,9,14,47,58,78,95,113,128,124,114,98,89,80,68,54,17,12,13,12,13,10
0,8,13,12,10,14,12,30,57,69,88,105,105,101,94,88,78,70,62,51,12,10,10,10,13,10
0,8,10,8,0,12,11,12,54,64,77,86,89,88,79,80,69,67,59,50,20,9,11,8,10,11
0,0,0,0,0,0,0,0,17,53,67,68,71,73,65,66,54,53,30,8,0,0,0,0,0,0
0,0,8,9,9,7,8,7,38,62,72,76,78,80,81,79,68,64,59,39,16,11,12,10,12,8
0,6,11,10,10,0,7,25,57,71,80,83,86,89,86,78,73,64,59,53,19,13,12,11,12,8
0,8,34,50,9,0,14,50,64,83,94,90,89,94,88,84,76,71,66,60,52,25,25,14,15,12
6,13,39,52,12,12,39,56,67,86,115,93,93,92,88,84,74,70,65,60,52,36,31,22,15,13
7,13,39,39,0,18,57,58,70,92,99,99,96,92,86,80,72,70,66,56,50,26,14,7,9,0
13,21,51,35,8,51,56,59,75,98,111,112,103,106,101,91,83,83,78,62,52,14,25,33,50,28
12,20,48,14,30,55,62,63,78,95,106,110,96,96,97,88,82,80,80,80,71,60,56,57,62,56
0,12,15,13,15,53,57,57,76,89,97,102,97,93,90,96,81,72,68,59,51,26,12,8,5,6
6,14,22,22,23,39,52,52,71,91,100,112,99,84,83,89,74,70,63,55,43,37,34,22,24,16
7,21,33,12,21,30,48,53,70,87,94,97,90,82,77,75,76,72,68,59,52,35,36,19,27,12
0,10,13,0,9,8,25,50,63,79,87,92,79,77,69,66,68,73,68,58,51,25,20,13,14,9
0,10,0,0,0,5,14,21,60,78,83,90,79,76,67,64,66,71,68,55,50,15,12,13,13,7
7,0,0,6,0,8,12,12,57,74,80,83,75,69,64,63,65,66,67,55,41,14,12,8,10,0
0,0,0,0,0,9,11,10,55,69,77,81,70,65,61,63,64,64,64,56,33,12,11,8,7,0
0,0,0,0,0,6,0,9,52,65,74,77,68,61,60,59,60,62,60,52,15,8,8,6,0,0
0,0,0,0,0,0,0,8,48,63,73,76,66,59,56,58,59,60,58,51,12,8,0,0,7,0
0,0,0,0,0,0,7,6,50,63,73,72,63,58,55,59,59,60,58,50,13,9,8,0,7,0
0,0,6,0,0,0,6,8,42,63,73,70,65,56,56,57,60,59,53,25,12,8,8,6,0,0
0,0,0,0,0,7,9,14,39,60,74,73,62,56,54,56,60,67,58,38,15,9,8,0,0,0
5,7,0,0,0,8,13,19,54,67,92,98,69,63,64,62,67,116,80,53,47,13,9,8,7,0
0,6,0,0,0,10,12,8,51,64,85,76,62,60,58,58,62,93,72,51,25,12,8,5,0,0
0,0,0,0,0,7,9,6,37,62,70,62,58,55,53,54,55,57,57,30,12,0,7,0,0,0
0,0,0,0,6,8,7,0,21,57,68,58,54,50,50,52,52,51,50,12,10,7,0,0,0,0
0,0,0,0,0,6,8,6,13,51,56,52,42,13,21,41,34,35,31,12,6,6,7,0,0,0
0,0,7,0,0,5,0,0,9,46,52,42,14,13,15,17,14,16,13,10,4,0,0,5,0,0
0,0,0,5,0,0,0,0,0,39,46,30,14,13,17,19,14,14,12,7,5,0,7,0,5,0
0,8,0,0,0,11,30,52,56,63,62,69,67,59,58,57,51,38,14,6,8,0,0,0,0,0
0,0,0,0,8,14,53,67,75,69,64,75,84,75,72,64,57,53,45,6,0,7,5,5,0,0
0,0,0,0,9,45,54,64,60,62,79,93,103,94,85,73,63,60,96,60,0,0,11,11,10,0
0,11,8,0,12,32,20,9,55,77,89,103,124,109,97,86,76,71,64,53,14,7,14,7,8,0
0,0,9,11,11,7,14,50,62,78,104,114,112,138,128,98,84,77,66,54,35,13,15,7,12,8
5,0,0,0,6,21,51,45,62,75,87,85,105,120,118,91,82,79,64,55,10,10,11,12,6,7
0,0,7,0,12,25,39,50,62,81,97,103,113,128,113,89,79,75,65,50,12,12,12,0,0,0
0,0,10,11,10,11,12,23,60,85,104,103,108,113,109,95,79,74,62,17,10,10,11,12,0,0
0,8,10,8,10,15,10,13,59,86,97,101,116,119,106,92,86,77,65,43,9,11,13,9,11,0
8,12,10,11,12,14,37,28,65,83,107,118,131,133,117,107,100,86,72,55,22,10,13,13,14,11
0,8,11,12,11,9,14,44,58,77,95,114,128,125,114,98,89,80,69,54,17,12,13,12,14,10
0,8,13,12,11,15,12,25,57,69,87,105,105,102,94,88,78,70,62,51,12,11,10,10,13,11
0,9,10,9,0,12,12,12,54,65,76,87,89,88,79,79,70,67,60,50,17,9,11,8,10,12
0,0,0,0,0,0,0,0,17,54,67,68,71,73,65,65,54,52,30,8,0,0,0,0,0,0
0,0,7,9,9,7,8,7,37,62,72,76,79,80,81,79,67,63,59,36,16,11,11,10,12,8
0,6,11,11,9,0,7,23,57,70,80,83,87,89,86,79,72,64,60,52,19,13,12,11,12,8
0,8,34,50,9,0,15,40,64,83,94,90,89,94,88,84,76,71,66,60,52,27,27,17,14,12
6,13,39,52,11,12,37,56,67,86,114,93,93,92,87,83,74,70,65,60,52,40,31,23,15,13
7,12,37,41,0,20,57,58,70,91,99,99,96,92,86,80,72,70,66,56,50,28,14,7,9,6
13,21,51,35,8,51,56,59,75,97,111,112,104,106,101,91,83,83,78,62,52,14,26,33,46,31
12,25,48,14,32,55,62,62,78,94,106,110,96,97,97,89,82,80,80,80,72,60,56,57,62,56
0,12,14,13,14,53,56,56,76,89,97,101,97,93,90,95,81,72,68,59,51,25,12,8,6,5
6,14,22,21,22,39,52,52,71,91,100,112,99,84,83,89,75,70,64,55,42,37,34,22,24,16
7,20,30,11,21,32,46,53,70,87,93,97,90,82,77,75,76,73,68,59,52,36,34,20,27,11
0,10,12,0,9,8,25,50,62,79,87,93,79,77,69,66,68,74,68,58,51,25,20,13,14,9
0,9,0,0,0,6,14,19,60,78,83,90,79,76,67,64,66,71,67,55,50,18,12,13,13,8
7,0,0,6,0,9,11,12,57,74,80,83,75,69,64,63,65,66,67,55,43,14,12,8,10,0
0,0,0,0,0,9,11,9,55,69,76,81,70,65,61,62,63,65,64,55,33,12,11,9,7,0
0,0,0,0,0,6,0,9,52,65,74,77,68,62,59,59,60,61,59,52,15,9,9,6,0,0
0,0,0,0,0,0,0,8,48,63,73,76,66,60,56,58,59,60,58,51,12,9,0,0,7,0
0,0,0,0,0,0,7,6,50,63,73,72,63,58,54,58,59,60,58,50,13,9,8,0,7,0
0,0,5,0,0,0,6,7,44,63,73,71,64,56,55,57,60,60,53,25,12,8,8,6,0,0
0,0,0,0,0,7,9,14,39,60,74,73,62,56,54,56,60,67,58,38,15,9,8,0,0,0
5,7,0,0,0,8,13,19,54,67,92,98,68,64,64,61,67,116,80,52,47,13,9,8,7,0
0,6,0,0,0,10,12,8,50,64,85,76,63,60,58,58,62,93,72,50,25,12,9,5,0,0
0,0,0,0,0,7,9,6,35,61,70,61,57,55,53,54,55,57,56,33,12,0,7,0,0,0
0,0,0,0,6,9,6,0,23,57,68,58,54,50,50,52,52,51,50,12,10,7,0,0,0,0
0,0,0,0,0,7,8,6,13,51,56,53,43,14,20,39,33,33,30,12,6,6,7,0,0,0
0,0,7,0,0,5,0,0,9,44,52,44,14,13,14,17,15,15,13,9,4,0,0,5,0,0
0,0,0,5,0,0,0,0,0,37,45,30,13,13,16,18,14,14,12,7,5,0,7,0,5,0
0,8,0,0,0,12,27,52,57,63,62,69,67,59,58,57,51,34,13,6,8,0,0,0,0,0
0,0,0,0,8,14,53,67,75,69,64,75,84,75,72,63,57,53,47,6,0,7,0,0,0,0
0,0,0,0,9,45,54,64,60,62,79,94,102,95,85,72,63,60,95,60,0,0,11,11,10,0
0,11,8,0,12,31,20,10,54,77,89,104,124,109,98,85,75,71,64,54,14,7,13,7,8,0
0,0,9,11,11,6,14,50,62,79,104,114,112,137,128,98,84,77,65,54,33,13,14,8,11,8
5,0,0,0,6,21,51,42,62,75,87,84,106,120,118,91,82,79,64,55,10,10,11,12,0,7
0,0,7,0,13,27,39,46,61,82,96,103,114,128,112,88,80,75,65,50,12,12,12,0,0,0
0,0,10,10,10,11,12,25,60,86,104,103,108,113,109,94,80,73,61,20,10,10,11,12,0,0
0,8,10,8,10,17,9,13,60,86,97,100,116,119,105,92,86,78,65,46,9,11,12,9,10,0
9,12,10,12,11,14,37,31,66,84,107,118,131,132,118,107,100,86,72,55,22,10,13,13,14,11
0,8,10,12,11,9,13,47,58,78,95,113,128,124,113,96,89,80,68,54,17,13,13,13,14,10
0,8,14,12,11,14,12,25,57,69,87,105,105,101,93,88,78,70,62,51,12,11,10,10,13,10
0,9,10,8,0,12,12,12,54,64,77,87,89,88,79,79,70,67,59,50,20,9,10,8,10,12
0,0,0,0,0,0,0,0,20,53,67,68,71,73,65,65,55,52,29,8,0,0,0,0,0,0
0,0,8,9,9,8,8,8,37,62,72,75,79,80,81,79,68,64,59,35,15,11,12,10,12,8
0,6,11,11,9,0,7,21,57,70,80,83,87,89,86,78,72,64,60,52,19,13,12,11,12,8
0,8,32,50,9,0,15,32,64,84,94,89,89,94,87,83,76,71,66,61,52,27,27,15,14,12
6,13,39,52,11,12,39,55,67,86,114,94,93,92,87,83,74,70,65,60,52,43,29,23,14,12
7,12,37,45,0,20,57,58,70,92,100,99,96,92,86,80,72,70,66,56,51,29,14,7,9,0
13,20,51,35,8,51,56,59,75,97,111,111,104,106,101,90,83,83,77,62,52,15,26,33,44,30
12,27,48,14,30,55,62,62,78,95,106,109,96,96,97,88,82,80,80,80,71,60,56,58,62,56
0,12,15,12,14,53,56,56,76,89,97,101,97,93,90,95,81,72,69,59,51,28,12,8,6,6
6,14,21,20,22,39,52,52,71,90,100,112,99,84,83,89,74,70,63,54,42,36,34,22,24,15
7,20,31,11,21,32,45,53,70,87,93,96,89,83,78,75,76,73,68,59,53,38,34,20,27,11
0,10,12,0,9,8,25,47,62,80,87,92,79,77,69,66,68,73,69,58,51,27,20,13,14,9
0,10,0,0,0,6,14,19,60,78,83,90,79,76,67,63,67,71,67,55,50,21,12,13,13,7
7,0,0,6,0,9,11,13,58,74,79,83,75,70,64,63,65,66,68,55,43,14,12,8,10,0
0,0,0,0,0,9,11,10,55,69,76,81,70,65,61,62,64,64,64,55,35,13,11,9,7,0
0,0,0,0,0,0,0,9,52,66,74,77,68,62,59,59,60,61,60,52,18,9,8,6,0,0
0,0,0,0,0,0,0,8,50,63,73,76,66,60,56,58,59,60,58,51,13,10,0,0,7,0
0,0,0,0,0,0,7,6,50,63,73,71,63,58,55,58,59,59,58,50,12,9,8,0,7,0
0,0,5,0,0,0,6,7,44,63,73,70,64,56,56,57,60,60,54,25,13,8,8,6,0,0
0,0,0,0,0,7,9,14,39,60,74,73,62,55,54,56,60,67,58,39,18,9,8,0,0,0
5,7,0,0,0,8,13,19,54,67,91,98,68,64,64,61,67,116,80,53,47,12,9,8,7,0
0,6,0,0,0,10,12,8,50,64,85,76,63,60,58,58,62,93,72,51,25,12,8,5,0,0
0,0,0,0,0,7,9,6,35,62,70,61,57,55,53,53,55,57,56,36,12,0,7,0,0,0
0,0,0,0,6,8,6,0,23,57,68,58,54,50,50,52,52,51,50,13,10,7,0,0,0,0
0,0,0,0,0,6,8,6,13,52,56,52,43,14,20,38,30,33,28,12,6,6,7,0,0,0
0,0,7,0,0,5,0,0,9,48,53,42,14,13,15,16,15,14,13,10,0,0,0,4,0,0
0,0,0,5,0,0,0,0,0,39,46,29,13,13,16,16,14,14,12,7,5,0,7,0,4,0
0,8,0,0,0,12,30,52,57,63,61,69,67,59,58,57,51,34,14,6,8,0,0,0,0,0
0,0,0,0,8,15,53,67,75,69,63,75,83,75,72,63,58,53,47,6,0,8,5,0,0,0
0,0,0,0,9,47,54,64,60,62,79,93,102,95,84,72,63,60,95,59,0,0,11,11,10,0
0,11,8,0,12,32,20,10,55,78,89,103,124,109,98,85,75,72,64,53,14,7,13,7,8,0
0,0,8,11,11,7,14,50,62,79,104,113,112,137,127,98,84,77,66,55,33,14,16,7,11,8
5,0,0,0,7,23,51,42,62,75,87,84,105,120,118,90,82,79,64,55,10,10,12,12,0,7
0,0,7,0,12,25,39,43,61,82,96,103,113,128,112,88,79,75,65,50,12,12,12,0,0,0
0,0,10,11,10,11,11,25,60,86,105,104,108,114,109,94,80,73,61,15,10,10,12,12,0,0
0,8,10,8,10,20,9,13,61,87,98,101,116,120,106,92,86,78,66,43,9,11,13,9,10,0
9,11,10,12,11,14,37,28,66,84,107,118,131,132,118,107,100,87,72,54,25,10,14,13,14,11
0,8,10,12,11,9,13,47,58,79,95,114,128,125,113,97,89,80,68,53,17,12,13,13,14,10
0,8,13,12,12,14,12,22,57,70,87,106,104,102,93,88,79,70,62,52,12,11,10,10,12,10
0,8,10,8,0,12,12,12,54,65,76,87,89,88,79,79,70,66,59,50,20,9,11,8,10,12
0,0,0,0,0,0,0,0,18,54,68,68,71,72,65,65,55,52,31,9,0,0,0,0,0,0
0,0,7,10,9,8,7,7,37,63,71,75,79,80,81,79,68,63,59,35,16,11,12,10,12,8
0,6,11,11,10,0,8,23,57,71,79,83,87,89,86,78,73,64,60,52,19,12,12,10,12,9
6,7,32,50,9,0,14,35,64,84,94,90,89,93,87,83,76,71,66,60,53,27,27,15,14,12
6,13,37,52,11,12,37,55,67,86,114,94,93,91,88,82,74,70,65,59,52,45,29,25,15,12
7,12,35,47,0,18,57,58,70,92,100,99,96,91,86,79,71,70,66,56,51,31,14,7,9,0
13,18,51,35,8,51,56,59,75,98,111,112,104,106,101,89,83,83,77,62,52,15,28,33,46,31
12,25,46,13,30,55,61,62,78,95,106,109,96,96,97,88,81,80,80,80,71,60,56,58,62,56
0,12,15,12,14,53,56,56,76,89,97,101,97,93,90,95,81,71,68,59,51,26,12,8,6,6
6,13,20,21,22,39,51,52,71,91,100,112,98,84,83,89,74,71,63,54,43,37,34,22,24,15
7,18,30,11,23,33,44,53,69,87,93,96,90,83,77,74,75,73,68,59,53,38,33,20,27,11
0,9,12,0,9,8,25,47,62,80,87,92,80,77,70,66,68,73,68,58,52,25,16,14,14,9
0,10,0,0,0,6,14,21,60,78,83,90,79,75,67,63,67,71,67,55,50,23,12,13,13,7
7,0,0,6,0,9,11,13,57,74,79,83,75,69,64,63,64,66,68,55,43,15,12,8,10,0
0,0,0,0,0,10,11,10,55,69,76,81,70,65,61,62,63,65,64,55,35,13,11,9,7,0
0,0,0,0,0,0,0,9,52,66,74,77,68,62,60,59,60,61,60,52,18,9,8,7,0,0
0,0,0,0,0,0,0,8,50,63,73,76,66,60,56,57,58,60,58,51,13,9,0,0,7,0
0,0,0,0,0,0,6,6,50,64,73,71,64,58,54,58,59,59,58,50,12,9,8,0,6,0
0,0,5,0,0,0,6,7,44,63,73,71,65,56,56,56,60,60,53,25,13,8,8,6,0,0
0,0,0,0,0,7,8,14,39,60,74,73,62,55,54,55,60,67,59,39,20,9,9,0,0,0
0,7,0,0,0,8,13,19,54,67,92,97,68,64,64,61,67,116,80,53,47,13,9,8,7,0
0,6,0,0,0,10,12,8,50,65,85,76,63,60,58,58,62,93,72,50,23,12,9,0,0,0
0,0,0,0,0,7,9,6,35,62,71,62,57,55,53,53,55,57,57,27,12,0,7,0,0,0
0,0,0,0,6,8,6,0,25,57,67,58,54,50,50,52,52,51,50,13,10,7,0,0,0,0
0,0,0,0,0,7,8,6,13,52,56,53,42,13,20,36,31,35,30,12,7,7,7,0,0,0
0,0,6,0,0,5,0,0,10,50,52,44,14,14,15,16,14,15,13,10,4,0,0,4,0,0
0,0,0,5,0,0,0,0,0,40,46,30,13,13,17,16,14,14,12,7,5,0,7,0,4,0
0,8,0,0,0,12,25,52,57,64,61,69,67,58,58,57,51,31,14,6,9,0,0,0,0,0
0,0,0,0,8,15,53,66,75,69,63,75,83,75,72,64,58,53,40,6,0,8,5,0,0,0
0,0,0,0,9,50,54,64,60,63,79,93,102,95,84,72,64,60,95,58,0,0,11,10,10,0
0,11,8,0,12,32,20,10,55,78,89,103,124,108,98,85,76,72,64,53,14,7,13,7,8,0
0,0,8,11,11,7,14,50,62,79,104,113,112,137,128,98,84,77,65,55,33,14,17,8,11,8
4,0,0,0,7,21,50,45,62,75,87,84,105,120,118,90,82,79,64,54,10,10,11,12,0,8
0,0,8,0,12,23,35,46,60,82,96,103,113,127,112,88,79,75,65,50,13,12,11,0,0,6
0,0,10,10,10,11,11,25,60,86,105,104,107,113,108,94,79,73,61,15,10,10,11,12,0,0
0,8,10,7,11,17,9,13,61,87,98,100,116,119,106,91,86,78,65,40,9,11,13,10,10,0
9,11,10,12,12,14,31,31,66,84,106,118,131,131,118,107,100,87,71,54,25,10,14,13,14,12
0,8,11,12,11,9,13,47,58,79,95,113,128,124,113,96,89,80,67,53,14,12,13,14,14,11
0,8,14,12,12,14,12,20,57,70,87,106,104,101,93,88,79,70,61,52,12,11,10,10,13,11
0,8,10,8,0,12,12,12,53,65,77,87,88,87,79,80,70,66,59,50,15,9,11,8,10,12
0,0,0,0,0,0,0,0,18,55,69,68,71,72,65,65,55,52,30,8,0,0,0,0,0,0
0,0,7,10,9,8,7,8,36,63,71,75,79,80,82,78,68,63,59,35,15,11,12,10,11,9
0,7,10,11,9,6,8,23,57,71,79,83,87,88,86,79,72,64,60,52,17,13,12,11,12,9
6,8,32,50,9,0,14,32,64,85,94,90,89,93,87,84,75,71,66,60,53,27,25,17,14,12
6,13,37,52,11,12,35,55,67,87,115,94,93,91,88,83,74,70,65,59,51,47,31,22,15,12
7,12,33,45,0,18,57,58,70,92,100,99,96,91,85,80,72,70,66,56,51,31,14,7,9,0
12,21,51,35,8,52,55,59,75,98,111,111,103,105,100,90,83,83,77,62,52,14,26,31,46,38
12,27,48,13,28,55,61,62,78,95,106,109,95,96,97,88,82,80,80,80,71,60,56,58,62,56
0,12,14,12,14,53,56,56,76,89,98,101,97,93,90,95,81,72,68,59,51,26,12,8,6,6
5,14,20,21,22,38,51,51,71,91,100,111,98,84,83,89,74,70,64,54,42,37,34,22,25,16
7,16,30,11,25,30,45,53,69,87,93,96,89,82,77,75,76,72,67,59,52,38,36,22,26,12
0,10,12,0,9,8,23,43,62,80,87,93,79,77,70,66,69,73,68,58,52,23,16,14,13,9
0,10,0,0,0,5,14,19,60,79,83,91,79,75,67,63,67,71,67,56,50,23,12,13,13,8
7,0,0,6,0,9,11,13,57,73,79,83,75,69,64,63,64,66,68,55,43,14,12,8,10,6
0,0,0,0,0,10,11,10,55,69,76,81,70,65,61,62,63,65,64,55,33,13,11,9,7,0
0,0,0,0,0,0,0,9,52,66,75,77,67,61,59,59,60,61,60,52,18,9,8,6,0,0
0,0,0,0,0,0,0,8,50,64,73,76,65,59,56,58,58,60,58,51,13,10,0,0,7,0
0,0,0,0,0,0,6,6,50,64,73,71,64,58,54,58,59,60,58,50,12,9,8,0,7,0
0,0,5,0,0,0,5,7,44,63,72,70,64,56,56,56,60,60,53,25,14,9,8,6,0,0
0,0,0,0,0,7,8,14,39,60,74,74,61,55,54,55,60,67,58,38,20,10,9,0,0,0
0,7,0,0,0,8,13,19,54,67,92,97,68,63,64,61,67,115,80,53,50,12,9,8,7,6
0,6,0,0,0,10,12,8,50,65,84,76,62,60,58,58,63,93,71,50,23,12,9,0,0,0
0,0,0,0,0,7,9,6,35,62,70,62,57,55,53,53,55,57,56,25,12,0,7,0,0,0
0,0,0,0,6,8,0,0,23,57,67,58,54,50,50,52,52,51,50,12,10,7,0,0,0,0
0,0,0,0,0,6,8,6,13,52,56,53,43,13,20,38,31,32,28,12,7,7,7,0,0,0
0,0,7,0,0,5,0,0,9,50,53,42,14,13,16,17,14,15,13,9,0,0,0,4,0,0
0,0,0,5,0,0,0,0,0,40,46,30,13,13,16,16,13,14,12,7,5,0,7,0,4,0
0,8,0,0,0,12,25,52,57,64,61,68,66,59,57,57,52,31,14,6,8,0,0,0,0,0
0,0,0,0,8,17,53,67,74,69,63,75,83,75,72,64,58,53,40,6,0,8,5,5,0,0
0,0,0,0,9,50,53,64,60,62,79,94,101,95,83,72,63,60,94,58,0,0,11,10,10,0
0,11,8,0,12,32,20,10,54,78,89,103,124,108,98,85,77,72,64,53,14,7,13,7,8,0
0,0,9,11,11,7,14,51,62,79,104,113,112,137,127,98,84,77,65,55,33,14,19,7,11,8
5,0,0,0,7,20,50,50,62,75,87,84,105,120,117,91,82,79,64,55,10,10,11,11,0,7
0,0,8,0,13,21,39,50,60,82,96,102,113,127,111,89,79,75,65,50,12,13,11,0,0,6
0,0,10,11,11,11,11,30,59,86,105,103,107,113,108,95,79,73,61,15,10,10,12,12,0,0
0,8,10,8,11,20,9,13,60,86,98,100,116,119,105,92,86,78,66,43,9,11,13,9,10,0
9,11,11,12,12,14,31,31,67,83,107,118,131,131,118,107,100,87,71,54,25,11,14,13,14,12
0,8,11,12,11,9,13,50,58,79,95,113,128,123,113,97,90,80,66,54,15,13,13,14,14,11
0,8,14,12,11,14,12,22,56,70,86,105,104,101,93,88,79,70,62,51,12,11,10,10,13,11
0,9,10,8,0,12,12,12,53,64,77,86,88,87,79,80,70,66,59,50,17,9,11,8,10,11
0,0,0,0,0,0,0,0,16,54,68,67,71,72,64,66,55,53,30,9,0,0,0,0,0,0
0,0,7,10,9,7,7,8,37,63,71,75,79,80,81,78,68,63,58,36,16,12,13,10,11,8
0,6,11,11,10,6,7,23,57,71,79,82,86,88,85,79,73,64,60,52,19,13,12,11,11,9
6,8,34,50,10,0,14,40,64,85,94,90,89,93,87,83,75,71,67,60,53,27,23,14,14,12
6,13,37,51,12,12,33,54,67,87,115,93,93,91,87,83,75,70,65,59,51,45,29,20,15,12
7,12,35,41,0,16,56,58,70,92,100,99,96,91,85,80,72,70,66,56,50,29,14,7,9,6
12,21,51,33,8,52,55,59,74,98,111,111,102,105,100,90,83,83,77,62,52,15,25,29,48,36
12,26,48,13,28,55,62,62,78,95,106,109,95,95,97,89,82,81,80,80,71,60,56,57,62,56
0,12,15,12,14,52,56,57,76,89,97,101,97,93,89,95,81,72,68,59,51,26,12,8,5,6
6,14,21,20,22,38,51,52,71,91,100,111,98,84,82,90,74,70,64,54,43,37,34,22,25,16
7,17,32,11,23,30,46,53,69,87,93,96,89,83,77,75,76,72,67,59,52,39,36,19,26,12
0,9,12,0,9,8,23,47,62,80,87,92,80,77,70,66,69,73,68,57,51,25,16,14,13,9
6,10,0,0,0,5,14,21,60,79,83,90,79,75,67,63,67,71,67,56,50,21,12,12,13,8
7,0,0,6,0,9,12,13,57,74,79,83,74,69,64,63,64,66,68,55,41,14,12,8,10,0
0,0,0,0,0,10,11,10,55,70,76,81,70,65,61,62,63,65,64,55,33,13,11,8,7,0
0,0,0,0,0,0,0,10,52,66,75,76,67,61,59,60,60,62,60,52,18,9,8,6,0,0
0,0,0,0,0,0,0,8,50,64,73,76,65,59,55,58,59,60,58,51,12,10,0,0,7,0
0,0,0,0,0,0,6,6,50,64,73,71,63,58,54,58,59,60,58,50,12,10,8,0,7,0
0,0,6,0,0,0,5,7,44,63,73,70,64,56,56,57,60,60,53,25,14,10,8,6,0,0
0,0,0,0,0,7,8,14,39,60,74,73,61,55,54,55,60,67,58,38,20,10,9,0,0,0
0,7,0,0,0,8,13,19,54,67,91,97,68,63,64,61,67,115,80,53,47,13,9,8,7,6
0,6,0,0,0,10,12,8,50,64,84,76,62,60,58,58,63,93,71,50,23,12,8,0,0,0
0,0,0,0,0,7,9,6,32,62,70,62,57,55,53,53,54,57,56,27,12,0,7,0,0,0
0,0,0,0,6,8,6,0,21,57,67,58,54,50,50,52,52,51,50,12,10,8,0,0,0,0
0,0,0,0,0,6,8,6,13,52,56,53,43,13,16,41,31,32,28,12,7,7,7,0,0,0
0,0,7,0,0,5,0,0,9,50,53,41,14,13,15,20,14,15,13,9,0,0,0,4,0,0
0,0,0,5,0,0,0,0,0,39,46,29,13,13,16,19,14,13,12,7,5,0,7,0,5,0
0,8,0,0,0,11,23,52,57,64,62,68,66,59,58,57,52,31,14,5,8,0,0,0,0,0
0,0,0,0,8,15,53,67,74,69,63,75,83,75,72,64,58,54,40,6,0,8,5,0,0,0
0,0,0,0,9,50,54,64,60,62,79,94,101,95,84,73,63,60,94,58,0,0,11,10,10,0
0,11,8,0,12,31,20,10,55,78,89,103,123,108,97,85,77,72,64,53,14,7,13,7,8,0
0,0,9,10,11,7,15,50,61,78,104,113,111,137,127,98,84,78,66,55,35,14,19,7,11,8
5,0,0,0,7,18,50,50,62,75,87,84,104,120,117,91,82,79,64,55,10,11,11,12,0,8
0,0,8,0,13,17,42,50,60,82,96,103,113,128,112,89,79,75,65,50,12,12,11,0,0,7
0,0,10,10,11,11,11,27,59,85,105,103,106,113,109,95,79,73,61,17,10,9,12,12,0,0
0,8,10,8,11,20,10,13,59,86,98,101,116,119,105,92,86,78,65,46,9,11,13,10,10,0
9,11,11,12,12,14,28,31,67,84,107,118,131,131,118,107,100,87,71,54,28,11,14,13,14,12
0,8,11,12,11,9,14,50,58,78,94,114,127,124,114,98,90,80,67,54,17,13,13,14,14,11
6,8,14,12,12,14,12,20,55,70,86,106,103,101,94,88,79,70,62,52,12,11,10,10,12,10
0,9,10,8,7,12,13,12,52,65,77,87,88,87,80,81,70,66,59,50,20,9,11,8,9,11
0,0,0,0,0,0,0,0,16,54,68,68,71,72,65,66,55,53,31,9,0,0,0,0,0,0
0,0,7,10,9,7,6,8,37,63,71,76,78,81,82,78,68,63,58,39,16,12,12,9,11,9
0,6,10,11,10,0,7,27,57,71,80,83,86,88,86,79,73,64,59,52,17,13,11,11,11,9
6,8,34,50,10,0,14,42,64,84,94,90,88,93,87,84,75,71,67,60,52,27,25,14,15,13
7,13,37,51,12,11,31,55,66,87,116,92,93,91,87,83,75,70,65,60,52,45,31,20,15,13
7,12,33,39,0,15,56,58,69,92,100,99,96,91,85,80,73,70,65,56,50,29,14,7,9,6
13,25,51,33,7,51,55,60,74,98,111,111,102,105,100,91,83,83,77,62,52,15,25,29,50,36
12,26,48,13,30,55,62,62,78,95,106,109,95,95,97,89,81,81,79,80,71,60,56,57,62,56
0,12,14,12,14,52,56,57,75,89,97,101,96,93,90,95,81,71,68,59,52,25,12,8,6,6
6,15,21,21,22,37,51,52,71,91,100,111,98,84,82,90,74,71,64,54,43,38,34,21,25,17
7,18,31,11,21,29,46,53,69,87,93,96,89,82,77,76,76,72,67,60,52,38,38,20,26,13
0,10,12,0,9,7,23,50,62,80,87,92,80,77,70,66,69,73,68,57,51,23,16,13,13,9
6,10,0,0,0,0,14,19,60,78,83,91,79,75,67,63,67,71,67,56,50,20,12,12,13,9
7,0,0,6,0,9,12,13,57,74,79,83,74,69,64,64,64,66,67,55,45,14,12,8,10,5
0,0,0,0,0,10,11,10,55,70,76,81,70,65,61,62,63,65,64,56,33,13,11,9,7,0
0,0,0,0,0,0,0,10,52,66,75,76,67,61,59,60,60,62,60,52,16,9,8,7,0,0
0,0,0,0,0,0,0,8,50,64,73,76,65,59,56,58,59,60,58,51,13,9,0,0,7,0
0,0,0,0,0,0,6,6,50,64,73,71,63,58,54,59,59,60,58,50,13,9,8,0,7,0
0,0,5,0,0,0,5,8,44,63,73,70,64,56,56,57,60,60,53,25,13,9,8,6,0,0
0,0,0,0,0,7,8,14,38,60,74,73,60,55,54,55,60,67,58,38,20,10,9,0,0,0
0,7,0,0,0,8,13,19,54,67,92,97,68,63,64,61,66,116,80,53,47,13,9,8,7,5
0,6,0,0,0,10,12,9,50,65,85,76,62,60,58,58,63,93,71,50,25,12,9,0,0,0
0,0,0,0,0,7,9,6,32,62,70,62,57,55,53,53,55,57,56,33,12,0,7,0,0,0
0,0,0,0,6,8,7,0,21,57,67,58,54,50,50,52,52,51,50,13,10,8,0,0,0,0
0,4,0,0,0,6,8,6,13,52,57,53,42,13,18,42,34,33,28,13,7,6,7,0,0,0
0,0,7,0,0,4,0,0,9,50,52,42,13,13,14,22,14,16,13,9,4,0,0,4,0,0
0,0,0,5,0,0,0,0,0,39,46,30,13,13,17,20,14,14,12,7,5,0,7,0,5,0
0,8,0,0,0,11,25,52,57,64,62,68,66,59,57,57,52,31,14,6,8,0,0,0,0,0
0,0,0,0,8,14,53,66,74,69,63,75,82,74,72,63,58,53,40,6,0,8,5,0,0,0
0,0,0,0,9,45,54,64,60,61,79,93,101,95,84,73,63,60,93,59,0,0,11,10,10,0
0,11,8,0,12,29,22,10,54,77,88,104,123,108,98,85,77,72,63,53,14,7,12,7,8,0
0,0,9,10,11,7,17,50,61,78,104,113,111,138,126,98,85,77,66,56,35,14,17,7,11,8
5,0,0,0,7,15,51,50,62,75,86,85,104,120,117,91,82,79,64,55,10,11,11,12,0,8
0,0,8,0,13,15,42,46,60,81,97,102,113,128,112,89,79,75,65,50,12,13,11,0,0,7
0,0,10,10,11,11,12,27,59,84,104,103,106,112,109,96,79,72,61,17,10,10,12,12,0,0
0,8,10,7,11,14,10,13,59,85,98,100,116,119,105,92,86,78,65,50,9,11,13,10,10,0
10,11,10,12,12,13,28,31,67,83,107,117,131,132,118,107,100,87,71,54,25,12,14,13,14,12
0,8,10,12,11,9,14,47,58,77,94,113,127,123,113,98,90,80,67,54,17,13,13,14,14,11
6,8,14,12,11,14,12,20,56,69,87,105,103,101,94,88,80,70,61,52,12,12,10,10,12,11
0,9,10,8,0,11,13,12,52,64,77,86,88,88,80,81,70,66,59,50,20,9,11,8,10,12
0,0,0,0,0,0,0,0,16,52,68,67,71,72,65,66,55,53,29,9,0,0,0,0,0,0
0,0,7,9,9,7,7,8,37,62,71,75,78,81,82,78,68,63,59,39,17,12,12,9,11,9
0,6,10,11,10,0,7,27,57,70,80,82,86,88,86,79,73,64,60,52,17,13,12,11,12,9
6,8,30,50,10,0,14,42,64,84,94,90,88,93,87,84,75,71,67,60,52,25,27,14,15,13
6,13,35,51,13,11,31,55,67,87,116,92,93,91,87,83,75,70,65,59,52,40,31,22,14,13
8,12,31,41,0,14,56,57,69,92,101,98,96,91,85,81,73,70,65,57,50,29,13,7,9,6
13,23,51,35,8,51,55,60,74,97,111,111,102,105,100,91,83,83,77,62,52,17,25,31,48,38
12,26,48,13,30,54,62,62,78,94,106,108,95,95,97,89,81,80,79,80,71,60,56,57,62,57
0,13,14,12,14,52,56,57,75,88,97,100,96,93,90,95,80,71,68,59,51,25,12,8,5,6
6,15,20,20,22,36,52,52,71,90,100,110,97,84,82,90,74,70,64,54,43,37,33,21,24,19
7,18,32,11,20,26,46,53,69,87,93,96,89,82,77,76,76,72,67,59,52,36,40,20,25,13
0,9,12,0,9,7,25,50,62,79,87,92,80,77,69,66,69,73,67,57,51,23,16,13,13,9
6,10,0,0,0,0,13,19,60,78,83,91,78,75,66,64,67,71,67,56,50,18,13,12,12,9
7,0,0,5,0,8,12,13,57,74,80,83,74,69,64,64,64,66,67,55,43,14,12,8,9,6
0,0,0,0,0,9,11,10,55,69,76,81,70,65,61,62,63,65,64,56,33,13,11,9,7,0
0,0,0,0,0,0,0,10,52,65,74,76,67,62,59,60,60,61,60,52,15,9,7,6,0,0
0,0,0,0,0,0,0,8,50,63,73,75,65,59,56,58,59,60,58,51,12,9,0,0,7,0
0,0,0,0,0,0,7,7,50,63,73,71,62,58,54,59,59,60,58,50,13,9,8,0,7,0
0,0,5,0,0,0,5,8,44,63,73,70,64,56,56,57,60,59,53,27,13,9,8,6,0,0
0,0,0,0,0,7,8,14,38,60,75,73,60,55,54,56,60,67,58,38,18,10,9,0,0,0
5,7,0,0,0,8,13,21,54,67,92,97,68,63,64,61,66,115,80,53,47,13,9,8,7,6
0,6,0,0,0,10,12,8,47,64,84,76,61,59,58,58,62,93,71,51,23,13,8,5,0,0
0,0,0,0,0,7,9,6,32,62,70,61,56,55,53,54,55,56,56,36,12,0,7,0,0,0
0,0,0,0,6,8,7,0,23,57,67,58,54,50,50,52,52,51,50,13,10,8,0,0,0,0
0,4,0,0,0,6,8,6,13,51,56,53,40,13,18,42,33,30,30,13,7,6,7,0,0,0
0,0,6,0,0,4,0,0,9,46,53,42,13,13,14,20,15,16,13,10,4,0,0,4,0,0
0,0,0,5,0,0,0,0,0,37,48,28,13,13,16,20,14,14,12,8,5,0,7,0,5,0
0,8,0,0,0,11,27,52,57,63,62,68,66,59,57,57,51,31,14,6,8,0,0,0,0,0
0,0,0,0,8,14,53,66,74,69,63,75,83,74,72,63,57,53,43,6,0,8,0,0,0,0
0,0,0,0,9,40,54,64,60,61,80,93,101,95,84,72,63,60,93,59,0,0,11,10,10,0
0,11,8,0,12,31,22,10,55,78,88,103,123,108,97,85,76,72,64,54,13,7,12,8,8,0
0,0,9,10,11,7,17,50,61,79,104,112,111,138,126,97,84,77,66,56,35,14,16,7,11,9
5,0,0,0,7,16,51,50,62,75,86,84,105,120,117,91,82,79,64,54,10,11,12,12,0,8
0,0,7,0,13,15,42,43,61,82,97,101,112,128,112,89,79,75,66,50,12,12,11,0,0,7
0,0,10,10,11,11,12,27,59,84,104,102,106,113,109,96,79,72,61,15,10,10,12,12,0,0
0,7,10,8,11,14,10,13,59,87,98,100,116,119,105,92,86,78,65,50,9,11,13,9,9,7
10,11,10,12,12,13,34,28,67,84,107,117,131,132,117,107,100,86,72,54,25,11,14,13,14,12
0,8,10,12,11,9,14,44,58,77,94,113,127,123,113,98,90,80,67,54,17,13,13,13,14,11
6,8,14,12,11,14,12,22,56,70,87,104,103,101,93,88,79,70,62,52,12,11,9,10,12,11
0,8,10,8,0,11,13,12,53,64,77,86,88,89,79,80,69,67,59,50,20,9,10,9,9,12
0,0,0,0,0,0,0,0,16,52,67,67,71,73,64,66,55,52,30,9,0,0,0,0,0,0
0,0,8,10,10,7,7,8,36,62,71,75,78,81,82,78,68,63,59,38,17,11,11,9,11,9
0,6,10,10,10,0,7,25,56,70,80,82,86,88,85,79,73,64,60,52,17,13,12,11,11,10
6,8,30,50,9,0,14,42,64,84,94,89,88,92,87,83,75,71,67,61,52,23,25,14,14,13
6,13,37,51,12,10,31,54,66,87,116,92,93,91,87,83,75,70,65,60,52,40,31,23,14,13
8,12,33,41,0,14,56,58,69,92,101,98,96,91,86,80,72,70,66,57,50,29,14,7,9,7
13,20,51,35,8,51,55,59,75,97,111,110,102,105,100,91,83,83,77,62,52,19,25,33,48,36
13,23,48,13,30,54,61,62,77,95,107,108,96,95,97,89,81,80,79,80,71,60,56,57,62,57
0,12,14,12,14,52,56,57,75,89,97,99,96,93,89,95,80,71,68,59,51,25,12,8,5,6
6,14,21,20,22,35,51,52,71,91,100,109,97,84,82,89,74,71,64,55,43,38,33,22,23,19
7,18,31,11,20,26,46,53,69,87,93,96,89,82,77,75,76,72,68,60,52,36,38,19,24,13
5,9,12,0,9,7,25,50,62,80,87,91,80,77,69,66,68,73,67,58,51,23,18,14,14,10
7,10,0,0,0,0,14,21,60,78,83,90,78,75,66,64,67,71,67,56,50,18,13,12,12,9
7,0,0,5,0,8,12,13,57,74,79,82,74,69,63,64,64,66,68,55,41,15,12,8,9,6
0,0,0,0,0,9,11,10,55,69,76,81,70,64,61,62,63,65,64,56,33,13,11,9,7,0
0,0,0,0,0,0,0,10,52,65,74,75,67,62,59,59,60,62,60,52,14,9,7,7,0,0
0,0,0,0,0,0,0,9,48,63,73,75,65,60,55,57,59,60,58,52,12,9,0,0,7,0
0,0,0,0,0,0,7,7,50,63,73,71,63,58,54,59,59,60,58,51,13,10,8,0,7,0
0,0,5,0,0,0,5,8,42,63,73,69,64,56,56,56,60,59,53,27,12,9,8,6,0,0
0,0,0,0,0,6,8,14,38,60,75,73,61,55,54,56,59,67,58,39,15,10,8,0,0,0
5,7,0,0,0,8,13,19,54,66,92,97,68,63,64,61,66,116,81,53,44,13,9,8,7,5
0,6,0,0,0,10,12,8,47,64,84,75,61,59,58,58,62,93,71,51,23,12,8,5,0,0
0,0,0,0,0,6,9,6,32,62,70,61,56,55,52,53,55,57,56,36,12,0,7,0,0,0
0,0,0,0,6,8,7,0,21,57,67,57,54,50,47,52,52,51,50,13,10,8,0,0,0,0
0,4,0,0,0,6,8,7,13,52,57,52,40,14,16,42,34,33,31,13,7,6,7,0,0,0
0,0,6,0,0,0,0,0,9,48,53,41,13,13,14,19,16,16,13,10,5,0,0,4,0,0
0,0,0,5,0,0,0,0,0,39,50,28,13,13,16,20,14,14,12,8,5,0,6,0,4,0
