14,38,55,65,82,93,97,82,91,102,100,79,86,88,119,130,118,98,76,62,58,56,60,27,13,14
10,45,57,69,83,98,104,93,99,96,75,69,86,96,129,143,128,110,84,66,59,54,53,27,20,21
11,44,54,67,83,94,92,96,74,67,62,67,82,108,136,137,128,124,95,70,61,54,53,45,36,36
13,29,50,61,77,93,84,73,81,66,60,65,77,104,135,141,135,125,103,70,59,54,53,33,29,22
10,33,54,59,61,62,97,88,70,62,62,65,73,103,147,141,136,135,100,76,60,54,52,27,20,25
0,35,58,62,51,64,86,68,64,58,54,53,66,86,121,132,131,123,96,75,60,51,50,11,11,23
10,55,56,70,75,89,99,72,70,67,64,68,76,86,111,123,122,119,107,79,65,53,50,13,13,11
14,53,65,75,93,109,110,104,101,104,86,80,80,97,110,123,119,116,108,90,73,56,52,15,11,13
13,56,78,90,95,72,77,72,78,103,107,100,98,106,107,115,117,119,111,91,78,58,52,11,6,0
10,50,59,99,106,96,101,105,110,104,107,122,124,116,112,113,115,124,123,105,86,64,55,15,13,17
11,55,73,97,109,95,96,94,92,96,110,108,123,135,130,112,113,124,124,108,88,63,55,33,13,20
0,48,66,79,97,85,76,73,80,85,97,101,114,127,132,143,133,122,119,96,85,67,61,51,14,14
0,47,62,78,84,79,69,65,73,78,85,95,107,124,130,143,139,136,114,97,80,61,54,12,14,13
0,11,56,66,66,64,57,56,60,68,82,91,97,110,119,124,131,117,103,90,75,61,56,23,7,11
12,50,59,72,70,69,65,57,60,63,75,85,97,107,130,156,157,146,115,89,66,57,57,25,30,20
9,51,57,74,76,71,65,62,62,67,71,83,92,111,129,144,139,127,103,81,64,57,56,36,12,12
9,42,51,71,78,81,66,58,60,59,66,72,86,95,114,128,121,110,88,74,60,54,52,19,14,12
12,13,43,60,85,72,62,56,56,61,64,71,79,85,92,99,99,95,75,65,56,50,43,14,13,11
0,13,43,58,68,68,66,56,58,62,63,76,80,77,85,85,98,79,76,57,54,37,17,13,11,12
6,14,20,52,64,72,66,57,61,62,75,82,76,83,83,78,85,82,66,62,38,39,36,9,12,12
5,10,12,33,64,67,68,58,62,63,77,72,70,77,79,75,75,80,63,54,55,52,34,18,12,9
0,10,14,50,59,75,86,59,60,65,69,69,72,78,76,77,71,69,58,55,40,17,14,10,0,6
7,16,28,36,50,60,62,58,60,63,57,65,69,70,70,76,66,61,52,42,35,27,27,19,11,11
7,12,13,32,58,63,62,68,63,56,60,61,67,69,70,67,70,63,57,45,33,13,13,8,8,7
7,39,20,43,59,66,71,55,54,54,57,61,62,66,66,64,61,62,55,47,47,12,13,6,7,9
0,53,19,17,55,73,62,50,51,46,55,59,60,64,63,63,59,55,50,29,45,16,14,7,0,6
0,13,10,50,66,65,52,25,20,30,50,55,56,59,61,60,57,35,21,14,21,12,11,0,0,0
0,9,9,50,60,42,27,10,10,13,21,51,52,55,57,56,52,23,14,10,14,9,8,0,0,0
0,0,0,8,21,21,13,8,14,7,42,50,52,54,54,53,51,23,19,8,7,0,8,0,0,0
0,0,0,0,12,13,25,10,8,10,56,53,50,52,52,53,51,15,13,0,0,0,7,0,0,0
0,8,0,6,11,13,16,11,0,12,50,51,43,52,54,53,52,15,13,9,6,0,8,0,0,0
0,0,0,6,12,10,14,9,0,0,11,16,25,50,51,50,36,14,9,10,0,0,0,0,0,0
0,0,0,0,10,9,12,14,10,8,8,14,28,41,50,49,43,33,0,9,8,0,0,0,0,0
0,0,0,0,7,10,13,12,7,7,6,8,14,37,51,51,40,15,9,0,0,0,0,0,0,0
0,0,0,0,0,8,12,11,8,7,8,7,8,12,50,50,25,25,9,6,0,0,0,0,0,0
0,0,0,7,0,9,11,11,9,6,0,7,6,12,17,12,17,14,8,0,0,0,0,0,0,0
0,0,0,0,6,8,9,9,7,0,0,0,8,7,10,12,13,12,6,0,0,0,0,0,0,0
0,0,0,0,7,7,6,0,6,0,0,5,6,11,13,16,14,13,8,0,0,0,0,0,0,0
0,0,7,0,0,6,0,0,0,8,0,6,6,7,10,13,13,12,10,0,0,0,0,0,0,0
0,0,0,0,0,0,7,0,0,0,0,6,11,9,13,13,14,13,10,0,0,0,5,0,4,0
14,38,55,65,82,93,96,83,91,102,100,78,85,87,119,130,118,98,76,62,59,56,60,25,13,15
11,47,57,69,83,98,104,94,99,96,75,68,86,96,130,143,127,111,84,67,59,54,53,25,20,25
11,45,54,67,83,94,92,96,75,67,62,67,82,107,136,137,129,124,94,70,61,54,53,42,34,43
13,29,50,61,77,94,84,74,81,66,60,65,77,104,135,140,135,126,103,70,59,54,53,33,33,25
11,34,54,59,61,63,97,88,70,62,62,66,73,102,147,140,136,134,99,76,60,55,52,21,20,29
0,35,59,62,51,65,85,68,63,58,54,53,66,86,121,132,131,123,96,74,61,51,46,11,11,27
10,55,57,71,75,90,99,71,71,67,64,67,76,86,110,123,120,120,107,79,66,53,50,12,13,11
16,54,65,75,93,110,110,105,101,104,86,80,80,96,110,123,119,117,107,90,73,57,52,14,11,14
13,56,78,90,95,74,77,72,78,103,107,100,98,105,107,115,117,119,111,91,77,58,51,11,6,0
11,51,58,99,107,96,101,105,111,105,107,122,124,116,112,114,115,123,122,105,87,64,54,14,13,17
11,56,73,97,109,95,96,95,93,96,110,108,123,135,130,112,112,124,124,109,88,63,55,36,13,25
0,50,66,80,97,86,75,74,80,85,97,100,114,126,132,143,133,122,120,96,86,67,60,52,14,17
0,48,62,78,83,79,69,65,73,78,86,95,106,125,130,143,139,136,114,97,79,61,53,13,14,14
6,11,57,66,66,64,57,56,61,67,81,91,97,110,119,125,132,117,103,91,75,61,55,21,7,12
12,50,59,72,70,69,66,57,60,63,75,85,96,107,130,157,158,146,115,89,67,57,56,23,29,22
9,51,57,74,76,71,65,62,62,67,71,83,92,111,129,144,139,127,103,81,65,57,56,34,11,12
9,41,51,71,77,82,66,58,60,59,65,72,86,95,113,128,121,110,88,74,61,54,51,15,14,13
12,12,45,60,85,73,62,56,56,61,64,71,79,84,91,98,99,95,75,65,55,51,37,14,13,11
0,13,39,58,68,68,66,56,58,62,63,76,79,76,85,84,98,79,76,57,54,37,16,13,11,13
6,16,22,52,64,72,66,58,61,63,75,81,76,82,82,78,85,82,66,62,38,37,34,8,11,12
6,10,13,33,64,67,67,58,61,63,77,71,70,77,79,75,75,80,63,54,56,52,34,16,12,10
0,10,14,51,59,75,86,59,60,64,69,68,72,77,76,77,71,68,58,55,42,18,14,10,0,6
7,17,29,35,50,60,62,58,60,63,57,65,69,70,69,75,66,62,52,42,36,27,27,18,11,11
7,12,13,32,57,63,62,68,63,56,60,61,66,68,70,67,70,63,56,46,33,13,13,8,8,7
7,39,21,41,59,67,71,56,54,54,57,61,62,65,66,64,61,62,54,50,47,13,13,6,7,9
0,53,21,19,55,73,62,50,51,44,54,59,59,63,63,62,59,55,50,34,43,16,13,7,0,7
0,13,10,50,66,65,52,28,20,30,50,55,56,59,60,60,57,39,21,15,19,12,11,0,0,0
0,9,10,48,60,44,27,11,10,13,19,50,52,55,57,56,53,23,14,10,14,9,8,0,0,0
0,0,0,8,21,23,13,9,14,7,42,50,51,54,55,53,51,19,19,8,7,0,7,0,0,0
0,0,0,0,12,14,25,10,8,10,56,53,50,52,52,52,51,14,13,0,0,0,7,0,0,0
0,8,0,6,11,13,15,11,0,12,50,51,40,51,54,53,52,15,13,9,6,0,7,0,0,0
0,0,0,6,11,10,14,10,0,0,11,14,25,50,50,50,34,14,9,10,0,0,0,0,0,0
0,0,0,0,9,9,12,14,10,8,8,13,30,40,50,49,42,35,0,10,8,0,0,0,0,0
0,0,0,0,7,10,13,12,7,7,7,8,13,32,51,51,40,17,9,0,0,0,0,0,0,0
0,0,0,0,0,9,11,11,8,7,8,7,8,13,47,50,25,22,9,6,0,0,0,0,0,0
0,0,0,7,0,9,11,11,9,7,0,7,5,12,15,11,17,14,8,0,0,0,0,0,0,0
0,0,0,0,6,8,9,9,7,0,0,0,8,7,11,13,13,12,6,0,0,0,0,0,0,0
0,0,0,0,7,7,6,5,6,0,0,5,6,11,12,16,14,12,7,0,0,0,0,0,0,0
0,0,7,0,0,7,0,0,0,8,0,6,6,7,10,13,13,12,10,0,0,0,0,0,0,0
0,0,0,0,0,0,7,0,0,0,0,6,10,9,13,13,14,13,10,0,0,0,5,0,4,0
14,40,55,64,82,93,97,82,92,102,99,78,85,87,119,130,118,99,77,63,59,57,60,23,13,15
11,48,57,70,83,98,104,93,100,95,75,68,85,96,130,143,127,111,85,67,59,54,53,27,20,21
11,47,54,67,83,94,92,96,75,66,62,66,82,107,136,137,128,124,95,70,60,54,53,45,34,43
13,31,50,61,77,94,84,74,81,66,60,64,76,104,135,140,135,126,103,71,60,54,53,35,33,25
11,35,54,59,61,63,97,88,70,62,62,65,73,102,147,141,136,134,100,76,60,55,52,20,20,27
0,39,59,62,51,64,85,67,64,58,54,53,65,86,121,133,131,122,97,75,61,51,43,11,11,25
10,56,56,72,75,89,99,71,71,67,64,67,76,86,111,123,120,119,108,79,66,54,50,12,13,11
15,54,65,75,94,110,110,105,102,104,86,80,79,96,110,123,119,116,108,91,74,57,52,14,11,13
14,57,78,90,96,74,77,72,78,103,108,100,98,106,107,115,116,118,112,91,77,59,51,11,6,0
11,51,58,99,108,96,102,106,111,105,107,122,123,117,112,114,114,122,123,106,87,64,54,14,13,19
11,56,73,98,110,96,96,94,94,96,110,108,123,135,130,112,112,124,124,109,88,62,55,33,13,27
0,50,66,80,98,85,75,74,80,85,97,101,113,126,132,143,134,122,120,97,85,67,60,52,15,17
0,48,62,78,84,79,69,65,73,78,86,94,107,125,131,143,139,136,113,97,79,61,54,12,14,13
6,11,57,65,66,64,57,56,61,67,81,90,97,111,119,126,132,117,103,90,75,62,55,23,7,12
12,50,59,72,70,69,65,58,61,63,75,85,96,106,131,156,159,145,115,90,66,57,56,26,29,22
9,51,57,74,76,71,66,62,61,67,71,82,92,111,129,144,139,127,104,81,65,58,56,31,12,12
9,44,51,71,77,82,66,58,60,59,65,72,85,94,113,128,120,109,88,74,60,54,51,14,14,12
12,13,45,60,85,72,62,56,56,61,64,71,79,83,91,98,99,95,75,66,55,51,37,14,13,11
0,13,39,58,68,68,66,56,58,62,63,75,79,76,85,84,96,78,76,57,54,39,17,13,11,12
6,16,20,52,64,72,66,58,61,62,75,80,76,81,82,78,84,81,66,62,36,37,30,8,11,11
5,11,13,32,64,67,67,58,61,63,76,71,70,77,79,75,75,79,63,55,56,52,30,16,12,9
0,10,14,51,59,75,86,59,60,64,69,68,71,77,76,77,71,68,58,55,42,20,13,10,0,6
8,17,27,35,50,60,61,57,60,63,56,65,69,69,69,75,65,62,52,42,36,27,27,19,11,10
7,11,13,32,57,63,62,68,63,56,59,61,67,68,71,66,70,63,57,46,31,14,13,8,7,7
7,41,21,41,59,66,71,56,54,54,57,61,61,66,66,64,60,61,54,50,47,13,13,6,7,9
0,53,21,23,55,73,62,50,51,44,55,59,59,63,63,62,58,55,50,38,41,16,13,7,0,7
0,13,10,50,66,65,52,28,23,30,50,55,56,58,61,60,56,41,25,15,19,12,11,0,0,0
0,9,10,48,61,44,29,11,10,13,21,50,51,55,57,56,53,23,15,10,14,9,8,0,0,0
0,0,0,8,21,23,13,9,14,7,45,50,51,53,54,53,51,17,21,8,7,0,7,0,0,0
0,0,0,0,12,14,27,10,8,10,56,53,50,52,52,52,51,14,14,0,0,0,7,0,0,0
0,8,0,6,11,12,15,11,0,12,50,51,38,51,54,53,52,15,13,9,7,0,7,0,0,0
0,0,0,6,11,10,14,9,0,0,11,14,23,50,51,50,33,14,9,10,0,0,0,0,0,0
0,0,0,0,10,9,12,14,10,8,8,13,28,40,50,49,41,33,8,10,8,0,0,0,0,0
0,0,0,0,7,10,13,11,7,7,7,7,12,32,51,52,37,14,9,0,0,0,0,0,0,0
0,0,0,0,0,9,11,11,8,7,8,7,8,13,50,50,22,20,9,7,0,0,0,0,0,0
0,0,0,7,0,9,11,11,10,7,0,7,5,12,15,12,15,14,8,0,0,0,0,0,0,0
0,0,0,0,6,8,10,9,7,0,0,0,7,7,10,13,13,12,6,0,0,0,0,0,0,0
0,0,0,0,7,7,7,5,6,0,0,5,6,11,12,15,13,12,8,0,0,0,0,0,0,0
0,0,7,0,0,6,0,0,0,8,0,6,6,7,10,13,13,12,10,0,0,0,0,0,0,0
0,0,0,0,0,0,7,0,0,0,0,6,11,9,13,13,13,13,10,0,0,0,4,0,4,0
14,40,56,64,82,93,97,82,91,103,99,78,85,86,119,130,118,99,77,63,59,56,60,25,13,17
11,48,57,69,83,98,103,94,100,95,76,68,86,95,130,143,128,111,85,67,59,55,53,31,18,21
11,45,54,67,83,94,92,96,75,66,62,66,82,106,136,138,129,125,95,71,61,54,53,47,29,40
13,32,50,61,76,95,84,74,81,66,60,64,77,103,135,140,136,127,103,71,60,54,53,37,31,27
11,33,54,59,61,62,97,89,71,61,62,65,73,102,147,141,136,134,99,77,60,55,52,21,18,29
0,39,59,63,51,64,84,67,63,58,54,53,65,85,121,133,130,122,98,75,61,52,40,11,11,25
11,56,58,72,75,89,98,72,71,67,64,67,76,85,111,123,120,119,107,80,66,54,50,12,13,11
16,55,66,76,94,110,110,105,101,104,86,80,79,96,110,122,118,116,107,90,74,57,52,15,11,13
14,56,78,90,96,75,77,73,78,103,107,99,98,105,107,115,116,118,112,91,78,59,51,11,0,0
11,51,59,98,108,95,102,106,111,105,107,122,123,117,112,113,114,123,122,105,87,65,54,15,12,23
11,56,74,97,110,97,96,96,93,96,110,108,123,134,130,111,112,124,124,108,88,62,55,33,13,27
0,50,66,80,98,85,75,73,80,85,97,101,114,125,131,143,133,122,120,97,85,67,60,51,14,15
0,47,62,78,84,80,69,66,74,78,86,94,107,125,131,142,139,135,113,97,79,61,54,12,14,14
6,12,58,66,65,63,57,56,60,67,81,90,97,110,118,125,132,117,103,91,75,62,55,23,7,11
12,50,59,72,70,69,65,58,61,64,75,84,96,106,132,156,159,146,115,90,66,57,56,26,28,20
9,51,59,74,76,71,65,63,62,67,71,82,92,110,128,144,138,127,103,81,65,58,56,29,11,13
9,44,52,71,77,83,66,58,60,60,65,72,85,94,113,127,120,109,88,74,60,54,52,14,13,12
12,13,47,60,85,72,62,56,57,61,64,70,79,82,90,98,98,95,74,65,55,51,35,14,13,11
0,13,41,58,69,68,66,56,57,62,63,74,79,76,84,84,96,78,75,57,54,42,15,12,10,11
6,18,22,52,64,72,66,58,61,62,75,80,76,81,81,78,84,80,66,61,38,37,26,8,10,11
5,11,14,33,64,67,67,58,61,63,76,71,70,76,78,75,75,79,63,55,57,52,32,15,11,9
0,10,15,50,59,75,86,59,60,64,69,68,72,77,75,76,71,68,58,55,42,21,13,10,0,6
7,17,29,35,50,60,61,57,60,63,56,64,68,69,69,74,65,62,52,42,36,27,27,19,11,10
7,12,14,31,57,63,62,68,63,56,59,61,66,68,70,66,69,63,56,48,31,14,12,8,7,7
7,39,23,41,59,67,71,56,54,54,57,61,60,65,65,63,60,61,54,50,47,13,13,6,7,8
0,54,25,23,55,73,62,51,51,46,54,59,59,63,63,62,58,55,50,38,41,18,12,7,0,7
0,13,10,51,66,65,52,30,23,30,50,55,55,58,60,59,56,41,26,17,21,12,11,0,0,0
0,10,10,50,61,42,27,11,10,13,23,51,51,55,57,56,53,23,14,10,14,9,8,0,0,0
0,0,0,8,21,25,13,9,14,7,40,50,51,53,54,53,51,19,21,8,7,0,7,0,0,0
0,0,0,0,12,14,25,10,8,10,56,52,50,51,53,52,50,14,14,7,0,0,0,0,0,0
0,8,0,6,11,13,15,12,0,12,50,51,38,50,53,53,51,15,13,9,7,0,7,0,0,0
0,0,0,6,11,10,13,9,0,0,11,13,25,46,50,50,33,14,9,10,0,0,0,0,0,0
0,0,0,0,9,9,12,15,10,8,8,13,28,39,50,47,41,35,0,10,9,0,0,0,0,0
0,0,0,0,7,10,13,11,7,8,6,7,12,30,51,51,37,14,9,0,0,0,0,0,0,0
0,0,0,0,0,9,11,11,8,7,8,7,7,13,50,50,22,17,9,7,0,0,0,0,0,0
0,0,0,8,0,9,11,11,9,7,0,6,5,11,17,11,14,13,8,0,0,0,0,0,0,0
0,0,0,0,7,7,10,10,7,0,0,0,8,7,10,12,13,12,6,0,0,0,0,0,0,0
0,0,0,0,7,7,7,5,6,0,0,5,6,11,12,14,13,12,8,0,0,0,0,0,0,0
0,0,7,0,0,6,0,0,0,7,0,6,7,6,10,13,13,12,10,0,0,0,0,0,0,0
0,0,0,0,0,0,7,0,0,0,0,6,11,8,13,12,13,13,10,0,0,0,4,0,0,0
15,39,56,64,81,93,96,82,91,103,99,77,84,86,119,130,118,100,77,63,59,56,59,23,13,19
11,48,57,69,83,98,103,94,100,94,76,67,86,94,130,143,127,112,85,67,59,55,53,27,18,19
11,45,55,68,84,95,92,97,74,66,62,66,82,105,136,138,129,125,95,71,60,54,53,50,27,36
13,33,50,61,75,96,84,74,81,66,60,64,76,103,135,140,135,127,102,71,59,55,54,37,33,29
12,35,54,60,61,64,97,89,70,62,62,65,72,101,147,141,136,134,99,77,60,55,52,23,18,29
0,37,59,63,51,65,85,67,62,58,54,52,65,85,121,133,130,123,97,76,61,52,46,11,11,23
11,56,58,72,74,89,98,73,70,67,65,66,76,85,110,123,119,120,107,80,67,54,50,13,12,11
14,55,65,76,95,110,111,106,101,104,87,79,79,96,110,122,118,116,107,90,74,57,52,19,12,12
14,57,79,90,96,75,77,72,77,103,107,100,98,105,107,115,116,118,111,91,78,59,52,11,6,0
11,51,59,98,108,96,102,106,110,105,108,122,123,117,112,113,113,123,122,105,87,65,55,15,12,23
12,56,74,99,109,97,97,96,93,97,110,108,123,134,130,111,112,125,124,108,88,62,55,30,13,27
0,50,66,81,98,86,75,73,80,85,97,100,114,125,130,143,133,123,120,97,85,68,60,51,14,14
0,48,62,78,83,80,70,66,74,78,86,95,106,125,131,143,139,136,112,97,79,61,53,13,14,14
6,12,58,66,65,63,57,56,60,67,81,90,97,110,118,125,131,117,103,90,76,62,55,25,8,11
12,50,59,73,70,69,65,57,61,63,75,84,97,106,131,156,160,146,115,90,67,57,56,26,29,22
10,51,58,74,77,72,66,63,63,67,71,82,92,110,128,143,139,127,104,81,65,58,56,31,12,13
9,42,52,71,77,83,66,58,59,60,64,71,85,94,111,127,119,108,87,75,60,54,51,14,13,13
12,12,45,60,86,72,63,56,57,60,64,70,79,82,90,98,98,95,74,65,56,51,39,14,12,11
0,13,41,58,69,69,66,56,57,62,63,74,78,76,83,84,95,78,76,57,54,42,15,13,10,11
6,18,20,52,63,72,66,58,61,62,74,80,76,81,81,78,83,80,66,61,42,37,26,8,10,11
5,11,14,33,64,67,67,58,61,63,75,71,69,76,78,74,75,78,63,55,57,52,30,16,11,9
0,10,14,51,58,75,86,59,60,64,68,68,71,77,75,76,70,68,58,55,44,21,13,10,0,6
7,18,29,35,50,61,60,57,59,63,56,64,67,68,68,74,65,61,52,40,37,27,28,18,11,10
7,11,15,31,57,63,62,68,62,55,59,61,66,68,70,65,69,63,56,48,33,13,13,8,7,7
7,39,23,43,59,67,71,56,54,55,57,60,60,65,65,63,60,61,54,50,45,13,12,6,6,8
6,54,23,23,55,74,61,51,51,46,54,58,59,62,63,62,58,55,50,36,43,16,12,7,0,6
0,13,10,51,67,66,52,30,23,28,50,54,55,58,59,58,56,41,25,19,21,12,11,0,0,0
0,10,10,50,60,44,29,11,10,12,21,50,51,55,57,56,52,21,17,10,14,9,8,0,0,0
0,0,0,8,19,29,13,9,13,7,35,50,51,53,54,52,50,17,27,8,7,0,7,0,0,0
0,0,0,0,11,15,25,10,7,10,56,52,50,51,52,52,50,14,14,7,0,0,0,0,0,0
0,8,0,6,11,13,16,11,0,12,50,51,38,50,53,52,51,14,13,9,7,0,7,0,0,0
0,0,0,7,11,10,13,10,0,0,11,13,25,46,51,46,30,14,9,10,0,0,0,0,0,0
0,0,0,0,9,9,12,14,10,8,8,13,27,38,49,48,38,33,0,10,9,0,0,0,0,0
0,0,0,0,7,11,13,11,7,8,6,7,12,27,51,51,35,14,9,5,0,0,0,0,0,0
0,0,0,0,0,9,11,12,8,7,9,7,7,13,50,50,17,15,9,7,0,0,0,0,0,0
0,0,0,8,0,9,11,11,9,7,0,6,5,11,14,10,13,14,8,0,0,0,0,0,0,0
0,0,0,0,7,8,10,9,7,0,0,0,7,7,10,12,12,12,6,0,0,0,0,0,0,0
0,0,0,0,7,7,6,6,6,0,0,5,6,11,12,14,13,12,8,0,0,0,0,0,0,0
0,0,7,0,0,6,0,0,0,7,0,6,6,7,10,12,13,12,10,0,0,0,0,0,0,0
0,0,0,0,0,0,7,0,0,0,0,6,11,8,12,12,12,13,10,0,0,0,4,0,0,0
15,39,56,64,82,93,96,82,91,103,98,77,84,86,119,131,117,99,77,63,59,56,60,23,12,20
11,50,57,69,83,98,102,94,100,94,76,67,86,94,129,142,127,111,85,67,60,54,53,29,20,23
11,44,54,69,84,95,92,96,75,66,62,66,82,105,135,138,128,125,95,71,60,54,53,50,29,27
13,32,50,61,76,95,84,73,81,66,60,64,75,103,134,140,135,126,102,71,59,54,54,35,33,27
12,36,55,60,61,63,97,88,70,61,62,65,72,102,147,141,135,134,100,77,60,55,52,25,20,31
0,39,59,62,51,64,86,67,62,58,53,52,65,85,121,134,130,123,98,76,60,52,50,11,11,23
12,56,58,72,74,89,98,73,69,67,64,66,75,85,110,122,119,119,108,80,67,54,50,13,12,12
14,55,65,76,96,110,111,105,100,103,87,79,79,96,110,122,118,116,108,90,73,57,52,19,12,13
14,57,79,90,96,75,78,72,78,103,107,100,97,105,106,115,116,118,111,91,80,58,52,11,6,0
12,52,59,98,108,96,102,106,110,105,107,123,123,117,112,113,113,123,123,106,87,65,55,17,12,27
12,56,74,98,111,97,97,96,93,97,110,109,123,134,129,111,111,124,124,108,88,62,54,30,13,30
0,50,66,80,99,85,75,73,80,85,97,100,113,126,131,143,132,122,119,98,85,68,60,51,15,14
0,48,62,77,84,80,70,66,74,78,86,95,106,125,130,142,139,134,112,97,80,61,53,13,14,14
0,12,58,66,66,63,57,56,60,68,80,91,96,111,119,125,131,117,103,89,75,62,55,21,7,11
12,50,59,73,71,69,64,57,61,63,75,84,97,107,131,155,159,145,115,90,66,57,56,27,29,25
9,51,59,74,78,72,66,63,62,67,70,82,91,110,128,143,138,126,103,82,65,57,55,36,12,13
9,44,52,71,78,82,66,58,59,60,64,71,85,95,111,127,119,107,87,75,61,54,51,14,13,13
12,12,45,60,86,72,62,56,57,60,64,70,78,82,91,97,98,95,74,65,56,51,41,14,12,11
0,14,43,58,69,69,66,56,57,62,62,74,78,76,83,83,94,78,75,57,54,42,15,13,10,11
6,18,22,52,63,72,65,58,61,62,74,80,75,81,81,77,83,79,65,62,38,37,26,8,10,12
5,11,14,33,64,67,67,58,60,63,75,70,68,76,78,73,74,78,63,55,57,52,30,16,11,9
0,10,15,50,59,75,86,59,60,64,68,67,70,76,75,76,70,68,57,55,44,18,13,10,0,7
8,19,29,36,50,60,60,57,59,63,56,64,67,68,68,73,64,61,52,41,37,28,27,17,11,10
7,12,15,31,58,63,62,68,62,56,59,60,66,68,69,65,68,62,56,48,33,13,13,9,8,7
7,37,23,41,59,66,71,55,53,55,57,60,60,65,65,62,59,61,53,50,43,13,13,5,7,8
6,54,21,21,55,74,61,50,51,46,54,58,58,62,62,61,58,55,50,36,43,14,12,7,0,7
0,13,10,51,67,66,52,30,23,28,46,54,55,58,59,58,55,39,25,19,23,12,11,0,0,0
0,9,10,50,60,46,29,11,10,12,21,50,51,55,56,55,51,17,19,10,14,8,8,0,0,0
0,0,0,8,23,29,13,9,13,7,32,47,51,53,54,52,50,17,25,9,8,0,7,0,0,0
0,0,0,0,11,15,27,10,7,10,55,52,50,51,52,52,50,13,14,7,0,0,0,0,0,0
0,8,0,6,11,13,16,11,0,11,47,50,34,50,53,52,51,14,13,9,7,0,8,0,0,0
0,0,0,7,11,11,13,9,0,0,11,13,20,45,50,45,27,14,8,10,0,0,0,0,0,0
0,0,0,0,9,9,11,14,10,8,8,13,22,40,48,48,38,35,0,10,9,0,0,0,0,0
0,0,0,0,7,11,12,11,7,8,6,7,11,27,51,51,35,14,9,6,0,0,0,0,0,0
0,0,0,0,6,8,11,11,8,7,9,6,7,12,47,50,17,15,9,7,0,0,0,0,0,0
0,0,0,7,0,9,11,11,9,7,0,6,5,12,15,10,13,13,7,0,0,0,0,0,0,0
0,0,0,0,6,8,10,9,0,0,0,0,6,7,10,12,12,12,6,0,0,0,0,0,0,0
0,0,0,0,7,7,7,5,6,0,0,5,6,11,12,14,12,12,8,0,0,0,0,0,0,0
0,0,7,0,0,6,0,0,0,7,0,6,6,7,9,12,12,12,10,0,0,0,0,0,0,0
0,0,0,0,0,0,7,0,0,0,0,6,10,8,12,12,12,13,10,0,0,0,4,0,0,0
15,39,56,64,82,93,96,82,91,103,99,77,85,86,119,131,117,99,77,63,59,56,59,22,13,19
11,48,57,69,83,98,103,94,99,95,76,67,86,95,128,142,127,111,85,67,59,54,53,29,20,33
11,44,55,69,84,95,92,96,74,67,62,67,82,104,135,137,129,124,95,72,60,54,53,50,29,31
13,32,51,61,76,95,84,73,81,66,60,64,76,103,133,139,135,126,102,71,59,54,54,33,33,29
12,36,55,61,61,64,97,88,70,62,62,65,72,101,145,141,136,134,100,77,59,55,52,25,21,36
0,37,59,62,50,64,86,67,62,58,53,51,64,84,121,134,130,124,97,76,61,52,50,12,11,25
12,56,58,72,75,90,97,72,68,66,64,66,75,84,109,123,120,120,108,80,66,54,50,13,12,12
15,55,66,76,96,111,111,105,100,104,86,79,78,96,109,122,118,116,108,90,74,58,51,21,12,13
13,57,79,91,96,75,79,71,78,103,106,100,97,105,106,114,116,118,111,91,79,58,53,11,5,0
12,52,60,98,107,96,102,106,110,105,107,124,124,117,112,113,114,123,123,106,87,65,55,15,13,27
12,56,74,98,111,97,97,95,92,97,110,108,123,134,129,111,111,125,124,108,88,62,54,33,13,21
0,50,66,80,99,86,75,73,80,85,97,100,114,126,131,143,132,122,119,97,85,68,61,50,15,14
0,50,63,77,83,80,70,66,73,78,85,95,106,125,130,142,139,135,112,97,80,61,53,14,19,15
0,12,58,66,66,64,56,57,60,68,80,91,96,110,119,124,131,117,102,89,75,62,55,23,7,11
12,50,59,73,71,69,64,57,60,63,75,84,97,107,130,155,158,145,115,91,66,57,56,22,29,23
10,51,58,74,78,72,66,62,63,67,70,81,91,110,127,142,137,125,103,83,65,57,55,36,12,13
9,46,52,71,78,81,66,58,59,60,64,71,85,95,111,125,118,107,87,75,60,55,51,15,13,14
12,12,47,60,86,72,62,56,57,60,64,69,78,82,91,97,97,95,74,65,55,51,37,14,12,12
0,14,43,58,69,69,65,55,58,62,62,73,78,76,83,83,93,78,75,57,54,39,14,13,10,11
6,18,23,52,63,72,65,58,61,63,74,80,75,81,80,76,82,79,65,62,40,39,26,8,10,12
5,11,14,37,64,67,66,58,60,63,75,70,68,75,77,73,74,77,63,55,56,52,28,15,12,9
0,10,14,50,58,76,86,59,60,64,67,67,70,75,74,76,70,68,57,55,42,18,14,10,0,7
8,19,29,37,50,61,61,57,59,62,56,63,67,68,69,74,64,61,52,40,36,28,27,16,11,10
7,12,15,31,58,63,62,67,62,56,59,60,65,68,68,65,68,62,56,50,33,13,13,9,8,7
7,39,21,41,60,66,71,55,54,55,57,60,60,64,64,62,59,61,54,50,43,13,13,5,7,8
6,54,19,19,55,74,61,50,50,46,54,58,58,62,62,61,57,55,50,31,41,14,13,7,0,7
0,13,11,51,67,66,52,30,23,28,46,54,55,58,59,58,55,41,21,17,21,12,11,0,0,0
0,9,10,50,60,44,31,11,10,12,17,50,50,55,56,55,51,17,19,10,14,8,8,0,0,0
0,0,0,7,23,31,13,9,13,7,30,47,51,53,54,52,50,19,23,8,8,0,7,0,0,0
0,0,0,0,11,15,23,9,7,10,55,52,50,51,52,52,50,14,14,7,0,0,0,0,0,0
0,8,0,6,11,13,15,11,0,11,45,50,36,51,53,52,50,14,13,10,7,0,7,0,0,0
0,0,0,6,11,10,13,9,0,0,11,13,20,43,50,45,27,14,9,10,0,0,0,0,0,0
0,0,0,0,9,10,11,13,9,9,7,13,22,39,46,47,38,35,0,9,8,0,0,0,0,0
0,0,0,0,6,11,12,11,6,8,5,6,12,25,50,50,35,15,9,6,0,0,0,0,0,0
0,0,0,0,0,9,10,11,8,7,8,6,7,12,42,50,17,17,9,7,0,0,0,0,0,0
0,0,0,8,0,9,11,11,8,7,0,7,5,12,14,10,13,14,8,0,0,0,0,0,0,0
0,0,0,0,7,8,10,9,0,0,0,0,7,7,10,12,12,13,6,0,0,0,0,0,0,0
0,0,0,0,7,7,6,0,6,0,0,5,5,11,12,14,12,12,8,0,0,0,0,0,0,0
0,0,7,0,0,6,0,0,0,7,0,6,6,7,9,12,12,12,9,0,0,0,0,0,0,0
0,0,0,0,0,0,7,0,0,0,0,6,10,8,12,12,12,13,10,0,0,0,4,0,0,0
14,39,55,65,82,93,95,83,91,103,99,77,85,86,118,130,116,99,77,63,59,57,60,19,13,20
12,48,57,70,83,98,103,93,99,96,76,67,86,95,128,142,127,111,85,67,59,54,54,27,18,31
11,45,54,69,84,95,92,96,75,68,62,67,82,105,135,136,128,124,95,71,59,54,53,50,34,34
13,32,50,61,76,94,84,73,81,67,60,65,76,103,133,140,135,126,103,71,59,54,53,33,33,27
12,35,55,61,61,64,97,88,71,62,62,65,72,101,144,141,135,135,101,77,59,54,52,27,21,34
0,39,59,62,50,64,85,67,63,58,53,51,64,84,121,133,130,124,97,76,60,52,50,11,11,23
12,56,57,71,75,90,97,72,68,66,64,67,75,85,109,123,120,120,108,80,67,54,50,13,12,12
15,55,66,76,95,111,111,106,100,104,87,79,79,96,109,122,118,117,109,91,73,57,52,19,12,13
14,57,79,92,96,76,79,72,78,103,107,100,98,105,106,114,116,119,111,92,79,59,53,11,6,0
12,52,60,99,107,98,102,106,110,105,107,123,124,117,112,113,113,123,125,106,87,65,55,14,13,27
13,56,73,99,112,97,97,96,92,97,110,108,123,135,129,112,111,125,124,109,88,63,55,30,13,21
0,50,66,80,99,86,74,73,79,85,97,99,114,127,131,143,131,122,119,97,85,68,61,50,19,14
0,50,63,78,83,80,70,66,73,78,85,95,106,125,130,143,139,135,113,97,79,61,53,14,21,14
6,12,58,66,67,64,56,58,60,68,80,91,97,111,119,125,130,117,103,89,75,61,56,23,8,12
12,50,59,73,71,69,65,58,60,63,75,84,98,106,130,156,159,146,115,91,66,58,58,19,31,25
10,52,58,74,78,72,67,63,62,68,70,81,91,110,127,143,137,125,103,82,65,56,55,34,12,12
9,42,52,72,78,81,66,58,59,60,64,71,85,95,111,125,118,108,87,74,61,55,51,17,14,14
12,12,45,60,85,73,62,56,56,60,63,69,77,83,91,97,97,94,74,65,55,51,41,14,12,12
0,14,41,58,68,69,65,56,58,62,62,73,78,76,83,82,93,78,75,57,54,35,14,13,10,12
6,20,22,52,63,72,66,57,61,62,74,80,75,81,80,76,82,79,65,62,36,39,32,8,10,12
6,11,14,37,64,67,66,57,60,63,75,70,68,75,77,73,73,78,63,55,56,52,30,15,12,9
0,10,14,50,58,76,86,59,59,64,67,67,70,75,75,76,69,68,58,55,44,18,14,10,0,6
8,19,29,37,50,61,61,58,59,62,56,63,68,68,68,73,63,60,52,40,36,28,28,17,10,11
7,12,15,33,58,64,63,67,62,56,58,60,66,68,68,65,68,63,57,46,35,13,13,9,8,7
8,42,20,45,60,66,71,55,54,54,56,60,60,64,64,63,59,61,54,50,43,13,13,5,7,8
6,54,19,19,55,74,61,50,50,42,54,58,58,62,62,61,57,54,50,31,41,15,13,6,0,6
0,13,10,50,67,66,52,34,23,30,42,55,55,58,59,58,55,43,23,17,21,12,11,0,0,0
0,9,10,50,60,42,31,11,10,11,19,50,51,54,56,55,51,17,21,10,14,8,8,0,0,0
0,0,0,8,25,29,13,9,13,7,30,47,51,53,54,52,50,19,23,8,7,0,7,0,0,0
0,0,0,0,11,15,23,9,7,10,55,52,50,51,52,52,47,13,14,7,0,0,0,0,0,0
0,8,0,6,11,13,15,12,0,11,43,50,40,51,53,52,50,14,13,10,7,0,7,0,0,0
0,0,0,6,11,10,13,9,0,0,11,13,23,46,50,45,25,14,8,10,0,0,0,0,0,0
0,0,0,0,9,10,11,14,10,8,8,13,23,39,47,48,37,35,0,9,8,0,0,0,0,0
0,0,0,0,7,11,13,11,0,8,6,6,12,22,50,51,32,14,9,5,0,0,0,0,0,0
0,0,0,0,0,9,11,11,8,7,7,6,7,12,40,47,15,22,9,7,0,0,0,0,0,0
0,0,0,8,0,9,11,11,8,7,0,7,5,12,14,10,13,14,8,0,0,0,0,0,0,0
0,0,0,0,6,8,10,9,0,0,0,0,7,7,10,12,12,13,6,0,0,0,0,0,0,0
0,0,0,0,7,7,7,5,6,0,0,5,5,11,12,14,12,13,7,0,0,0,0,0,0,0
0,0,7,0,0,6,0,0,0,7,0,6,6,7,8,12,12,12,10,0,0,0,0,0,0,0
0,0,0,0,0,0,7,0,0,0,0,6,10,9,12,11,12,13,10,0,0,0,4,0,0,0
14,39,55,65,81,93,95,83,91,102,99,77,85,85,118,130,116,99,76,63,59,57,60,23,13,19
12,50,57,70,83,98,102,93,99,95,75,66,85,95,127,141,127,110,85,67,59,54,54,29,21,27
11,48,55,68,83,95,92,96,75,67,62,66,82,105,134,136,129,124,96,71,59,55,54,50,34,31
13,32,50,61,76,94,83,73,81,67,60,64,76,102,133,140,136,126,102,71,59,53,53,37,37,27
12,34,55,61,62,64,96,87,72,62,62,64,72,100,144,141,136,135,101,77,59,54,51,25,27,29
0,39,59,63,50,64,84,67,63,58,54,51,64,84,121,134,131,124,98,75,61,52,46,11,11,25
11,56,57,71,75,91,97,72,70,66,65,67,75,85,109,122,120,120,108,80,66,54,50,13,12,12
17,56,66,76,96,111,111,105,101,104,85,79,80,95,109,123,118,117,109,91,73,58,51,21,12,14
14,57,79,92,96,77,80,72,78,103,106,100,97,104,106,114,116,119,111,92,79,59,52,11,6,0
12,53,60,100,108,98,103,106,111,106,107,123,124,117,112,113,114,123,125,107,86,65,55,14,12,27
12,57,74,99,112,97,96,95,93,97,111,108,124,135,129,112,112,125,124,108,89,63,55,33,14,20
0,51,67,81,98,85,73,73,79,85,97,99,114,127,131,142,132,122,119,97,85,68,61,51,19,14
0,50,63,78,84,79,69,66,73,78,86,94,106,124,129,142,140,134,114,97,80,61,54,15,21,13
6,12,58,67,67,65,56,57,61,67,80,91,96,111,119,125,131,117,103,89,76,61,55,25,8,11
12,51,59,73,71,69,64,58,60,64,75,84,97,106,130,156,158,145,114,90,66,58,57,22,30,25
8,52,58,75,78,72,66,62,62,67,70,81,91,110,126,143,136,125,102,82,64,57,55,36,12,12
9,46,52,72,78,81,65,58,59,60,64,71,84,94,111,126,119,108,87,74,61,55,51,19,14,13
12,13,47,60,86,73,62,56,57,60,63,69,77,82,90,97,97,94,74,65,55,52,37,14,13,11
0,13,41,58,68,69,65,55,58,62,62,73,78,75,83,82,93,77,74,57,54,35,14,13,11,11
6,18,23,52,63,72,65,58,61,62,74,79,75,80,80,76,82,80,65,62,34,35,30,8,10,12
6,11,14,33,64,67,66,58,60,63,75,70,68,75,77,73,74,77,63,55,56,52,26,16,12,9
0,10,14,50,58,75,85,59,60,64,67,67,70,74,74,75,70,68,58,55,44,18,13,10,0,6
8,18,29,37,50,61,61,58,59,62,56,63,68,68,68,73,64,60,51,42,34,29,27,18,11,10
7,13,14,32,58,64,62,67,62,56,58,60,66,67,68,65,68,62,56,46,36,13,13,9,8,7
7,46,20,45,60,66,71,55,54,54,56,60,60,64,64,63,59,61,54,47,43,14,13,5,7,7
6,54,19,17,55,74,61,51,50,42,53,58,58,62,62,61,58,54,50,29,41,18,13,7,0,0
0,14,10,50,67,66,52,34,21,28,42,54,54,57,59,58,56,41,23,15,19,12,11,0,0,0
0,9,10,50,60,42,27,11,10,12,21,50,50,54,56,55,52,19,15,9,14,9,8,0,0,0
0,0,0,7,25,27,13,9,13,7,32,45,51,52,54,52,51,21,15,8,7,0,7,0,0,0
0,0,0,0,11,15,19,9,7,10,55,51,50,50,52,52,50,13,14,0,0,7,0,0,0,0
0,8,0,6,11,13,14,12,0,11,45,47,38,50,53,52,50,14,13,10,7,0,7,0,0,0
0,0,0,6,11,10,13,9,0,0,11,13,22,45,50,43,29,15,8,10,0,0,0,0,0,0
0,0,0,0,9,10,11,13,9,8,8,13,22,39,46,48,40,35,0,9,8,0,0,0,0,0
0,0,0,0,6,10,12,11,6,8,6,6,12,25,50,50,40,14,9,0,0,0,0,0,0,0
0,0,0,0,0,9,10,11,8,7,7,0,7,12,45,45,17,25,9,6,0,0,0,0,0,0
0,0,0,8,0,9,11,11,8,7,0,6,5,12,14,10,14,14,8,0,0,0,0,0,0,0
0,0,0,0,6,8,9,9,0,0,0,0,7,7,10,12,12,12,5,0,0,0,0,0,0,0
0,0,0,0,6,7,6,0,6,0,0,5,5,11,12,14,12,12,7,0,0,0,0,0,0,0
0,0,7,0,0,6,0,0,0,7,0,6,6,7,8,12,12,12,10,0,0,0,0,0,0,0
0,0,0,0,0,0,7,0,0,0,0,6,9,8,12,12,13,13,10,0,0,0,4,0,4,0
14,39,55,65,80,93,95,82,91,102,100,77,86,86,118,131,117,99,76,62,59,57,60,23,13,17
12,50,57,71,83,98,102,92,99,95,75,67,85,95,128,143,128,110,85,67,58,54,54,27,23,21
11,50,54,68,83,95,92,96,74,68,62,67,82,105,134,136,129,125,96,71,60,55,54,50,34,36
13,32,51,61,76,94,83,73,81,67,61,64,76,102,133,140,136,126,103,70,59,54,53,39,35,25
12,35,55,61,62,64,96,87,72,62,62,65,72,101,144,141,137,135,101,77,60,54,52,27,29,29
0,37,59,63,50,64,84,67,63,58,54,51,64,84,122,135,132,124,97,75,61,52,37,11,11,27
11,56,57,71,75,91,96,71,70,67,65,67,75,85,109,124,121,120,107,80,66,54,50,13,13,11
19,56,66,77,95,111,111,105,102,105,85,79,80,96,109,123,120,117,108,92,73,58,52,21,12,13
14,57,79,93,96,77,80,72,79,103,107,100,97,104,106,114,117,119,112,91,78,59,52,11,6,0
12,54,61,100,108,99,103,106,111,106,108,124,125,117,112,114,114,123,124,106,86,65,55,14,13,25
12,57,74,99,111,98,96,95,93,98,111,108,123,135,130,113,112,125,124,107,89,64,56,33,13,21
0,51,67,82,98,85,74,73,80,85,98,99,115,128,131,142,133,122,119,96,85,68,61,52,17,14
0,50,63,78,84,80,69,66,73,79,86,94,108,125,130,143,141,135,114,97,80,61,54,16,21,13
6,13,58,68,67,65,56,57,61,67,81,92,97,112,119,125,131,116,103,90,75,62,56,26,8,11
12,51,59,73,71,69,64,57,60,64,75,84,97,107,130,156,159,146,115,90,66,58,57,22,30,23
9,52,58,75,77,73,66,62,63,68,71,82,92,110,127,143,137,125,102,81,64,57,55,34,12,12
10,46,52,72,77,81,66,58,59,60,64,72,85,94,111,125,119,108,86,73,61,55,52,19,15,13
12,13,45,60,86,73,62,56,57,60,64,70,77,83,90,97,97,94,74,64,55,51,37,14,13,11
0,13,39,58,68,68,64,55,58,61,63,73,78,75,83,83,93,77,74,56,54,34,14,13,10,11
6,16,20,52,64,72,65,57,61,62,74,79,74,80,80,76,82,79,65,62,34,35,28,8,11,12
6,11,13,35,63,67,66,57,60,63,75,70,69,76,76,73,74,77,62,54,55,52,25,16,12,9
0,10,14,50,58,76,85,58,60,64,67,66,71,75,74,75,70,68,58,54,38,20,13,10,0,6
8,17,28,37,50,61,61,57,59,61,55,63,67,69,68,73,64,60,51,41,33,28,28,19,11,10
7,13,14,33,58,63,62,67,63,56,58,60,66,67,69,65,69,62,57,43,35,13,13,9,8,6
7,48,18,50,59,66,71,55,54,54,57,60,60,65,64,63,59,61,54,45,45,14,12,6,7,7
6,54,19,21,55,74,61,51,50,40,53,58,59,62,62,62,58,55,44,27,39,21,13,7,0,0
0,14,10,51,67,66,52,30,21,25,46,55,54,58,59,58,56,43,21,14,19,12,11,0,0,0
0,9,10,51,60,40,29,11,10,12,23,50,51,54,56,55,52,19,14,9,14,9,9,0,0,0
0,0,0,8,21,25,13,9,13,7,35,47,51,53,54,53,51,21,14,8,7,0,7,0,0,0
0,0,0,0,12,15,17,9,7,10,55,51,50,50,52,52,47,13,13,0,0,0,0,0,0,0
0,8,0,6,11,13,14,12,0,11,47,50,38,51,52,52,51,14,13,9,7,0,7,0,0,0
0,0,0,6,11,10,13,9,0,0,11,13,23,48,50,45,30,15,9,9,0,0,0,0,0,0
0,0,0,0,9,10,11,13,9,8,8,13,23,37,46,49,41,31,0,9,8,0,0,0,0,0
0,0,0,6,6,10,12,10,0,8,6,6,12,27,50,51,37,14,9,0,0,0,0,0,0,0
0,0,0,0,0,9,10,10,8,7,8,6,8,12,45,47,14,25,9,0,0,0,0,0,0,0
0,0,0,8,0,9,11,11,8,7,0,7,5,12,14,11,14,14,8,0,0,0,0,0,0,0
0,0,0,0,7,8,10,9,0,0,0,0,7,7,10,12,13,12,5,0,0,0,0,0,0,0
0,0,0,0,7,7,6,0,6,0,0,5,5,11,13,14,13,12,7,0,0,0,0,0,0,0
0,0,7,0,0,6,0,0,0,8,0,6,6,7,8,12,13,11,10,0,0,0,0,0,0,0
0,0,0,0,0,0,7,0,0,0,0,6,10,8,12,12,13,13,10,0,0,0,4,0,4,0
14,40,56,65,79,91,95,83,91,102,100,77,85,86,118,131,118,98,77,63,59,57,60,27,14,20
12,50,57,71,83,97,102,93,99,94,75,67,85,94,128,143,128,110,85,67,59,54,53,29,21,17
11,48,55,68,83,94,91,97,74,68,62,66,81,105,134,136,128,125,96,71,60,54,54,50,34,36
13,33,50,61,75,95,83,73,81,67,60,64,75,102,133,140,136,126,102,71,60,54,53,39,35,25
12,35,55,60,61,64,96,88,72,62,62,65,72,101,144,141,137,134,101,78,60,54,51,27,29,25
0,37,59,63,50,64,84,67,63,57,54,52,65,84,121,135,132,123,98,75,61,52,43,11,11,25
11,56,57,71,75,90,97,71,71,68,65,67,75,85,109,123,121,119,107,79,66,54,50,13,13,11
19,56,66,77,95,111,111,106,102,104,86,80,80,95,109,123,120,116,108,92,73,57,52,21,12,13
14,57,79,92,95,77,79,73,79,104,108,101,97,104,106,115,117,119,112,92,78,59,52,12,6,0
12,54,61,101,108,98,103,106,111,106,108,124,125,117,112,113,114,123,124,106,86,64,55,14,13,21
12,57,73,100,111,98,96,96,94,98,111,108,123,136,130,112,112,125,124,108,89,63,55,25,14,27
0,51,67,82,98,85,74,73,80,85,98,99,115,128,132,142,133,122,119,97,85,67,60,52,17,14
0,50,63,79,84,80,69,66,73,78,86,95,108,125,130,144,140,135,114,97,80,61,54,15,15,13
7,12,57,68,67,65,56,57,60,67,81,92,97,112,119,125,132,115,104,91,75,61,56,26,9,11
12,51,59,72,70,69,64,57,60,64,75,84,97,107,130,158,159,146,114,90,66,57,57,27,30,25
9,52,58,75,77,73,66,63,62,68,71,83,91,111,127,143,137,126,103,81,64,56,55,29,11,12
10,42,52,72,77,82,66,58,59,60,65,72,84,94,111,126,119,107,86,73,61,54,52,19,15,12
12,13,45,60,85,72,62,56,57,60,64,70,77,83,89,97,97,94,74,64,55,51,37,14,13,11
0,13,39,58,68,68,64,56,57,61,63,74,77,75,83,83,93,77,74,57,54,32,15,13,10,12
6,15,19,52,64,72,66,58,61,62,74,79,75,80,80,76,82,79,65,62,34,29,26,8,11,11
6,11,13,30,63,67,66,57,60,63,75,70,68,76,76,74,73,77,63,54,55,51,26,18,12,9
0,10,14,50,58,75,85,58,60,64,68,67,70,75,74,75,70,67,58,55,38,17,13,10,0,6
8,17,28,35,49,60,61,57,59,62,56,63,67,69,68,73,64,60,51,41,33,28,28,19,11,10
7,13,14,33,57,63,62,67,63,55,58,60,65,67,69,65,68,62,57,43,38,13,13,9,8,6
7,46,16,50,59,66,71,55,54,53,57,60,60,65,64,63,59,61,54,45,43,13,12,6,7,7
6,54,19,19,55,74,61,51,50,40,53,58,58,62,62,62,58,54,46,27,41,18,13,8,0,0
0,14,10,51,67,66,52,30,23,25,50,55,55,58,59,58,56,39,21,15,19,12,12,0,0,0
0,9,10,50,60,40,29,11,10,12,23,50,50,54,56,55,51,21,14,9,14,8,9,0,0,0
0,0,0,8,21,25,13,9,13,6,37,47,51,52,54,53,51,19,14,8,7,0,8,0,0,0
0,0,0,0,11,14,17,9,8,10,56,51,50,50,52,52,50,12,13,0,0,0,7,0,0,0
0,7,0,6,11,12,14,12,0,12,50,50,38,51,53,52,51,13,13,9,6,0,7,0,0,0
0,0,0,7,11,10,13,9,0,0,11,13,22,48,50,45,27,15,8,10,0,0,0,0,0,0
0,0,0,0,9,10,11,13,9,8,8,13,25,37,47,49,40,30,0,9,8,0,0,0,0,0
0,0,0,6,6,10,12,10,0,7,6,7,12,27,50,51,35,14,9,0,0,0,0,0,0,0
0,0,0,0,0,9,11,11,8,7,8,7,8,12,45,50,14,20,9,6,0,0,0,0,0,0
0,0,0,8,0,9,11,12,8,7,0,7,5,12,14,11,14,14,8,0,0,0,0,0,0,0
0,0,0,0,6,8,10,9,7,0,0,0,7,7,11,13,12,12,0,0,0,0,0,0,0,0
0,4,0,0,7,7,6,0,6,0,0,5,5,11,12,15,13,12,7,0,0,0,0,0,0,0
0,0,7,0,0,7,0,0,0,7,0,6,6,7,8,12,13,11,10,0,0,0,0,0,0,0
0,0,0,0,0,0,7,0,0,0,0,7,10,8,12,12,13,12,10,0,0,0,4,0,4,0
15,42,56,64,79,91,94,82,91,102,100,78,84,85,117,130,118,99,77,62,59,57,59,32,14,20
12,50,57,69,82,97,102,92,98,94,75,68,84,94,128,143,127,110,84,67,58,54,53,31,23,17
12,50,55,68,82,94,91,95,74,68,63,66,81,104,133,136,128,125,95,70,60,54,54,50,34,34
14,36,50,60,74,93,82,72,80,66,60,64,75,101,132,140,136,126,102,70,59,54,53,39,35,27
13,39,55,60,61,63,94,87,71,62,62,65,72,101,144,141,137,133,100,78,60,54,51,25,27,25
0,35,58,62,50,64,82,67,62,58,54,52,64,84,120,134,132,122,97,75,61,51,43,11,11,27
13,58,58,70,74,88,96,71,71,67,65,67,74,85,108,123,121,119,106,79,66,54,50,13,13,11
26,57,68,77,95,111,111,106,102,104,85,80,79,96,109,123,119,116,108,91,73,56,52,21,12,13
27,59,82,92,94,79,79,73,79,104,108,100,97,104,105,115,117,118,111,90,78,58,52,12,7,0
29,59,63,102,108,100,103,106,111,107,108,124,124,117,112,114,115,123,123,106,86,64,54,14,13,23
34,61,77,101,110,98,97,96,95,98,111,109,122,136,130,112,112,124,125,108,89,63,54,30,14,30
0,55,69,83,99,85,75,74,81,85,98,100,115,128,131,143,133,121,119,96,85,68,60,52,14,14
0,55,64,80,85,80,69,66,74,78,86,95,107,125,130,143,140,134,113,97,80,61,54,15,17,13
8,26,60,69,67,65,57,56,61,67,82,93,97,112,119,125,132,115,103,91,75,62,55,23,9,12
13,54,62,73,71,68,65,57,60,64,75,84,96,107,130,156,157,146,114,90,66,57,56,28,30,25
10,53,62,75,76,73,66,62,62,67,71,83,91,112,127,142,137,125,103,81,63,57,55,31,11,12
10,50,54,73,77,82,65,57,59,60,65,72,84,94,110,126,119,106,85,73,60,54,52,21,15,12
12,13,50,61,86,72,62,56,57,60,64,70,77,83,89,97,97,93,73,63,55,50,35,13,12,11
0,13,43,59,69,68,64,56,58,61,63,73,77,75,82,83,92,77,74,56,54,35,14,13,10,11
6,18,22,52,64,72,66,58,61,63,74,79,74,80,79,76,81,78,65,61,34,29,21,9,11,11
6,11,13,32,63,67,65,57,60,63,75,69,67,75,76,73,73,76,62,54,54,52,23,18,12,9
5,10,14,48,58,74,84,59,60,64,67,67,70,75,74,74,69,67,57,54,38,18,13,10,0,6
7,18,28,35,48,60,62,57,59,62,56,63,65,68,67,72,63,60,51,41,33,28,27,19,11,10
7,12,14,33,56,62,62,68,66,55,58,60,64,67,68,65,67,61,57,45,38,13,13,9,8,6
7,37,13,41,58,66,72,56,54,54,57,60,60,65,63,62,59,61,54,45,40,13,12,6,7,7
0,52,14,14,54,75,64,51,48,42,53,58,58,62,62,62,58,54,46,27,37,16,13,8,0,0
0,14,10,50,67,70,53,28,23,23,50,55,54,58,58,57,56,33,21,15,19,12,11,0,0,0
0,9,10,51,66,50,29,11,10,12,23,50,50,54,56,55,51,21,14,9,14,8,8,0,0,0
0,0,0,9,21,27,13,9,13,7,35,47,50,52,53,52,51,19,14,8,7,0,7,0,0,0
0,0,0,0,12,17,17,9,7,10,56,51,47,50,51,52,50,13,13,0,0,0,0,0,0,0
0,7,0,6,11,12,14,11,0,11,50,50,34,50,52,52,51,13,13,9,6,0,7,0,0,0
0,0,0,7,11,10,13,9,0,0,11,13,17,46,48,46,29,14,8,9,0,0,0,0,0,0
0,0,0,0,9,10,11,13,9,8,8,13,22,37,44,47,40,28,0,9,7,0,0,0,0,0
0,0,0,6,6,10,12,11,6,7,6,7,12,25,50,50,32,14,8,0,0,0,0,0,0,0
0,0,0,0,0,9,10,10,7,7,8,7,8,12,40,47,14,14,9,6,0,0,0,0,0,0
0,0,0,8,0,9,10,11,9,7,0,7,0,12,13,11,13,14,8,0,0,0,0,0,0,0
0,0,0,0,6,8,9,9,7,0,0,0,6,7,10,13,12,11,0,0,0,0,0,0,0,0
0,4,0,0,7,7,6,0,6,0,0,5,5,11,12,14,13,11,7,0,0,0,0,0,0,0
0,0,8,0,0,7,0,0,0,7,0,6,5,7,8,12,13,11,10,0,0,0,0,0,0,0
0,0,0,0,0,0,7,0,0,0,0,7,9,8,11,12,12,12,10,0,0,0,4,0,4,0
