14,24,50,66,115,115,98,76,81,98,101,86,102,97,125,128,105,88,71,62,60,62,70,51,23,23
11,14,44,58,80,93,91,77,79,83,74,78,105,113,139,136,109,90,70,64,57,54,55,36,23,15
0,12,28,52,65,78,71,73,60,59,64,78,106,140,140,129,108,95,77,64,57,53,54,45,34,29
8,0,10,20,55,72,63,55,66,58,67,78,102,132,139,135,117,99,78,61,56,54,51,35,31,21
7,0,0,13,13,18,72,69,61,53,66,74,88,125,152,137,112,102,72,62,55,53,51,30,16,14
0,0,0,0,0,20,52,50,47,7,53,56,78,107,126,123,108,94,68,58,52,44,28,12,9,16
0,0,0,0,0,13,9,14,25,11,23,70,80,100,114,113,102,87,78,57,51,36,21,10,8,7
0,0,0,0,8,12,0,9,15,46,54,75,81,102,113,114,101,93,77,58,51,30,17,10,8,0
0,0,0,0,12,15,9,10,14,52,65,79,92,109,112,114,105,105,85,64,52,43,23,9,10,0
0,0,0,0,10,11,12,9,11,30,69,85,101,105,110,111,110,105,95,75,54,34,22,12,11,8
0,0,0,0,8,9,8,0,10,31,61,77,92,98,99,103,107,105,89,70,42,14,12,7,7,0
0,0,0,0,6,9,8,0,13,51,56,67,76,84,93,116,109,98,92,70,65,56,53,21,11,10
0,0,0,0,10,13,14,12,13,14,55,59,68,78,93,120,125,100,89,70,60,53,52,14,9,6
0,0,0,0,0,0,0,0,11,25,52,54,61,75,94,101,101,88,79,63,51,11,11,7,0,0
0,0,7,0,0,11,16,11,23,50,52,67,82,97,119,134,124,120,95,78,63,54,53,26,20,11
0,7,7,0,12,14,11,6,50,60,68,80,92,112,126,137,133,120,95,80,67,57,56,36,15,12
11,9,10,10,17,20,50,35,52,63,72,89,98,115,130,176,127,115,98,84,68,59,55,47,27,13
9,0,0,10,15,47,23,50,51,64,77,91,115,121,140,140,117,110,91,77,66,57,54,46,26,12
8,0,0,9,12,11,54,51,57,68,80,100,115,114,133,136,108,96,89,71,62,56,54,50,30,23
9,10,6,7,11,35,50,50,62,71,90,105,112,123,129,120,98,86,73,73,60,57,55,50,25,15
7,0,6,8,21,50,51,51,64,70,89,100,106,119,122,113,94,85,71,65,63,62,56,53,37,20
7,8,10,10,17,50,53,50,60,70,84,97,103,110,103,101,83,72,63,60,55,51,30,17,7,11
0,8,15,11,21,35,48,30,52,66,85,102,104,100,98,103,74,66,57,52,48,42,35,29,24,10
0,6,7,8,12,23,36,34,55,65,81,88,92,91,96,87,75,65,59,55,52,51,38,15,12,12
6,0,6,0,12,13,13,10,53,64,76,84,84,86,86,74,65,62,56,54,52,51,29,10,10,9
0,0,7,0,8,10,12,8,51,61,70,79,78,85,77,67,60,57,56,52,51,47,26,8,8,8
0,0,0,0,6,7,11,8,26,56,66,73,75,75,66,61,57,52,46,39,37,33,16,9,0,0
0,0,0,0,0,7,10,5,15,56,64,72,74,67,62,60,54,52,12,17,17,18,13,8,0,0
0,0,0,0,0,7,6,0,34,59,67,72,72,63,61,59,55,51,43,12,13,13,15,6,6,0
0,0,0,0,0,0,8,0,23,57,82,80,69,62,60,59,54,51,42,0,10,14,20,11,6,0
0,0,0,0,0,0,7,0,12,59,76,81,69,62,59,57,54,35,19,12,0,0,13,6,0,0
0,0,0,0,0,6,7,0,11,56,78,76,67,62,57,54,38,23,22,14,0,0,0,0,0,0
0,0,0,0,0,0,0,0,13,52,76,78,73,64,56,52,32,37,28,23,11,0,0,0,0,0
0,0,0,0,6,6,0,0,12,60,79,78,69,65,58,54,9,37,14,14,11,6,7,0,0,0
0,0,0,0,0,0,7,0,12,60,78,80,67,62,58,55,15,33,13,13,11,10,7,0,0,0
0,0,0,0,0,7,8,6,12,54,70,73,63,58,55,51,14,14,8,12,10,7,8,0,0,0
0,0,0,0,0,0,0,6,7,50,61,62,58,55,45,38,19,13,7,10,9,8,7,0,0,0
0,5,5,0,6,0,0,0,6,28,57,60,55,53,48,50,38,12,9,6,7,9,7,5,0,0
0,0,6,0,0,5,0,0,6,18,56,59,55,43,45,35,23,15,7,7,5,7,6,7,6,0
0,0,0,5,0,7,5,6,7,20,55,56,53,42,29,46,25,29,11,8,8,7,9,0,7,0
13,25,50,66,114,114,99,75,80,97,101,86,102,97,126,127,105,88,71,61,60,62,70,50,22,25
11,14,44,57,80,92,91,77,79,83,74,78,105,112,140,136,108,89,71,64,57,54,55,34,23,19
0,12,29,52,64,78,71,74,60,59,64,78,106,141,141,129,108,94,77,64,57,54,53,47,31,31
8,0,10,20,55,71,62,55,66,58,67,78,101,133,139,136,117,99,78,60,56,54,52,31,27,21
7,0,0,13,14,18,73,69,61,52,66,74,88,125,154,136,112,102,73,62,55,53,51,32,16,14
0,0,0,0,0,20,52,50,50,7,53,56,78,108,126,122,108,94,68,58,52,44,28,12,9,14
0,0,0,0,0,13,9,13,20,10,23,69,79,100,114,113,102,87,79,57,51,36,19,10,8,7
0,0,0,0,8,12,6,9,14,43,54,75,82,102,113,114,101,93,77,58,51,27,15,10,0,0
0,0,0,0,12,17,10,10,13,51,65,79,92,109,112,114,105,105,86,64,52,43,25,9,10,0
0,0,0,0,10,12,12,9,11,30,68,85,101,105,110,111,110,105,95,75,54,31,20,12,11,9
0,0,0,0,8,9,8,0,10,34,61,77,92,98,99,103,108,105,89,71,40,14,12,7,8,0
0,0,0,0,6,9,9,0,13,51,56,67,76,83,94,117,109,97,92,70,65,57,53,25,11,10
0,0,0,0,10,13,13,13,13,14,55,59,68,79,94,120,125,101,89,70,60,52,51,14,9,7
0,0,0,0,0,0,0,0,11,26,52,54,61,75,94,101,101,88,78,64,51,11,11,7,0,0
0,0,0,0,0,11,16,11,23,50,53,67,82,97,120,135,125,120,96,78,63,54,53,26,19,11
0,7,7,0,12,14,11,6,50,59,68,80,92,112,126,137,133,120,96,80,67,57,56,36,17,12
10,9,10,10,19,21,50,30,52,63,73,89,99,114,131,177,127,115,98,85,68,58,54,50,31,13
10,0,0,10,14,50,21,51,50,63,77,91,115,122,141,140,117,111,92,77,65,58,54,46,26,12
8,0,0,9,11,11,54,51,57,68,80,100,116,114,134,136,108,95,89,71,62,56,53,48,28,25
9,10,6,7,11,35,47,50,62,71,91,106,112,123,129,121,98,86,74,73,60,57,55,47,26,17
7,0,7,8,20,50,51,51,64,70,89,100,106,120,123,113,94,85,72,65,63,61,56,53,37,22
7,8,10,10,17,50,52,50,59,70,84,97,103,110,104,101,83,73,63,61,55,50,32,17,7,12
0,8,15,11,20,35,48,31,52,66,85,101,104,100,98,102,75,67,57,52,48,42,35,29,25,11
0,6,8,8,12,25,36,34,55,65,81,88,93,91,97,88,75,65,58,55,52,50,37,14,12,12
6,0,6,0,12,13,12,10,53,64,76,84,84,86,87,74,65,62,57,54,52,51,31,10,10,10
0,0,7,0,8,10,12,8,51,61,71,79,77,85,77,68,60,58,56,52,51,47,26,8,8,8
0,0,0,0,6,7,11,7,28,55,66,73,75,75,66,61,57,52,50,39,37,31,18,9,0,0
0,0,0,0,0,7,9,5,14,56,65,71,74,67,62,59,54,52,12,19,17,16,13,8,0,0
0,0,0,0,0,6,6,0,32,59,67,72,72,63,61,59,55,51,43,11,12,12,15,6,6,0
0,0,0,0,0,0,8,0,21,57,82,80,69,62,61,59,54,51,46,0,10,14,20,10,6,0
0,0,0,0,0,0,7,0,11,59,76,81,69,62,60,57,53,35,19,12,0,0,13,6,0,0
0,0,0,0,0,6,7,0,11,56,79,76,68,63,57,54,38,25,23,14,0,0,0,0,0,0
0,0,0,0,0,0,0,0,13,52,76,78,73,64,56,52,32,37,30,25,11,0,0,0,0,0
0,0,0,0,6,6,0,0,12,60,80,79,70,65,58,54,9,37,14,14,10,6,7,0,0,0
0,0,0,0,0,0,7,0,12,60,78,80,67,62,59,55,17,30,14,13,11,9,6,0,0,0
0,0,0,0,0,7,8,6,11,54,70,74,63,58,56,51,14,14,8,13,10,7,8,0,0,0
0,0,0,0,0,0,0,6,7,50,62,62,58,55,50,38,19,13,7,10,10,8,7,0,0,0
0,5,5,0,6,0,0,0,6,26,57,60,55,53,50,50,37,13,10,7,7,9,7,6,0,0
0,0,6,0,0,5,0,0,6,20,55,58,55,44,47,35,23,14,8,7,5,7,7,7,6,0
0,0,0,5,0,7,5,6,7,20,54,57,53,43,30,46,28,25,11,8,8,7,9,0,7,0
13,25,50,66,113,113,99,75,81,97,101,86,102,97,127,128,105,87,71,62,59,61,69,50,22,27
11,14,44,57,79,92,91,77,79,83,73,78,105,112,140,137,108,89,71,64,57,54,54,31,20,21
0,12,29,52,64,78,71,73,60,59,64,78,105,141,141,129,108,94,76,64,57,53,53,47,31,29
8,0,10,19,55,72,63,55,65,58,67,78,101,134,139,135,117,98,78,61,56,53,52,29,27,22
7,0,0,13,14,20,73,70,61,53,66,74,88,125,156,136,112,103,73,62,55,53,51,30,16,14
0,0,0,0,0,18,52,50,50,7,53,55,78,108,127,122,108,94,69,59,52,44,25,12,9,15
0,0,0,0,0,13,9,13,20,9,23,70,80,100,115,113,103,86,79,58,51,38,15,10,8,8
0,0,0,0,9,13,7,9,15,46,54,75,82,102,114,114,101,93,77,59,51,25,15,10,0,0
0,0,0,0,12,17,10,11,13,51,65,79,93,109,113,115,105,106,86,64,52,43,25,9,9,0
0,0,0,0,10,12,12,9,11,30,69,85,100,105,111,111,110,106,95,75,54,25,17,12,11,9
0,0,0,0,8,10,8,0,10,34,62,77,94,97,100,102,107,106,89,70,37,14,12,8,8,0
0,0,0,0,6,9,8,0,13,51,56,67,77,82,93,116,109,97,93,71,65,56,53,27,11,10
0,0,0,0,10,13,14,13,13,14,55,58,68,79,94,120,125,101,88,70,60,52,51,14,9,6
0,0,0,0,0,0,0,0,11,26,52,54,61,75,94,101,101,88,79,64,51,11,11,8,0,0
0,0,7,0,0,12,15,10,26,50,54,67,82,96,120,136,125,121,95,78,63,53,53,25,19,11
0,7,7,7,11,14,11,7,50,59,68,80,92,112,127,138,134,121,96,80,67,57,56,31,17,12
10,9,10,10,19,21,50,27,52,63,73,88,99,115,131,178,128,115,98,85,68,58,55,45,27,14
9,0,0,10,15,50,21,51,51,63,77,91,115,122,141,139,117,111,92,77,65,57,54,44,28,12
9,0,0,9,12,12,54,51,57,68,81,100,116,114,135,137,108,95,89,71,62,56,53,46,30,23
9,10,6,7,11,37,50,47,62,71,91,106,112,123,130,121,98,86,74,72,60,56,55,45,23,16
7,0,6,8,21,50,51,51,63,69,89,100,106,120,121,113,94,85,72,65,63,60,56,52,35,22
7,8,9,10,16,50,52,50,59,70,85,96,103,109,104,102,83,73,63,61,55,50,30,14,7,11
0,9,15,11,20,35,48,31,52,66,85,101,104,101,99,102,75,67,57,52,47,41,35,29,23,10
0,6,7,8,12,27,37,32,55,65,81,88,92,91,97,88,75,64,59,55,53,50,36,14,11,12
6,0,6,0,12,13,12,10,53,64,76,84,84,87,87,72,65,62,57,54,52,50,31,10,10,10
0,0,7,0,7,10,11,8,51,61,71,79,78,85,77,67,60,57,55,53,51,47,26,7,8,8
0,0,0,0,6,8,11,7,28,56,66,73,75,75,66,61,57,52,48,37,37,29,15,8,0,0
0,0,0,0,0,7,9,5,14,57,64,71,74,67,62,59,54,52,12,17,17,16,12,8,0,0
0,0,0,0,0,7,6,0,30,58,67,72,71,63,61,59,55,51,43,11,12,12,14,6,6,0
0,0,0,0,0,0,8,0,21,57,82,80,69,61,61,59,54,50,50,0,10,14,18,10,6,0
0,0,0,0,0,6,6,0,11,59,76,81,69,62,60,57,53,32,19,12,0,0,13,6,0,0
0,0,0,0,0,6,7,0,11,56,78,76,68,63,58,54,40,25,22,14,0,0,0,0,0,0
0,0,0,0,0,0,0,0,14,52,76,79,73,64,57,52,31,36,29,28,11,0,0,0,0,0
0,0,0,0,6,6,0,0,12,61,80,79,69,64,58,54,9,35,17,15,10,6,7,0,0,0
0,0,0,0,0,0,7,0,12,60,78,79,67,62,59,55,22,27,14,14,11,9,6,0,0,0
0,0,0,0,0,7,8,6,11,54,70,74,63,58,56,51,14,14,8,13,10,7,7,0,0,0
0,0,0,0,0,0,0,6,7,50,62,62,58,55,50,38,19,13,7,10,9,8,7,0,0,0
0,5,5,0,5,0,0,0,6,27,57,59,55,53,50,50,37,12,10,7,7,9,7,5,0,0
0,0,6,0,0,5,0,0,6,18,56,58,55,43,48,35,23,16,8,7,5,7,6,7,6,0
0,0,0,5,0,7,5,6,7,19,55,57,53,42,35,48,28,26,11,8,8,7,9,0,7,0
13,24,45,66,111,113,99,75,80,97,101,87,101,97,126,127,105,87,70,61,59,61,69,50,22,25
11,14,44,57,78,91,91,77,80,82,73,78,105,112,140,137,109,89,71,64,57,54,54,27,21,19
0,12,29,52,64,78,71,73,61,59,64,79,105,141,141,129,108,95,76,64,57,54,53,47,34,25
8,0,10,20,55,71,62,54,65,58,68,78,101,133,140,135,116,99,77,61,56,53,52,29,29,21
7,0,0,14,13,18,73,70,61,53,66,74,89,125,155,136,112,103,73,61,55,53,51,35,16,14
0,0,0,0,0,15,52,50,50,7,52,56,78,108,128,122,108,94,69,59,51,47,25,12,10,15
0,0,0,0,0,13,10,13,20,9,27,69,80,100,114,114,103,87,78,57,50,41,15,10,9,7
0,0,0,0,9,13,7,9,19,46,54,74,82,103,114,113,101,93,78,59,51,30,15,9,8,0
0,0,0,0,12,15,10,11,13,51,65,79,93,109,113,114,105,106,86,64,52,43,25,9,10,0
0,0,0,0,10,12,12,9,11,30,68,85,100,105,111,111,109,106,95,75,54,25,20,12,12,9
0,0,0,0,8,10,8,0,11,31,62,77,94,98,100,102,107,106,89,70,37,14,12,7,9,0
0,0,0,0,6,9,8,0,13,51,56,67,77,83,93,116,108,98,93,70,65,56,53,25,12,10
0,0,0,0,10,13,14,13,13,14,55,58,68,79,94,120,125,102,89,70,60,52,51,14,9,7
0,0,0,0,0,0,0,0,11,28,52,54,61,75,95,101,101,88,78,64,51,11,11,7,0,0
0,0,7,0,0,12,15,11,25,50,53,67,82,96,121,135,126,121,95,78,64,54,53,23,18,12
0,6,7,7,12,14,10,8,50,59,68,80,92,112,126,138,133,121,96,80,67,56,55,29,17,12
10,9,9,10,15,23,51,25,52,63,73,89,100,115,130,177,128,115,98,84,68,58,55,40,31,14
9,0,0,10,16,50,25,50,51,63,77,92,115,122,141,140,117,111,92,77,65,57,54,38,28,12
9,0,0,9,11,12,54,51,56,68,81,100,116,114,135,136,109,95,89,71,61,56,53,45,32,25
9,10,6,7,11,35,47,45,62,71,91,106,113,123,130,121,98,86,74,72,60,56,55,45,23,15
7,0,6,7,20,50,51,51,63,70,89,100,106,120,121,112,94,86,72,64,63,60,56,52,37,20
7,7,9,10,16,50,53,50,58,69,85,96,103,109,104,102,83,73,63,61,55,50,32,14,8,11
0,8,15,11,19,35,48,30,52,66,85,102,103,101,99,102,75,67,57,52,47,41,36,28,23,10
0,6,7,7,12,26,36,32,55,65,81,88,92,91,97,88,75,65,58,55,53,51,36,14,11,12
6,0,6,0,13,13,12,9,53,64,76,84,85,87,87,72,66,62,56,54,52,50,31,10,10,10
0,0,7,0,7,10,11,8,51,61,71,79,78,85,77,67,60,57,55,53,50,47,26,7,8,8
0,0,0,0,6,7,11,7,29,56,66,73,75,74,66,60,57,51,46,37,35,31,14,8,0,0
0,0,0,0,0,7,9,5,15,56,64,71,74,67,62,59,54,52,12,19,17,18,12,8,0,0
0,0,0,0,0,6,6,0,28,58,67,72,72,63,61,59,55,52,43,11,12,12,14,0,0,0
0,0,0,0,0,0,8,0,21,57,82,80,69,61,61,59,53,51,48,0,10,14,18,9,7,0
0,0,0,0,0,0,6,0,11,58,76,80,69,62,60,56,53,35,17,13,0,0,12,6,0,0
0,0,0,0,0,6,7,0,11,56,79,77,68,62,58,54,38,25,22,14,0,0,0,0,0,0
0,0,0,0,0,0,0,0,13,52,76,79,73,64,57,52,31,40,30,27,11,0,0,0,0,0
0,0,0,0,6,7,0,0,12,60,80,80,70,64,58,54,9,37,14,17,11,6,7,0,0,0
0,0,0,0,0,0,7,0,12,60,78,80,67,61,59,54,25,30,14,14,11,9,6,0,0,0
0,0,0,0,0,7,8,6,11,54,70,74,63,58,56,51,14,14,8,13,10,7,8,0,0,0
0,0,0,0,0,0,0,6,8,50,62,63,58,55,50,38,21,13,8,10,10,8,7,0,0,0
0,5,5,0,5,0,0,0,7,26,56,59,56,53,50,50,31,13,10,7,7,9,8,5,0,0
0,0,6,0,0,5,0,0,6,16,55,59,55,44,48,36,20,16,8,8,6,7,6,6,6,0
0,0,0,5,0,7,5,5,8,19,55,57,53,43,35,48,28,26,11,8,8,7,9,0,7,0
13,24,48,65,110,112,98,75,81,96,100,86,101,96,126,127,105,87,71,61,59,61,69,50,20,27
11,14,44,57,77,91,90,77,79,82,73,77,105,112,139,137,110,89,71,64,57,54,54,27,21,23
0,12,27,52,65,77,70,73,61,59,63,78,105,140,141,129,108,94,75,64,57,54,53,47,34,27
8,0,10,20,55,71,62,54,65,58,66,78,101,132,139,135,117,97,77,61,56,53,52,31,25,20
7,0,0,14,14,16,73,69,62,52,66,75,89,125,154,136,112,103,73,61,55,53,52,32,21,14
0,0,0,0,0,16,52,50,50,8,52,56,78,107,126,122,108,94,69,59,51,44,25,12,9,16
0,0,0,0,0,13,10,12,22,8,30,70,80,99,114,114,103,87,78,57,50,41,17,10,8,7
0,0,0,0,9,12,7,9,19,46,53,74,82,103,114,113,100,93,77,59,51,32,14,9,8,0
0,0,0,0,12,17,10,11,13,50,63,79,93,108,112,114,105,105,86,64,53,46,27,10,9,0
0,0,0,0,10,11,12,9,11,30,67,86,100,105,111,110,110,106,94,75,54,34,20,12,11,9
0,0,0,0,8,10,8,0,11,28,61,78,94,96,100,101,107,106,89,71,37,14,12,8,9,0
0,0,0,0,6,8,9,0,13,51,55,68,77,82,94,115,109,97,93,70,65,56,53,25,12,10
0,0,0,0,10,12,13,12,14,14,55,58,68,78,94,121,126,102,89,70,60,52,51,14,9,7
0,0,0,0,0,0,0,6,12,30,51,54,62,73,94,101,102,88,78,64,51,12,11,8,0,0
0,0,7,0,0,12,15,11,25,50,54,67,83,96,120,135,127,121,95,78,64,54,53,23,18,12
0,6,7,7,12,13,10,8,50,59,67,80,92,111,126,138,135,121,96,80,67,57,56,31,19,12
10,9,10,10,15,23,51,25,52,63,72,88,100,114,130,176,129,115,98,85,68,59,55,37,29,14
10,0,0,10,15,47,25,50,52,63,76,92,115,122,141,140,117,111,92,78,65,57,54,40,26,12
9,0,0,9,12,12,54,51,57,68,80,100,116,113,135,136,109,95,89,71,61,56,53,45,32,25
9,10,6,8,10,35,45,40,62,71,90,106,113,122,129,121,98,86,74,72,59,56,56,45,23,14
7,0,7,7,21,50,51,51,63,69,88,100,106,119,121,112,94,86,72,64,62,60,56,52,37,22
7,8,9,10,16,50,52,50,59,69,85,95,104,108,103,102,84,73,63,61,55,50,30,15,8,11
5,9,14,12,20,35,46,30,52,66,85,101,105,100,99,102,76,67,57,52,46,41,36,29,24,10
0,6,7,7,13,26,34,32,55,65,81,88,92,90,97,88,75,65,58,55,53,51,33,14,11,12
6,0,6,0,13,12,12,9,53,64,76,84,85,86,87,73,66,62,56,53,52,50,33,10,10,10
0,0,7,0,7,10,12,7,51,61,70,79,78,85,76,67,60,57,55,54,50,47,26,7,8,7
0,0,0,0,6,7,10,7,31,56,66,73,75,74,65,60,57,51,46,37,35,29,14,8,0,0
0,0,0,0,0,7,9,5,15,56,64,71,74,67,61,59,54,51,11,21,17,18,12,7,0,0
0,0,0,0,0,6,5,0,30,58,67,72,72,63,61,59,56,52,40,11,11,12,14,0,0,0
0,0,0,0,0,0,8,0,21,57,82,80,69,61,60,59,54,51,46,0,10,14,18,9,6,0
0,0,0,0,0,6,6,0,12,58,75,80,69,62,59,57,53,32,21,12,0,0,12,6,0,0
0,0,0,0,0,6,7,0,12,56,78,78,68,62,57,54,38,25,22,14,0,0,0,0,0,0
0,0,0,0,0,0,0,0,14,52,76,80,73,64,56,51,32,40,30,28,11,0,0,0,0,0
0,0,0,0,6,6,5,0,12,60,80,80,69,64,58,53,9,40,15,15,11,6,7,0,0,0
0,0,0,0,0,0,8,0,13,60,78,80,67,61,58,54,25,27,14,14,11,10,6,0,0,0
0,0,0,0,0,6,8,6,12,54,70,74,63,58,55,52,15,14,8,14,10,7,8,0,0,0
0,0,0,0,0,0,0,6,8,50,62,63,58,54,45,36,23,13,8,10,9,8,7,0,0,0
0,5,5,0,5,0,0,0,7,26,56,60,56,53,44,50,33,12,10,7,7,9,8,5,0,0
0,0,6,0,0,5,0,0,6,16,55,59,55,43,44,36,23,15,8,8,6,7,6,6,6,0
0,0,0,5,0,7,5,5,8,20,54,57,53,43,32,45,29,27,11,8,8,8,9,0,7,0
13,23,47,65,108,111,97,75,80,96,100,86,102,96,125,128,105,87,71,62,59,61,69,50,22,27
11,14,44,58,77,91,90,76,79,83,73,77,105,111,139,137,110,89,71,64,57,54,54,29,23,19
0,12,27,52,65,77,70,73,62,59,63,79,105,140,141,130,108,95,76,64,57,54,54,47,36,27
8,0,10,22,55,71,63,54,65,58,67,78,101,132,139,135,117,97,77,61,55,53,52,31,27,18
7,0,0,14,14,16,73,69,62,53,66,76,89,124,152,137,112,103,73,61,55,52,52,35,23,14
0,0,0,0,0,14,52,50,50,8,52,56,78,107,126,123,108,94,69,60,51,44,28,12,10,18
0,0,0,0,0,13,11,12,25,9,33,70,80,98,113,114,103,87,78,57,50,41,15,10,9,7
0,0,0,0,9,12,7,9,21,43,53,73,82,103,114,113,100,92,77,59,50,37,15,9,8,0
0,0,0,0,11,15,10,11,14,46,62,80,92,108,112,114,105,105,85,64,52,43,27,10,9,0
0,0,0,0,10,11,13,9,11,33,66,86,100,104,111,110,110,106,94,75,54,34,17,12,11,9
0,0,0,0,8,10,8,0,11,25,61,78,93,96,99,101,108,106,89,71,40,15,12,7,9,0
0,0,0,0,6,8,8,0,13,50,55,68,77,83,93,115,108,98,93,70,65,56,52,23,12,9
0,0,0,0,10,11,13,13,14,14,55,58,68,78,93,121,126,101,89,70,60,53,51,14,9,6
0,0,0,0,0,0,0,0,12,30,51,54,62,73,94,101,101,88,78,64,51,12,11,8,0,0
0,0,7,0,0,11,14,11,25,50,54,66,82,95,120,135,126,121,95,78,64,54,53,22,19,12
0,6,7,8,12,13,10,7,50,60,66,80,92,110,126,139,135,121,96,80,67,57,56,31,21,12
10,10,10,10,14,18,51,30,52,62,72,89,100,114,130,178,130,115,98,85,67,59,55,35,27,14
10,0,0,10,15,43,27,50,52,63,76,92,115,122,141,141,117,111,92,77,66,57,54,40,28,12
10,0,0,10,12,11,54,51,57,68,80,100,115,113,135,136,109,95,88,71,61,56,53,45,37,22
9,10,6,8,11,31,45,38,62,71,90,106,112,122,129,121,98,86,74,72,59,56,56,39,25,14
7,0,6,8,21,48,51,51,63,70,88,100,106,118,120,112,94,86,72,64,62,60,56,52,41,20
7,8,9,10,16,47,52,50,59,69,84,95,103,107,103,102,84,72,63,60,54,48,28,14,8,11
5,9,14,12,21,34,46,29,52,66,84,102,104,100,98,103,75,67,57,52,46,41,37,29,24,9
0,6,7,7,13,26,35,31,55,65,81,87,93,90,96,88,75,65,58,55,52,51,34,14,12,13
6,0,6,0,13,12,12,9,53,63,76,84,84,85,87,73,66,62,56,53,52,50,29,10,10,10
0,0,7,0,8,10,12,7,51,61,70,79,78,85,76,68,60,57,56,54,50,43,23,8,9,7
0,0,0,0,6,7,10,6,29,56,65,72,75,74,65,61,57,51,44,37,31,29,14,8,0,0
0,0,0,0,0,6,9,0,17,56,64,71,74,66,61,59,54,52,12,19,16,16,12,7,0,0
0,0,0,0,0,6,5,0,30,58,67,72,72,62,61,59,56,52,40,11,11,12,14,0,6,0
0,0,0,0,0,0,8,0,21,57,82,80,69,60,60,59,55,51,46,0,10,13,18,9,7,0
0,0,0,0,0,0,6,0,11,58,75,79,68,61,59,57,53,30,19,12,0,0,12,6,0,0
0,0,0,0,0,6,7,0,12,56,78,78,68,62,58,54,40,21,21,14,0,0,0,0,0,0
0,0,0,0,0,0,0,0,13,53,76,80,73,64,56,51,32,41,30,27,11,0,0,0,0,0
0,0,0,0,6,6,6,0,11,61,79,80,69,64,58,54,10,42,15,17,11,6,7,0,0,0
0,0,0,0,0,0,8,0,13,60,78,80,67,61,58,55,30,30,14,14,11,10,6,0,0,0
0,0,0,0,0,6,8,6,12,54,69,73,64,58,55,52,19,13,8,14,10,7,8,0,0,0
0,0,0,0,0,0,0,6,8,50,62,63,59,54,45,40,25,13,8,10,9,8,7,0,0,0
0,5,5,0,6,0,0,0,7,25,56,60,56,52,42,50,33,12,10,7,7,9,8,5,0,0
0,0,6,0,0,4,0,0,6,15,55,59,55,42,44,38,23,15,8,8,5,7,6,6,6,0
0,0,0,5,0,7,5,5,8,20,54,57,53,42,35,46,29,27,11,8,8,7,8,0,8,0
13,23,48,64,107,110,97,75,80,96,100,86,101,95,125,127,105,88,71,61,59,61,69,50,23,23
12,14,45,58,78,91,90,77,79,83,73,77,105,111,139,137,110,89,71,63,57,54,54,27,27,19
0,13,28,51,65,77,70,73,62,58,63,79,105,140,141,129,107,95,76,64,57,55,54,50,36,25
8,0,10,22,56,71,63,54,66,58,67,78,101,132,139,135,117,98,77,61,55,53,52,33,31,17
7,0,0,14,14,15,72,69,61,53,67,76,89,125,152,137,112,103,72,61,55,53,51,32,25,14
0,0,0,0,0,14,52,50,50,8,52,56,77,107,127,123,108,95,69,59,51,47,31,13,10,18
0,0,0,0,0,13,11,13,25,10,36,69,80,99,113,114,103,87,79,57,50,41,21,10,8,8
0,0,0,0,9,12,6,10,19,40,54,74,81,103,114,113,101,93,77,59,50,37,15,9,8,0
0,0,0,0,11,14,10,11,14,46,63,80,92,107,111,114,105,105,85,64,52,46,30,10,9,0
0,0,0,0,10,11,13,10,11,33,66,85,100,105,110,111,110,107,95,75,54,40,20,12,11,8
0,0,0,0,8,9,8,0,11,31,61,78,92,96,98,103,108,107,89,71,40,15,12,7,9,0
0,0,0,0,0,7,9,0,13,50,55,68,76,83,93,115,109,98,92,70,65,56,52,23,12,10
0,0,0,0,10,11,13,13,14,14,55,58,67,78,93,122,126,101,89,70,60,53,51,14,9,7
0,0,0,0,0,0,0,0,11,28,51,54,61,73,94,102,101,88,78,64,51,12,12,8,0,0
0,0,7,0,0,11,14,11,26,50,53,66,82,96,119,135,126,123,95,77,64,54,52,22,19,12
0,7,7,8,12,13,11,7,50,60,66,80,92,110,125,139,135,122,96,80,67,57,56,34,21,12
10,10,10,10,15,16,50,30,52,62,72,89,100,115,130,178,130,115,98,84,68,59,55,35,27,14
10,0,0,10,15,41,25,50,52,63,76,91,115,122,140,141,117,111,92,78,66,57,54,40,30,12
10,0,0,9,12,10,54,50,57,67,80,100,115,112,134,136,109,96,88,71,61,56,53,45,35,23
9,10,6,9,11,29,45,40,62,70,90,107,112,122,128,122,98,86,73,72,59,56,55,39,23,14
7,0,7,8,21,44,51,51,63,70,88,100,106,118,122,113,94,86,71,64,62,60,56,52,39,22
7,8,9,10,17,50,52,50,59,69,84,96,103,108,102,102,84,73,63,60,54,50,30,15,7,11
5,9,15,12,20,33,46,28,52,66,85,102,104,100,97,103,75,67,57,52,46,41,38,29,24,10
0,6,7,8,12,23,35,31,54,65,81,87,93,90,96,88,75,66,58,54,52,51,34,14,12,13
6,0,6,0,12,12,12,9,53,63,76,85,84,86,87,74,66,61,56,53,52,50,29,9,10,10
0,0,7,0,8,10,12,7,51,61,70,79,77,85,75,68,60,57,56,53,50,45,21,8,9,7
0,0,0,0,6,7,10,7,29,56,66,72,75,74,65,61,57,52,46,37,31,29,14,9,0,0
0,0,0,0,0,6,9,5,17,56,64,70,74,67,61,59,54,52,12,19,16,14,12,7,0,0
0,0,0,0,0,0,0,0,32,58,66,72,72,62,61,59,56,52,38,11,10,12,14,0,0,0
0,0,0,0,0,0,8,0,19,57,82,80,69,61,60,59,55,51,40,0,9,13,16,9,7,0
0,0,0,0,0,0,6,0,11,58,76,79,68,61,58,57,54,35,17,12,0,0,12,6,0,0
0,0,0,0,0,5,7,0,12,56,78,78,68,62,57,54,38,23,20,14,0,0,0,0,0,0
0,0,0,0,0,0,0,0,13,52,76,79,73,64,57,52,31,43,31,23,10,7,0,0,0,0
0,0,0,0,6,6,6,0,12,61,80,79,69,64,58,54,10,47,15,14,11,6,8,0,0,0
0,0,0,0,0,0,8,0,12,60,78,81,67,61,58,55,27,33,14,14,11,10,6,0,0,0
0,0,0,0,0,6,8,6,12,54,70,74,63,58,55,52,17,14,8,13,11,7,8,0,0,0
0,0,0,0,0,0,0,6,8,50,62,63,58,54,45,43,23,13,8,10,9,8,7,0,0,0
0,5,5,0,5,0,0,0,7,25,56,60,56,52,42,50,33,13,9,7,7,9,8,5,0,0
0,0,6,0,0,4,0,0,6,16,55,59,55,42,44,39,25,14,8,8,5,7,6,7,6,0
0,0,0,5,0,6,5,5,7,19,54,57,53,42,33,46,29,29,11,8,8,7,9,0,8,0
14,24,50,63,107,110,96,75,80,97,100,85,101,95,125,127,106,88,71,62,60,61,68,50,22,25
11,14,45,58,78,91,90,77,79,82,73,78,105,112,139,137,109,89,71,63,57,53,53,29,23,21
0,13,28,52,65,77,70,73,61,58,64,79,105,140,141,130,108,95,76,64,57,55,54,47,31,23
8,0,10,20,56,71,63,55,66,57,67,78,101,133,139,135,117,97,76,61,56,53,52,31,29,18
7,0,0,13,14,15,72,68,61,52,67,76,88,125,152,137,112,103,72,61,54,53,51,27,23,14
0,0,0,0,0,15,52,50,50,8,53,56,77,107,127,122,108,94,68,58,51,47,25,13,10,18
0,0,0,0,0,13,10,13,27,9,33,69,80,99,114,114,103,86,79,57,50,36,23,10,8,8
0,0,0,0,9,11,6,10,19,37,53,74,81,102,113,113,102,92,77,58,50,32,17,9,8,0
0,0,0,0,12,15,10,11,14,46,62,79,92,108,112,114,106,106,85,63,52,46,25,10,10,0
0,0,0,0,10,11,12,10,11,27,65,85,100,105,110,111,110,106,95,75,55,40,17,12,11,8
0,0,0,0,8,9,8,7,11,34,61,78,92,96,99,103,108,106,89,71,42,15,12,7,8,0
0,0,0,0,0,7,9,0,12,50,56,68,76,82,93,115,109,98,92,69,65,56,52,23,12,9
0,0,0,0,10,11,13,13,14,13,55,59,67,78,92,122,126,101,89,69,60,53,50,14,9,7
0,0,0,0,0,0,0,0,12,27,51,54,61,74,94,101,101,88,78,64,51,12,12,8,0,0
0,0,7,0,0,11,14,11,29,50,53,66,82,96,120,135,126,122,95,77,63,54,52,22,18,12
0,7,7,8,13,13,11,7,50,60,66,80,92,110,125,139,136,122,97,80,66,58,56,34,19,12
11,10,10,10,17,15,50,32,52,62,71,88,100,115,131,178,130,115,98,84,68,59,55,32,25,14
10,0,0,10,15,39,25,50,52,63,76,91,115,122,140,141,118,111,93,78,66,57,54,42,28,13
10,0,0,9,13,11,54,50,57,67,80,100,115,112,135,136,110,96,88,71,61,56,53,45,28,25
9,10,6,9,11,31,45,40,62,70,89,106,111,122,128,122,99,86,73,71,59,56,55,39,23,14
7,0,7,8,21,46,51,51,63,69,88,99,106,118,122,113,95,86,72,64,62,60,55,52,37,22
7,7,9,10,19,50,52,50,59,69,84,96,104,108,103,103,84,73,63,60,54,48,28,14,6,11
0,9,14,11,21,34,46,28,52,66,84,101,105,100,97,104,75,66,57,52,46,42,37,28,24,10
0,0,8,8,12,23,35,30,54,65,82,87,93,91,96,88,75,65,58,54,52,50,33,14,12,12
6,0,6,0,12,12,12,9,53,64,76,85,83,85,87,74,66,61,57,53,51,50,27,9,10,10
0,0,6,0,8,10,12,7,51,61,70,79,77,85,75,67,61,57,56,53,50,45,19,9,9,7
0,0,0,0,6,7,10,7,28,56,65,72,75,74,65,62,57,52,46,37,31,27,14,9,0,0
0,0,0,0,0,6,8,5,15,56,64,70,74,67,61,59,55,52,12,19,16,14,12,7,0,0
0,0,0,0,0,0,0,0,32,58,67,72,71,62,61,59,56,52,36,11,10,11,14,0,6,0
0,0,0,0,0,0,8,0,21,56,81,80,69,61,60,59,55,51,40,0,10,13,15,9,6,0
0,0,0,0,0,0,6,0,12,58,76,80,68,61,59,57,54,30,17,11,0,0,12,6,0,0
0,0,0,0,0,5,7,0,11,56,78,78,68,62,57,54,40,21,20,13,0,0,0,0,0,0
0,0,0,0,0,0,0,0,13,52,76,80,73,64,57,52,34,42,30,23,11,0,0,0,0,0
0,0,0,0,6,6,6,0,12,61,80,79,69,64,58,55,10,42,23,14,11,6,7,0,0,0
0,0,0,0,0,0,8,6,13,60,78,80,67,61,58,55,30,33,14,14,11,10,6,0,0,0
0,0,0,0,0,0,8,6,12,55,70,73,63,57,55,52,21,14,8,13,11,7,8,0,0,0
0,0,0,0,0,0,0,6,8,50,62,63,58,55,45,47,23,13,7,9,9,8,7,0,0,0
0,5,5,0,6,0,0,0,7,25,57,60,56,52,42,50,38,13,10,7,7,10,8,5,0,0
0,0,6,0,0,5,0,0,6,15,56,59,55,42,44,39,28,14,8,7,5,7,6,7,6,0
0,0,0,5,0,7,5,5,7,16,54,57,53,43,33,46,29,27,11,8,7,7,9,0,8,0
13,24,50,63,105,110,96,75,79,97,100,85,101,96,124,127,106,88,70,61,59,61,68,50,20,25
11,14,47,58,78,91,90,77,79,83,73,78,104,113,139,137,109,89,71,63,57,53,54,29,23,19
6,13,30,52,66,77,71,73,61,58,64,78,105,140,141,129,108,96,76,64,57,55,54,47,29,23
8,0,10,20,55,71,63,54,66,58,67,78,101,134,139,135,117,98,76,61,55,53,51,31,29,18
8,0,0,13,14,16,73,69,61,53,66,76,88,125,152,136,112,103,72,61,54,53,50,30,15,15
0,0,0,0,0,14,52,51,50,7,52,56,77,108,127,122,108,95,68,58,51,50,25,13,9,16
0,0,0,0,0,13,11,13,22,10,33,69,79,99,115,113,103,87,79,57,50,36,23,10,8,9
0,0,0,0,9,11,7,10,17,34,54,74,81,102,114,113,102,92,77,58,50,32,17,10,8,0
0,0,0,0,12,14,10,11,14,42,64,79,92,108,112,113,107,106,85,64,52,46,23,10,9,0
0,0,0,0,10,12,12,10,10,30,66,86,99,105,110,111,110,107,95,75,55,40,20,12,10,8
0,0,0,0,8,9,8,7,12,31,61,78,92,97,99,103,109,106,90,71,40,15,12,7,8,0
0,0,0,0,0,8,9,0,13,50,56,68,76,82,94,116,110,98,92,70,65,56,52,23,12,10
0,0,0,0,10,12,14,13,13,13,55,59,67,78,93,121,126,101,89,69,60,53,50,14,9,7
0,0,0,0,0,0,0,0,12,27,51,54,61,74,94,102,101,88,79,64,51,12,12,8,0,0
0,0,7,0,0,11,15,10,28,50,53,66,83,96,120,136,126,122,95,77,63,54,53,23,17,11
0,7,7,8,13,14,11,7,50,60,66,80,92,110,126,139,136,123,98,80,66,58,56,31,15,12
11,10,10,10,14,15,50,37,52,62,71,89,99,115,130,180,130,116,98,84,68,59,55,30,25,14
9,0,6,10,14,43,25,50,51,63,76,91,115,122,140,141,118,111,93,77,65,57,55,38,26,12
9,0,0,9,12,11,54,50,56,67,80,100,114,112,135,137,110,96,88,71,61,56,53,46,25,22
9,10,6,9,11,31,45,43,62,70,90,106,111,122,129,122,99,86,73,71,59,55,54,39,20,14
7,0,7,8,20,48,51,51,63,69,89,99,105,119,122,114,96,86,71,64,62,60,55,52,35,20
7,8,9,10,17,50,52,50,58,69,84,96,103,109,103,103,84,73,63,60,54,48,30,14,6,11
0,9,15,11,21,34,46,28,51,66,85,101,104,101,97,104,75,66,57,52,46,41,36,28,22,10
0,0,8,8,11,26,37,29,53,65,81,87,93,91,96,88,75,65,58,54,52,50,36,14,11,12
6,0,6,0,12,12,12,10,53,63,76,85,83,86,87,73,66,61,57,53,51,50,27,10,10,10
0,0,6,0,8,10,12,7,51,61,70,79,77,85,76,68,60,57,55,52,50,43,19,9,9,7
0,0,0,0,6,7,10,7,28,56,65,72,74,74,65,62,57,52,50,35,29,27,14,9,0,0
0,0,0,0,0,6,9,0,15,55,63,70,73,67,61,59,55,52,12,17,15,14,11,7,0,0
0,0,0,0,0,0,0,0,30,58,67,72,71,62,61,59,56,52,36,11,10,11,14,0,0,0
0,0,0,0,0,0,8,0,19,56,81,80,69,61,60,59,55,51,40,0,9,13,15,9,5,0
0,0,0,0,0,0,6,0,11,58,76,80,69,62,59,57,54,30,17,12,0,5,12,5,0,0
0,0,0,0,0,5,7,0,11,56,78,78,67,62,57,54,41,23,18,13,0,0,0,0,0,0
0,0,0,0,0,0,0,0,13,52,76,80,73,64,57,52,34,42,30,23,10,0,0,0,0,0
0,0,0,0,6,6,6,0,12,61,80,79,69,64,58,55,10,42,21,14,10,6,7,0,0,0
0,0,0,0,0,0,8,6,12,60,78,81,67,61,58,55,33,30,14,13,11,10,6,0,0,0
0,0,0,0,0,0,8,6,11,55,70,73,63,58,56,52,19,14,8,14,10,7,8,0,0,0
0,0,0,0,0,0,0,6,7,50,62,63,58,55,47,50,25,13,7,10,9,8,6,0,0,0
0,6,5,0,5,0,0,0,6,26,57,60,56,52,48,50,40,12,10,7,7,10,8,6,0,0
0,0,6,0,0,5,0,0,5,18,56,59,55,43,45,39,23,14,8,7,5,7,6,7,6,0
0,0,0,5,0,7,5,5,7,16,54,58,52,44,35,48,32,26,11,7,7,7,8,0,7,0
14,24,50,63,104,109,96,75,80,97,100,85,101,96,124,127,106,88,71,62,59,61,68,50,17,27
11,14,47,58,78,92,90,77,80,82,73,78,105,113,139,137,109,89,70,63,57,53,54,31,23,21
6,13,29,53,66,77,71,73,61,59,64,78,106,140,140,130,109,95,75,64,57,55,53,45,29,23
9,5,10,19,55,71,63,54,66,58,67,78,101,134,139,135,117,98,76,61,55,53,51,31,25,18
7,0,0,13,14,16,73,69,61,53,66,76,88,126,152,136,112,103,72,61,54,53,50,27,14,17
0,0,0,0,0,16,51,51,47,7,52,57,77,108,128,122,108,94,68,59,51,50,25,13,9,16
0,0,0,0,0,13,10,13,22,10,33,69,80,100,115,113,103,87,78,57,47,33,21,10,8,8
0,0,0,0,9,12,6,10,15,40,54,75,82,102,113,114,102,93,77,58,50,27,17,10,0,0
0,0,0,0,12,15,10,11,14,42,65,79,93,108,112,114,106,107,85,64,52,46,21,10,10,0
0,0,0,0,10,12,12,10,10,30,66,86,100,105,110,112,110,107,95,75,54,37,25,12,10,8
0,0,0,0,8,9,8,7,12,31,61,78,93,97,99,103,108,106,89,71,40,14,12,7,7,0
0,0,0,0,0,8,9,0,13,51,56,68,77,82,93,117,110,99,91,70,65,56,53,23,12,10
0,0,0,0,10,13,14,12,13,13,55,59,67,78,93,121,126,101,89,69,59,52,50,13,8,7
0,0,0,0,0,0,0,0,12,25,51,54,61,74,95,102,101,88,79,64,52,12,12,7,0,0
0,0,0,0,0,12,17,10,28,50,54,66,83,96,120,137,126,123,95,77,63,54,53,25,16,12
0,7,7,7,12,14,11,7,50,59,67,80,91,111,126,139,136,123,97,80,67,58,55,31,14,12
11,10,10,10,15,18,50,35,52,62,72,89,99,115,131,180,130,116,98,83,68,59,55,30,25,14
9,0,6,10,14,43,27,50,52,62,76,92,115,122,140,140,118,111,92,78,65,57,54,36,26,12
9,0,0,9,12,11,53,50,56,67,79,100,114,113,134,138,110,96,89,71,61,56,53,45,22,25
9,10,6,9,10,35,45,40,62,70,90,106,111,122,129,122,99,86,73,71,59,55,54,43,19,15
7,0,7,8,21,50,51,51,63,69,89,100,105,119,122,114,95,86,71,64,62,60,55,53,32,22
7,8,9,10,19,50,52,50,58,69,84,96,104,110,102,103,84,73,63,60,54,46,32,14,6,11
0,9,14,10,20,34,47,28,51,66,85,101,105,101,98,104,75,66,57,52,45,41,36,28,21,10
0,0,8,7,11,27,36,30,53,65,82,88,92,91,96,88,75,65,58,54,52,50,31,14,11,12
6,0,6,0,12,12,12,10,53,64,76,85,84,86,87,73,66,62,56,53,51,50,27,9,10,10
0,0,6,0,8,10,12,6,51,61,70,78,77,84,76,68,61,57,55,52,50,43,21,8,9,8
0,0,0,0,6,7,10,7,26,56,65,73,74,74,65,62,57,52,48,33,29,27,14,9,0,0
0,0,0,0,0,7,8,0,14,55,63,70,73,67,61,60,54,51,11,17,14,14,11,7,0,0
0,0,0,0,0,6,0,0,30,58,67,72,71,62,61,59,55,51,36,11,9,10,13,0,0,0
0,0,0,0,0,0,8,0,19,56,81,80,69,61,60,59,55,51,40,0,9,13,14,9,5,0
0,0,0,0,0,0,6,0,11,58,76,80,69,62,59,58,54,35,15,12,0,0,12,5,0,0
0,0,0,0,0,5,7,0,11,56,78,78,68,63,56,54,40,25,18,14,0,0,0,0,0,0
0,0,0,0,0,0,0,0,12,52,77,80,73,64,57,52,35,41,28,25,10,0,0,0,0,0
0,0,0,0,6,7,6,0,12,61,80,80,69,64,58,55,10,42,19,14,10,6,7,0,0,0
0,0,0,0,0,0,7,6,12,60,78,81,67,62,58,55,27,30,13,14,11,10,6,0,0,0
0,0,0,0,0,0,8,6,11,55,71,73,63,58,56,52,15,14,8,14,10,7,8,0,0,0
0,0,0,0,0,0,0,6,7,50,62,63,58,55,47,50,23,14,7,10,9,8,7,0,0,0
0,6,5,0,5,0,0,0,6,27,57,60,55,52,48,50,38,13,10,7,7,10,8,6,0,0
0,0,6,0,0,5,0,0,5,18,56,59,55,44,44,41,23,15,8,7,5,7,6,7,5,0
0,0,0,5,0,7,6,5,7,17,54,58,53,43,32,50,31,27,11,8,7,7,8,0,7,0
14,24,50,63,104,109,96,75,79,97,100,85,101,98,124,127,106,88,70,62,59,60,68,50,16,31
11,14,47,58,78,92,90,77,80,82,73,79,104,114,139,138,110,89,69,64,56,54,54,34,23,21
6,13,29,53,66,78,71,73,61,59,64,78,106,141,140,130,110,95,75,64,57,55,53,42,29,25
9,5,10,20,54,71,63,54,66,58,67,78,101,135,139,136,117,98,76,61,55,53,51,33,23,20
8,0,0,13,14,16,72,69,61,53,65,75,88,126,151,137,112,103,71,61,55,53,50,27,14,17
0,0,0,0,0,15,51,51,47,7,52,57,78,108,127,123,108,94,68,58,51,47,23,12,8,16
0,0,0,0,0,13,10,13,22,10,30,70,79,100,115,113,103,87,78,57,47,30,19,10,8,7
0,0,0,0,9,12,6,10,14,43,54,75,82,103,113,115,102,93,77,59,50,27,17,10,8,0
0,0,0,0,12,15,10,11,14,46,65,79,92,108,112,115,107,107,85,64,52,40,23,10,10,0
0,0,0,0,10,12,12,10,10,36,67,86,100,106,110,112,111,107,94,75,54,34,28,12,10,9
0,0,0,0,8,9,9,7,12,28,61,79,92,98,99,103,109,106,90,71,42,14,12,7,7,0
0,0,0,0,6,9,10,0,13,51,56,68,77,83,94,117,110,99,91,70,64,56,52,23,11,10
0,0,0,0,10,13,14,12,13,13,55,59,67,78,94,121,126,101,90,70,59,52,50,13,8,7
0,0,0,0,0,0,0,0,12,26,51,54,60,75,95,102,102,88,79,64,52,12,12,7,0,0
0,0,0,0,0,12,16,10,26,50,54,66,82,97,120,137,127,122,95,77,64,53,52,25,18,12
0,7,7,7,12,14,10,7,47,59,67,80,91,112,128,139,136,123,98,79,67,58,55,36,14,12
11,10,10,10,14,18,50,35,52,62,72,89,99,115,131,181,130,116,98,83,68,58,55,35,25,14
9,0,6,10,14,43,27,50,51,63,76,92,115,122,141,141,119,111,91,78,65,57,54,36,25,12
9,0,0,9,11,11,53,50,56,67,79,100,114,114,135,138,109,96,89,70,61,56,52,45,22,23
9,10,7,9,10,39,47,40,61,70,90,105,111,122,129,123,99,86,73,71,59,55,54,43,19,17
7,0,7,8,20,48,51,51,63,68,88,100,105,120,122,114,95,86,72,64,61,60,55,53,33,19
7,7,10,10,17,50,52,50,58,69,83,96,103,110,103,104,83,73,63,60,53,44,28,14,6,11
0,9,14,10,20,34,47,28,51,65,84,101,105,102,98,104,76,66,56,52,45,41,36,28,22,10
0,0,8,8,11,28,36,29,53,65,81,87,92,92,96,88,75,64,58,54,52,50,31,14,11,12
6,0,6,0,12,13,12,10,52,63,76,85,84,86,87,74,66,62,57,53,51,50,27,9,10,10
0,0,7,0,8,10,12,7,51,60,70,78,77,85,77,68,61,58,55,52,50,43,23,8,8,8
0,0,0,0,6,7,10,7,25,55,65,73,74,75,65,62,57,52,44,33,27,25,13,9,0,0
0,0,0,0,0,7,9,0,14,55,63,71,73,67,62,60,55,52,12,17,14,13,11,8,0,0
0,0,0,0,0,6,0,0,30,58,67,72,71,63,61,59,56,51,34,11,9,10,13,0,0,0
0,0,0,0,0,0,8,0,17,56,81,80,69,62,60,59,55,51,40,0,10,13,14,9,5,0
0,0,0,0,0,0,6,0,11,58,76,80,69,62,59,58,53,35,15,12,0,0,12,5,0,0
0,0,0,0,0,6,6,0,11,56,78,78,68,63,57,54,41,25,18,14,0,0,0,0,0,0
0,0,0,0,0,0,0,0,12,52,77,80,74,65,57,53,37,41,26,27,10,0,0,0,0,0
0,0,0,0,6,7,5,0,11,61,80,79,69,65,58,55,10,45,14,15,10,6,7,0,0,0
0,0,0,0,0,0,7,0,12,60,78,81,67,62,59,55,30,27,13,14,11,10,6,0,0,0
0,0,0,0,0,0,8,7,11,55,71,74,62,59,56,52,17,14,8,14,10,7,9,0,0,0
0,0,0,0,0,0,0,6,7,50,62,63,58,55,47,50,25,14,7,10,9,7,7,0,0,0
0,5,5,0,5,0,0,0,6,27,57,60,55,53,50,50,41,13,10,7,7,9,7,6,0,0
0,0,6,0,0,5,0,0,5,18,56,59,55,44,45,42,25,17,8,7,6,6,6,7,5,0
0,0,0,5,0,7,6,6,7,19,54,58,53,47,33,50,29,27,11,8,7,7,8,0,7,0
14,23,48,62,102,108,96,74,80,97,100,85,101,98,124,127,105,88,70,62,59,60,68,50,15,33
11,14,47,57,77,91,90,76,80,82,74,78,104,114,138,138,110,90,69,63,55,54,54,34,25,21
7,13,30,53,65,78,71,74,61,59,64,77,106,142,140,130,109,95,75,64,56,54,53,45,29,27
9,5,10,22,55,71,63,54,65,58,66,78,102,135,139,136,117,98,76,61,55,53,51,35,23,18
8,0,0,13,14,15,73,69,61,53,65,75,89,127,151,137,112,103,71,61,55,53,50,27,14,14
0,0,0,0,0,14,52,51,47,7,52,57,78,109,127,124,108,94,68,58,51,47,23,13,8,16
0,0,0,0,0,12,10,12,22,10,30,70,80,100,115,114,103,87,79,56,45,33,17,10,8,7
0,0,0,0,9,12,7,9,14,46,54,75,82,103,113,114,101,93,77,59,50,30,15,10,8,0
0,0,0,0,12,15,10,11,14,46,65,79,93,109,112,115,107,107,86,64,52,37,21,10,9,0
0,0,0,0,10,12,12,10,10,38,68,87,100,106,111,112,111,107,95,75,53,34,25,12,10,9
0,0,0,0,8,9,9,7,11,28,61,79,92,99,99,103,109,106,90,71,40,14,12,7,7,0
0,0,0,0,6,8,10,0,13,51,55,69,78,83,94,117,110,99,91,70,64,56,52,25,11,10
0,0,0,0,10,13,13,12,13,14,55,59,67,78,94,121,126,101,90,70,58,52,50,13,9,7
0,0,0,0,0,0,0,0,11,26,51,54,61,75,95,102,102,88,79,64,51,11,11,7,0,0
0,0,0,0,0,12,16,11,23,50,54,66,82,97,120,137,127,123,95,77,64,52,52,25,19,11
0,7,7,8,12,16,11,7,47,60,67,81,91,112,128,139,136,122,98,80,67,57,55,38,14,12
11,10,10,10,14,20,50,32,52,62,72,89,99,115,131,182,130,116,98,83,67,58,54,40,25,14
10,0,6,10,14,45,25,50,51,63,76,92,115,122,141,142,118,112,91,78,65,57,54,34,28,12
9,0,0,10,11,11,53,50,56,67,79,100,114,115,135,138,109,97,89,71,61,56,52,43,25,23
9,10,6,9,11,39,50,43,61,70,90,106,112,122,129,123,99,86,73,71,59,55,54,39,19,17
7,0,6,8,20,48,51,50,63,69,88,100,106,120,122,115,95,86,71,64,61,60,55,52,33,16
7,8,10,10,19,50,52,51,57,69,83,96,104,110,103,103,83,73,63,60,53,44,26,14,6,11
0,9,14,10,21,34,47,28,51,65,85,101,105,102,98,104,75,67,56,51,44,40,35,28,22,10
0,0,8,8,11,27,36,30,53,65,81,87,92,91,96,88,75,65,58,54,52,50,30,14,12,13
6,0,7,0,12,12,12,10,51,64,76,84,84,86,87,74,66,62,56,53,51,50,27,9,10,10
0,0,7,0,8,10,12,7,51,61,70,79,77,85,77,68,61,58,55,52,50,43,21,8,8,8
0,0,0,0,6,7,10,7,25,55,66,72,75,75,65,62,57,52,42,33,23,23,13,9,0,0
0,0,0,0,0,7,9,0,14,55,63,71,73,68,62,60,55,52,12,15,14,13,11,8,0,0
0,0,0,0,0,6,0,0,32,58,67,72,71,63,61,59,56,52,36,11,9,10,12,0,0,0
0,0,0,0,0,0,8,0,17,56,81,80,69,62,60,60,55,51,40,0,9,13,14,10,0,0
0,0,0,0,0,0,6,0,11,58,76,80,69,63,59,58,53,35,17,12,0,0,12,6,0,0
0,0,0,0,0,5,6,0,10,56,78,78,68,63,57,55,41,26,18,14,0,0,0,0,0,0
0,0,0,0,0,0,0,0,13,53,77,80,74,65,57,53,37,41,27,26,10,0,0,0,0,0
0,0,0,0,6,7,0,0,11,61,80,80,69,65,58,55,10,47,14,15,10,6,7,0,0,0
0,0,0,0,0,0,7,0,12,60,78,81,67,62,59,55,27,30,13,14,10,9,6,0,0,0
0,0,0,0,0,6,9,6,11,55,71,74,63,59,56,52,19,15,8,13,9,7,8,0,0,0
0,0,0,0,0,0,0,6,0,50,62,63,58,55,45,47,25,14,7,10,9,7,7,0,0,0
0,5,5,0,5,0,0,0,6,28,57,60,55,53,48,50,44,13,10,7,7,9,7,5,0,0
0,0,6,0,0,5,0,0,6,20,56,59,55,45,45,44,23,17,8,7,5,7,6,6,5,0
0,0,0,5,0,7,6,6,6,20,54,57,53,47,35,51,29,27,11,8,6,7,8,0,7,0
