12,23,51,68,89,101,113,118,113,121,121,117,127,108,115,104,82,85,83,70,64,62,64,54,50,27
12,9,42,55,74,102,119,126,118,95,92,101,140,116,124,95,72,72,72,66,63,61,62,51,21,23
10,11,29,55,71,94,114,117,87,71,88,104,134,118,112,87,67,69,68,68,66,59,55,50,34,25
0,13,32,55,70,89,91,83,94,86,72,82,111,102,107,95,77,77,74,70,59,53,50,19,16,13
0,10,50,57,67,73,105,108,110,100,76,73,73,95,115,103,89,84,77,65,58,54,50,21,13,14
8,0,8,57,69,94,119,114,107,98,74,59,67,80,105,118,86,85,67,60,56,52,25,13,12,21
0,0,21,53,65,102,118,118,113,102,73,66,74,75,103,91,79,68,58,53,32,14,14,11,9,8
0,0,47,57,75,105,118,119,116,102,69,72,77,92,97,88,71,70,58,51,52,50,13,10,11,0
0,0,47,66,87,109,120,119,110,102,75,75,84,94,95,89,78,72,65,55,54,53,44,0,11,9
0,0,51,57,95,104,111,106,99,79,70,74,82,88,91,82,68,69,64,59,55,51,46,17,14,12
0,14,50,60,83,93,103,92,83,71,64,68,77,85,85,79,75,79,74,73,70,61,53,38,20,9
7,40,60,79,89,95,101,90,81,70,71,82,88,93,96,102,93,97,92,92,94,84,74,62,58,53
0,33,61,72,89,91,93,88,80,82,85,89,93,99,102,99,94,99,98,97,95,83,72,59,50,14
10,27,60,77,83,95,105,105,110,117,115,106,112,103,108,105,95,97,89,95,97,84,68,55,48,39
15,53,70,86,98,117,142,148,142,138,124,119,123,120,129,130,123,106,107,121,111,99,77,62,56,51
47,56,76,94,112,124,146,153,156,148,139,133,125,125,126,122,107,100,123,129,117,94,73,62,59,56
25,53,65,82,96,118,138,141,140,131,121,118,116,113,114,105,93,100,120,119,102,83,67,58,57,51
18,50,59,75,83,97,124,129,131,111,109,103,110,100,100,96,87,98,109,102,87,69,61,55,51,41
12,10,55,64,75,90,109,114,117,102,98,93,97,97,93,90,81,90,96,89,76,61,54,50,50,13
11,13,52,58,69,80,92,96,96,91,94,83,85,100,97,84,81,86,91,80,66,58,53,39,37,30
13,11,36,53,58,67,77,82,78,76,77,74,73,79,94,77,82,93,88,71,63,58,52,28,15,22
7,9,19,43,52,57,67,66,65,65,66,66,72,75,84,81,76,87,77,61,53,44,38,13,10,11
8,11,20,31,35,50,59,55,57,57,55,61,67,65,71,94,72,81,61,52,41,35,33,21,21,10
0,0,11,23,33,51,53,53,59,58,58,59,70,68,70,71,82,76,57,52,28,20,15,13,13,11
0,0,12,12,13,40,56,54,55,55,56,57,59,63,67,71,72,73,51,38,29,13,12,12,11,7
0,0,8,8,13,51,52,52,53,54,53,56,58,64,66,71,66,62,46,29,17,14,11,10,8,6
0,0,0,6,15,18,53,51,45,48,50,52,55,70,70,66,61,55,21,23,17,12,10,8,0,0
0,6,0,7,10,23,52,45,50,50,41,51,55,65,87,71,61,53,28,21,14,12,11,8,0,0
0,0,0,9,0,37,23,30,38,50,40,50,54,60,92,72,61,40,7,13,12,0,0,0,0,0
0,0,0,7,0,23,45,50,15,51,45,50,52,58,98,74,58,45,9,12,13,10,10,0,0,0
0,0,0,5,11,23,51,31,34,25,25,40,50,56,88,71,59,27,10,10,8,0,6,0,0,0
0,0,0,0,10,14,38,37,20,21,13,25,35,52,64,73,54,27,18,13,0,0,0,0,0,0
0,0,0,0,9,10,13,25,16,21,14,14,17,40,50,50,33,33,12,6,8,0,0,0,0,0
0,0,0,0,8,12,23,25,27,14,12,10,17,30,51,50,11,21,12,7,0,0,0,0,0,0
0,0,0,0,7,11,14,27,14,12,7,0,14,15,50,22,10,14,10,0,0,0,0,0,0,0
0,0,0,6,0,10,17,15,14,13,0,0,9,14,35,14,7,12,12,0,0,0,0,0,0,0
0,0,0,0,0,10,14,17,13,10,8,0,6,14,29,17,10,14,11,0,0,0,0,0,0,0
0,0,0,0,6,10,12,10,9,10,0,0,10,12,14,12,8,12,0,0,0,0,0,0,0,0
0,0,9,0,0,8,0,0,8,7,0,0,8,12,13,13,7,11,9,4,0,0,0,0,0,0
0,0,0,6,0,9,8,6,0,6,0,0,12,12,14,9,9,10,11,7,0,0,0,0,4,0
12,22,50,68,88,102,113,117,112,121,121,118,127,108,115,104,82,85,82,70,64,62,64,54,50,23
12,9,42,55,74,102,119,126,118,94,93,102,140,116,123,94,73,71,71,66,63,62,62,51,21,17
11,12,29,55,70,94,114,116,87,71,88,104,134,118,112,87,68,69,68,68,66,59,54,50,34,20
0,13,30,55,71,89,91,83,94,86,71,84,111,103,107,95,77,77,74,69,59,53,45,21,16,12
0,10,51,57,68,74,106,107,109,99,76,73,73,95,115,103,89,83,77,64,57,54,46,23,14,13
8,0,8,57,69,94,119,114,106,99,73,58,67,80,106,117,86,85,66,61,56,52,25,13,12,18
0,0,19,52,65,101,119,117,113,101,73,67,73,75,102,92,79,68,57,52,32,14,14,11,8,6
0,0,47,56,75,105,120,119,115,102,69,72,76,90,98,87,71,70,58,51,53,50,13,10,10,0
0,0,50,66,86,109,120,119,109,102,74,75,83,94,94,89,78,69,64,55,54,53,41,0,10,8
0,0,50,59,95,104,111,106,98,78,69,75,81,88,91,81,68,69,63,58,55,51,43,20,14,11
0,13,50,60,83,95,103,92,82,70,63,68,76,85,86,78,75,80,73,72,70,61,53,36,15,8
8,42,60,78,88,96,101,89,81,70,71,83,88,93,96,102,93,97,91,91,94,84,74,62,57,52
0,32,61,72,89,92,93,88,79,81,85,89,93,99,103,100,95,99,98,97,95,83,73,59,50,13
10,26,60,77,83,96,105,104,109,115,114,106,112,102,108,105,95,96,88,95,97,84,68,56,48,30
16,53,69,85,98,117,142,147,141,138,124,119,123,120,129,129,123,107,107,120,111,99,76,62,57,50
50,57,75,93,112,125,146,153,155,148,139,133,125,124,126,121,107,99,121,128,117,94,72,63,59,55
28,53,64,82,96,118,138,142,138,132,120,117,115,113,113,104,93,100,118,118,102,83,66,59,56,51
21,50,59,75,82,98,124,130,130,112,108,103,110,100,98,95,87,97,108,101,87,69,61,55,52,38
12,11,55,65,75,90,108,114,116,101,98,93,96,96,93,89,81,90,96,88,75,62,54,50,50,13
11,14,52,58,69,80,92,96,96,91,93,84,85,99,97,84,82,86,91,80,66,58,53,41,39,26
13,11,36,53,58,67,76,81,78,76,77,74,73,78,94,77,82,92,88,71,63,58,52,28,15,19
7,9,16,43,52,58,66,66,64,64,66,66,71,75,84,81,76,88,77,62,53,48,34,13,10,11
8,12,20,30,35,50,59,56,57,57,56,61,67,64,70,93,73,81,61,51,40,35,33,21,20,8
0,0,12,20,29,51,53,53,58,57,58,59,70,67,71,71,81,75,57,52,26,20,15,13,13,10
0,0,12,12,13,38,57,54,55,55,56,58,59,63,67,71,72,73,50,38,34,13,12,12,11,6
0,0,8,9,12,51,52,52,52,55,53,56,58,64,67,70,66,63,46,27,21,14,11,10,8,0
0,0,5,6,14,20,53,51,43,48,50,53,55,70,70,65,61,55,17,21,17,12,10,8,0,0
0,6,0,7,10,23,52,41,50,50,39,52,55,65,87,71,62,53,28,17,14,12,11,8,0,0
0,0,0,9,0,39,25,28,36,50,47,50,54,60,91,72,61,47,7,13,12,0,0,0,0,0
0,0,0,8,0,27,50,50,14,51,45,51,51,58,98,74,58,50,10,11,12,10,10,0,0,0
0,0,0,5,11,25,51,31,34,21,29,42,50,56,88,71,59,30,10,10,8,0,0,0,0,0
0,0,0,0,10,14,35,35,18,20,13,27,35,53,64,73,54,27,16,12,0,0,7,0,0,0
0,0,0,0,9,11,13,23,15,21,14,14,17,40,50,51,34,35,12,5,8,0,0,0,0,0
0,0,0,0,8,12,21,21,22,13,12,10,20,30,50,50,12,23,11,7,0,0,0,0,0,0
0,0,0,0,7,11,15,22,13,12,8,0,14,15,50,20,10,14,10,0,0,0,0,0,0,0
0,0,0,6,0,11,17,17,13,13,0,7,9,16,30,13,7,12,11,0,0,0,0,0,0,0
0,0,0,0,0,10,14,15,13,10,7,0,6,14,31,15,10,14,11,0,0,0,0,0,0,0
0,0,0,0,6,10,12,10,8,10,0,0,10,12,14,11,8,12,0,0,0,0,0,0,0,0
0,0,8,0,0,8,0,0,7,7,0,0,8,12,14,13,7,12,8,0,0,0,0,0,0,0
0,0,0,6,0,9,9,6,0,6,0,0,12,12,15,9,10,10,11,7,0,0,0,0,4,0
12,22,50,68,88,102,113,117,112,121,121,118,127,108,115,104,82,85,82,70,64,62,64,54,50,23
12,9,42,55,74,102,119,126,118,94,93,102,140,116,123,94,73,71,71,66,63,62,62,51,21,17
11,12,29,55,70,94,114,116,87,71,88,104,134,118,112,87,68,69,68,68,66,59,54,50,34,20
0,13,30,55,71,89,91,83,94,86,71,84,111,103,107,95,77,77,74,69,59,53,45,21,16,12
0,10,51,57,68,74,106,107,109,99,76,73,73,95,115,103,89,83,77,64,57,54,46,23,14,13
8,0,8,57,69,94,119,114,106,99,73,58,67,80,106,117,86,85,66,61,56,52,25,13,12,18
0,0,19,52,65,101,119,117,113,101,73,67,73,75,102,92,79,68,57,52,32,14,14,11,8,6
0,0,47,56,75,105,120,119,115,102,69,72,76,90,98,87,71,70,58,51,53,50,13,10,10,0
0,0,50,66,86,109,120,119,109,102,74,75,83,94,94,89,78,69,64,55,54,53,41,0,10,8
0,0,50,59,95,104,111,106,98,78,69,75,81,88,91,81,68,69,63,58,55,51,43,20,14,11
0,13,50,60,83,95,103,92,82,70,63,68,76,85,86,78,75,80,73,72,70,61,53,36,15,8
8,42,60,78,88,96,101,89,81,70,71,83,88,93,96,102,93,97,91,91,94,84,74,62,57,52
0,32,61,72,89,92,93,88,79,81,85,89,93,99,103,100,95,99,98,97,95,83,73,59,50,13
10,26,60,77,83,96,105,104,109,115,114,106,112,102,108,105,95,96,88,95,97,84,68,56,48,30
16,53,69,85,98,117,142,147,141,138,124,119,123,120,129,129,123,107,107,120,111,99,76,62,57,50
50,57,75,93,112,125,146,153,155,148,139,133,125,124,126,121,107,99,121,128,117,94,72,63,59,55
28,53,64,82,96,118,138,142,138,132,120,117,115,113,113,104,93,100,118,118,102,83,66,59,56,51
21,50,59,75,82,98,124,130,130,112,108,103,110,100,98,95,87,97,108,101,87,69,61,55,52,38
12,11,55,65,75,90,108,114,116,101,98,93,96,96,93,89,81,90,96,88,75,62,54,50,50,13
11,14,52,58,69,80,92,96,96,91,93,84,85,99,97,84,82,86,91,80,66,58,53,41,39,26
13,11,36,53,58,67,76,81,78,76,77,74,73,78,94,77,82,92,88,71,63,58,52,28,15,19
7,9,16,43,52,58,66,66,64,64,66,66,71,75,84,81,76,88,77,62,53,48,34,13,10,11
8,12,20,30,35,50,59,56,57,57,56,61,67,64,70,93,73,81,61,51,40,35,33,21,20,8
0,0,12,20,29,51,53,53,58,57,58,59,70,67,71,71,81,75,57,52,26,20,15,13,13,10
0,0,12,12,13,38,57,54,55,55,56,58,59,63,67,71,72,73,50,38,34,13,12,12,11,6
0,0,8,9,12,51,52,52,52,55,53,56,58,64,67,70,66,63,46,27,21,14,11,10,8,0
0,0,5,6,14,20,53,51,43,48,50,53,55,70,70,65,61,55,17,21,17,12,10,8,0,0
0,6,0,7,10,23,52,41,50,50,39,52,55,65,87,71,62,53,28,17,14,12,11,8,0,0
0,0,0,9,0,39,25,28,36,50,47,50,54,60,91,72,61,47,7,13,12,0,0,0,0,0
0,0,0,8,0,27,50,50,14,51,45,51,51,58,98,74,58,50,10,11,12,10,10,0,0,0
0,0,0,5,11,25,51,31,34,21,29,42,50,56,88,71,59,30,10,10,8,0,0,0,0,0
0,0,0,0,10,14,35,35,18,20,13,27,35,53,64,73,54,27,16,12,0,0,7,0,0,0
0,0,0,0,9,11,13,23,15,21,14,14,17,40,50,51,34,35,12,5,8,0,0,0,0,0
0,0,0,0,8,12,21,21,22,13,12,10,20,30,50,50,12,23,11,7,0,0,0,0,0,0
0,0,0,0,7,11,15,22,13,12,8,0,14,15,50,20,10,14,10,0,0,0,0,0,0,0
0,0,0,6,0,11,17,17,13,13,0,7,9,16,30,13,7,12,11,0,0,0,0,0,0,0
0,0,0,0,0,10,14,15,13,10,7,0,6,14,31,15,10,14,11,0,0,0,0,0,0,0
0,0,0,0,6,10,12,10,8,10,0,0,10,12,14,11,8,12,0,0,0,0,0,0,0,0
0,0,8,0,0,8,0,0,7,7,0,0,8,12,14,13,7,12,8,0,0,0,0,0,0,0
0,0,0,6,0,9,9,6,0,6,0,0,12,12,15,9,10,10,11,7,0,0,0,0,4,0
12,22,50,67,87,102,113,117,113,120,122,119,127,108,115,103,81,84,81,70,63,62,63,54,50,20
13,8,41,55,73,102,119,127,118,94,92,102,140,116,123,94,72,71,71,66,63,61,61,51,18,27
11,11,29,55,71,94,115,117,86,71,88,104,135,119,110,87,69,69,68,67,66,59,53,50,27,16
5,13,31,55,71,89,91,83,95,86,71,83,111,102,105,95,76,77,75,69,59,54,43,23,15,12
0,10,51,57,68,75,105,107,109,100,76,72,73,95,115,103,89,84,76,64,57,54,41,21,13,13
8,0,8,57,69,96,119,114,106,98,73,58,66,79,105,117,86,85,65,60,56,53,21,13,13,15
0,0,17,53,64,102,119,117,113,100,73,66,72,75,102,92,79,69,57,52,35,14,13,11,8,0
0,0,45,56,75,106,119,119,116,102,68,72,76,90,97,88,69,68,58,50,53,50,12,11,10,0
0,0,47,66,86,108,119,119,111,102,73,74,81,94,93,88,76,68,64,55,53,53,38,0,10,8
0,0,47,59,92,104,111,106,99,78,68,74,81,88,90,81,68,69,63,57,55,50,40,20,13,11
0,13,51,60,83,94,103,92,81,70,63,67,75,85,86,78,74,80,72,72,71,61,53,33,15,8
8,40,60,78,89,96,100,89,82,70,71,83,88,93,96,102,92,97,92,90,95,85,74,62,58,52
0,35,61,71,88,92,92,88,80,81,85,89,93,100,103,99,95,99,97,97,95,82,73,58,50,13
10,26,60,77,84,96,104,105,110,114,114,106,110,101,107,106,95,96,88,95,98,84,68,57,50,33
14,54,69,85,98,117,142,147,142,138,124,118,124,119,129,127,121,106,107,119,111,99,75,62,56,50
45,56,75,92,113,124,146,151,155,147,139,134,125,124,126,119,107,99,121,128,117,94,72,63,60,55
25,53,64,82,96,118,137,141,140,131,119,117,116,113,112,105,92,100,118,117,102,83,66,58,56,50
21,50,58,74,82,97,123,129,131,112,108,103,110,101,98,95,87,97,108,101,88,69,61,57,52,36
12,11,55,64,75,91,107,113,117,101,98,94,96,96,92,88,81,90,96,88,76,62,53,50,50,12
11,14,51,57,69,79,92,96,96,90,93,84,84,98,97,84,81,86,91,79,67,58,52,41,39,22
13,12,35,53,58,67,76,81,78,76,77,73,73,78,93,76,81,92,87,72,63,58,51,28,14,20
6,9,16,43,52,58,66,66,65,64,65,66,71,75,84,80,75,88,76,61,53,46,28,14,10,11
8,12,20,29,35,50,59,56,58,57,56,61,66,64,70,92,73,81,61,50,40,35,31,21,19,8
0,0,11,23,29,51,53,53,59,57,58,59,69,67,71,71,81,76,57,52,26,18,14,14,12,10
0,0,12,12,13,38,57,54,55,55,56,58,59,63,67,71,71,73,50,36,31,13,12,12,10,6
0,0,7,9,12,51,52,52,53,54,53,56,57,64,66,70,66,63,46,27,23,14,11,10,7,0
0,0,6,6,14,18,53,50,45,46,50,53,55,70,69,65,60,55,14,21,21,12,9,8,0,0
0,6,0,7,10,21,52,40,50,47,41,51,55,65,86,71,61,52,28,17,14,13,11,8,0,0
0,0,0,9,0,39,23,30,42,50,50,50,53,60,91,71,61,50,6,12,12,0,0,0,0,0
0,0,0,8,0,29,50,45,14,50,47,50,51,58,97,74,58,50,9,11,12,10,9,0,0,0
0,0,0,5,10,20,50,31,40,23,31,40,50,56,88,72,59,32,10,10,8,0,0,0,0,0
0,0,0,0,10,14,33,35,20,21,14,27,33,53,64,73,55,26,17,12,0,0,0,0,0,0
0,0,0,0,8,11,13,23,17,21,13,14,19,40,50,50,34,35,11,6,8,0,0,0,0,0
0,0,0,0,7,11,21,23,25,13,12,11,20,27,50,45,12,21,11,7,0,0,0,0,0,0
0,0,0,0,7,12,17,20,14,12,8,0,14,15,50,17,11,14,10,0,0,0,0,0,0,0
0,0,0,5,0,11,14,17,14,12,0,7,10,15,30,13,7,12,12,0,0,0,0,0,0,0
0,0,0,0,0,10,13,14,13,9,7,0,6,14,25,15,10,13,10,0,0,0,0,0,0,0
0,0,0,0,5,10,12,10,9,9,0,0,10,12,14,11,8,12,0,0,0,0,0,0,0,0
0,0,8,0,0,8,0,0,8,7,0,0,9,12,14,13,7,12,8,0,0,0,0,0,0,0
0,0,0,6,0,9,8,6,0,6,0,0,12,12,14,9,10,10,11,7,0,0,0,0,5,0
12,22,51,66,86,102,113,117,113,120,121,119,127,108,114,102,82,84,81,69,63,62,63,54,50,22
13,8,38,55,74,102,120,128,119,95,92,102,141,116,123,94,72,72,71,65,62,61,61,51,18,31
11,11,29,56,71,95,115,118,86,71,88,104,135,119,110,87,68,69,68,67,65,59,54,50,27,21
5,13,31,55,71,89,91,83,95,86,71,82,110,102,105,94,76,76,75,69,59,54,43,23,14,13
0,10,51,57,68,74,106,108,110,100,75,72,72,95,115,101,89,84,76,64,58,54,42,23,13,13
8,0,8,57,69,96,119,114,106,98,74,58,67,79,104,117,86,85,66,60,56,53,21,13,13,14
0,0,19,53,64,102,118,118,113,100,72,65,73,75,102,92,79,69,57,52,37,14,13,11,8,0
0,0,42,56,75,106,119,119,116,102,67,71,75,89,95,87,69,68,58,50,53,50,13,11,9,0
0,0,50,67,87,108,119,119,111,102,74,73,81,93,92,88,76,69,63,55,53,52,38,0,10,8
0,0,50,59,92,103,111,106,99,78,68,73,80,87,89,79,68,67,63,56,54,50,43,17,13,11
7,13,50,59,83,94,103,92,81,70,63,66,75,85,85,78,75,80,72,72,71,61,53,36,15,9
8,36,60,78,89,95,100,89,82,70,71,83,88,92,96,102,92,97,91,90,95,85,74,62,57,52
0,32,61,71,88,92,92,88,80,81,85,88,93,99,103,99,95,99,97,96,94,82,73,59,50,14
10,25,60,77,84,95,104,105,111,114,115,106,110,102,108,105,95,95,87,94,97,83,69,56,50,35
14,53,70,85,98,117,142,148,142,138,124,118,123,119,129,127,121,105,107,119,110,99,75,62,56,50
43,56,75,92,112,124,146,151,156,147,138,133,125,123,125,119,107,98,121,128,117,94,73,62,59,56
25,53,65,82,96,117,136,141,139,131,118,117,115,113,112,104,92,100,118,117,102,84,66,58,56,50
21,50,58,74,82,97,123,129,130,112,108,103,110,101,98,94,87,97,108,102,88,69,61,57,52,38
13,10,55,64,75,91,106,113,116,101,97,93,96,95,92,88,81,90,96,88,75,61,53,51,50,12
11,14,51,57,69,79,91,95,96,90,93,83,84,98,96,83,81,86,91,79,67,57,53,41,35,23
13,12,33,53,58,66,76,81,78,76,77,73,73,78,93,76,81,92,87,72,63,58,52,28,15,19
7,9,17,41,51,57,66,66,65,64,65,65,71,75,83,80,75,87,76,60,54,46,30,13,10,11
8,12,20,29,35,50,59,55,58,57,56,61,66,64,70,92,72,81,61,50,40,35,32,21,18,9
0,0,11,26,29,51,53,53,59,57,57,59,69,67,70,70,81,75,57,52,23,16,14,14,12,10
0,0,12,12,13,40,56,54,55,55,56,57,59,63,67,71,71,74,50,34,31,13,12,12,10,6
0,0,8,9,12,51,52,52,53,54,53,55,57,64,66,70,66,63,44,27,21,14,11,10,7,0
0,0,6,6,14,16,53,50,46,48,50,53,55,70,69,65,60,54,14,23,21,12,10,8,0,0
0,6,0,7,9,19,52,40,51,50,43,51,55,65,86,71,61,52,32,17,14,13,11,8,0,0
0,0,0,9,0,37,25,32,44,50,47,50,53,60,90,72,61,47,7,12,12,0,0,0,0,0
0,0,0,8,0,27,47,47,15,50,47,50,51,58,97,74,58,50,9,12,12,10,9,0,0,0
0,0,0,6,10,20,50,31,43,25,31,37,50,56,88,72,59,32,10,10,8,0,0,0,0,0
0,0,0,0,10,14,35,35,18,23,14,26,33,53,64,73,55,27,18,12,0,0,0,0,0,0
0,0,0,0,8,10,13,23,19,21,13,14,19,39,50,50,34,35,12,6,8,0,0,0,0,0
0,0,0,0,7,11,21,21,25,14,12,10,17,25,50,47,11,21,12,7,0,0,0,0,0,0
0,0,0,0,7,11,17,22,14,12,8,0,14,15,50,17,11,14,10,0,0,0,0,0,0,0
0,0,0,5,0,11,14,17,14,12,0,6,10,15,30,13,7,12,12,0,0,0,0,0,0,0
0,0,0,0,0,10,13,14,13,10,7,0,6,14,25,14,10,13,9,0,0,0,0,0,0,0
0,0,0,0,5,10,12,10,9,10,0,0,10,13,14,11,8,12,0,0,0,0,0,0,0,0
0,0,8,0,0,8,0,0,7,7,0,0,9,12,14,13,7,12,8,0,0,0,0,0,0,0
0,0,0,6,0,9,8,6,0,6,0,0,11,12,14,9,10,10,11,7,0,0,0,0,4,0
12,22,51,66,86,102,114,118,113,121,121,118,127,107,114,102,81,84,81,69,62,62,63,54,50,23
13,8,38,55,74,102,120,128,118,95,92,102,140,116,123,94,72,71,71,66,62,61,61,51,16,27
11,11,32,56,71,95,116,119,86,71,87,104,135,118,110,87,68,69,68,67,65,59,53,47,27,23
5,13,32,55,71,90,92,83,95,86,71,82,110,101,106,94,77,77,75,69,59,54,45,23,14,13
4,10,51,57,68,74,106,109,110,100,75,72,72,95,115,103,90,84,77,64,58,54,44,27,13,14
8,0,8,57,69,96,120,115,106,98,74,57,66,79,104,117,86,85,67,60,56,53,20,13,12,14
0,0,19,52,64,102,119,118,113,100,72,65,72,75,102,92,79,68,58,52,37,14,13,10,8,0
0,0,42,57,75,106,119,119,116,102,67,70,75,89,95,87,69,68,58,50,52,50,13,10,9,0
0,0,47,67,86,108,119,119,110,101,74,72,81,92,93,86,76,68,64,55,54,52,38,0,10,8
0,0,50,58,92,104,111,106,98,78,67,72,79,86,89,79,68,66,63,57,55,50,43,17,13,11
7,13,50,59,83,93,103,93,81,70,63,66,75,84,84,77,75,80,73,72,70,61,53,38,15,8
8,36,60,78,89,94,99,90,82,70,71,82,88,93,96,101,92,97,92,91,95,86,74,62,58,52
0,32,61,71,88,92,92,88,80,82,85,88,93,99,103,99,96,98,97,97,94,82,73,58,50,13
10,26,60,78,84,96,105,106,110,115,115,107,110,102,108,105,94,95,88,94,97,83,69,56,50,35
14,53,69,85,97,117,142,148,143,139,124,118,123,119,128,127,120,105,107,119,110,99,76,62,56,50
43,56,75,92,112,124,146,151,156,147,138,133,124,123,125,119,107,99,122,128,117,94,73,62,60,55
28,53,65,82,96,117,136,141,139,131,118,117,115,113,112,105,92,100,118,118,102,84,66,58,56,51
23,50,58,74,82,97,123,128,130,112,108,102,109,100,98,94,86,97,109,102,88,69,61,56,52,36
12,10,55,63,74,91,107,112,116,101,97,93,95,95,91,88,80,90,96,88,75,61,54,50,48,12
11,14,50,57,69,79,91,95,96,90,93,83,84,98,96,83,81,86,92,79,67,58,53,39,33,22
13,12,33,53,58,66,76,81,78,76,77,73,72,78,93,75,81,92,88,72,63,58,52,26,15,22
7,9,16,41,51,58,66,66,65,64,65,65,71,74,83,80,75,87,77,60,54,44,32,13,10,10
8,12,20,29,36,50,59,56,58,57,56,60,65,64,69,92,71,82,61,50,40,35,32,21,18,9
0,0,11,25,29,50,53,53,59,56,57,59,70,67,70,70,81,75,57,52,23,16,14,13,12,11
0,0,12,12,13,43,57,54,55,55,56,57,60,63,67,71,71,74,51,34,31,13,12,12,10,6
0,0,8,8,11,51,52,52,53,55,53,55,57,64,66,70,67,63,46,27,23,14,11,10,7,0
0,0,6,6,14,16,53,50,45,48,50,53,55,69,69,65,61,54,17,25,17,12,10,8,0,0
0,6,0,8,9,19,52,38,50,50,41,51,55,64,86,71,61,52,32,17,14,13,11,8,0,0
0,0,0,9,0,37,27,32,42,50,45,50,53,60,90,72,61,50,8,12,12,0,0,0,0,0
0,0,0,8,0,25,50,45,15,51,47,50,51,58,97,74,58,50,10,12,12,10,10,0,0,0
0,0,0,6,11,20,50,31,38,25,29,40,50,56,88,72,59,35,11,10,8,5,0,0,0,0
0,0,0,0,10,14,35,34,18,26,14,26,32,53,64,74,54,26,22,11,0,0,0,0,0,0
0,0,0,0,0,11,13,23,19,21,13,14,19,40,50,50,34,33,13,6,7,0,0,0,0,0
0,0,0,0,7,11,23,21,25,14,12,10,15,25,50,47,11,19,12,7,0,0,0,0,0,0
0,0,0,0,7,12,17,25,14,12,7,0,14,14,50,17,11,14,11,0,0,0,0,0,0,0
0,0,0,5,0,10,15,17,14,12,0,6,10,15,30,13,7,12,12,0,0,0,0,0,0,0
0,0,0,0,0,9,13,14,13,10,7,0,6,13,25,14,10,14,10,0,0,0,0,0,0,0
0,0,0,0,5,10,12,10,9,10,0,0,10,13,13,11,8,12,0,0,0,0,0,0,0,0
0,0,8,0,0,8,0,0,8,7,0,0,8,11,13,13,7,12,9,0,0,0,0,0,0,0
0,0,0,6,0,9,9,6,0,6,0,0,11,12,14,9,10,10,11,7,0,0,0,0,5,0
12,22,51,66,86,103,114,118,112,121,120,117,127,107,114,102,81,85,81,69,63,62,62,54,50,23
13,8,39,55,74,103,120,128,118,94,92,102,140,116,123,94,72,72,71,66,62,61,61,51,16,23
11,11,32,55,71,95,116,118,86,71,87,104,134,118,110,86,68,70,68,67,66,59,53,50,27,23
5,13,31,54,71,90,92,83,95,87,71,82,110,101,106,94,77,77,75,69,59,53,45,21,14,13
4,10,51,57,68,74,106,108,110,100,75,72,72,94,114,102,90,84,77,63,58,54,44,30,13,13
8,0,8,57,69,96,120,115,106,98,74,56,66,78,104,117,85,85,66,60,56,52,18,13,12,14
0,0,21,52,64,103,119,118,113,100,72,65,72,74,102,92,78,68,58,52,37,14,13,11,8,6
0,0,45,57,75,106,119,119,116,102,68,70,75,88,94,87,68,68,58,50,53,50,13,10,10,0
0,0,47,67,86,108,119,119,110,101,73,72,81,91,93,86,75,68,64,55,54,52,44,0,10,7
0,0,50,58,92,104,111,106,98,78,68,73,79,86,89,79,68,66,63,57,54,50,43,17,13,11
7,13,51,59,82,94,103,93,82,70,62,66,74,83,84,78,74,80,74,72,70,60,53,38,14,9
8,38,60,78,88,95,100,90,82,71,71,82,88,93,96,101,92,97,91,91,94,85,74,62,58,52
0,32,61,71,88,91,92,88,80,82,85,88,93,99,103,99,95,99,97,97,94,82,73,58,50,13
10,26,60,77,83,96,106,105,110,115,116,108,110,102,107,105,93,95,88,95,97,83,68,56,50,32
15,53,69,85,97,117,142,148,142,139,124,118,123,118,129,128,120,105,107,120,110,99,76,62,56,50
45,57,75,92,112,124,146,150,156,147,139,133,124,123,125,119,107,98,122,128,118,94,73,62,59,55
30,53,64,82,96,117,136,141,138,132,119,116,115,113,111,104,91,100,118,118,102,84,66,58,56,50
21,50,58,73,82,97,123,129,129,112,108,103,109,100,98,94,87,97,109,102,87,69,61,56,52,36
12,10,55,63,74,90,107,112,116,101,97,92,95,95,91,88,80,89,96,88,75,61,53,50,46,12
11,14,50,57,69,80,91,95,96,90,93,83,84,98,95,82,80,86,92,79,67,57,53,39,35,22
13,12,35,53,58,66,76,81,77,76,77,73,72,78,92,75,81,92,89,72,63,58,52,26,15,22
7,9,17,41,51,58,66,66,65,65,65,65,71,74,83,80,75,87,77,60,53,46,30,13,10,11
8,12,20,29,36,50,59,56,58,57,56,60,65,64,69,92,71,82,62,51,40,35,32,21,18,8
0,0,11,25,28,50,53,53,58,57,57,59,70,67,70,70,81,76,57,52,23,16,14,13,11,10
0,0,12,12,13,43,56,53,55,55,56,57,60,63,67,70,71,74,51,36,31,13,12,12,10,6
0,0,8,8,12,51,52,51,52,55,53,55,57,63,66,70,66,63,46,29,23,14,11,10,7,0
0,0,6,6,14,20,53,50,46,50,48,52,55,69,69,65,60,55,15,25,15,12,11,8,0,0
0,6,0,7,9,23,52,38,50,50,43,51,55,64,86,71,61,52,30,19,13,12,11,8,0,0
0,0,0,9,0,37,27,30,42,50,45,50,53,60,90,71,61,50,8,13,12,0,0,0,0,0
0,0,0,8,0,27,47,45,14,51,50,50,51,58,97,74,58,50,10,12,12,10,10,0,0,0
0,0,0,6,11,21,50,33,36,25,29,42,51,56,88,72,59,37,11,11,8,0,0,0,0,0
0,0,0,0,10,14,36,34,16,26,14,27,30,52,64,74,54,26,21,11,0,0,0,0,0,0
0,0,0,0,8,11,13,23,19,23,13,14,17,39,47,50,34,35,12,7,7,0,0,0,0,0
0,0,0,0,7,11,23,21,22,14,12,10,15,22,50,47,11,21,12,7,0,0,0,0,0,0
0,0,0,0,7,12,17,22,14,12,8,0,14,14,50,20,10,14,11,0,0,0,0,0,0,0
0,0,0,5,0,10,19,17,13,12,0,6,10,15,27,13,7,12,12,0,0,0,0,0,0,0
0,0,0,0,0,10,13,14,12,11,7,0,5,13,25,14,10,14,10,0,0,0,0,0,0,0
0,0,0,0,6,10,12,10,8,10,0,0,10,13,13,11,8,12,0,0,0,0,0,0,0,0
0,0,8,0,0,8,0,0,8,7,0,0,8,11,14,13,6,12,8,0,0,0,0,0,0,0
0,0,0,6,0,9,8,6,0,6,0,0,11,12,14,9,10,10,11,7,0,0,0,0,5,0
12,24,50,66,85,103,113,118,113,121,120,117,127,107,112,102,81,85,81,69,62,62,62,54,50,22
13,9,41,55,75,103,120,128,118,94,92,101,140,116,123,93,72,72,71,65,62,61,61,51,16,21
11,11,33,55,71,96,116,118,86,71,87,103,134,118,110,86,68,69,68,67,66,59,54,50,27,25
5,13,30,54,71,90,92,83,95,87,71,82,110,102,106,94,77,77,75,68,59,54,45,23,13,13
5,10,51,57,68,74,106,108,110,100,75,71,72,94,114,103,89,84,76,63,58,54,48,27,13,13
8,0,8,57,69,96,121,115,105,98,74,57,66,79,104,117,85,85,67,59,56,52,21,13,12,14
0,0,23,52,65,103,119,118,113,100,71,65,72,74,101,92,77,68,57,51,37,14,14,11,8,0
0,0,47,57,75,106,120,119,115,102,68,70,74,88,94,86,69,68,58,50,52,50,13,10,9,0
0,0,50,67,86,109,119,119,110,101,73,72,81,91,92,86,75,67,64,55,54,52,47,0,10,7
0,0,50,58,93,104,111,106,98,78,68,72,79,86,88,79,68,66,62,58,54,50,43,17,13,10
7,13,51,59,83,93,103,93,82,70,62,66,74,83,84,78,74,80,74,71,70,60,54,41,14,9
9,36,60,78,89,95,100,90,81,70,71,82,88,93,96,102,92,97,91,91,94,85,74,62,57,52
0,29,62,71,88,92,92,88,79,82,85,89,93,99,103,99,95,99,98,97,94,82,73,59,50,13
10,26,60,77,83,95,106,105,110,115,115,108,111,102,108,105,93,95,87,94,97,83,69,56,50,32
16,54,69,84,97,116,142,148,142,139,124,118,123,118,127,128,119,104,106,119,110,98,77,62,55,50
47,57,75,92,112,125,146,150,156,147,138,132,124,123,125,119,107,98,122,128,118,94,73,62,59,55
32,53,64,82,96,117,136,142,138,132,119,116,114,112,112,104,91,100,118,118,102,84,67,59,56,50
23,50,58,73,82,97,123,128,129,112,108,102,109,99,98,94,86,97,108,102,87,69,61,56,52,38
13,10,55,64,74,91,107,113,115,101,97,92,95,94,91,87,81,89,96,88,75,61,54,50,46,12
12,14,50,56,68,80,91,95,96,90,93,83,84,98,95,82,80,86,92,79,66,58,53,39,37,23
13,12,36,53,57,66,76,81,77,76,76,73,72,78,92,75,80,92,88,71,63,58,52,26,15,20
7,9,19,40,51,58,66,66,65,65,65,65,71,74,83,79,75,87,77,61,53,44,32,13,10,11
8,12,20,28,36,50,59,56,58,57,55,60,65,64,69,91,71,82,61,51,38,35,32,21,17,8
0,0,11,25,28,51,53,53,58,57,57,59,69,67,70,70,81,75,57,52,23,18,15,13,11,10
0,0,11,12,13,43,56,54,55,55,56,57,59,63,66,70,71,74,51,36,29,13,13,11,10,6
0,0,8,8,12,51,52,52,52,55,53,54,57,63,66,70,66,63,42,29,19,14,12,9,8,0
0,0,6,6,14,20,52,50,42,50,48,52,55,68,69,65,61,55,15,23,14,11,12,8,0,0
0,6,0,7,10,21,52,40,50,50,43,51,54,64,85,71,61,53,30,15,13,12,11,8,0,0
0,0,0,9,0,37,31,30,40,50,45,50,52,59,90,72,61,50,8,12,12,0,0,0,0,0
0,0,0,8,0,25,47,45,14,50,50,50,51,58,97,74,59,51,10,12,12,10,10,0,0,0
0,0,0,6,11,23,51,31,34,25,29,45,51,56,88,72,59,37,11,10,8,0,0,0,0,0
0,0,0,0,10,14,36,35,16,26,14,27,32,53,64,74,54,21,21,11,0,0,0,0,0,0
0,0,0,0,8,11,13,23,17,25,12,14,17,40,46,51,34,35,12,6,6,0,0,0,0,0
0,0,0,0,7,12,27,21,22,14,12,11,14,25,50,47,11,21,12,7,0,0,0,0,0,0
0,0,0,0,8,12,17,25,14,12,8,0,14,14,50,22,10,14,11,0,0,0,0,0,0,0
0,0,0,5,0,10,21,17,13,12,0,6,9,14,25,13,7,12,12,0,0,0,0,0,0,0
0,0,0,0,0,10,14,14,12,11,7,0,5,13,27,15,10,14,10,0,0,0,0,0,0,0
0,0,0,0,6,10,12,10,8,10,0,0,10,13,13,11,8,12,0,0,0,0,0,0,0,0
0,0,8,0,0,8,0,0,8,7,0,0,8,12,13,13,6,12,8,0,0,0,0,0,0,0
0,0,0,6,0,9,9,6,0,6,0,0,11,12,14,9,10,10,11,7,0,0,0,0,5,0
12,25,50,66,85,103,114,118,113,120,119,116,127,107,112,102,81,85,81,69,62,61,62,53,51,20
13,9,44,55,75,103,120,128,119,94,91,101,140,115,122,93,72,71,71,65,62,61,61,51,16,19
11,11,35,55,71,96,117,119,86,71,86,103,135,118,110,86,68,69,68,66,66,59,54,47,27,21
5,13,32,54,71,91,92,84,95,87,71,82,111,102,105,94,76,76,75,68,59,54,43,19,14,12
4,10,51,57,69,75,106,108,110,99,75,71,72,94,114,103,89,84,76,64,58,54,46,25,13,13
8,0,8,57,69,96,121,115,106,98,73,57,66,78,104,117,85,85,66,60,56,53,20,13,12,14
0,0,23,52,65,103,120,118,113,100,71,64,72,73,101,92,77,67,57,52,35,14,14,11,8,0
0,0,50,57,75,106,120,119,115,101,67,69,74,88,93,86,68,68,58,50,52,50,12,10,10,0
0,0,45,66,85,108,119,119,109,101,72,72,80,91,93,85,75,67,63,55,54,53,41,0,10,7
0,0,50,57,92,104,111,105,97,77,67,72,79,85,87,79,68,66,62,58,54,50,40,15,13,10
7,13,51,59,83,94,103,92,82,70,63,65,75,82,83,78,73,80,74,72,70,59,53,36,14,9
9,38,60,78,89,95,100,90,81,70,71,82,88,92,95,102,93,97,91,91,95,85,74,62,58,52
0,33,62,71,88,91,92,89,79,82,85,88,93,99,103,99,95,99,98,97,95,82,73,59,51,13
10,27,60,77,83,96,106,106,110,116,115,108,111,102,108,105,93,96,87,95,97,83,68,56,50,30
18,54,69,85,98,117,142,148,142,139,124,118,123,118,127,129,119,104,106,120,110,98,76,61,56,50
50,57,74,92,111,124,146,150,156,146,139,132,124,123,125,119,106,97,122,128,118,94,73,62,60,54
32,53,65,82,96,118,137,141,138,131,119,116,115,111,111,104,91,100,118,118,102,84,67,58,56,50
21,50,58,73,82,97,123,128,129,111,107,102,110,98,98,94,86,97,108,101,87,69,61,56,52,36
12,10,55,64,74,90,107,113,115,101,97,91,95,94,91,87,81,89,96,88,75,61,54,48,48,12
11,14,51,56,68,80,91,94,96,90,93,83,84,98,95,82,80,86,92,80,66,59,53,37,41,21
13,12,36,53,57,67,76,81,77,75,76,72,72,78,92,76,80,92,88,71,63,58,51,25,16,19
7,9,19,40,51,58,66,66,65,65,65,65,71,73,83,79,75,87,77,61,53,48,32,13,10,10
8,12,22,28,35,50,59,56,58,57,55,60,65,64,69,91,70,82,61,51,38,35,32,21,18,7
0,0,11,25,28,50,54,53,58,56,57,58,70,67,70,70,81,75,57,52,26,16,14,13,12,10
0,0,12,12,13,43,56,54,55,55,56,57,59,63,66,70,71,74,51,36,29,13,12,11,11,6
0,0,8,8,12,51,52,52,52,55,53,55,57,63,66,70,66,63,42,31,21,14,12,9,7,0
0,0,6,6,14,21,53,50,42,50,50,52,55,68,69,65,60,55,14,21,14,11,11,7,0,0
0,6,0,7,10,23,52,40,48,47,39,51,54,63,85,71,61,53,26,15,13,12,11,8,0,0
0,0,0,9,0,37,29,28,40,51,45,50,52,59,90,72,61,50,8,12,12,0,0,0,0,0
0,0,0,8,0,25,50,47,14,50,47,50,51,58,97,74,59,51,9,12,12,10,10,0,0,0
0,0,0,6,11,23,51,29,36,23,31,45,51,56,88,72,59,40,11,10,9,0,0,0,0,0
0,0,0,0,10,14,38,37,16,23,14,27,32,52,64,74,54,16,22,11,0,0,0,0,0,0
0,0,0,0,9,11,14,23,17,23,13,14,17,40,46,51,33,35,13,6,6,0,0,0,0,0
0,0,0,0,7,12,25,23,22,14,12,10,17,22,50,45,11,19,11,7,0,0,0,0,0,0
0,0,0,0,8,11,19,25,14,12,8,0,14,14,50,25,10,14,11,0,0,0,0,0,0,0
0,0,0,5,0,10,21,17,13,12,0,6,10,14,25,14,7,12,12,0,0,0,0,0,0,0
0,0,0,0,0,10,14,14,12,10,7,0,5,13,25,15,10,13,10,0,0,0,0,0,0,0
0,0,0,0,6,10,12,10,8,10,0,0,10,13,13,12,8,12,0,0,0,0,0,0,0,0
0,0,8,0,0,8,0,0,8,7,0,0,9,12,13,13,6,12,8,0,0,0,0,0,0,0
0,0,0,6,0,9,8,6,0,6,0,0,12,12,14,9,10,10,11,7,0,0,0,0,5,0
12,25,50,66,84,103,113,118,112,120,120,116,126,107,112,102,81,85,81,69,62,62,61,53,51,20
12,9,44,56,74,103,120,129,119,94,91,102,140,115,122,93,72,71,71,65,62,61,61,51,18,23
11,12,34,55,71,95,118,119,86,70,86,104,134,118,110,86,68,69,68,66,66,59,54,47,27,21
5,13,32,55,71,91,93,84,95,86,71,82,110,101,105,94,76,75,74,68,59,54,41,17,14,13
4,11,51,57,69,75,107,109,110,99,75,71,72,94,114,103,89,84,76,64,57,54,44,21,14,13
9,0,8,56,70,96,121,115,106,98,73,58,66,78,105,117,86,85,65,59,56,52,21,13,12,14
0,0,25,52,65,103,120,118,113,100,71,64,72,72,100,92,77,67,56,52,32,13,14,11,8,0
0,0,50,57,76,106,121,119,114,101,67,69,75,87,93,86,68,68,57,50,52,47,12,10,10,0
0,0,47,68,86,108,119,119,109,101,72,72,80,90,91,86,75,67,62,55,53,53,38,0,10,0
0,0,50,58,92,104,110,105,96,76,67,72,78,84,87,79,68,67,61,58,54,50,43,15,14,10
7,13,51,60,83,94,103,92,81,70,63,65,74,82,84,78,74,79,73,72,71,59,53,33,15,9
9,40,60,78,88,95,100,90,81,70,71,82,88,91,95,102,93,97,91,91,94,85,74,62,58,52
0,33,62,71,88,91,92,89,79,81,85,89,93,99,102,99,95,99,97,97,95,82,73,59,51,14
10,27,60,77,83,96,105,106,110,114,115,109,111,102,108,105,94,95,87,95,97,84,68,56,50,28
18,54,70,85,98,117,141,149,141,138,124,118,123,118,126,128,119,104,106,120,111,98,76,61,57,50
50,57,74,92,111,124,145,150,155,146,139,133,123,122,125,119,107,97,121,128,117,94,73,61,60,54
32,54,65,82,96,118,137,141,138,130,119,116,115,111,111,104,91,99,118,118,102,84,67,58,56,50
23,50,58,73,81,97,122,129,129,110,107,102,109,98,97,95,86,97,108,101,87,69,61,56,51,38
12,10,55,64,74,90,107,114,116,100,97,92,94,93,91,87,81,89,96,88,76,61,54,48,48,12
11,14,51,57,69,80,91,94,96,90,93,83,84,97,95,82,80,86,91,80,66,58,53,37,41,22
13,12,38,53,57,66,75,81,77,75,76,73,72,77,92,76,80,92,88,72,63,58,51,25,15,20
7,9,19,40,52,58,66,66,65,65,65,65,71,73,83,79,75,87,77,61,53,48,30,13,10,11
8,12,22,28,35,50,59,56,57,57,55,60,65,63,69,91,70,81,61,51,38,34,30,21,19,7
0,0,12,26,29,50,54,53,58,56,57,58,69,66,70,70,81,75,57,52,25,16,14,13,12,10
0,0,12,12,13,43,56,54,54,55,56,58,59,62,66,70,72,74,51,38,27,13,12,11,10,6
0,0,8,9,12,51,52,52,52,54,53,55,57,62,66,70,66,63,40,34,21,14,13,9,7,0
0,0,7,6,15,20,52,50,40,48,48,52,55,68,69,66,60,55,14,23,14,11,11,7,0,0
0,6,0,7,10,21,52,43,50,45,37,51,54,63,85,71,61,53,25,19,13,12,11,8,0,0
0,0,0,10,0,37,25,30,36,50,45,50,52,59,90,72,61,50,7,12,12,0,0,0,0,0
0,0,0,8,0,25,45,47,15,50,47,50,52,58,97,74,59,51,8,12,12,10,9,0,5,0
0,0,0,5,11,21,50,35,36,23,31,45,51,55,89,72,59,42,10,11,9,0,0,0,0,0
0,0,0,0,9,14,36,39,16,20,14,27,33,52,64,74,54,18,20,12,0,0,0,0,0,0
0,0,0,0,9,11,13,23,15,21,13,14,19,39,45,51,35,36,12,6,7,0,0,0,0,0
0,0,0,0,7,12,25,23,22,14,12,10,17,22,50,47,11,23,11,7,0,0,0,0,0,0
0,0,0,0,7,12,19,27,13,11,8,0,15,14,50,27,10,14,10,0,0,0,0,0,0,0
0,0,0,5,0,11,17,19,13,12,0,7,10,14,30,14,7,12,11,0,0,0,0,0,0,0
0,0,0,0,0,10,13,15,12,10,7,0,5,13,25,17,10,13,10,0,0,0,0,0,0,0
0,4,0,0,6,10,11,10,8,9,0,0,10,12,13,12,8,12,0,0,0,0,0,0,0,0
0,0,8,0,0,8,0,0,7,6,0,0,9,11,13,13,7,12,8,0,0,0,0,0,0,0
0,0,0,6,0,9,8,6,0,5,0,0,12,12,14,9,9,10,11,7,0,0,0,0,5,0
12,25,51,65,84,103,115,119,113,120,120,117,125,107,112,102,81,86,80,69,62,61,61,53,50,19
12,9,41,56,74,103,120,130,120,94,92,102,139,115,121,93,72,71,70,65,62,61,60,51,18,25
11,12,34,55,71,96,118,120,86,70,86,103,134,118,109,86,68,69,68,66,66,59,54,45,25,20
5,13,33,55,72,91,93,84,95,86,70,82,109,102,105,94,76,75,74,68,59,54,41,15,14,13
4,11,51,57,69,75,107,109,110,99,75,71,72,94,114,103,90,84,76,64,57,54,44,21,14,14
9,0,8,57,70,96,121,115,105,97,72,58,66,78,105,117,86,85,66,59,56,52,21,13,12,13
0,0,25,53,66,104,120,118,113,100,71,64,71,72,100,91,78,67,57,52,32,13,14,11,8,0
0,0,50,57,76,106,121,120,114,101,65,70,74,86,93,86,69,68,57,51,52,47,13,10,9,0
0,0,40,68,86,109,119,119,109,101,72,72,79,89,92,84,76,67,62,55,53,53,38,0,11,7
0,0,50,58,92,104,111,105,97,76,67,71,77,83,86,79,69,67,62,57,54,46,43,14,13,10
7,13,51,60,83,93,103,93,81,69,63,66,74,82,84,78,74,80,73,72,71,60,53,33,15,9
9,40,61,78,88,95,101,90,81,70,71,82,87,91,95,102,93,97,91,91,95,85,74,62,58,52
0,35,62,71,88,91,92,89,79,81,85,89,92,98,102,99,96,99,98,96,95,83,73,59,51,14
10,27,60,78,84,96,105,106,110,115,115,108,111,101,108,105,95,95,86,95,96,83,68,56,50,32
18,54,70,85,98,117,141,150,142,139,124,119,123,118,127,127,120,104,105,120,110,99,76,60,57,50
50,56,74,92,111,124,146,151,155,146,139,132,123,123,125,119,107,97,121,128,117,94,73,62,59,54
26,53,65,82,96,118,137,142,139,130,120,117,115,111,111,104,92,100,119,118,102,84,66,58,56,51
25,50,59,74,81,98,122,128,129,110,108,102,109,98,97,94,86,97,108,101,87,69,61,56,52,36
12,10,55,64,74,90,106,114,116,100,97,92,95,93,91,87,81,89,96,89,76,61,54,48,46,12
12,14,51,57,68,80,91,94,96,90,93,83,83,97,95,82,81,86,92,80,66,58,52,35,41,21
13,12,38,53,57,66,75,81,77,75,76,72,73,78,92,76,80,92,88,72,63,58,51,23,14,22
7,9,17,40,52,58,67,66,64,64,65,65,71,74,83,78,75,87,77,61,53,48,30,13,11,10
8,12,22,29,35,50,59,56,57,57,55,60,65,64,69,91,71,81,61,50,39,35,31,20,20,8
0,0,12,26,29,50,54,53,58,56,58,58,69,66,70,69,82,75,57,53,25,16,14,13,12,10
0,0,12,12,13,45,56,54,54,55,56,58,59,62,66,70,72,74,51,36,25,13,12,11,10,6
0,0,8,9,12,51,52,52,52,54,53,55,57,63,66,70,66,63,40,31,17,14,12,9,8,0
0,0,6,6,15,20,52,51,37,46,50,52,54,68,69,65,61,55,14,23,14,11,10,7,0,0
0,7,0,7,9,23,52,45,48,43,41,51,54,63,85,71,61,54,25,21,13,12,11,8,0,0
0,0,0,9,0,39,27,33,36,50,47,50,52,59,91,72,61,50,7,12,12,0,0,0,0,0
0,0,0,8,0,25,45,50,17,50,50,50,52,58,97,74,59,51,8,12,12,10,9,0,5,0
0,0,0,5,10,23,50,35,36,21,31,42,51,55,89,72,59,42,10,11,9,0,0,0,0,0
0,0,0,0,10,14,36,40,18,18,14,27,33,52,63,74,54,21,20,12,0,0,0,0,0,0
0,0,0,0,8,11,14,25,15,21,13,14,19,38,47,51,36,37,12,6,7,0,0,0,0,0
0,0,0,0,7,12,25,27,25,13,12,11,17,25,50,45,11,23,11,7,0,0,0,0,0,0
0,0,0,0,7,12,17,27,13,11,8,0,14,14,50,25,10,14,10,0,0,0,0,0,0,0
0,0,0,5,0,11,17,21,13,12,0,7,10,14,35,14,7,12,11,0,0,0,0,0,0,0
0,0,0,0,0,10,14,15,12,9,7,0,5,13,22,14,10,14,10,0,0,0,0,0,0,0
0,4,0,0,6,11,12,10,8,9,0,0,10,12,13,11,9,12,0,0,0,0,0,0,0,0
0,0,8,0,0,8,0,0,7,7,0,0,9,11,13,13,7,12,9,0,0,0,0,0,0,0
0,0,0,6,0,9,8,7,0,6,0,0,12,12,14,9,10,10,11,7,0,0,0,0,4,0
12,23,51,65,84,103,115,118,113,120,121,117,125,107,112,101,81,85,80,69,63,61,62,53,51,22
12,8,41,55,74,103,121,130,120,94,92,102,139,115,121,93,72,71,71,65,61,61,60,51,18,27
11,12,34,55,71,96,118,120,86,71,87,103,134,117,110,86,68,69,68,66,66,58,54,45,27,18
5,13,36,55,72,91,93,85,95,86,70,82,110,101,104,95,76,75,75,68,59,54,41,17,14,13
0,11,51,56,69,75,108,109,110,99,75,70,72,93,114,102,90,85,76,64,57,54,41,20,14,14
9,0,8,58,70,97,121,115,106,97,73,58,65,78,104,116,86,85,66,59,56,52,20,13,12,13
0,0,25,52,66,104,120,118,113,100,71,64,71,72,100,91,78,67,57,52,30,13,14,10,7,0
0,0,50,56,76,106,121,120,114,101,66,70,75,85,92,86,69,68,57,50,52,47,13,10,9,0
0,0,45,67,86,109,119,119,109,101,72,72,80,88,92,83,76,67,62,55,53,53,33,0,11,7
0,0,50,57,92,104,111,106,97,77,67,70,77,82,86,77,70,66,62,56,54,50,46,14,13,10
0,14,51,61,83,94,103,94,81,70,63,65,75,82,83,77,74,79,73,72,70,60,53,30,15,9
9,38,61,78,88,96,101,90,81,70,71,81,87,91,95,101,93,97,91,91,94,85,74,62,58,53
0,36,62,71,89,91,93,89,79,81,86,89,93,98,102,99,96,99,98,96,95,83,72,59,51,14
10,26,59,78,85,96,107,106,109,115,117,108,111,100,108,105,95,95,87,95,96,84,68,57,50,32
18,54,70,85,98,118,142,150,143,139,124,118,123,118,129,126,119,104,106,120,110,98,75,61,57,50
50,56,74,92,111,125,146,153,153,146,139,132,123,122,125,119,106,97,121,128,116,94,73,61,59,54
23,53,64,82,96,118,137,142,138,130,120,117,115,110,110,104,92,99,119,117,102,84,66,58,56,51
23,50,58,73,81,98,123,128,129,110,108,102,109,99,97,94,86,97,108,102,87,69,60,55,52,33
12,10,55,64,74,90,106,114,116,99,97,92,95,93,91,87,80,89,96,89,76,61,54,48,48,12
11,14,51,57,69,80,91,95,96,90,93,83,84,97,94,81,81,86,92,80,65,58,52,35,41,18
13,12,36,53,57,66,75,81,76,75,76,72,73,77,92,76,80,92,88,71,63,58,51,26,14,20
7,8,16,40,52,58,66,66,64,64,66,65,71,74,83,79,75,87,77,61,53,46,28,13,10,11
8,11,21,31,35,50,59,56,57,56,56,59,65,63,69,91,71,81,61,51,39,34,30,19,19,8
0,0,11,27,30,51,54,53,58,56,58,58,69,66,70,69,81,75,57,52,23,16,14,13,12,10
0,0,12,12,13,45,57,54,54,55,56,57,59,62,66,70,72,74,51,36,27,13,12,11,10,6
0,0,8,9,12,51,53,52,52,54,53,55,57,63,66,71,66,63,44,34,19,14,12,9,8,0
0,0,6,6,14,16,52,51,39,48,50,53,55,68,69,65,61,55,14,19,14,12,9,7,0,0
0,6,0,7,9,25,53,40,50,45,43,51,55,63,85,71,62,53,25,19,13,12,11,8,0,0
0,0,0,10,0,39,25,35,36,50,50,50,53,59,91,72,62,51,8,12,12,0,0,0,0,0
0,0,0,8,0,25,47,50,19,50,50,50,52,58,97,74,58,51,9,12,12,10,9,0,6,0
0,0,0,5,11,21,51,35,36,23,34,40,51,55,89,72,60,42,11,11,9,0,0,0,0,0
0,0,0,0,10,14,39,42,20,20,16,27,35,52,63,75,55,23,21,12,0,0,0,0,0,0
0,0,0,0,8,11,15,26,15,21,14,14,19,37,47,50,36,36,12,6,8,0,0,0,0,0
0,0,0,0,6,12,23,27,22,13,13,10,17,22,50,42,11,25,12,7,0,0,0,0,0,0
0,0,0,0,7,11,17,27,13,12,8,0,14,13,50,22,10,14,11,0,0,0,0,0,0,0
0,0,0,6,0,11,19,23,13,12,0,7,10,14,32,13,7,12,11,0,0,0,0,0,0,0
0,0,0,0,0,10,14,15,12,10,8,0,5,13,25,14,11,14,10,0,0,0,0,0,0,0
0,4,0,0,6,10,12,11,8,9,0,0,10,12,13,11,8,12,0,0,0,0,0,0,0,0
0,0,8,0,0,8,0,0,7,7,0,0,9,11,13,12,7,12,9,0,0,0,0,0,0,0
0,0,0,6,0,9,8,7,0,6,0,0,12,12,14,9,9,10,11,7,0,0,0,0,5,0
