12,12,44,53,51,58,59,72,84,106,125,104,116,101,95,96,93,91,80,69,55,54,52,50,13,10
13,10,44,53,56,63,62,79,93,109,110,99,119,113,113,106,103,101,91,79,62,57,57,52,29,10
23,12,39,54,60,63,59,71,73,87,107,109,130,121,115,104,104,103,94,80,67,57,58,55,45,16
13,23,33,52,56,57,52,55,76,92,101,100,129,109,112,113,105,99,89,71,58,53,55,50,31,12
10,20,40,52,53,13,6,56,72,90,99,95,102,102,109,103,93,89,78,62,51,50,53,42,14,10
12,11,11,52,55,57,16,57,73,89,92,84,93,100,106,102,90,87,71,59,27,50,52,42,14,10
11,0,23,54,52,53,10,62,86,90,109,108,113,109,108,105,92,80,70,56,32,44,52,50,14,11
0,14,52,87,59,55,28,63,79,110,114,115,117,110,117,112,95,84,70,56,50,50,52,51,27,8
10,21,53,73,70,57,56,68,79,111,120,116,120,111,113,114,96,85,68,56,50,46,54,56,30,8
8,11,45,54,54,17,37,69,84,97,109,110,115,102,105,105,90,82,68,53,15,14,46,51,19,9
0,6,15,47,28,31,14,62,77,94,109,107,103,89,95,89,84,72,62,50,13,10,15,17,11,0
7,9,11,42,15,14,51,60,76,88,94,96,90,80,80,82,78,68,60,15,13,11,13,13,10,0
0,6,11,27,13,15,50,61,76,88,91,87,84,77,79,81,77,75,62,25,7,6,9,0,0,0
0,0,8,9,0,12,36,66,81,92,89,78,77,69,67,68,69,60,31,8,0,0,0,0,0,0
9,12,25,23,11,52,61,80,94,110,117,113,114,104,104,109,100,82,63,47,11,9,50,12,0,0
14,18,21,30,14,54,68,92,113,126,133,127,120,112,109,108,110,99,79,57,14,51,57,50,10,0
20,22,50,52,51,59,73,102,127,137,141,140,125,112,122,125,110,95,76,64,32,13,52,40,12,7
36,37,50,50,53,62,77,103,133,147,153,152,138,114,133,131,116,98,78,64,50,40,25,10,15,11
46,51,53,57,58,63,83,104,129,141,147,157,141,114,134,129,115,98,80,64,54,26,13,12,10,7
50,51,55,58,60,66,86,109,128,137,150,146,137,127,139,126,107,97,79,65,52,53,50,13,46,33
50,51,54,58,62,71,80,96,115,115,121,116,98,88,109,106,102,96,81,64,53,23,30,44,50,35
45,53,63,65,63,65,72,91,94,101,101,93,88,84,97,97,95,84,71,57,42,21,12,7,0,11
14,30,41,43,40,58,64,67,80,87,77,78,76,70,83,84,77,70,58,43,18,22,14,12,0,9
12,12,39,38,52,56,57,62,71,69,68,67,72,70,83,72,80,68,59,36,0,12,11,7,0,6
7,12,39,23,46,52,53,57,67,62,65,65,64,65,76,67,69,70,57,38,8,12,11,7,0,6
6,12,23,14,23,31,51,53,57,59,61,63,59,63,73,67,66,68,57,20,6,11,9,0,0,0
8,9,13,11,12,16,14,30,50,55,56,59,55,61,69,66,64,61,53,13,0,6,6,7,0,0
6,0,0,8,7,10,10,19,51,53,54,55,57,57,65,65,61,58,40,10,5,0,6,6,0,0
0,0,0,7,0,7,9,20,50,53,53,52,55,55,62,60,59,56,17,9,0,0,0,0,0,0
0,0,0,0,0,0,7,14,33,51,50,51,52,52,59,60,58,53,11,0,0,0,0,0,0,0
0,7,0,0,0,0,10,13,36,50,45,52,50,51,61,57,57,53,19,7,0,0,0,0,0,0
0,5,0,6,0,9,10,11,23,32,41,44,35,43,56,53,55,47,15,0,0,0,0,0,0,0
0,0,0,0,0,7,10,14,26,31,22,39,30,34,53,55,58,52,30,7,0,0,0,0,0,0
5,0,0,0,6,8,8,13,45,51,51,50,15,40,54,56,64,64,35,8,0,0,0,0,0,0
0,0,0,0,0,8,0,13,30,27,52,52,51,14,53,58,58,59,40,8,0,0,0,0,0,0
0,6,0,6,0,7,6,8,40,30,45,61,57,11,56,62,58,60,52,9,0,0,0,0,0,0
0,6,0,7,8,9,7,10,7,11,52,56,59,12,53,58,60,58,50,10,0,0,0,0,0,0
0,5,0,0,5,0,0,0,6,13,31,44,16,11,52,59,62,57,40,6,0,0,0,0,0,0
0,0,4,0,0,0,0,0,10,10,12,33,12,14,50,59,62,59,33,9,0,0,0,0,0,0
0,0,0,6,0,0,0,11,12,6,22,27,16,25,51,60,63,63,35,10,7,0,6,0,5,0
11,12,44,52,51,59,59,73,84,106,124,104,115,101,96,96,93,91,80,69,55,54,52,50,14,9
13,10,42,53,56,63,61,79,93,109,109,99,119,112,113,106,102,101,91,79,62,57,57,51,31,10
25,12,39,54,61,63,60,71,73,87,106,110,130,121,114,103,103,103,94,80,67,56,58,55,50,16
13,23,33,51,56,57,51,55,75,92,101,99,129,108,112,113,105,99,88,71,57,52,54,50,33,12
10,21,40,52,54,14,6,57,72,89,99,96,102,102,109,103,94,90,77,63,52,50,53,40,14,10
12,11,10,52,56,58,15,57,73,89,92,85,94,100,106,102,90,87,71,59,25,50,52,45,15,10
11,0,23,55,53,54,11,62,86,89,109,108,113,109,109,106,92,80,69,55,30,50,51,50,15,11
8,14,52,89,61,55,34,64,79,110,114,115,117,110,117,112,95,84,71,56,50,50,52,50,30,9
10,21,53,74,72,57,56,68,79,111,120,116,120,111,112,114,96,85,68,56,46,46,54,56,36,8
7,11,45,54,55,17,40,69,84,97,109,110,116,102,105,106,90,81,67,53,14,14,46,51,19,9
0,0,14,44,28,34,14,62,77,94,109,107,103,88,95,89,84,72,62,50,13,10,20,17,11,0
7,9,10,37,16,14,52,60,76,88,95,96,91,80,80,82,78,67,60,14,13,11,13,13,10,0
7,6,10,25,13,17,50,62,76,87,91,87,84,77,79,81,77,75,62,22,6,0,10,0,0,0
0,0,8,8,0,12,37,66,81,92,89,79,77,69,67,68,69,60,30,8,0,0,0,0,0,0
8,11,18,21,12,52,62,80,94,110,118,113,113,104,104,109,100,83,63,47,11,9,50,11,0,0
13,16,25,30,15,54,68,93,112,127,133,127,120,112,109,107,110,98,78,57,14,51,58,50,10,0
20,19,50,52,51,59,73,103,127,137,141,141,125,111,122,124,110,95,76,64,30,14,51,37,12,7
35,33,50,50,54,62,78,103,133,148,154,153,138,114,133,131,115,97,77,63,50,38,22,9,17,11
42,48,52,57,58,63,83,105,129,141,147,157,141,113,134,129,115,98,80,64,53,28,13,12,10,7
47,51,55,58,61,67,87,110,129,138,150,146,137,127,139,125,107,96,79,65,52,53,48,13,50,36
46,50,54,58,62,72,81,97,115,115,122,115,98,88,109,106,103,96,81,64,52,23,32,42,50,35
35,51,60,63,63,66,72,91,94,101,100,92,88,84,97,97,94,84,71,56,40,18,12,6,5,11
14,29,39,42,41,58,64,67,80,88,77,78,75,70,84,84,76,70,58,43,18,21,13,11,0,9
12,13,41,40,52,57,58,62,71,70,68,68,72,70,83,72,80,69,58,35,0,13,11,7,0,7
8,13,39,27,48,53,53,57,66,62,65,66,64,65,76,67,69,70,57,34,8,12,11,7,0,6
7,13,23,14,25,31,51,53,57,59,61,64,60,63,73,67,67,67,57,18,5,11,9,0,0,0
9,9,13,12,13,18,14,32,51,55,56,59,55,61,69,66,64,61,53,13,0,6,6,7,0,0
6,0,0,9,8,10,11,19,51,53,54,56,57,57,65,65,62,58,40,10,5,0,6,6,0,0
0,0,0,7,0,7,10,20,50,53,53,53,55,55,62,60,59,56,14,10,0,0,0,0,0,0
0,0,0,0,0,0,8,14,33,51,50,52,52,52,59,60,58,53,11,0,0,0,0,0,0,0
0,7,0,0,0,0,10,13,36,50,47,52,50,52,61,56,57,53,15,7,0,0,0,0,0,0
0,5,0,6,0,9,10,11,26,33,41,46,33,45,56,53,55,47,15,0,0,0,0,0,0,0
0,0,0,0,0,7,10,14,26,32,25,40,31,35,53,55,58,52,29,7,0,0,0,0,0,0
5,0,0,0,6,8,8,13,45,50,50,50,20,42,54,56,64,64,35,8,0,0,0,0,0,0
0,0,0,0,0,8,0,13,25,27,52,53,51,14,53,58,58,59,40,8,0,0,0,0,0,0
0,6,0,6,0,7,6,8,37,32,47,61,57,11,55,62,58,60,52,9,0,0,0,0,0,0
0,6,0,7,8,9,7,10,7,11,52,56,58,11,53,58,60,58,50,10,0,0,0,0,0,0
0,5,0,0,5,0,0,0,6,13,28,44,15,11,53,59,62,57,41,6,0,0,0,0,0,0
0,0,4,0,0,0,0,0,10,10,12,33,12,14,50,59,62,58,33,9,0,0,0,0,0,0
0,0,0,6,0,0,0,11,12,6,22,28,16,26,51,59,63,62,38,10,6,0,6,0,5,0
11,12,45,52,51,58,59,72,84,106,124,103,115,101,96,96,93,90,80,69,55,53,52,50,14,9
13,10,41,52,56,63,62,79,92,109,109,99,118,113,114,105,102,101,91,79,62,57,57,52,31,10
23,11,39,54,61,62,60,71,73,87,106,109,129,121,114,103,103,102,95,80,67,57,58,56,50,15
13,22,33,51,56,56,52,55,75,92,101,99,129,108,113,111,104,99,89,70,57,52,55,51,31,12
10,20,40,52,54,14,6,57,73,89,99,96,102,102,110,102,93,90,77,62,52,50,52,45,14,10
12,11,10,52,56,58,18,58,73,89,92,85,94,101,106,102,90,87,71,59,25,50,52,47,15,10
10,0,23,55,52,54,11,62,86,90,108,108,113,110,109,106,91,80,69,55,30,50,52,50,15,11
8,13,52,90,62,56,37,64,79,110,114,115,117,111,117,112,95,84,70,56,50,50,52,51,30,9
9,23,53,74,73,57,58,68,79,110,121,115,119,111,113,114,96,85,68,56,46,50,54,56,38,8
7,11,45,55,56,17,46,69,84,97,109,109,115,102,105,105,90,81,67,53,14,14,43,51,19,9
0,0,14,47,31,25,14,62,78,93,108,107,103,88,95,89,84,72,62,50,12,9,17,17,11,0
7,8,10,35,18,14,52,60,75,88,95,96,90,80,80,82,78,67,59,14,13,11,13,13,10,0
0,0,9,25,13,17,51,62,76,87,90,87,84,77,79,81,77,75,62,22,0,5,9,0,0,0
0,0,7,9,0,12,37,65,82,92,89,79,76,68,68,68,69,60,29,8,0,0,0,0,0,0
7,10,14,21,12,52,62,80,94,110,118,111,112,104,103,108,99,82,63,45,11,9,50,11,0,0
13,14,23,28,14,55,68,93,113,127,133,127,120,112,108,107,110,98,78,57,14,51,57,50,11,0
18,17,48,52,51,59,74,103,128,137,141,141,124,111,122,123,109,96,76,64,32,13,51,35,12,6
33,32,50,51,54,62,78,103,134,148,154,152,138,114,132,130,114,97,77,63,50,36,22,9,16,11
35,41,52,58,58,63,84,106,130,142,147,154,141,112,134,129,114,98,80,64,53,28,13,12,9,6
44,50,54,58,61,68,88,111,129,138,150,145,137,126,139,125,107,96,79,65,52,53,48,13,48,35
42,48,54,58,62,72,82,98,116,115,121,115,98,88,109,106,102,96,80,64,52,21,34,44,50,33
25,48,56,60,63,66,73,92,94,101,100,92,87,84,97,96,94,83,70,56,38,17,12,6,5,10
13,27,37,40,41,58,64,67,80,88,76,78,75,70,83,83,76,70,57,43,18,20,13,12,0,8
11,14,44,41,53,57,58,62,71,69,68,68,72,70,83,72,80,68,58,35,0,13,11,8,0,7
8,13,41,29,50,53,54,57,66,63,65,66,64,66,77,67,69,70,57,34,8,12,11,7,0,6
8,13,25,14,23,31,51,53,57,59,61,63,60,64,73,67,66,67,57,16,5,11,8,0,0,0
9,9,13,12,13,18,16,30,51,55,56,59,56,61,69,66,64,61,53,14,0,7,6,8,0,0
6,0,0,9,9,11,11,19,51,53,53,55,57,58,65,65,62,57,40,10,5,0,6,6,0,0
0,0,0,7,0,7,10,21,50,53,53,53,55,56,62,61,59,56,14,10,0,0,0,0,0,0
0,0,0,0,0,0,8,14,32,51,50,52,52,52,59,60,57,53,11,0,0,0,0,0,0,0
0,7,0,0,0,0,10,12,38,50,43,52,51,52,61,56,57,53,15,7,0,0,0,0,0,0
0,5,0,6,0,9,10,11,28,33,41,45,33,46,56,53,54,45,14,0,0,0,0,0,0,0
0,0,0,0,0,7,10,14,26,32,23,42,30,37,54,55,57,52,29,7,0,0,0,0,0,0
5,0,0,0,6,7,9,13,45,50,50,50,17,42,55,56,64,64,35,8,0,0,0,0,0,0
0,0,0,0,0,8,0,13,22,27,51,53,50,14,53,58,58,59,36,8,0,0,0,0,0,0
0,6,0,6,0,7,6,8,37,32,45,60,56,11,55,62,58,60,52,9,0,0,0,0,0,0
0,6,0,7,8,9,7,10,0,11,52,55,57,11,53,57,59,58,50,10,0,0,0,0,0,0
0,4,0,0,5,0,0,0,5,12,27,40,14,11,53,59,62,57,40,6,0,0,0,0,0,0
0,0,4,0,0,0,0,0,10,10,12,30,12,14,51,59,62,58,35,8,0,0,0,0,0,0
0,0,0,6,0,0,0,11,11,6,22,28,15,26,50,59,62,62,38,10,6,0,6,0,5,0
10,12,45,52,51,58,59,72,84,106,124,102,114,101,96,95,92,90,79,69,55,53,52,50,14,10
13,10,41,52,56,63,62,79,92,110,108,99,118,113,115,105,102,100,91,79,62,57,58,52,29,10
23,11,35,54,61,63,60,71,73,87,106,109,130,121,114,103,102,102,94,81,67,57,59,55,47,14
12,23,33,51,56,56,52,56,75,92,100,98,129,108,113,111,104,99,88,71,57,51,55,50,29,12
10,20,40,52,53,14,6,57,73,89,98,96,102,101,110,102,93,90,77,63,51,50,53,40,15,9
12,11,10,52,55,58,20,58,72,89,92,84,93,101,106,101,89,87,71,59,30,50,52,45,17,10
10,0,21,55,52,53,11,62,86,91,108,109,113,110,109,106,91,81,68,55,32,50,52,50,17,11
0,13,52,88,62,56,40,64,79,109,114,115,117,111,117,112,94,83,70,56,47,50,52,51,27,9
9,25,53,73,75,57,58,68,80,110,120,115,120,111,113,114,94,85,67,56,46,50,54,56,38,8
7,11,45,55,54,15,50,69,84,97,109,109,115,102,105,106,90,81,67,52,13,14,50,51,19,9
0,0,14,50,28,25,14,62,78,93,108,107,103,87,96,89,83,71,62,46,13,9,15,15,11,0
7,8,10,32,20,13,52,60,76,88,94,96,89,80,79,82,78,67,59,14,13,11,14,13,10,0
0,6,9,22,13,19,51,62,76,88,90,86,83,77,79,81,76,74,62,22,0,0,10,0,0,0
0,0,7,9,0,12,37,66,82,92,89,78,76,68,67,68,68,60,26,8,0,0,0,0,0,0
7,10,15,21,12,52,62,79,94,110,118,111,112,104,102,108,99,82,62,45,11,9,50,11,0,0
13,14,25,26,14,55,69,94,114,127,133,126,119,111,108,106,108,98,78,57,13,51,58,50,10,0
18,19,50,52,50,59,74,104,128,137,140,140,123,111,121,123,109,95,76,63,37,13,52,35,12,7
33,30,50,51,55,62,79,104,134,148,152,152,138,113,131,130,114,97,77,63,50,36,22,9,16,12
35,40,52,58,58,63,85,106,131,142,147,154,141,112,134,128,113,97,79,63,53,26,13,12,10,7
40,50,54,58,61,68,89,112,130,139,149,145,137,127,139,125,107,96,79,65,52,54,50,12,48,36
41,50,54,59,62,73,83,98,117,116,121,115,98,88,108,105,102,96,80,63,52,20,34,41,50,33
25,47,56,60,63,67,73,92,94,102,99,92,87,84,97,96,93,83,70,55,38,16,11,6,0,10
13,27,37,41,42,58,65,67,80,88,76,77,74,70,84,83,76,70,57,43,18,20,13,11,0,8
11,15,46,42,53,57,59,62,72,70,68,68,72,70,84,72,80,68,58,35,0,13,11,8,0,7
9,14,43,31,50,53,55,57,66,63,65,66,64,66,77,68,69,70,57,36,8,12,11,7,0,6
9,13,25,14,25,31,52,53,57,60,61,63,61,64,73,67,67,67,57,18,5,11,8,0,0,0
9,9,13,12,13,20,16,32,51,56,55,59,56,61,70,66,64,60,53,14,0,7,6,7,0,0
6,0,5,9,9,11,11,17,51,53,53,55,56,58,65,65,61,57,36,10,5,0,6,6,0,0
0,0,0,7,0,7,10,20,50,53,53,53,55,55,62,61,59,56,14,10,0,0,0,0,0,0
0,0,0,0,0,0,8,14,33,51,50,51,52,52,59,60,57,53,11,0,0,0,0,0,0,0
0,7,0,0,0,0,11,13,40,50,43,52,51,52,61,56,57,53,14,7,0,0,0,0,0,0
0,5,0,6,0,9,10,11,30,35,41,44,32,46,56,53,54,43,14,0,0,0,0,0,0,0
0,0,0,0,0,7,11,14,30,32,23,42,30,37,54,55,57,52,29,7,0,0,0,0,0,0
5,0,0,0,6,7,9,13,45,50,50,50,20,42,55,57,64,64,30,7,0,0,0,0,0,0
0,0,0,0,0,9,0,13,22,27,51,52,50,15,54,58,58,59,34,8,0,0,0,0,0,0
0,6,0,6,0,8,7,8,37,32,42,59,56,11,55,62,57,60,51,8,0,0,0,0,0,0
0,6,0,7,8,9,8,10,7,11,51,55,57,11,53,57,59,57,50,10,0,0,0,0,0,0
0,5,5,0,5,0,0,0,5,12,25,38,14,12,53,59,62,57,40,7,0,0,0,0,0,0
0,0,3,0,0,0,0,0,10,10,11,28,12,14,51,59,61,58,32,8,0,0,0,0,0,0
0,0,0,6,0,0,0,11,11,6,19,27,15,25,50,59,62,62,38,10,6,0,6,0,5,0
10,12,45,53,51,58,59,72,84,107,124,101,114,101,96,94,93,90,80,69,55,53,52,50,14,10
13,10,42,52,56,63,62,79,92,110,108,99,117,113,115,105,102,100,91,79,62,57,58,52,25,11
23,11,36,54,61,63,61,70,73,87,106,109,130,120,114,103,102,102,95,80,67,57,59,55,43,14
12,23,33,51,56,56,53,56,75,91,101,99,129,108,112,111,104,99,89,70,57,52,55,50,25,12
10,21,42,53,53,13,7,56,73,89,98,96,101,102,109,102,93,90,77,62,52,47,53,40,15,9
12,11,10,52,56,58,20,57,72,90,92,85,93,102,106,101,90,87,71,59,36,50,52,45,14,10
10,0,19,55,52,53,12,62,86,92,108,108,113,110,109,106,92,80,69,55,32,50,52,50,14,11
0,13,52,88,62,56,40,64,79,110,114,115,116,110,117,111,93,84,71,55,44,50,52,51,25,9
9,25,53,73,74,56,58,68,79,110,120,115,120,111,113,114,93,85,67,56,46,51,54,56,36,9
7,11,47,55,54,15,50,70,85,97,109,109,115,102,105,106,91,81,67,52,13,14,43,51,19,9
0,0,15,50,28,25,14,61,78,93,108,107,102,87,96,88,83,71,62,40,12,10,14,19,10,0
7,8,10,35,20,14,52,60,76,88,94,96,89,80,79,81,78,68,59,14,13,11,14,13,9,0
0,6,9,27,13,17,51,62,76,88,90,87,83,77,79,80,76,74,62,20,0,0,10,0,0,0
0,0,8,9,0,12,36,65,81,92,89,78,76,68,68,67,68,60,27,8,0,0,0,0,0,0
7,10,15,21,12,52,63,79,94,110,118,111,111,103,102,106,99,81,62,42,10,9,50,11,0,0
13,14,26,26,14,55,69,94,114,126,133,125,118,111,108,105,109,98,78,56,13,52,58,50,10,0
20,17,50,52,50,59,74,105,128,137,140,139,124,110,120,122,108,95,76,63,35,13,51,32,12,7
33,30,50,51,55,62,79,104,134,148,152,152,138,113,131,130,114,98,77,63,50,34,21,9,15,11
34,40,53,58,58,63,84,107,131,142,147,153,140,111,134,128,113,97,80,64,53,26,13,12,9,7
39,50,54,58,61,69,89,112,130,138,150,145,138,127,139,125,106,96,79,65,52,53,50,12,48,36
38,50,54,59,62,73,83,98,118,115,121,115,97,88,109,104,102,96,80,63,52,21,32,41,50,31
23,46,56,60,63,67,73,92,95,102,99,91,86,84,97,96,93,83,70,55,36,16,11,6,0,10
13,28,38,41,42,58,65,67,80,88,76,78,73,70,84,83,76,70,58,42,17,20,13,11,0,8
11,16,47,46,53,57,60,62,72,70,68,68,72,70,84,71,79,68,58,33,0,12,11,7,0,7
9,14,45,37,50,53,55,57,66,62,65,66,64,66,77,67,69,70,57,34,8,11,11,7,0,6
9,13,26,15,27,35,52,53,58,60,61,62,60,64,73,67,67,67,57,18,0,10,9,0,0,0
8,9,13,12,13,21,18,32,51,56,55,59,56,61,69,66,64,60,52,13,0,7,6,7,0,0
6,0,5,9,10,11,12,17,51,54,53,55,56,58,65,65,61,57,36,9,5,0,7,6,0,0
0,0,0,7,0,7,10,18,50,53,53,53,54,55,62,60,59,56,14,10,0,0,0,0,0,0
0,0,0,0,0,0,9,14,35,51,50,51,52,53,59,60,58,54,11,0,0,0,0,0,0,0
0,7,0,0,0,0,11,12,38,50,43,52,51,52,61,56,57,53,15,7,0,0,0,0,0,0
0,5,0,6,0,9,10,12,30,33,39,44,30,50,56,53,54,42,14,0,0,0,0,0,0,0
0,0,0,0,0,7,10,13,29,32,25,43,28,38,53,54,57,52,29,7,0,0,0,0,0,0
5,0,0,0,6,7,9,13,45,50,50,50,17,37,55,57,65,64,35,7,0,0,0,0,0,0
0,0,0,0,0,9,7,13,22,30,51,52,50,15,54,58,58,60,36,7,0,0,0,0,0,0
0,6,0,6,0,8,7,8,37,35,42,59,55,11,55,62,57,60,51,7,0,0,0,0,0,0
0,6,0,7,8,9,8,10,7,11,50,55,57,11,54,57,59,57,50,9,0,0,0,0,0,0
0,5,5,0,5,0,0,0,5,12,23,38,14,12,53,59,62,57,36,6,0,0,0,0,0,0
0,0,4,0,0,0,0,0,10,10,11,28,12,14,51,59,62,58,32,8,0,0,0,0,0,0
0,0,0,6,0,0,0,12,11,6,19,27,14,25,51,59,63,62,38,10,6,0,6,0,5,0
10,12,44,53,51,58,59,72,84,106,124,101,115,101,96,94,93,90,80,69,55,54,52,50,14,10
12,10,42,52,56,63,62,79,92,109,109,99,117,114,115,105,102,100,91,79,62,57,58,52,25,11
22,11,36,54,61,62,61,71,73,87,106,109,129,121,115,103,102,102,94,80,67,57,58,55,40,14
12,23,33,51,55,57,53,55,75,92,101,99,129,110,112,111,104,99,89,70,57,52,55,50,25,12
10,20,40,53,53,13,7,56,72,89,98,96,102,102,109,102,93,90,77,62,51,50,53,37,15,9
12,11,10,52,56,58,20,58,71,90,92,84,93,101,106,101,90,86,71,59,36,50,52,42,15,11
10,0,17,54,53,53,11,63,86,93,108,108,113,110,109,106,92,81,69,55,32,47,52,50,14,11
0,13,52,88,62,56,37,64,79,109,114,115,116,111,117,112,94,84,70,56,44,50,52,51,23,9
9,25,53,72,74,57,58,67,79,110,120,114,119,111,113,114,93,85,67,56,50,51,54,56,36,9
7,10,45,54,53,17,50,70,85,97,109,109,115,102,105,106,91,81,67,52,13,14,46,51,21,9
0,6,15,50,28,28,13,62,77,93,107,106,102,87,97,88,83,71,61,43,13,10,14,19,10,0
7,8,10,35,20,14,52,60,76,87,93,96,89,80,80,82,78,68,59,14,13,11,14,12,9,0
0,6,9,29,14,17,51,61,75,88,90,86,83,77,79,80,76,74,62,25,0,0,10,0,0,0
0,0,7,9,0,12,36,65,81,92,89,77,75,68,68,67,68,60,29,8,0,0,0,0,0,0
7,10,14,19,12,52,62,78,94,110,118,111,111,103,101,106,99,81,62,44,10,9,50,11,0,0
13,15,23,26,14,55,69,94,114,126,133,125,118,111,108,106,108,98,78,56,13,51,58,50,10,0
20,19,50,52,50,59,74,105,128,136,140,139,123,111,120,122,108,96,76,62,35,12,52,35,12,7
32,32,50,52,55,63,79,104,134,148,152,153,138,113,130,130,114,98,77,63,50,34,22,10,15,12
34,40,53,58,58,63,85,107,131,142,147,152,140,112,134,128,113,97,79,63,53,25,13,12,10,7
40,50,54,58,62,69,89,113,130,139,150,145,138,127,139,125,106,96,79,66,52,53,50,12,46,35
38,48,54,58,62,73,84,98,118,116,121,115,97,88,109,104,102,96,80,63,52,21,34,41,50,33
23,43,55,60,63,68,73,93,95,102,99,92,86,84,97,96,93,83,69,56,36,16,11,6,0,10
13,28,37,41,42,58,65,67,80,88,76,78,73,70,84,83,76,70,58,42,17,20,13,11,0,8
11,16,46,46,53,58,59,62,71,70,69,67,72,70,84,71,80,68,59,35,0,12,11,7,0,7
9,14,45,37,50,53,55,57,66,63,65,66,64,67,77,67,69,70,57,38,8,11,11,7,0,7
9,13,25,15,25,39,52,53,57,59,61,62,60,64,73,66,67,67,57,18,0,11,9,0,0,0
8,9,13,12,14,20,18,30,50,56,55,59,56,61,70,66,64,59,52,14,0,7,6,7,0,0
6,0,6,9,9,11,12,17,50,54,53,55,56,58,65,65,61,58,38,10,5,0,7,6,0,0
0,0,0,7,0,8,10,18,50,53,53,53,54,55,62,60,59,56,14,10,0,0,0,0,0,0
0,0,0,0,0,0,8,14,35,51,50,51,52,53,58,59,58,53,11,0,0,0,0,0,0,0
0,7,0,0,0,0,10,13,34,50,45,51,50,52,61,56,57,52,19,7,0,0,0,0,0,0
0,5,0,6,0,10,10,11,28,33,41,42,30,50,56,54,54,42,14,0,0,0,0,0,0,0
0,0,0,0,0,7,10,13,28,32,25,43,27,38,53,54,57,52,29,7,0,0,0,0,0,0
5,0,0,0,6,8,8,13,40,50,50,50,14,37,55,57,65,64,37,7,0,0,0,0,0,0
0,0,0,0,0,9,7,13,20,25,51,51,50,17,54,58,58,59,36,7,0,0,0,0,0,0
0,6,0,6,0,8,7,7,37,32,40,59,55,11,55,61,57,60,51,8,0,0,0,0,0,0
0,6,0,7,8,9,7,10,0,11,50,55,56,12,53,57,59,57,50,9,0,0,0,0,0,0
0,5,5,0,5,0,0,0,5,12,22,35,13,12,53,59,62,57,35,6,0,0,0,0,0,0
0,0,3,0,0,0,0,0,10,10,11,26,12,14,51,59,62,58,32,8,0,0,0,0,0,0
0,0,0,6,0,0,0,11,11,6,17,26,14,23,51,59,63,62,38,10,6,0,6,0,5,0
10,12,43,53,51,59,58,72,84,106,124,101,115,101,95,94,92,90,80,69,55,53,52,50,14,10
12,10,42,52,56,63,62,79,92,109,109,99,116,114,114,105,102,100,91,79,62,57,58,52,21,11
22,12,35,54,61,62,61,70,72,87,106,109,129,120,114,103,102,102,94,80,67,57,58,55,40,14
12,24,33,51,55,57,53,55,75,92,101,98,129,110,111,111,105,99,88,70,58,51,55,50,29,12
10,21,37,53,53,13,7,56,72,90,98,95,102,102,108,103,94,90,77,62,51,45,53,35,15,10
11,12,10,52,56,58,18,58,71,90,92,84,93,101,106,101,89,86,72,59,36,47,52,42,17,11
10,0,17,55,53,53,11,62,86,92,108,108,113,110,108,106,93,81,69,55,32,41,52,50,14,11
0,13,52,88,61,56,40,63,78,110,114,115,116,111,117,112,94,84,70,55,47,47,53,50,23,9
9,25,53,72,73,57,57,68,78,110,121,114,120,111,113,114,94,85,67,56,50,50,54,56,36,10
7,10,45,54,52,20,50,70,85,98,109,109,115,102,105,106,90,81,67,52,14,14,50,51,21,10
0,6,15,50,31,37,13,63,77,93,108,106,102,87,96,88,84,71,61,40,13,10,14,21,10,0
7,8,10,37,20,14,52,60,76,88,93,95,90,80,79,82,78,67,59,14,13,10,14,13,10,0
0,0,9,25,13,15,51,61,75,88,90,85,83,77,79,80,76,74,61,22,0,0,10,0,0,0
0,0,7,8,0,12,36,66,81,93,89,77,76,69,68,67,68,59,29,8,0,0,0,0,0,0
7,9,15,19,11,52,62,79,94,111,118,111,111,103,100,106,100,81,62,42,10,9,50,11,0,0
13,15,21,28,14,55,69,94,114,127,133,125,118,110,108,106,108,98,78,56,14,51,58,47,10,0
18,17,50,52,50,60,75,105,128,137,140,138,123,110,119,122,108,95,76,63,32,12,52,37,12,7
30,28,50,52,55,63,79,105,135,149,152,152,137,112,130,130,115,97,77,62,50,36,22,10,16,12
34,40,52,57,58,64,85,107,131,142,148,153,140,111,133,128,113,97,79,63,53,23,13,11,10,7
39,50,54,58,61,69,89,113,130,139,150,145,138,127,140,125,106,97,79,65,51,53,50,12,48,38
37,45,54,59,62,73,84,98,117,116,121,115,97,88,109,104,102,96,80,63,52,20,30,39,50,33
23,43,55,60,63,68,73,93,95,102,100,91,86,83,97,96,93,83,69,56,32,16,11,6,0,10
13,29,38,41,41,58,66,67,80,88,76,78,73,71,84,83,76,70,58,42,16,20,13,11,0,9
11,18,46,46,53,58,59,62,72,69,69,67,72,70,84,71,80,68,58,33,0,12,11,7,0,7
10,14,41,37,50,53,54,58,66,63,65,65,64,67,77,67,69,70,57,36,8,11,11,7,0,7
10,13,25,15,27,39,52,53,57,59,61,62,60,64,73,67,66,67,57,18,0,11,9,0,0,0
8,10,13,12,14,21,16,32,50,56,55,58,56,61,69,67,64,60,52,13,0,7,6,7,0,0
6,0,6,9,9,11,12,20,50,54,53,55,56,57,64,65,62,58,36,10,4,0,7,6,0,0
0,0,0,8,0,8,10,18,50,53,53,53,54,56,62,61,59,56,14,9,0,0,0,0,0,0
0,0,0,0,0,0,8,14,35,51,50,51,51,53,58,60,58,53,12,0,0,0,0,0,0,0
0,7,0,0,0,0,10,13,31,51,40,51,50,53,61,56,57,52,17,7,0,0,0,0,0,0
0,5,0,6,0,10,10,11,28,35,41,42,30,50,55,53,54,43,14,0,0,0,0,0,0,0
0,0,0,0,0,7,10,13,28,32,25,42,30,38,53,55,57,52,29,7,0,0,0,0,0,0
5,0,0,0,6,8,8,13,40,50,50,50,17,40,55,57,65,64,37,7,0,0,0,0,0,0
0,0,0,0,0,9,7,13,22,27,52,51,50,15,53,58,58,59,36,7,0,0,0,0,0,0
0,6,0,6,0,8,7,7,35,35,40,58,55,11,55,61,58,60,51,8,0,0,0,0,0,0
0,7,0,7,8,9,7,10,7,11,50,55,56,11,53,57,59,57,50,9,0,0,0,0,0,0
0,5,5,0,5,0,0,0,5,13,19,32,13,12,53,59,62,57,35,6,0,0,0,0,0,0
0,0,4,0,0,0,0,0,10,10,11,25,12,14,51,59,62,59,30,8,0,0,0,0,0,0
0,0,0,6,0,0,0,11,11,6,17,25,14,25,51,60,63,62,38,10,6,0,6,0,5,0
11,12,44,53,51,58,58,72,83,106,124,102,115,101,95,94,93,90,79,69,55,54,52,50,13,10
12,10,41,53,56,63,61,79,92,109,110,99,117,115,114,105,102,100,92,79,62,57,58,52,23,11
22,11,38,54,61,62,61,71,72,87,106,109,129,121,114,103,102,103,94,80,67,56,58,55,38,15
12,23,33,51,55,57,53,55,75,92,102,99,129,110,111,111,105,99,89,71,58,52,55,50,29,13
10,19,35,53,53,13,6,57,72,90,98,96,102,102,108,102,94,90,77,62,51,47,53,35,14,10
12,11,10,53,56,58,16,57,71,90,92,84,93,101,106,101,90,86,72,58,30,44,51,42,15,11
11,0,21,55,53,54,11,62,86,91,108,108,113,110,108,105,93,80,70,55,32,47,52,50,14,12
0,13,52,88,62,56,31,63,78,110,114,115,116,111,116,111,95,83,71,55,47,50,52,51,23,9
9,23,54,73,75,57,56,68,78,111,121,115,119,111,113,114,95,84,67,56,46,50,54,57,33,10
7,10,45,53,53,20,50,70,84,97,109,109,115,102,105,106,90,81,67,52,14,14,50,51,21,10
0,6,15,50,34,40,13,63,77,93,108,106,102,87,96,89,84,72,61,43,13,10,14,21,10,0
6,8,10,42,18,14,51,60,76,88,92,95,90,81,80,82,78,67,58,14,13,11,14,13,10,0
0,0,9,25,13,17,51,61,75,88,90,85,83,77,79,80,76,73,61,20,0,0,10,0,0,0
0,0,7,9,0,12,35,66,81,93,90,77,76,68,68,67,68,59,30,8,0,0,0,0,0,0
7,9,14,19,11,52,62,79,94,112,119,111,111,102,100,106,99,81,62,39,10,9,50,11,0,0
13,14,25,32,14,55,69,94,113,127,134,125,118,111,108,106,108,97,77,55,14,51,58,50,9,0
18,17,50,52,50,60,74,105,128,136,141,139,123,110,118,122,109,96,76,63,30,13,52,37,12,7
30,30,50,52,54,63,78,105,135,149,154,151,137,113,130,129,114,97,77,63,50,36,21,10,15,12
34,40,53,58,58,64,85,107,131,142,149,153,140,111,133,128,113,97,79,63,52,23,13,11,10,7
41,50,54,59,61,69,89,112,130,139,151,145,138,127,139,124,106,97,79,65,52,54,50,13,46,38
38,44,54,58,62,73,83,98,118,117,121,115,97,88,109,104,102,95,81,63,52,20,32,39,50,36
19,42,55,60,63,68,73,93,95,102,100,91,86,83,97,96,93,83,69,55,32,15,11,6,0,10
13,28,38,42,41,58,65,67,80,88,76,78,74,71,83,83,76,70,58,42,16,20,13,11,0,9
11,16,45,47,53,58,59,63,71,69,69,67,72,70,83,71,80,68,59,35,0,12,12,7,0,7
9,15,39,39,50,53,54,58,66,63,65,66,64,67,76,67,69,70,58,36,8,11,11,7,0,7
10,13,25,17,27,39,51,53,57,60,61,62,59,64,73,66,67,67,57,16,0,11,9,0,0,0
8,10,13,12,14,20,16,30,50,55,56,58,56,61,69,66,64,60,52,13,0,7,6,7,0,0
6,0,6,9,9,11,11,22,50,54,53,55,56,58,64,65,62,58,40,10,4,0,7,6,0,0
0,0,0,8,0,8,10,18,50,53,53,52,55,56,62,61,59,56,14,9,0,0,0,0,0,0
0,0,0,0,0,0,8,14,35,51,50,51,51,53,59,60,58,53,12,0,0,0,0,0,0,0
0,6,0,0,0,0,10,13,36,51,40,51,50,53,61,57,57,52,19,7,0,0,0,0,0,0
0,5,0,6,0,10,10,10,28,35,41,45,32,50,55,53,54,45,15,0,0,0,0,0,0,0
0,0,0,0,0,7,10,13,27,32,27,39,30,39,53,55,57,52,30,7,0,0,0,0,0,0
6,0,0,0,6,8,8,13,37,50,50,50,17,40,54,57,65,64,37,8,0,0,0,0,0,0
0,0,0,0,0,9,0,13,22,27,52,51,50,17,53,58,58,59,38,7,0,0,0,0,0,0
0,6,0,6,0,8,6,7,35,32,40,58,54,11,55,61,58,60,52,8,0,0,0,0,0,0
0,6,0,8,8,9,7,10,0,11,51,54,55,11,53,57,59,57,50,9,0,0,0,0,0,0
0,5,5,0,0,0,0,0,5,13,20,31,13,12,53,59,62,57,36,6,0,0,0,0,0,0
0,0,4,0,0,0,0,0,10,10,10,25,12,14,51,59,62,59,30,9,0,0,0,0,0,0
0,0,0,6,0,0,0,11,11,7,19,26,14,27,51,60,63,63,38,10,6,0,6,0,5,0
11,12,44,53,51,58,58,72,84,106,124,103,115,101,95,95,92,90,79,69,54,54,52,50,14,10
13,10,39,53,56,63,61,79,92,109,109,99,118,115,114,105,102,100,91,79,62,57,57,52,25,11
23,11,36,54,61,62,60,71,72,87,106,110,130,121,114,104,103,102,94,81,67,56,59,55,43,14
12,23,32,51,56,57,52,55,75,92,102,99,130,111,110,112,105,98,88,71,57,51,55,50,29,12
10,19,35,53,53,14,6,57,72,90,98,96,102,102,108,103,94,89,77,62,51,47,53,37,14,10
11,11,10,53,56,58,18,58,71,90,92,84,93,101,106,102,90,86,72,58,23,44,52,42,21,10
11,0,21,55,53,54,11,61,86,91,108,108,113,111,108,106,92,79,69,55,32,44,52,50,17,11
0,13,52,88,61,56,28,62,78,110,114,115,116,111,116,112,96,83,70,56,50,50,52,51,25,9
9,23,53,72,75,57,57,68,78,110,121,115,119,111,113,115,94,84,67,56,43,46,53,57,30,10
7,10,42,54,53,20,50,69,84,97,109,109,115,102,105,106,89,80,67,52,14,15,50,51,21,10
0,0,14,50,34,40,13,63,76,93,108,106,103,88,95,90,84,71,61,46,13,10,15,25,11,0
6,8,10,42,20,14,52,60,76,88,92,95,89,81,79,84,78,66,58,14,13,11,13,13,10,0
0,0,9,22,13,17,51,61,75,88,90,85,83,77,78,81,76,74,61,22,0,0,11,0,0,0
0,0,7,8,0,12,35,66,82,93,89,77,76,69,67,68,68,59,30,8,0,0,0,0,0,0
7,9,14,17,11,51,62,79,94,111,118,111,111,103,100,108,99,81,62,39,11,9,50,11,0,0
13,14,23,30,14,55,69,94,114,128,133,126,119,111,108,108,108,97,77,55,14,51,57,50,10,0
16,17,50,52,50,60,74,106,128,136,141,139,124,110,118,122,109,95,75,63,27,12,52,40,12,7
29,30,50,51,54,63,79,105,135,149,153,151,137,113,130,130,113,96,77,62,50,38,22,10,15,12
34,41,52,57,58,64,85,107,131,142,149,155,140,112,133,129,113,97,79,63,53,25,12,11,10,7
41,50,54,59,61,69,89,113,130,139,150,146,139,127,139,125,107,96,79,65,52,53,50,13,46,36
37,44,54,58,62,73,83,98,117,117,121,116,98,88,108,106,102,95,80,63,52,20,32,37,50,36
19,42,55,60,63,68,73,93,94,103,100,91,87,83,97,97,93,82,69,55,34,15,11,6,0,10
13,27,37,42,41,58,65,67,80,88,76,78,74,70,82,84,76,70,58,41,15,20,13,11,0,9
11,17,43,45,53,57,59,63,71,69,69,68,72,70,83,72,80,68,59,35,0,12,12,7,0,8
9,14,35,35,50,53,54,58,66,63,65,66,64,67,76,67,69,69,58,38,8,11,11,7,0,7
10,13,25,19,27,37,51,53,57,60,61,63,60,64,73,67,66,67,56,16,0,11,8,0,0,0
9,10,13,12,13,20,14,30,50,55,56,58,56,61,68,67,65,59,52,13,0,7,6,7,0,0
6,0,5,9,9,11,11,23,50,54,53,54,57,58,64,66,62,59,40,10,0,0,7,6,0,0
0,0,0,8,0,8,10,20,50,53,53,53,55,57,62,62,59,56,14,9,0,0,0,0,0,0
0,0,0,0,0,0,8,14,32,51,50,51,52,53,59,60,58,53,12,0,0,0,0,0,0,0
0,6,0,0,0,0,10,14,34,50,38,51,50,52,61,58,57,52,17,7,0,0,0,0,0,0
0,5,0,6,0,10,9,11,26,35,41,46,33,50,55,54,54,45,15,0,0,0,0,0,0,0
0,0,0,0,0,7,10,13,27,33,26,39,31,39,53,55,57,51,30,7,0,0,0,0,0,0
5,0,0,0,6,8,8,12,40,50,50,50,22,42,54,57,65,63,32,8,0,0,0,0,0,0
0,0,0,0,0,8,0,14,20,25,51,51,50,17,53,59,58,59,36,7,0,0,0,0,0,0
0,6,0,6,0,8,6,7,32,30,35,58,54,12,55,62,58,60,51,8,0,0,0,0,0,0
0,6,0,8,8,9,7,10,0,11,51,54,55,11,53,58,59,57,50,9,0,0,0,0,0,0
0,5,5,0,0,0,0,0,5,13,20,27,13,12,53,60,62,57,38,6,0,0,0,0,0,0
0,0,4,0,0,0,0,0,10,10,9,26,12,16,51,60,62,59,30,9,0,0,0,0,0,0
0,0,0,6,0,0,0,11,11,7,17,27,15,31,50,61,63,62,36,10,6,0,6,0,5,0
11,12,45,53,51,58,58,72,84,106,124,102,114,101,94,95,92,90,79,69,54,54,52,50,14,9
13,10,39,53,56,63,62,79,92,109,109,99,118,114,113,105,102,100,91,78,62,57,58,51,21,11
26,11,38,54,61,62,61,70,72,87,106,109,129,121,113,104,102,102,94,81,67,57,58,54,43,15
12,22,33,51,56,57,53,55,76,92,102,99,130,110,110,112,105,98,87,71,57,52,54,50,27,12
10,19,37,53,52,14,6,57,73,90,98,96,102,102,107,103,94,89,77,62,51,47,53,35,14,9
11,11,10,52,55,58,18,57,71,90,92,84,93,102,105,102,90,86,72,59,25,47,52,40,19,10
11,0,23,54,53,54,12,60,86,91,108,108,113,111,108,106,92,79,69,55,37,41,52,47,15,11
0,13,52,88,61,56,37,62,78,110,113,115,117,111,115,112,95,83,70,56,47,50,52,51,25,9
9,21,53,73,75,55,57,68,79,111,120,115,119,111,112,114,94,84,68,56,43,50,53,57,27,9
8,10,42,54,54,22,50,69,84,97,109,109,115,103,104,106,90,79,68,52,14,17,51,51,21,9
0,0,14,50,37,37,13,62,76,93,108,107,102,88,94,89,84,71,62,46,13,10,17,30,11,0
7,8,10,42,18,14,52,60,76,88,93,95,90,81,78,84,78,66,58,14,13,11,13,14,10,0
0,0,9,20,13,19,51,61,76,88,90,85,83,77,77,81,76,74,61,17,0,0,10,0,0,0
0,0,7,8,0,13,36,66,82,93,89,77,76,68,67,68,68,59,30,8,0,0,0,0,0,0
7,10,13,15,11,52,62,80,94,111,117,111,111,103,100,108,99,81,62,38,11,9,50,11,0,0
13,14,23,32,14,55,69,94,114,128,133,126,118,110,107,108,108,97,77,55,14,51,57,47,10,0
16,17,50,52,50,60,75,105,129,137,140,139,122,110,118,122,109,95,75,63,27,12,51,37,11,7
30,30,50,51,54,63,79,106,136,149,154,151,137,113,130,130,113,97,77,63,51,40,21,10,17,12
35,40,52,57,58,64,85,107,131,142,149,155,139,112,132,129,113,97,79,62,53,25,12,12,10,7
40,50,54,59,61,69,89,112,130,139,150,146,139,127,139,126,106,96,79,65,51,53,50,13,46,35
37,44,54,58,62,73,83,98,118,117,121,116,98,89,108,106,102,95,80,63,52,20,30,37,50,33
20,42,54,60,63,68,73,92,95,103,100,91,87,83,97,97,93,82,70,55,32,16,11,6,0,10
13,26,37,41,40,58,65,66,80,88,76,77,74,70,82,84,75,70,57,41,15,20,14,10,0,9
11,16,44,46,53,57,59,63,71,69,69,68,72,70,83,72,80,68,59,35,0,12,12,7,0,7
9,15,35,35,50,53,54,58,66,63,65,65,64,67,76,68,69,69,57,36,8,11,11,8,0,7
10,13,25,21,27,37,51,53,57,60,61,62,60,64,73,68,66,67,56,18,0,11,9,5,0,0
9,10,13,12,13,21,15,30,50,56,56,58,55,61,68,67,64,60,53,13,0,7,6,7,0,0
6,0,6,9,9,11,12,23,50,54,54,53,56,58,64,66,62,59,40,10,4,0,6,6,0,0
0,0,0,7,0,8,10,20,50,53,53,53,55,57,62,62,59,56,15,9,0,0,0,0,0,0
0,0,0,0,0,0,8,14,32,51,50,51,52,53,59,60,58,53,12,0,0,0,0,0,0,0
0,6,0,0,0,0,10,14,40,50,36,51,50,52,61,57,57,53,17,7,0,0,0,0,0,0
0,5,0,6,0,10,10,10,26,35,41,46,33,50,55,54,54,46,15,0,0,0,0,0,0,0
0,0,0,0,0,7,10,13,28,34,26,38,31,39,53,56,57,51,29,7,0,0,0,0,0,0
5,0,0,0,6,8,9,12,47,50,50,51,25,42,54,58,64,63,32,8,0,0,0,0,0,0
0,0,0,0,0,8,7,13,20,25,51,51,50,15,53,59,58,59,36,6,0,0,0,0,0,0
0,5,0,6,0,8,6,7,35,30,32,58,54,12,55,63,58,60,52,8,0,0,0,0,0,0
0,6,0,8,8,8,7,10,0,11,51,54,55,11,52,58,59,57,50,9,0,0,0,0,0,0
0,5,5,0,5,0,0,0,5,13,25,26,13,12,53,60,62,57,38,6,0,0,0,0,0,0
0,0,4,0,0,0,0,0,10,10,9,26,12,15,51,60,63,59,29,8,0,0,0,0,0,0
0,0,0,6,0,0,0,11,12,7,17,28,15,31,50,60,63,62,35,10,6,0,6,0,5,0
11,12,45,53,51,58,59,72,84,106,123,102,114,101,95,95,92,90,79,69,54,54,52,50,14,9
13,10,39,52,56,63,62,79,92,109,109,99,118,114,113,104,102,100,91,79,62,57,57,51,23,10
25,11,40,54,60,62,61,70,73,87,107,109,129,121,113,104,103,102,94,81,67,57,58,55,43,15
12,21,35,51,55,57,52,55,75,92,102,100,130,110,110,112,105,99,87,71,56,52,54,50,23,12
10,19,40,53,52,14,6,57,73,90,99,96,102,102,107,102,94,89,77,62,51,50,53,40,15,9
12,11,10,52,55,58,20,57,71,90,92,85,93,103,105,101,90,86,72,58,23,50,51,40,15,10
11,0,23,54,53,54,12,60,86,91,108,108,113,111,108,106,92,79,69,56,37,44,52,50,17,10
0,13,52,88,61,56,37,63,79,110,114,116,117,110,116,112,95,83,70,55,50,51,52,51,30,8
9,20,53,74,76,55,58,68,79,110,120,115,119,111,112,113,94,84,68,56,43,50,53,57,27,9
8,10,42,54,54,22,50,69,84,96,109,109,115,102,104,106,90,80,67,53,14,17,50,52,21,9
0,0,15,51,34,37,13,61,76,93,108,107,103,88,93,89,84,71,62,46,13,11,17,30,11,0
6,8,10,42,16,14,52,59,76,87,93,96,90,80,78,84,78,67,58,14,13,11,14,14,10,0
0,0,9,20,13,17,51,62,76,88,90,85,83,77,77,81,76,73,62,22,0,0,10,0,0,0
0,0,7,8,0,12,37,66,82,92,89,78,76,68,66,68,68,59,30,8,0,0,0,0,0,0
7,10,13,15,11,52,63,80,94,110,117,112,111,103,100,108,98,81,62,36,11,9,50,11,0,0
14,13,23,32,14,55,69,94,114,126,133,126,119,110,107,108,108,97,77,55,14,51,57,45,10,0
16,19,50,52,50,60,75,105,129,136,141,140,122,110,117,122,109,95,75,63,27,13,51,40,12,7
29,30,50,51,54,63,79,105,137,148,154,152,137,113,129,130,113,97,77,63,51,38,22,10,17,12
35,43,52,57,58,64,85,107,131,142,149,155,139,111,132,128,113,97,79,63,53,25,13,12,11,7
40,50,54,58,61,69,90,112,131,139,151,147,140,127,139,125,106,96,79,65,52,53,50,13,48,33
37,44,54,58,62,73,84,98,119,116,121,116,98,88,108,106,102,95,80,63,52,18,32,39,50,31
20,42,54,59,63,68,73,92,94,102,101,92,87,83,96,97,93,82,70,55,36,16,11,7,0,10
12,26,37,40,41,58,65,66,80,88,77,78,74,70,82,84,76,69,57,41,16,20,15,10,0,9
11,17,44,46,53,57,59,63,71,69,68,68,72,70,83,72,81,68,59,35,0,12,12,7,0,7
9,16,39,35,50,53,54,57,66,62,65,66,64,67,76,68,70,69,57,36,7,11,11,7,0,7
10,13,25,19,27,37,51,53,57,60,61,63,60,64,73,68,67,67,56,18,5,11,8,5,0,0
9,10,13,12,13,21,15,28,50,55,56,59,56,61,68,67,64,60,52,13,0,6,6,7,0,0
6,0,6,9,9,11,11,22,50,53,54,54,56,58,64,66,62,58,40,10,5,0,6,6,0,0
0,0,0,7,0,8,10,18,50,53,53,53,55,56,62,62,59,56,14,9,0,0,0,0,0,0
0,0,0,0,0,0,8,14,32,50,50,51,52,53,58,60,58,53,12,0,0,0,0,0,0,0
0,6,0,0,0,0,11,14,43,50,45,52,50,52,61,58,57,53,19,7,0,0,0,0,0,0
0,5,0,6,0,10,10,11,26,33,37,46,35,50,55,54,54,46,15,0,0,0,0,0,0,0
0,0,0,0,0,7,10,14,28,33,28,38,32,39,53,55,58,52,29,7,0,0,0,0,0,0
5,0,0,0,6,8,9,12,47,50,50,51,22,40,54,58,64,64,32,8,0,0,0,0,0,0
0,0,0,0,0,8,7,13,17,23,51,51,50,14,53,59,58,59,38,7,0,0,0,0,0,0
0,6,0,6,0,8,6,7,35,25,32,58,54,12,55,62,58,60,52,8,0,0,0,0,0,0
0,6,0,8,8,9,7,10,0,11,51,54,54,11,52,58,59,57,50,9,0,0,0,0,0,0
0,5,5,0,0,0,0,0,5,13,28,25,13,12,53,60,62,57,38,6,0,0,0,0,0,0
0,0,4,0,0,0,0,0,10,10,8,26,12,15,50,60,63,59,30,9,0,0,0,0,0,0
0,0,0,6,0,0,0,11,12,6,17,29,17,31,50,60,63,62,33,10,6,0,6,0,5,0
11,12,47,53,51,58,59,72,84,105,124,102,114,101,95,95,92,91,80,69,54,54,52,50,14,9
13,10,41,52,56,63,62,79,92,108,108,99,118,113,113,105,102,101,90,79,62,57,57,51,25,10
25,11,39,54,61,63,61,70,74,87,107,109,129,121,113,104,102,102,95,81,67,57,58,55,45,15
12,20,33,51,55,57,53,55,76,92,102,100,130,109,110,113,105,99,87,71,57,52,54,51,25,12
10,19,40,53,52,14,7,57,73,90,98,96,102,102,107,102,94,89,77,63,51,47,53,37,16,9
12,11,10,52,56,59,21,57,71,89,93,85,93,103,105,102,89,87,72,58,30,50,52,40,17,10
10,0,19,54,53,54,12,60,86,91,108,108,113,110,108,106,92,80,69,56,37,38,52,50,19,9
0,13,52,88,60,56,37,63,79,109,113,116,116,110,116,112,94,84,70,55,50,50,53,51,27,8
9,21,53,73,75,55,58,68,80,110,120,115,119,111,112,113,94,85,68,56,50,50,53,57,27,9
8,10,45,54,55,22,51,68,85,97,108,109,115,102,104,106,89,80,67,53,14,17,51,52,23,9
0,0,15,51,31,37,13,60,76,93,108,107,102,88,94,88,83,71,62,46,13,11,17,36,11,0
7,8,10,37,18,14,52,60,76,88,92,96,89,79,78,84,78,67,59,14,13,11,13,14,10,0
0,6,9,20,13,15,51,62,76,88,90,85,83,77,77,81,76,73,62,20,0,0,10,0,0,0
0,0,7,8,0,12,38,66,82,91,88,79,76,68,66,68,68,59,29,8,0,0,0,0,0,0
7,10,14,15,12,52,63,80,94,110,116,112,111,103,100,107,98,81,62,39,12,9,50,12,0,0
14,14,20,30,15,55,69,94,115,126,133,125,119,110,107,107,108,97,77,55,14,51,57,47,10,0
18,19,48,51,50,59,75,105,129,136,141,140,122,111,118,122,108,95,75,63,30,13,52,40,12,7
29,30,50,51,54,63,79,106,137,149,152,152,137,112,130,130,113,97,77,63,51,38,22,10,17,12
34,41,52,57,58,64,85,107,131,142,148,155,139,111,133,128,113,97,79,63,53,25,13,13,11,7
40,50,54,58,61,69,90,113,130,139,150,146,139,126,139,125,106,96,80,65,51,53,50,14,48,33
36,44,54,58,62,73,84,99,119,116,121,116,97,88,107,105,102,95,80,63,52,20,32,42,50,30
23,43,54,59,63,68,73,93,95,102,100,92,86,83,96,97,93,82,70,56,38,16,12,7,0,10
12,26,37,40,41,58,65,66,80,88,76,78,74,69,83,84,75,69,57,41,16,20,14,10,0,9
11,18,45,43,53,57,59,63,71,69,68,68,72,70,83,72,80,68,59,31,0,12,12,7,0,7
10,16,39,33,50,53,54,57,66,62,65,65,64,67,76,68,69,70,57,34,8,11,11,7,0,7
9,13,25,17,25,35,51,53,57,59,61,63,61,64,73,68,66,67,56,20,6,11,8,5,0,0
9,10,13,12,13,23,15,30,51,56,56,58,55,61,68,67,64,60,53,14,0,6,6,7,0,0
6,0,6,9,10,11,12,23,50,53,54,55,56,58,64,65,62,58,40,10,5,0,6,6,0,0
0,0,0,7,0,8,10,21,50,52,53,53,55,56,62,61,59,56,14,10,0,0,0,0,0,0
0,0,0,0,0,0,8,14,30,50,50,51,52,53,59,60,58,53,12,0,0,0,0,0,0,0
0,7,0,0,0,0,10,14,38,50,45,52,50,52,61,57,57,53,15,8,0,0,0,0,0,0
0,5,0,6,0,10,10,11,26,35,37,46,32,50,55,54,54,46,14,0,0,0,0,0,0,0
0,0,0,0,0,7,10,14,27,34,27,39,31,38,53,55,57,52,30,7,0,0,0,0,0,0
5,0,0,0,6,8,9,13,50,50,50,51,20,37,54,58,64,64,32,7,0,0,0,0,0,0
0,0,0,0,0,8,7,13,15,25,51,51,50,14,53,59,58,59,38,7,0,0,0,0,0,0
0,6,0,6,0,8,6,7,37,25,32,57,54,11,55,63,58,60,52,8,0,0,0,0,0,0
0,6,0,7,8,9,7,9,0,11,50,54,54,11,53,58,59,57,50,9,0,0,0,0,0,0
0,5,0,0,5,0,0,0,5,14,31,25,12,12,53,60,62,57,38,6,0,0,0,0,0,0
0,0,4,0,0,0,0,0,10,10,8,26,12,14,50,60,63,59,32,8,4,0,0,0,0,0
0,0,0,6,0,0,0,11,12,6,19,29,17,27,50,60,63,63,35,10,6,0,6,0,5,0
