34,43,59,161,455,285,162,96,84,86,90,88,91,87,84,85,78,73,69,71,76,98,121,83,61,58
13,13,44,91,164,118,103,69,65,64,64,72,76,79,81,74,65,62,60,60,58,60,69,58,52,39
10,11,25,57,60,56,13,12,10,10,57,68,74,76,69,63,60,55,51,50,50,53,54,51,14,13
6,11,13,25,32,45,0,0,0,12,58,62,69,68,68,68,61,51,33,29,22,50,47,23,11,10
7,10,11,11,12,0,0,0,0,14,61,64,62,67,72,64,58,27,21,13,35,50,42,23,10,11
9,8,9,0,8,9,13,0,8,8,53,57,65,74,68,66,58,56,53,14,47,50,46,15,11,12
0,0,0,0,8,14,21,0,11,50,66,72,76,80,78,70,58,55,47,17,50,50,44,14,10,0
0,0,0,0,9,27,19,0,0,40,75,78,82,88,87,76,62,58,51,53,51,51,52,17,9,0
0,0,0,0,10,27,15,0,12,63,77,83,89,94,90,85,63,60,54,52,51,52,52,14,12,0
0,0,0,0,7,15,12,0,13,60,78,90,96,96,90,79,64,61,57,51,51,50,37,14,10,8
0,0,0,0,0,7,8,0,14,59,72,82,89,88,76,68,61,56,50,34,17,36,30,10,8,6
0,0,0,0,0,0,9,0,12,57,66,74,76,77,69,65,61,51,47,13,17,15,14,11,8,0
0,0,0,0,0,0,7,0,10,53,61,65,69,68,65,65,53,50,30,15,13,15,33,8,0,0
0,0,0,0,0,0,0,0,0,36,53,52,53,48,38,41,14,10,0,0,0,0,0,0,0,0
0,0,0,0,0,10,11,0,28,61,66,72,68,65,64,68,59,53,41,33,31,46,51,20,14,7
0,0,0,0,0,6,13,8,50,76,75,77,71,71,77,66,61,54,51,44,50,53,55,31,12,6
0,8,8,9,0,9,43,19,55,74,78,81,76,71,71,74,65,58,54,52,53,55,55,45,14,6
5,0,8,11,7,25,51,40,60,79,87,90,86,77,73,82,71,63,58,56,57,58,57,51,33,10
7,0,0,8,10,43,57,51,70,83,91,100,95,84,83,84,74,65,64,61,62,60,58,52,46,17
8,6,8,0,9,16,53,54,74,87,101,107,95,92,80,70,66,65,64,65,65,62,60,55,50,13
9,6,0,0,12,52,52,56,73,84,99,107,92,87,74,67,65,68,67,70,70,69,65,56,50,33
10,0,9,8,17,53,54,53,75,90,99,100,98,92,73,73,62,65,66,68,67,67,63,56,51,29
9,13,20,11,26,43,51,50,70,90,108,111,109,90,69,77,58,60,61,64,64,65,60,50,41,36
10,10,13,13,20,45,50,47,70,87,102,99,98,85,71,69,62,62,64,67,68,68,66,57,42,29
0,10,11,13,9,38,45,45,66,83,102,95,89,81,67,64,57,61,64,65,69,69,66,58,51,28
0,0,7,9,27,13,43,33,62,79,92,96,89,77,62,60,51,57,62,66,69,70,65,58,51,23
7,10,10,7,20,20,35,15,56,71,88,93,87,74,61,59,39,50,62,66,69,75,70,57,50,19
7,0,7,11,11,17,11,11,53,69,87,93,85,70,58,55,50,14,56,68,73,76,71,55,36,12
0,0,0,0,10,10,16,11,51,71,90,92,82,66,59,54,18,27,54,61,74,78,88,70,56,21
0,8,7,7,23,38,42,13,52,72,132,121,83,67,60,56,52,14,53,62,73,77,96,84,58,50
7,11,8,10,12,16,47,18,54,80,140,164,86,70,64,59,53,50,55,59,69,75,81,68,54,31
0,6,5,10,7,14,25,11,44,60,97,111,68,58,52,48,23,10,22,39,53,61,62,56,30,11
0,0,0,0,0,12,13,12,19,46,76,69,58,51,22,31,9,11,14,36,54,53,52,41,16,9
0,0,0,0,9,10,11,8,11,53,67,64,55,52,20,15,0,8,8,13,52,52,51,19,10,7
0,0,4,0,9,11,9,0,12,51,64,60,52,50,18,9,5,0,0,13,51,47,41,13,9,0
0,0,0,0,0,9,8,0,9,47,59,56,50,25,14,0,0,0,0,12,25,29,32,11,8,0
0,5,0,0,9,7,0,0,0,27,55,53,31,25,11,0,0,0,6,10,23,25,16,9,7,5
0,4,0,0,6,0,0,0,0,10,51,43,13,14,12,8,6,7,0,6,14,18,14,9,0,0
0,0,5,0,0,0,0,0,0,11,48,46,21,13,11,9,0,0,0,5,13,14,14,10,8,5
0,0,0,6,0,0,0,0,0,12,35,36,19,13,12,8,0,0,6,0,13,14,14,9,9,5
35,42,59,168,461,283,160,96,84,85,89,88,91,87,84,85,77,73,68,70,76,98,119,83,61,58
13,13,44,92,166,118,102,69,65,64,64,72,77,79,81,74,65,62,60,60,58,60,68,57,52,39
10,10,23,56,60,56,12,11,10,10,57,68,74,76,69,63,59,55,51,50,50,52,54,51,14,12
6,11,13,23,34,45,0,0,0,13,58,62,69,68,69,68,61,51,33,34,22,50,47,21,11,9
7,11,11,11,12,0,0,0,0,17,61,64,63,69,73,65,59,32,21,13,35,47,46,21,10,11
9,8,9,0,9,10,14,0,7,10,54,60,68,76,70,67,59,57,52,14,50,50,50,14,11,12
0,6,0,0,8,14,21,0,12,52,68,74,79,81,79,71,58,56,50,20,50,50,41,14,10,0
0,0,0,0,9,33,21,0,0,51,75,79,83,89,89,77,63,58,51,54,51,50,52,15,10,0
0,0,0,0,11,30,14,0,13,66,77,84,92,96,92,86,63,60,54,53,51,52,52,14,11,0
0,0,0,0,7,15,13,0,14,62,79,91,98,98,91,80,63,62,57,51,51,43,34,13,11,9
0,0,0,0,0,7,8,0,15,60,73,83,90,89,76,69,61,55,50,37,21,33,30,10,9,6
0,0,0,0,0,0,9,0,12,57,66,75,77,77,69,66,61,52,47,14,19,14,14,11,8,0
0,0,0,0,0,0,8,0,10,54,61,66,70,69,65,66,53,51,30,17,13,14,30,8,0,0
0,0,0,0,0,0,0,0,0,40,54,53,54,50,40,44,14,9,0,0,0,0,0,0,0,0
0,0,0,0,0,10,11,0,31,62,67,73,69,66,64,68,59,53,41,33,30,44,51,17,14,7
0,0,0,0,0,0,13,7,50,77,75,77,71,72,77,66,61,54,51,44,50,53,54,27,11,6
0,8,8,9,0,9,40,17,56,75,79,82,77,71,71,74,65,58,54,53,53,54,54,37,14,6
6,0,8,11,7,23,51,40,60,80,87,91,87,77,73,83,71,63,58,56,57,58,57,51,33,10
7,0,0,7,10,36,56,51,70,84,91,101,96,84,83,83,74,66,64,61,62,59,56,52,46,17
8,7,8,0,10,16,53,54,74,87,101,108,95,93,80,70,66,65,64,65,65,61,59,54,50,13
9,6,0,0,13,52,52,56,73,85,99,107,93,87,74,67,64,69,67,70,70,69,64,56,50,31
10,0,9,8,15,53,54,53,75,91,98,100,98,92,73,72,62,65,66,69,67,66,63,56,51,29
9,13,20,11,26,44,51,50,71,91,108,111,109,91,69,77,58,61,61,65,64,65,60,50,40,35
10,10,13,13,18,46,50,46,70,87,102,99,98,85,71,69,62,62,64,67,68,68,66,57,41,29
0,10,11,13,10,40,47,47,65,83,102,95,89,81,67,63,58,60,63,66,69,69,65,58,51,26
0,0,7,9,29,13,41,33,62,79,92,96,89,77,63,60,51,57,62,66,69,70,65,57,51,21
8,10,10,7,20,20,33,14,56,71,88,93,88,74,61,59,39,50,62,67,69,74,69,57,50,17
7,0,7,11,11,15,12,11,53,70,86,93,85,70,58,55,43,14,56,68,73,76,71,55,36,12
0,0,0,0,10,10,16,11,51,71,89,91,83,66,59,54,16,27,54,61,74,78,89,69,56,21
0,8,7,7,23,40,42,13,52,72,132,120,83,67,60,55,52,14,53,62,73,77,94,83,58,50
7,11,8,10,12,16,41,18,53,79,138,161,85,70,64,58,53,50,54,59,69,75,80,67,54,31
0,6,5,10,7,14,25,10,42,59,97,110,68,58,52,46,23,10,18,38,53,61,61,55,32,10
0,0,0,0,0,12,13,12,19,48,76,68,58,51,20,31,9,11,14,36,53,53,51,38,16,10
0,0,0,0,9,10,11,8,11,53,67,64,55,52,20,14,0,8,8,13,52,51,51,15,10,7
0,0,0,0,9,10,10,0,12,51,64,60,53,50,15,9,5,0,0,13,52,41,41,13,9,0
0,0,0,0,6,9,8,0,9,50,59,56,50,27,14,0,0,0,0,12,27,25,32,10,8,0
0,5,0,0,9,7,0,0,0,27,54,53,34,27,12,0,0,0,6,10,21,23,17,8,7,0
0,4,0,0,6,0,0,0,0,10,51,42,13,15,12,9,6,8,0,6,15,15,14,9,0,0
0,0,5,0,0,0,0,0,0,11,46,48,22,13,11,9,0,5,0,5,13,14,13,10,8,5
0,0,0,6,0,0,0,0,0,12,34,35,20,12,12,8,0,0,6,0,13,14,14,8,9,6
34,43,59,173,463,284,161,96,84,85,89,88,90,87,84,85,77,73,69,69,77,97,118,83,61,58
13,13,44,93,166,118,102,69,65,64,64,72,76,78,81,73,66,62,60,60,58,60,69,57,52,37
9,10,24,56,61,56,12,11,10,10,57,68,73,76,69,63,59,54,50,50,50,52,54,51,14,12
6,11,13,23,34,45,0,0,0,12,59,62,68,68,68,67,61,50,31,31,20,50,47,21,11,9
7,11,11,11,12,0,0,0,0,19,61,64,63,69,73,66,59,35,23,14,35,50,46,20,10,11
9,8,10,0,9,10,16,0,8,10,54,59,67,76,70,67,60,57,52,14,50,50,50,17,12,13
0,0,0,0,8,14,21,0,13,52,68,75,78,80,79,71,59,56,50,20,50,47,47,14,10,0
0,0,0,0,9,36,19,0,7,52,75,79,82,89,88,77,63,58,50,53,52,51,51,15,9,0
0,0,0,0,11,36,15,0,14,66,77,85,92,96,91,86,64,60,54,52,51,52,52,17,12,0
0,0,0,0,7,15,13,0,14,62,78,91,98,97,89,80,63,61,56,51,51,46,37,13,11,8
0,0,0,0,0,7,8,0,20,60,73,83,90,89,75,69,62,55,51,34,23,36,27,10,9,6
0,0,0,0,0,0,9,0,13,57,66,74,77,77,69,66,61,52,50,14,21,15,13,11,7,0
0,0,0,0,0,0,8,0,11,54,61,66,70,69,65,66,54,50,30,17,14,14,27,8,0,0
0,0,0,0,0,0,0,0,0,40,54,53,54,50,40,44,15,9,0,0,0,0,0,0,0,0
0,0,0,0,0,10,12,0,31,63,67,73,69,66,64,68,59,53,41,35,31,46,51,20,13,7
0,0,0,0,0,0,13,8,50,77,76,77,71,72,77,66,61,54,52,44,50,53,54,27,11,0
0,8,8,9,0,9,46,17,56,75,79,82,77,71,71,74,65,58,54,53,54,54,54,35,14,6
6,0,8,11,7,23,51,44,60,80,88,91,88,77,73,83,71,63,58,57,57,58,56,50,33,10
7,0,0,7,10,36,56,51,71,84,91,101,96,84,83,83,74,65,64,61,62,59,56,52,42,17
8,7,8,0,10,16,52,54,74,88,102,108,96,92,80,70,66,65,64,65,65,61,59,54,50,13
9,5,0,0,13,52,52,56,73,85,99,106,93,87,74,67,65,69,67,71,69,69,64,56,50,31
11,0,8,8,14,53,54,54,75,91,98,100,98,92,73,72,62,65,66,69,67,66,62,56,50,29
9,14,21,11,26,46,51,50,71,91,108,111,109,90,68,77,58,61,61,64,65,65,60,50,40,34
9,10,13,13,18,47,50,46,70,88,102,98,98,85,70,68,62,62,64,68,68,68,66,57,40,28
0,10,12,13,10,40,43,47,66,83,102,96,89,81,66,63,58,60,63,66,69,69,66,58,51,26
0,0,7,9,29,13,39,35,62,79,92,95,90,77,62,60,51,57,62,66,69,69,65,57,51,20
8,10,10,7,22,20,33,15,56,71,88,93,87,74,61,59,37,50,62,66,69,75,69,57,50,17
7,0,7,11,11,14,12,11,53,70,86,92,85,70,58,55,45,13,56,68,73,76,70,55,34,12
0,0,0,0,10,10,16,11,51,71,89,91,83,66,59,54,14,25,54,61,75,78,88,69,56,20
0,8,7,7,25,40,45,13,52,71,131,120,83,67,60,55,52,14,53,61,73,76,94,82,58,48
7,11,8,9,11,16,41,18,53,79,137,160,85,70,63,58,52,50,54,58,69,75,79,67,53,31
0,5,5,10,7,14,22,10,46,59,97,109,68,58,52,43,25,10,17,37,53,60,61,55,30,10
0,0,0,0,0,11,13,11,19,47,76,69,58,50,20,31,9,10,13,36,54,53,51,35,15,10
0,0,0,0,9,10,11,8,11,53,67,64,55,51,17,14,0,8,8,13,51,51,51,14,10,7
0,0,4,0,9,10,10,0,12,51,64,60,53,47,14,10,5,0,0,13,51,41,38,13,9,0
0,0,0,0,6,9,8,0,9,50,59,56,50,27,14,0,0,0,0,12,27,23,30,10,7,0
0,5,0,0,9,7,0,0,0,25,55,53,36,25,12,0,0,0,7,9,23,25,16,9,7,0
0,5,0,0,6,0,0,0,0,10,51,42,13,14,12,9,6,8,0,6,14,15,13,9,0,0
0,0,5,0,0,0,0,0,0,11,45,42,22,13,11,9,0,6,0,5,13,14,14,10,8,5
0,0,0,6,0,0,0,0,0,13,34,35,22,12,12,8,0,0,6,0,12,14,14,9,8,5
35,42,58,175,460,284,163,96,84,84,89,88,90,87,84,85,77,73,70,69,77,96,117,83,61,57
13,13,44,94,162,118,101,68,65,63,64,72,77,78,81,73,66,62,60,60,57,60,69,57,52,39
10,10,23,56,60,56,12,11,10,9,57,68,73,75,68,63,59,55,50,50,50,52,53,51,14,12
7,11,13,25,32,43,0,0,0,13,58,62,69,68,68,67,61,50,27,34,20,50,45,21,10,9
8,11,11,12,12,0,0,0,0,17,61,64,63,69,73,66,59,37,21,14,35,45,44,20,10,11
9,8,9,0,9,10,16,0,8,10,53,59,68,76,70,67,60,58,52,15,50,50,50,17,12,13
0,0,0,0,8,14,21,0,13,52,67,75,79,81,80,71,59,56,50,20,50,44,44,15,10,0
0,0,0,0,8,38,19,0,7,52,74,79,83,89,88,78,63,58,50,54,51,51,51,17,9,0
0,0,0,0,10,36,15,0,14,67,76,85,93,97,92,87,64,61,54,52,51,53,52,17,11,0
0,0,0,0,7,14,13,0,14,62,79,92,99,97,90,83,63,62,56,52,51,43,40,13,11,9
0,0,0,0,0,7,8,0,20,60,72,83,90,89,76,69,63,55,50,37,23,33,22,10,8,6
0,0,0,0,0,0,9,0,13,57,66,75,77,77,70,66,61,52,47,14,19,14,13,12,7,0
0,0,0,0,0,0,8,0,10,54,61,66,70,69,65,66,54,51,32,15,13,14,27,8,0,0
0,0,0,0,0,0,0,0,0,39,54,53,54,50,40,44,14,9,0,0,0,0,0,0,0,0
0,0,0,0,0,10,12,0,31,63,66,73,70,66,64,69,59,53,41,35,33,42,50,20,14,7
0,0,0,0,0,0,13,8,50,77,75,76,72,72,77,67,61,54,52,44,50,52,53,21,11,0
6,8,8,9,0,9,46,15,56,75,79,82,77,71,71,75,65,59,54,53,53,54,53,30,14,6
6,0,8,11,7,23,51,42,60,80,87,92,88,77,73,83,72,63,58,57,57,58,56,50,33,10
8,0,0,7,10,38,56,51,71,84,90,101,96,84,82,83,74,65,64,61,62,59,56,51,41,16
8,7,8,0,10,16,53,54,73,87,102,107,95,93,80,70,66,66,64,65,65,61,59,54,50,13
9,0,0,0,13,52,52,55,74,85,98,106,93,87,73,67,65,69,67,71,69,69,64,55,50,31
11,0,9,8,14,53,54,53,75,90,98,100,98,92,73,72,62,65,66,69,67,65,62,56,50,29
9,13,22,11,25,46,51,50,71,91,107,112,109,91,68,77,57,61,61,65,65,64,60,50,41,33
10,10,13,12,18,48,50,47,70,87,101,98,98,86,70,68,62,62,64,68,68,68,67,57,40,28
0,10,12,13,10,43,43,47,66,83,102,95,89,81,66,63,58,59,63,65,69,68,65,57,50,26
0,0,7,9,29,13,41,32,62,80,91,96,90,77,62,60,51,57,62,66,69,69,65,57,51,18
8,10,10,7,19,18,31,14,56,71,88,93,87,74,61,58,33,50,62,66,69,74,68,57,50,21
7,0,7,11,11,15,12,11,53,69,86,92,85,70,58,56,43,13,56,68,73,75,70,55,32,11
0,0,0,0,10,10,16,11,51,71,89,91,83,66,58,54,18,25,53,61,75,77,88,69,56,18
0,8,7,7,25,40,47,13,52,71,131,120,83,66,60,55,52,14,53,62,72,76,94,83,58,50
8,10,8,9,11,18,44,16,53,79,137,160,85,70,63,58,52,50,54,58,68,74,79,67,53,29
0,5,5,10,6,14,20,10,42,59,96,109,67,58,52,45,25,10,15,35,53,60,61,54,30,10
0,0,0,0,0,11,13,11,19,48,76,69,59,50,22,30,9,11,13,38,54,53,51,36,15,10
0,0,0,0,9,10,12,8,11,53,66,64,55,51,17,14,0,8,8,13,52,51,50,14,10,7
0,0,0,0,8,11,10,0,12,51,63,60,53,50,14,10,6,0,0,14,51,36,44,13,9,0
0,0,0,0,6,9,8,0,8,50,59,56,50,30,14,0,0,0,0,12,25,21,30,10,7,0
0,5,0,0,9,8,0,0,0,23,54,53,38,23,12,0,0,0,7,9,19,23,16,9,6,5
0,5,0,0,6,0,0,0,0,10,51,42,13,14,12,10,7,8,0,6,14,14,13,9,0,0
0,0,5,0,0,0,0,0,0,12,45,44,23,13,11,9,0,6,0,5,13,13,14,10,8,5
0,0,0,6,0,0,0,0,0,13,32,36,25,12,12,8,0,0,6,0,12,13,14,9,8,0
36,42,58,175,459,283,163,96,84,84,88,88,90,87,84,85,77,73,70,69,77,96,116,83,60,58
13,13,44,94,162,118,101,68,64,63,64,72,77,78,80,73,65,61,60,60,58,59,69,57,52,41
9,10,24,56,60,56,12,11,10,9,57,68,73,75,68,63,59,55,50,50,50,52,53,50,14,12
7,11,13,25,32,43,0,0,0,13,58,62,69,68,67,66,61,50,29,34,20,50,45,21,10,9
8,10,11,11,12,0,0,0,0,19,61,64,63,69,73,66,59,37,23,14,35,45,44,20,10,11
9,8,10,0,9,11,20,0,8,10,53,59,68,76,69,67,60,58,52,15,50,50,50,15,11,12
0,7,0,0,7,14,23,0,13,53,68,75,79,80,79,71,60,56,51,22,50,41,41,15,10,0
0,0,0,0,8,38,19,0,8,53,74,80,82,89,88,77,63,58,50,53,51,51,51,17,9,0
0,0,0,0,10,38,15,0,14,67,77,85,93,98,91,86,64,61,54,52,51,52,52,17,12,0
0,0,0,0,8,14,13,0,14,62,79,92,100,97,90,82,64,61,56,51,51,43,43,13,11,8
0,0,0,0,0,7,7,0,25,60,73,83,90,89,75,68,63,55,51,37,27,30,22,10,8,6
0,0,0,0,0,0,9,0,13,57,66,74,77,78,69,66,61,52,50,14,23,14,12,12,7,0
0,0,0,0,0,0,8,0,10,55,62,66,70,70,65,66,54,51,35,15,13,14,30,8,0,0
0,0,0,0,0,0,0,0,0,40,54,53,55,50,38,43,14,10,0,0,0,0,0,0,0,0
0,0,0,0,0,10,12,0,32,62,66,73,70,66,65,68,59,53,42,35,35,41,50,19,13,7
0,0,0,0,0,0,13,8,50,77,75,76,71,72,77,67,61,54,53,44,50,52,53,21,11,0
6,8,8,9,0,9,40,14,56,75,79,82,77,72,70,75,65,59,55,53,54,54,53,27,14,6
5,0,7,11,7,21,51,40,60,81,87,92,88,77,73,83,72,63,58,57,57,58,56,50,30,10
7,0,0,6,10,36,56,51,71,84,90,101,96,84,83,84,74,65,64,61,62,59,56,51,39,16
8,7,9,0,10,15,53,53,73,87,102,108,95,93,79,70,66,66,64,65,65,61,59,54,50,13
9,0,0,0,13,52,52,55,73,85,98,105,94,87,73,66,65,69,67,71,70,69,64,56,50,33
11,0,9,8,13,53,54,53,74,90,98,100,97,92,73,72,62,65,66,69,68,66,62,56,50,29
10,13,22,10,25,46,51,50,71,91,107,112,109,91,67,76,57,61,62,64,65,64,60,50,39,33
10,10,13,13,18,47,50,46,70,88,101,98,98,86,70,67,62,63,64,68,69,68,67,57,39,29
0,10,12,13,10,40,43,47,66,83,102,95,89,81,66,62,58,60,63,65,69,68,65,58,50,28
0,0,7,10,29,13,39,32,62,80,90,95,89,78,63,60,51,57,63,66,69,69,65,57,50,21
7,10,10,7,20,18,29,14,56,71,88,93,87,74,60,58,31,50,62,66,68,74,68,57,50,19
7,0,8,11,11,14,12,10,53,70,86,92,85,70,58,55,45,13,56,68,73,75,71,55,32,11
0,0,0,0,10,10,14,11,51,71,89,91,83,66,58,53,18,21,54,61,75,77,88,69,55,18
0,8,7,7,25,38,45,13,52,71,131,120,83,67,59,55,52,14,53,62,72,76,94,83,57,50
7,10,8,9,11,18,44,15,53,78,137,159,85,69,63,58,52,50,54,58,68,74,78,66,53,31
0,5,5,10,6,14,19,10,42,59,97,108,67,58,52,45,23,9,14,35,53,59,60,54,28,10
0,0,0,0,0,11,13,11,19,47,76,69,59,50,20,30,9,11,12,39,54,54,51,35,16,10
0,4,0,0,9,10,12,8,11,53,66,64,55,51,15,14,0,8,8,13,52,51,50,14,11,7
0,0,5,0,8,11,10,0,12,51,64,60,53,50,14,9,6,0,0,14,52,38,44,13,9,0
0,0,0,0,6,9,8,0,8,50,59,56,50,32,14,0,0,0,0,12,30,21,27,10,8,0
0,5,0,0,9,8,0,0,0,25,54,53,38,25,12,0,0,0,7,9,21,21,15,9,6,5
0,5,0,0,6,0,0,0,0,10,51,42,13,15,12,10,7,8,0,6,14,14,13,8,0,0
0,0,5,0,0,0,0,0,0,12,45,44,23,13,11,10,0,6,0,5,14,13,13,10,8,5
0,0,0,6,0,0,0,0,0,13,32,36,23,12,12,8,0,6,6,0,12,13,14,8,8,0
37,42,58,176,458,282,163,97,84,84,89,88,90,87,83,85,77,73,70,70,77,96,115,83,60,58
13,13,44,94,160,118,101,69,64,63,64,72,76,78,80,73,66,61,59,60,58,59,69,57,51,41
10,10,26,56,60,56,12,10,10,9,57,68,72,75,68,62,59,54,50,50,50,51,53,50,14,12
7,11,13,26,32,43,0,0,0,13,58,62,68,69,67,66,62,50,29,31,22,50,47,17,10,10
8,10,11,12,12,0,0,0,0,15,61,65,63,69,73,66,59,37,25,14,37,43,42,16,10,11
9,8,10,0,9,11,20,0,9,9,54,59,68,77,69,67,61,58,52,16,50,47,50,15,11,13
0,7,0,0,7,15,25,0,13,53,68,76,79,81,80,71,60,56,51,22,50,41,41,17,10,0
0,0,0,0,8,36,21,0,8,52,75,80,82,89,88,77,64,59,51,53,51,50,50,15,9,0
0,0,0,0,10,38,17,0,14,66,78,85,93,98,91,85,65,60,55,52,51,51,52,19,11,0
0,0,0,0,7,14,13,0,15,62,80,93,100,97,91,82,65,62,56,51,51,40,43,13,11,8
0,0,0,0,0,7,7,0,25,61,73,84,90,89,75,68,63,55,51,40,23,25,22,9,8,6
0,0,0,0,0,0,9,0,13,58,66,75,77,77,70,66,63,52,50,14,17,14,12,12,7,0
0,0,0,0,0,0,8,0,10,55,63,67,69,69,65,65,55,51,32,15,12,14,33,8,0,0
0,0,0,0,0,0,0,0,0,42,54,53,55,50,38,40,16,10,0,0,0,0,0,0,0,0
0,0,0,0,0,10,12,0,34,62,66,73,69,66,65,68,60,54,42,36,35,42,50,20,13,8
0,5,0,0,0,0,13,8,50,77,76,77,72,72,77,66,62,54,53,44,50,51,53,23,11,0
6,8,8,9,0,9,43,15,56,75,79,82,77,71,71,75,66,58,55,53,53,54,53,30,14,6
6,0,7,11,7,21,51,42,60,80,87,92,87,78,73,83,73,63,58,57,57,57,56,50,30,11
8,0,0,7,10,34,56,51,71,83,91,101,96,84,83,84,74,65,64,61,62,58,57,51,37,15
8,7,9,0,10,14,53,53,73,87,102,107,95,93,79,70,67,66,65,65,64,61,59,54,50,14
9,0,0,0,13,52,52,55,74,85,98,105,93,87,73,66,66,69,68,71,69,69,64,55,48,31
11,0,9,8,13,53,54,53,74,90,98,100,98,92,73,72,62,66,66,69,68,66,62,56,50,27
9,13,22,10,25,46,51,50,71,90,108,112,109,91,67,76,57,60,62,64,65,63,60,50,40,33
10,10,13,12,18,47,50,46,69,88,101,98,98,86,70,67,62,63,64,68,69,67,66,57,39,28
5,10,12,13,9,40,40,47,66,83,102,95,89,81,66,61,58,60,64,65,69,68,65,57,50,28
0,0,7,10,27,13,41,33,62,80,91,95,90,78,63,60,53,57,63,66,69,68,65,57,50,21
7,10,10,7,20,16,29,15,56,71,88,93,87,74,60,58,39,50,62,67,68,74,68,57,50,19
8,0,7,11,11,14,12,10,53,69,86,92,85,70,59,55,50,14,56,68,73,75,71,55,32,11
0,0,0,0,10,10,14,11,51,70,89,91,83,66,58,53,23,17,54,61,74,76,88,69,55,20
0,9,7,7,21,38,45,13,52,70,131,120,83,67,59,55,53,14,53,62,72,75,94,83,57,50
8,10,8,9,10,16,50,15,53,78,138,159,85,69,63,58,53,50,54,58,68,74,78,66,53,31
0,5,5,10,6,14,19,10,42,59,97,108,67,58,52,43,26,10,15,36,53,59,60,54,28,10
0,0,0,0,0,10,13,11,19,46,76,69,59,50,22,28,10,12,13,38,54,53,51,35,17,10
0,0,0,0,9,9,12,8,11,52,67,64,55,52,15,14,0,8,8,13,52,51,50,14,11,7
0,0,5,0,8,10,10,0,12,51,64,61,53,50,14,9,6,0,0,14,51,36,44,13,9,0
0,0,0,0,6,9,8,0,8,50,59,57,50,35,14,0,0,0,0,12,30,21,27,9,8,0
0,5,0,0,9,7,0,0,0,25,54,53,38,25,12,0,0,0,7,9,21,21,15,9,6,5
0,5,0,0,6,0,0,0,0,10,51,44,13,15,12,10,7,8,0,6,15,14,14,8,0,0
0,0,5,0,0,0,0,0,0,11,46,46,22,14,11,10,0,7,0,5,14,13,14,11,8,5
0,0,0,5,0,0,0,0,0,13,34,38,25,12,12,8,0,0,6,0,12,13,14,9,9,5
37,43,58,176,458,281,163,96,84,85,88,87,89,87,84,85,77,73,70,70,76,95,115,83,60,58
13,14,44,94,159,118,101,68,63,63,64,72,76,77,79,73,65,61,59,60,58,60,69,57,51,39
10,10,26,56,60,56,12,10,10,9,56,68,72,75,68,62,59,54,50,47,47,51,53,50,13,12
7,11,13,25,31,43,0,0,0,13,58,62,68,68,67,65,61,50,31,29,22,50,47,17,10,9
8,10,12,11,12,0,0,0,0,15,61,65,63,69,73,65,59,37,23,14,39,43,37,18,10,11
9,8,10,0,9,11,20,0,8,9,54,60,68,77,69,67,60,57,52,18,47,50,50,15,11,13
0,7,0,0,7,15,25,0,13,54,68,76,79,82,79,71,60,56,51,22,50,47,30,15,10,0
0,0,0,0,8,36,23,0,8,53,74,81,82,90,89,77,64,59,51,52,51,50,50,15,9,0
0,0,0,0,10,33,17,0,14,67,78,85,93,98,93,85,65,61,54,51,51,51,52,19,11,0
0,0,0,0,8,15,14,0,17,63,80,94,100,97,91,82,65,62,56,51,51,37,37,14,11,8
0,0,0,0,0,7,7,0,25,61,74,84,90,89,76,68,63,56,51,43,23,22,25,10,8,6
0,0,0,0,0,0,8,0,13,58,66,75,77,77,70,66,63,53,50,13,17,14,12,12,7,0
0,0,0,0,0,0,8,0,10,55,63,67,69,69,65,65,55,51,37,15,12,14,30,8,0,0
0,0,0,0,0,0,0,0,0,42,54,52,55,48,38,40,16,10,0,0,0,0,0,0,0,0
0,0,0,0,0,10,12,0,34,62,66,73,69,66,65,68,60,54,42,35,31,42,50,19,13,8
0,6,0,0,0,0,13,8,50,77,75,77,71,72,77,66,62,54,53,50,50,52,54,23,11,0
7,8,8,9,0,9,37,17,56,75,79,82,76,71,71,75,66,59,55,53,53,54,53,30,13,6
6,0,7,11,7,20,50,36,60,80,87,91,88,78,74,84,73,63,59,57,57,57,56,50,28,10
8,0,0,7,10,34,56,51,71,83,90,101,96,84,82,84,74,66,64,61,62,58,57,51,35,15
8,7,9,0,10,14,53,53,74,87,102,108,94,93,79,70,66,66,65,65,64,61,58,54,50,13
9,0,0,0,13,52,52,55,74,84,99,106,93,87,73,65,65,69,68,71,69,69,64,55,46,28
11,5,9,8,13,53,54,53,74,90,97,100,98,92,73,72,62,66,66,69,68,66,62,56,50,27
10,13,21,10,23,46,51,50,71,90,107,112,108,91,67,76,57,60,62,64,64,63,60,50,39,32
10,10,13,13,16,47,50,48,69,87,100,98,98,85,69,67,62,63,64,67,68,67,66,56,39,28
5,10,12,14,9,43,45,47,66,83,101,95,89,80,66,61,58,60,64,65,69,68,65,57,50,25
0,0,7,10,27,13,41,33,62,80,91,95,89,78,63,60,52,56,63,66,69,69,65,57,50,20
7,10,10,7,20,18,29,14,56,70,88,93,87,74,60,58,39,50,62,66,68,73,68,57,50,19
8,0,8,11,11,17,12,10,53,69,86,93,84,70,59,55,50,14,56,68,73,75,71,55,32,11
0,0,0,0,10,10,14,11,51,71,88,91,82,66,58,53,21,21,54,61,74,77,87,69,55,20
0,9,7,8,19,40,42,13,52,71,131,121,82,67,59,55,53,14,53,62,72,76,94,83,57,50
8,10,8,9,11,16,50,15,54,78,138,159,84,69,63,57,53,50,54,58,68,74,78,66,53,31
0,5,5,10,6,14,23,10,42,59,96,107,66,58,52,43,23,10,16,35,52,59,60,54,26,10
0,0,0,0,0,11,13,11,20,46,76,68,59,50,22,28,9,12,13,38,54,53,51,36,15,9
0,0,0,0,9,10,12,8,11,53,66,63,54,51,17,14,0,8,8,13,52,51,50,14,11,7
0,0,5,0,7,11,10,0,12,51,63,61,53,50,14,9,6,0,0,13,51,38,38,13,9,0
0,0,0,0,6,9,8,0,8,50,59,57,47,35,14,0,0,0,0,12,27,23,23,9,7,5
0,5,0,0,9,8,0,0,0,25,54,53,36,23,12,0,0,0,7,9,19,20,15,8,6,5
0,4,0,0,6,0,0,0,0,10,51,44,13,16,12,10,7,8,0,6,15,14,13,9,0,0
0,0,5,0,0,0,0,0,0,12,45,46,20,14,12,10,0,7,0,5,14,13,13,11,8,5
0,0,0,6,0,0,0,0,0,13,32,38,22,12,12,8,0,6,6,0,12,13,14,8,9,0
38,43,59,178,458,281,164,97,84,85,88,87,90,86,84,85,77,73,70,70,76,95,114,83,60,58
13,14,44,95,160,118,101,69,64,64,64,72,75,77,79,73,65,61,59,60,58,60,69,57,51,39
10,10,26,56,60,55,12,10,9,10,56,68,71,74,67,62,59,54,50,50,47,52,53,50,13,12
7,11,13,23,31,43,0,0,0,13,58,62,67,68,67,65,61,50,31,29,20,50,45,15,11,9
8,10,12,11,12,0,0,0,0,15,61,65,62,68,73,65,59,32,23,14,39,45,37,16,10,11
9,8,9,0,9,11,20,0,8,9,54,60,68,76,69,67,60,57,52,16,50,50,50,14,11,12
0,7,0,0,7,15,25,0,13,54,68,75,78,81,79,71,60,56,51,25,51,50,27,14,10,0
0,0,0,0,8,33,25,0,9,52,75,81,82,89,89,76,63,58,51,52,51,51,50,15,9,0
0,0,0,0,10,33,15,0,14,67,79,85,92,98,93,85,65,60,54,51,51,51,52,19,11,0
0,0,0,0,7,15,14,0,17,63,80,92,98,97,91,81,66,62,56,51,50,37,40,13,11,8
0,0,0,0,0,7,8,0,25,61,74,83,90,89,76,68,62,56,50,40,23,25,27,9,8,6
0,0,0,0,0,0,8,0,13,58,67,74,77,77,69,66,63,52,50,13,17,14,13,11,7,0
0,0,0,0,0,0,8,0,10,55,63,66,69,69,66,65,54,51,37,17,12,14,27,8,0,0
0,0,0,0,0,0,0,0,0,42,54,52,54,48,38,41,15,10,0,0,0,0,0,0,0,0
0,0,0,0,0,10,12,0,34,62,66,73,69,66,65,68,60,54,44,35,31,42,50,16,13,7
0,6,0,0,0,0,13,8,50,77,75,76,71,72,77,66,62,54,53,50,50,52,54,25,12,0
6,8,8,9,0,9,40,21,56,75,79,82,76,71,71,75,66,58,56,53,53,54,53,25,13,6
6,0,7,11,7,20,50,42,60,80,87,90,88,78,73,85,72,63,59,57,57,57,55,50,26,10
7,0,0,7,10,38,56,51,71,83,91,100,95,84,82,84,74,65,64,61,63,58,56,50,33,15
8,7,9,0,9,14,52,53,73,87,101,108,95,93,79,70,66,65,65,65,64,61,58,53,50,13
9,0,0,6,12,52,52,56,73,85,99,106,93,87,73,65,65,69,68,71,69,69,64,55,42,28
10,0,9,8,13,53,54,53,74,90,98,100,98,92,73,71,63,66,66,69,68,66,62,55,50,25
9,13,21,11,24,45,51,50,70,90,107,111,108,91,67,76,57,61,62,64,65,64,60,49,39,33
10,9,13,13,15,47,50,50,69,88,100,98,98,85,69,67,62,62,65,67,68,67,66,56,39,28
5,10,12,13,10,43,47,45,66,84,101,95,89,80,66,62,58,60,64,65,69,68,65,57,50,25
0,0,7,10,29,13,39,39,62,80,91,95,89,77,63,59,52,56,63,66,69,69,65,57,50,16
8,10,10,7,23,18,31,14,56,71,88,93,87,74,60,58,41,50,62,67,69,74,68,57,50,17
8,0,7,11,11,17,12,10,53,69,86,92,84,70,59,54,50,14,56,69,73,75,71,55,32,12
0,0,0,0,11,10,15,11,51,70,88,91,81,66,58,53,20,19,54,61,74,78,87,68,55,20
0,9,7,8,19,40,45,13,52,71,131,121,82,67,59,55,53,14,53,62,72,76,94,82,57,48
8,11,8,9,11,15,50,16,54,78,137,157,84,68,63,57,53,50,54,58,68,74,78,65,53,31
0,6,5,10,6,14,25,10,42,59,96,107,66,57,52,41,25,10,16,38,52,60,60,54,26,10
0,0,0,0,0,11,13,11,22,47,76,68,58,50,22,28,9,12,13,39,53,54,51,35,15,9
0,4,0,0,9,10,12,8,12,53,67,63,55,51,17,14,0,8,9,13,52,51,51,15,10,7
0,0,5,0,8,11,10,0,12,51,64,60,52,50,15,8,6,0,0,14,51,41,36,12,8,0
0,0,0,0,6,9,8,0,8,50,59,56,45,32,14,0,0,0,0,12,27,27,21,10,7,0
0,5,0,0,9,8,0,0,0,25,55,53,34,21,12,0,0,0,7,9,21,23,15,8,6,0
0,4,0,0,6,0,0,0,0,11,51,42,13,16,12,10,7,8,0,6,14,15,13,9,4,0
0,0,5,0,0,0,0,0,0,12,45,46,20,13,12,10,0,7,0,5,14,13,13,10,7,5
0,0,0,6,0,0,0,0,0,13,35,35,20,12,12,7,0,0,6,0,12,13,13,8,9,5
38,43,59,180,456,281,164,97,84,84,88,87,90,85,84,85,77,73,69,70,76,95,114,83,60,56
13,14,42,95,160,118,100,69,64,63,64,72,75,76,79,72,65,61,59,60,57,60,68,57,51,29
10,10,26,56,61,56,12,10,10,9,57,67,71,74,67,62,59,54,50,50,47,52,53,50,13,11
7,11,13,23,31,43,0,0,0,12,58,62,67,67,66,65,60,50,29,29,22,47,45,15,10,8
8,11,12,12,13,0,0,0,0,17,61,65,62,68,73,66,59,30,21,14,39,43,37,15,10,9
9,8,9,0,9,10,20,0,9,8,54,59,68,76,69,68,59,57,52,18,50,50,50,14,12,11
0,7,0,0,8,14,23,0,13,54,68,75,78,82,78,71,60,56,50,25,50,50,30,13,9,0
0,0,0,0,8,36,23,0,9,52,75,80,82,89,89,77,64,58,51,52,51,51,50,17,9,0
0,0,0,0,10,33,15,0,14,67,79,85,93,97,93,86,64,60,54,51,51,51,52,21,11,0
0,0,0,0,8,15,14,0,17,62,80,91,99,97,91,82,65,63,56,51,50,37,34,13,11,7
0,0,0,0,0,7,8,0,22,61,74,83,91,89,76,68,63,57,50,37,21,22,25,9,8,6
0,0,0,0,0,0,8,0,13,58,66,75,77,77,69,66,63,52,50,13,15,14,13,11,0,0
0,0,0,0,0,0,8,0,10,55,62,66,69,69,66,65,54,51,32,17,12,14,30,8,0,0
0,0,0,0,0,0,0,0,0,39,54,52,54,47,40,40,16,10,0,0,0,0,0,0,0,0
0,0,0,0,0,10,12,0,32,62,66,72,69,66,64,68,60,54,42,33,28,44,50,15,13,6
0,5,0,0,0,0,13,9,50,77,75,77,71,72,77,66,62,54,52,50,47,52,53,21,12,0
7,8,8,9,0,9,37,21,56,75,78,83,76,71,71,75,66,58,55,53,53,54,52,25,13,5
6,0,8,12,8,20,50,46,60,80,87,90,88,78,73,85,72,63,58,57,57,57,55,50,26,10
7,0,0,6,10,40,56,51,71,83,91,100,95,84,82,83,74,65,64,61,62,58,56,50,33,13
8,7,9,0,10,14,52,53,73,87,101,107,95,93,79,70,67,65,65,66,64,61,58,53,48,13
9,6,0,7,12,52,52,56,73,85,99,107,93,87,73,66,65,69,68,71,69,69,64,55,41,23
10,0,9,8,13,53,54,54,74,90,98,100,98,92,72,71,63,66,66,69,67,67,62,55,50,18
10,13,21,11,23,45,51,50,70,91,108,111,108,91,67,75,57,61,62,65,64,65,60,48,39,31
10,9,13,13,16,47,50,50,69,88,101,98,98,85,69,67,62,62,64,67,68,67,65,56,39,25
6,9,12,14,9,43,45,45,66,83,101,95,89,80,66,62,58,61,64,66,69,68,65,57,50,20
0,0,7,10,27,13,39,41,61,80,92,95,89,77,62,59,51,56,62,66,69,68,65,57,50,14
8,10,10,8,22,20,31,15,56,70,88,92,87,74,60,58,43,50,62,67,69,73,68,56,48,14
8,0,7,11,11,19,12,11,53,69,86,93,85,70,59,54,50,14,56,68,73,76,70,55,32,11
0,0,0,0,11,10,15,11,51,70,87,91,81,66,58,53,18,21,54,62,74,78,87,68,55,14
0,8,7,8,15,43,45,13,52,71,131,122,83,66,60,55,53,14,53,62,72,76,94,82,57,42
8,11,8,9,10,16,50,16,54,78,137,158,84,68,63,57,53,50,54,58,68,74,78,65,53,25
0,6,5,10,6,15,25,10,42,59,96,106,67,57,52,40,25,10,16,37,52,60,60,54,26,9
0,0,0,0,0,12,13,11,20,47,76,68,58,50,23,28,9,12,13,38,53,53,51,36,15,8
0,4,0,0,8,10,11,8,12,53,67,63,55,51,17,14,0,8,8,14,52,50,51,15,10,6
0,0,5,0,8,11,10,0,12,51,63,60,52,50,15,8,6,0,0,14,51,38,38,13,9,0
0,0,0,0,0,9,8,0,9,47,59,56,47,35,14,0,0,0,0,12,25,25,23,10,7,0
0,5,0,0,8,8,0,0,0,25,55,53,34,25,11,0,0,0,7,9,19,23,16,8,6,0
0,5,0,4,6,0,0,0,0,10,51,42,13,16,12,10,7,8,0,5,15,15,13,9,4,0
0,0,5,0,0,0,0,0,0,12,45,46,20,13,12,10,0,7,0,5,13,13,13,10,8,0
0,0,0,6,0,0,0,0,0,13,34,36,20,12,11,8,0,0,6,0,12,13,13,9,9,0
36,44,59,180,457,281,164,96,84,85,88,87,90,86,84,85,76,73,70,70,76,95,114,83,61,56
13,14,44,95,160,118,100,69,64,63,63,71,75,76,79,72,64,61,59,60,57,60,68,57,51,27
10,10,24,56,61,55,13,10,10,9,56,67,71,74,67,62,58,53,50,50,47,52,52,50,14,11
7,11,13,22,30,42,0,0,0,13,58,61,67,67,65,65,60,47,29,31,20,43,43,15,10,8
7,11,12,11,12,0,0,0,0,19,61,65,62,68,73,65,58,30,23,14,37,45,35,18,10,9
9,8,9,0,9,11,20,0,9,9,54,60,68,76,69,67,59,57,52,21,50,50,50,14,11,10
0,7,0,0,8,15,25,0,13,54,68,75,78,81,77,71,59,56,50,27,47,50,27,13,9,0
0,0,0,0,8,33,23,0,8,52,76,80,82,89,88,76,63,58,51,52,51,51,50,15,9,0
0,0,0,0,10,30,15,0,14,67,79,86,93,97,92,86,63,60,54,51,50,52,52,17,12,0
0,0,0,0,8,17,14,0,17,62,79,91,98,97,90,81,64,62,56,51,50,40,34,13,11,7
0,0,0,0,0,7,8,0,27,61,74,83,92,89,76,68,62,56,50,37,21,27,22,9,8,5
0,0,0,0,0,0,9,0,13,58,66,74,77,77,69,66,62,52,47,13,19,14,12,11,7,0
0,0,0,0,0,0,8,0,10,55,61,66,68,69,66,65,53,51,32,17,12,14,27,8,0,0
0,0,0,0,0,0,0,0,0,39,54,52,54,50,38,40,14,10,0,0,0,0,0,0,0,0
0,0,0,0,0,10,12,0,31,62,66,72,69,65,64,69,59,54,44,35,30,44,50,14,13,6
0,5,0,0,0,6,14,9,50,77,75,77,71,72,76,67,61,54,52,50,47,52,53,19,12,0
7,8,8,9,0,9,37,19,55,75,79,83,76,72,71,76,66,59,56,54,53,54,52,21,14,0
6,0,8,12,8,18,50,44,59,80,87,90,89,77,73,85,72,63,58,57,57,57,55,50,26,9
7,0,0,6,9,45,55,51,71,83,91,100,96,84,82,84,74,66,64,61,63,58,56,50,33,13
8,7,9,0,10,18,52,54,73,87,101,107,95,93,78,70,66,65,64,66,64,61,59,53,50,12
9,6,0,7,12,52,52,55,73,85,99,107,93,87,73,66,65,69,68,71,69,69,64,54,41,25
10,0,8,8,13,53,54,54,74,90,97,99,98,91,73,71,62,66,66,69,67,66,62,54,50,18
9,13,21,11,24,46,51,50,70,91,108,111,108,91,66,75,56,61,62,65,65,65,59,47,38,30
10,9,13,13,16,48,50,50,70,87,101,98,97,85,69,67,61,62,64,67,68,68,65,56,40,25
5,10,12,14,9,45,47,43,66,83,101,95,89,81,65,62,57,60,64,66,70,69,65,57,50,21
0,0,7,10,29,13,41,39,62,80,91,95,89,77,62,60,50,57,62,66,69,69,64,57,50,14
8,10,10,7,20,21,31,14,56,70,88,92,86,74,60,58,37,50,62,67,69,73,68,56,48,14
8,0,7,11,11,19,12,11,53,69,86,93,85,70,58,55,47,14,56,69,73,76,70,55,28,11
0,0,0,0,11,10,15,11,51,70,87,91,82,66,58,53,15,27,54,62,74,78,87,68,55,14
0,8,7,8,17,40,45,13,52,71,131,122,83,67,59,56,52,14,53,62,72,76,94,81,57,42
7,11,8,9,10,15,50,16,54,78,136,158,84,68,62,57,52,50,54,58,68,74,78,65,53,23
0,6,5,10,6,15,25,10,42,59,96,105,67,57,52,41,19,10,15,36,52,60,60,54,23,9
0,0,0,0,0,12,14,11,20,47,76,68,58,50,22,29,9,12,13,39,53,53,51,35,14,8
0,4,0,0,8,10,11,8,11,53,67,63,55,51,17,14,0,8,9,14,52,51,50,15,10,6
0,0,5,0,7,11,10,0,12,51,64,60,52,50,14,8,5,0,0,14,51,41,33,12,9,0
0,0,0,0,0,9,8,0,9,50,58,56,50,35,14,0,0,0,0,12,23,27,19,10,7,0
0,5,0,0,9,8,0,0,0,27,54,53,36,25,11,0,0,0,7,9,19,25,14,8,6,0
0,5,5,0,6,0,0,0,0,10,51,40,13,16,12,10,6,8,0,5,14,14,13,9,0,0
0,0,6,0,0,0,0,0,0,12,46,46,22,13,11,10,0,7,0,5,13,13,13,10,8,0
0,0,0,6,0,0,0,0,0,12,32,35,20,12,11,8,0,0,6,0,12,13,13,9,8,0
37,45,59,181,459,280,163,97,84,85,89,87,90,85,82,85,76,72,70,70,76,95,115,83,61,56
13,14,44,96,160,118,100,70,64,62,64,71,75,76,79,72,64,61,59,61,57,59,68,57,51,27
10,10,24,56,61,55,12,11,9,8,57,67,71,74,67,61,58,53,51,50,50,52,52,50,14,11
7,11,13,23,31,42,0,0,0,12,57,61,67,67,65,65,60,45,29,36,20,40,41,17,10,8
8,11,12,12,12,0,0,0,0,15,61,65,63,68,73,66,58,32,23,15,35,45,39,15,10,9
9,8,9,0,9,11,18,0,8,9,54,59,67,76,69,66,59,57,52,20,50,50,50,14,12,10
0,6,0,0,8,15,23,0,13,53,68,75,78,81,77,72,59,56,50,27,47,50,33,13,9,0
0,0,0,0,8,33,21,0,8,51,76,80,82,88,88,77,62,58,51,53,51,51,51,17,9,0
0,0,0,0,10,30,15,0,14,66,79,85,92,96,92,86,64,61,54,52,50,52,52,15,12,0
0,0,0,0,8,15,13,0,17,61,79,90,98,97,90,81,64,63,56,51,50,43,40,13,11,7
0,0,0,0,0,7,8,0,30,60,73,82,92,89,75,68,62,56,50,37,21,27,20,9,8,0
0,0,0,0,0,0,9,0,13,57,67,74,77,77,69,66,63,52,47,13,17,14,12,11,7,0
0,0,0,0,0,0,7,0,11,55,61,65,69,69,66,65,53,51,30,20,12,14,30,8,0,0
0,0,0,0,0,0,0,0,0,37,55,52,54,50,40,38,14,11,0,0,0,0,0,0,0,0
0,0,0,0,0,10,11,0,31,61,66,72,69,66,64,69,59,54,45,35,31,44,50,14,13,6
0,0,0,0,0,6,14,9,50,77,75,77,71,72,76,67,61,54,52,50,50,52,53,15,12,0
7,8,8,10,0,9,37,19,55,74,79,83,76,72,71,76,66,59,56,54,53,54,52,19,14,0
6,0,8,12,8,20,50,48,59,79,87,91,88,77,73,85,72,63,58,57,57,57,56,46,28,9
8,0,0,7,9,43,55,51,70,83,91,100,96,84,82,84,74,66,64,61,63,58,56,50,33,13
8,7,9,0,10,18,52,54,73,86,102,106,95,93,78,70,66,65,65,66,64,62,59,54,48,13
9,5,0,8,12,52,52,55,73,84,99,106,94,87,73,66,65,69,68,71,70,69,64,54,37,26
10,0,8,8,13,53,54,54,74,90,98,99,98,91,73,71,62,65,66,69,67,66,62,55,50,16
9,13,20,11,24,45,51,50,70,90,108,111,108,91,66,75,57,61,61,65,65,65,60,47,39,31
10,9,13,13,16,47,50,47,69,87,101,98,97,85,69,67,61,62,64,68,68,68,65,56,40,25
0,10,12,14,9,45,47,43,65,83,101,95,89,81,65,62,57,60,63,65,70,69,65,57,48,20
0,0,7,10,27,13,39,41,61,80,92,95,89,77,62,60,51,57,62,66,68,68,64,57,50,14
8,10,10,7,20,21,31,15,56,70,88,92,86,74,60,57,37,50,63,67,69,73,68,56,46,13
8,0,7,11,11,19,12,11,52,69,86,92,85,70,58,55,50,14,56,69,73,76,71,55,30,11
0,0,0,0,11,10,15,11,51,70,87,91,82,66,58,53,18,25,54,62,74,78,87,68,55,14
0,8,7,8,19,43,47,13,52,71,131,122,83,66,59,55,52,15,53,62,72,76,94,81,57,40
8,11,8,9,10,16,50,18,53,77,136,157,84,68,62,57,52,50,55,59,68,74,78,65,53,23
0,6,5,10,6,15,25,10,41,59,96,105,67,57,52,40,21,10,15,38,52,60,60,54,23,9
0,0,0,0,0,12,13,12,22,46,77,67,58,50,23,31,9,12,13,40,53,53,52,33,17,8
0,4,0,0,8,10,11,8,11,53,67,63,54,51,15,14,0,8,9,13,52,51,51,14,10,6
0,0,4,0,7,10,10,0,12,50,64,60,52,50,14,8,5,0,0,14,51,41,38,12,9,0
0,0,0,0,0,9,8,0,9,45,59,56,50,30,14,0,0,0,0,12,23,25,21,10,8,0
0,5,0,0,9,8,0,0,0,23,54,53,36,27,11,0,0,0,6,10,19,25,16,8,6,0
0,4,0,0,6,0,0,0,0,10,51,39,13,15,12,9,7,9,0,5,14,15,13,9,0,0
0,0,5,0,0,0,0,0,0,11,46,44,23,13,11,10,0,7,0,6,13,13,14,10,8,0
0,0,0,6,0,0,0,0,0,12,34,35,19,12,12,8,0,0,7,0,12,14,13,9,9,0
36,44,59,182,460,280,162,96,84,85,89,87,90,86,81,85,76,72,70,70,76,95,115,83,60,56
13,14,45,95,160,117,99,68,63,63,64,72,75,76,79,72,63,61,59,60,58,59,68,57,51,33
9,10,24,56,61,55,12,11,9,8,56,67,71,74,67,61,57,53,51,50,50,51,52,50,14,12
7,10,13,23,30,40,0,0,0,12,57,62,67,66,66,65,60,43,33,36,15,43,45,17,10,8
8,11,12,11,11,0,0,0,0,14,61,65,63,69,73,65,58,35,25,15,37,45,41,15,10,9
9,8,10,0,9,11,15,0,8,9,55,60,68,76,70,67,60,57,52,20,50,50,50,15,11,11
0,7,0,0,7,17,21,0,12,53,68,76,78,81,78,71,59,55,51,22,47,50,41,13,9,0
0,0,0,0,9,30,21,0,7,51,75,80,82,88,88,77,61,58,51,53,51,51,51,14,9,0
0,0,0,0,10,33,15,0,14,66,79,86,93,97,92,85,64,60,55,52,51,52,52,14,11,0
0,0,0,0,8,15,13,0,14,63,79,92,99,97,90,82,63,63,56,51,51,43,43,13,11,7
0,0,0,0,0,7,7,0,25,60,73,83,92,88,76,68,63,56,51,34,23,30,25,9,8,5
0,0,0,0,0,0,8,0,12,58,67,74,77,77,69,66,62,52,47,13,17,14,12,11,8,0
0,0,0,0,0,0,7,0,10,55,61,66,69,69,66,65,53,51,35,17,12,14,27,7,0,0
0,0,0,0,0,0,0,0,0,38,54,52,55,50,37,40,14,11,0,0,0,0,0,0,0,0
0,0,0,0,0,10,11,0,30,61,66,73,70,66,65,68,59,54,45,36,31,42,48,14,13,6
0,6,0,0,0,6,13,9,50,76,75,77,71,72,76,66,61,54,52,50,50,52,54,17,11,0
7,9,8,9,0,9,31,17,55,74,78,83,77,72,71,76,65,59,56,53,53,54,53,21,13,0
6,0,8,12,7,23,43,40,58,79,87,91,88,77,73,84,72,63,59,57,57,57,55,48,25,9
8,0,0,7,10,38,54,51,70,83,91,101,96,84,82,84,73,66,64,61,63,58,56,50,33,13
9,7,9,0,9,16,51,53,73,86,101,107,95,93,78,70,66,65,65,66,65,62,59,54,48,13
9,0,0,8,12,52,51,55,73,84,99,106,93,87,72,66,65,69,68,71,70,69,64,55,35,22
11,5,8,8,13,53,54,54,73,89,98,99,98,92,73,71,62,65,66,69,67,66,63,54,48,18
10,13,20,10,23,46,51,50,70,90,107,111,107,90,67,75,56,61,61,65,65,65,60,47,40,30
10,10,13,13,15,50,50,45,69,87,100,98,98,85,70,66,61,62,64,68,68,67,65,56,40,26
5,10,12,13,10,50,45,45,65,82,101,94,90,81,65,62,57,60,65,65,70,69,65,57,50,21
0,0,7,9,25,13,39,37,62,79,91,95,89,77,62,59,51,57,63,66,69,69,64,56,50,15
8,10,11,7,17,20,29,14,56,70,88,92,86,74,60,58,37,50,63,66,70,74,68,56,50,13
8,0,7,11,11,17,12,10,52,68,86,92,85,70,58,55,45,14,57,69,73,76,71,55,26,11
0,0,0,0,10,10,16,11,51,71,87,91,82,66,58,53,20,25,54,62,75,78,87,69,55,14
0,8,7,8,19,43,45,12,51,70,131,122,82,66,60,54,52,14,53,62,72,76,95,81,57,42
8,10,8,9,10,16,47,16,53,76,136,157,84,69,62,57,52,50,54,58,68,74,78,65,53,27
0,6,5,10,6,14,25,10,41,58,96,105,66,57,52,40,21,10,16,35,52,59,60,54,23,9
0,0,0,0,0,12,13,12,20,46,76,67,58,50,23,31,8,12,14,39,54,53,52,32,16,8
0,4,0,0,9,10,12,8,10,53,66,63,53,51,17,14,0,8,9,13,52,51,51,14,10,6
0,0,4,0,7,10,10,0,12,51,64,60,53,44,14,9,5,0,0,14,51,38,33,12,8,0
0,0,0,0,6,9,7,0,8,47,59,57,50,27,14,0,0,0,0,12,25,23,21,9,8,0
0,5,0,0,9,8,0,0,0,21,54,53,34,27,11,0,0,0,7,9,19,20,16,8,6,0
0,4,0,0,6,0,0,0,0,9,50,43,13,14,12,9,6,9,0,5,15,14,13,9,0,0
0,0,6,0,0,0,0,0,0,11,43,46,23,13,11,10,0,7,0,5,14,13,14,10,8,5
0,0,0,6,0,0,0,0,0,12,31,39,19,12,12,8,0,0,7,0,12,13,14,8,9,0
36,44,59,182,460,280,162,96,84,85,89,87,90,86,81,85,76,72,70,70,76,95,115,83,60,56
13,14,45,95,160,117,99,68,63,63,64,72,75,76,79,72,63,61,59,60,58,59,68,57,51,33
9,10,24,56,61,55,12,11,9,8,56,67,71,74,67,61,57,53,51,50,50,51,52,50,14,12
7,10,13,23,30,40,0,0,0,12,57,62,67,66,66,65,60,43,33,36,15,43,45,17,10,8
8,11,12,11,11,0,0,0,0,14,61,65,63,69,73,65,58,35,25,15,37,45,41,15,10,9
9,8,10,0,9,11,15,0,8,9,55,60,68,76,70,67,60,57,52,20,50,50,50,15,11,11
0,7,0,0,7,17,21,0,12,53,68,76,78,81,78,71,59,55,51,22,47,50,41,13,9,0
0,0,0,0,9,30,21,0,7,51,75,80,82,88,88,77,61,58,51,53,51,51,51,14,9,0
0,0,0,0,10,33,15,0,14,66,79,86,93,97,92,85,64,60,55,52,51,52,52,14,11,0
0,0,0,0,8,15,13,0,14,63,79,92,99,97,90,82,63,63,56,51,51,43,43,13,11,7
0,0,0,0,0,7,7,0,25,60,73,83,92,88,76,68,63,56,51,34,23,30,25,9,8,5
0,0,0,0,0,0,8,0,12,58,67,74,77,77,69,66,62,52,47,13,17,14,12,11,8,0
0,0,0,0,0,0,7,0,10,55,61,66,69,69,66,65,53,51,35,17,12,14,27,7,0,0
0,0,0,0,0,0,0,0,0,38,54,52,55,50,37,40,14,11,0,0,0,0,0,0,0,0
0,0,0,0,0,10,11,0,30,61,66,73,70,66,65,68,59,54,45,36,31,42,48,14,13,6
0,6,0,0,0,6,13,9,50,76,75,77,71,72,76,66,61,54,52,50,50,52,54,17,11,0
7,9,8,9,0,9,31,17,55,74,78,83,77,72,71,76,65,59,56,53,53,54,53,21,13,0
6,0,8,12,7,23,43,40,58,79,87,91,88,77,73,84,72,63,59,57,57,57,55,48,25,9
8,0,0,7,10,38,54,51,70,83,91,101,96,84,82,84,73,66,64,61,63,58,56,50,33,13
9,7,9,0,9,16,51,53,73,86,101,107,95,93,78,70,66,65,65,66,65,62,59,54,48,13
9,0,0,8,12,52,51,55,73,84,99,106,93,87,72,66,65,69,68,71,70,69,64,55,35,22
11,5,8,8,13,53,54,54,73,89,98,99,98,92,73,71,62,65,66,69,67,66,63,54,48,18
10,13,20,10,23,46,51,50,70,90,107,111,107,90,67,75,56,61,61,65,65,65,60,47,40,30
10,10,13,13,15,50,50,45,69,87,100,98,98,85,70,66,61,62,64,68,68,67,65,56,40,26
5,10,12,13,10,50,45,45,65,82,101,94,90,81,65,62,57,60,65,65,70,69,65,57,50,21
0,0,7,9,25,13,39,37,62,79,91,95,89,77,62,59,51,57,63,66,69,69,64,56,50,15
8,10,11,7,17,20,29,14,56,70,88,92,86,74,60,58,37,50,63,66,70,74,68,56,50,13
8,0,7,11,11,17,12,10,52,68,86,92,85,70,58,55,45,14,57,69,73,76,71,55,26,11
0,0,0,0,10,10,16,11,51,71,87,91,82,66,58,53,20,25,54,62,75,78,87,69,55,14
0,8,7,8,19,43,45,12,51,70,131,122,82,66,60,54,52,14,53,62,72,76,95,81,57,42
8,10,8,9,10,16,47,16,53,76,136,157,84,69,62,57,52,50,54,58,68,74,78,65,53,27
0,6,5,10,6,14,25,10,41,58,96,105,66,57,52,40,21,10,16,35,52,59,60,54,23,9
0,0,0,0,0,12,13,12,20,46,76,67,58,50,23,31,8,12,14,39,54,53,52,32,16,8
0,4,0,0,9,10,12,8,10,53,66,63,53,51,17,14,0,8,9,13,52,51,51,14,10,6
0,0,4,0,7,10,10,0,12,51,64,60,53,44,14,9,5,0,0,14,51,38,33,12,8,0
0,0,0,0,6,9,7,0,8,47,59,57,50,27,14,0,0,0,0,12,25,23,21,9,8,0
0,5,0,0,9,8,0,0,0,21,54,53,34,27,11,0,0,0,7,9,19,20,16,8,6,0
0,4,0,0,6,0,0,0,0,9,50,43,13,14,12,9,6,9,0,5,15,14,13,9,0,0
0,0,6,0,0,0,0,0,0,11,43,46,23,13,11,10,0,7,0,5,14,13,14,10,8,5
0,0,0,6,0,0,0,0,0,12,31,39,19,12,12,8,0,0,7,0,12,13,14,8,9,0
36,42,59,185,459,280,163,95,84,85,89,87,90,87,83,85,75,73,69,69,76,95,114,83,60,57
13,14,44,95,161,116,99,68,63,63,64,72,74,76,79,72,63,61,58,59,57,59,69,57,51,33
9,10,25,56,60,55,12,10,9,8,56,67,71,74,67,61,57,54,50,50,50,52,53,51,14,12
7,10,13,22,30,37,0,0,0,12,57,62,66,66,66,64,60,43,33,31,17,43,43,17,10,8
8,10,11,11,11,0,0,0,0,17,61,65,63,69,73,66,58,40,23,19,37,45,41,18,10,10
9,8,9,0,9,11,18,0,9,9,55,59,68,76,71,69,60,57,51,20,50,50,50,15,12,12
0,7,0,0,8,15,23,0,13,53,69,75,79,82,80,71,59,56,51,17,50,50,41,13,10,0
0,0,0,0,8,27,21,0,9,52,75,81,83,89,89,79,62,58,51,52,51,50,52,14,9,0
0,0,0,0,10,36,14,0,14,65,80,86,94,98,93,87,64,61,55,51,52,52,52,15,11,0
0,0,0,0,8,14,13,0,15,63,80,93,100,99,91,84,63,64,56,51,51,40,34,13,11,8
0,0,0,0,6,0,7,0,22,59,74,84,92,89,77,69,63,56,51,34,27,30,25,9,8,6
0,0,0,0,0,0,8,0,12,57,66,75,77,78,71,67,62,52,47,13,17,14,12,11,8,0
0,0,0,0,0,0,8,0,9,54,62,67,69,69,66,66,54,51,37,15,12,13,25,7,0,0
0,0,0,0,0,0,0,0,0,37,54,52,54,48,37,44,14,10,0,0,0,0,0,0,0,0
0,0,0,0,0,9,11,0,30,61,65,72,70,66,65,69,59,54,44,35,30,42,46,16,13,6
0,6,0,0,0,0,13,9,50,76,75,77,71,72,77,66,61,55,52,50,50,51,54,19,11,0
7,9,8,9,0,9,25,19,55,74,79,81,76,72,71,76,66,58,56,54,54,54,53,25,13,5
6,0,8,12,7,20,43,36,59,79,86,91,88,78,73,84,72,63,59,57,57,57,54,50,20,9
8,0,0,7,10,36,54,51,70,83,91,101,95,85,82,84,73,66,64,61,62,58,56,50,32,13
8,7,9,0,9,14,52,53,73,86,100,108,95,92,79,69,66,65,65,66,65,61,59,53,48,13
9,5,0,8,12,52,52,55,73,84,98,107,93,87,72,66,65,69,68,71,70,69,64,55,37,20
11,0,9,8,13,53,54,53,73,89,98,99,97,92,74,70,62,65,66,69,68,66,62,55,46,18
10,13,20,10,23,46,51,50,69,90,107,111,108,91,67,74,56,61,61,64,64,65,60,48,39,32
10,9,12,13,18,47,50,45,69,87,100,98,97,85,69,66,61,63,64,68,68,67,65,56,40,28
5,10,12,13,9,45,43,43,65,82,101,94,90,81,65,62,57,61,65,66,70,68,65,57,48,28
0,0,7,9,27,13,37,32,62,79,91,94,88,77,62,59,51,57,63,66,69,70,64,57,50,16
8,10,10,7,19,16,31,14,56,70,88,92,86,74,60,58,39,50,62,66,70,75,68,56,50,15
8,0,7,12,11,15,12,11,52,69,85,93,85,70,58,56,47,14,57,69,73,76,71,55,32,11
0,0,0,0,10,9,16,11,51,70,87,91,82,66,58,53,20,27,54,62,75,78,88,69,55,14
0,8,7,8,19,45,45,13,51,69,132,123,83,66,60,54,51,13,53,62,72,76,95,81,57,42
7,10,8,9,10,15,41,15,53,76,135,157,83,69,62,57,52,50,54,58,69,74,78,65,53,25
0,6,0,10,6,14,22,10,41,58,96,106,66,56,52,40,19,10,17,36,52,59,60,54,26,9
0,0,0,0,0,12,13,12,19,46,76,67,58,51,23,28,9,11,14,36,53,53,52,36,17,8
0,4,0,0,8,9,11,8,10,53,66,63,54,51,22,15,0,8,9,13,52,51,50,14,10,7
0,0,5,0,8,11,10,0,12,51,64,60,53,47,21,9,5,0,0,14,51,38,36,12,8,0
0,0,0,0,6,8,8,0,8,47,60,57,50,32,14,0,0,0,0,12,27,25,25,10,8,0
0,5,0,0,9,8,0,0,0,21,54,53,34,25,12,0,0,0,6,9,21,20,14,8,5,0
0,5,0,0,6,0,0,0,0,9,51,44,13,14,12,9,7,8,0,5,15,14,14,9,0,0
0,0,6,0,0,0,0,0,0,11,46,48,22,13,12,10,0,8,0,5,14,13,14,10,8,6
0,0,0,6,0,0,0,5,0,12,32,39,20,12,12,9,0,0,6,0,12,13,14,9,9,0
36,42,59,186,460,279,164,96,84,84,89,87,90,86,83,85,75,73,70,69,76,95,114,83,60,58
13,14,44,95,160,116,100,68,63,63,64,71,74,76,78,73,62,61,59,59,58,59,69,57,52,37
10,10,22,56,60,55,12,10,9,8,56,67,71,74,66,61,57,54,50,50,50,52,53,50,15,12
7,10,13,23,30,37,0,0,0,12,58,62,65,66,66,65,59,43,33,31,22,45,41,17,11,9
8,10,11,11,11,0,0,0,0,19,61,65,63,69,73,65,58,40,23,19,37,47,41,16,10,10
9,9,10,0,9,11,20,0,9,8,55,59,68,77,70,69,60,57,52,18,50,50,50,17,12,12
0,7,0,0,8,14,28,0,13,53,70,75,79,82,80,71,59,57,51,20,50,50,44,13,10,0
0,0,0,0,9,25,23,0,9,52,75,81,82,90,89,79,62,58,52,52,51,51,51,14,10,0
0,0,0,0,10,33,17,0,14,65,80,86,94,98,93,87,64,61,56,52,52,52,53,19,11,0
0,0,0,0,8,14,13,0,17,63,81,92,99,100,91,83,64,64,56,52,51,40,37,13,11,8
0,0,0,0,6,0,8,0,22,59,75,85,91,90,77,68,63,56,51,37,27,36,20,9,8,7
0,0,0,0,0,0,9,0,12,57,66,75,77,78,71,67,62,52,47,13,19,14,11,11,8,0
0,0,0,0,0,0,8,0,10,54,62,67,69,70,66,65,54,51,40,17,12,13,21,8,0,0
0,0,0,0,0,0,0,0,0,37,54,52,53,50,38,44,14,10,0,0,0,0,0,0,0,0
0,0,0,0,0,9,12,0,30,61,65,72,69,66,64,69,59,54,45,35,28,41,43,16,13,7
0,5,0,0,0,0,12,9,50,76,75,77,71,72,77,66,61,55,52,47,50,52,53,15,12,0
7,8,8,9,0,8,31,19,55,73,79,81,77,72,71,76,66,59,56,54,54,54,52,25,13,5
6,6,8,12,7,20,43,36,60,79,87,91,88,77,72,85,72,63,59,57,57,57,55,50,22,9
8,0,0,6,10,36,54,51,70,83,91,101,95,85,82,84,74,66,64,61,62,59,56,50,33,14
9,7,8,0,9,14,52,53,73,86,102,108,95,93,79,69,66,66,65,66,65,61,59,53,48,13
9,6,0,8,12,52,52,55,73,84,98,107,93,87,72,67,65,69,68,71,70,69,64,55,41,23
10,0,9,8,13,53,54,53,73,89,98,99,98,92,73,71,62,65,66,69,68,66,62,55,46,16
10,13,20,10,22,45,51,50,70,89,107,111,107,91,67,74,56,61,61,65,65,65,60,48,39,32
11,9,12,12,16,46,50,46,69,86,100,98,97,85,68,66,61,63,64,68,68,67,65,57,41,28
0,10,12,13,9,40,45,41,65,82,101,94,89,81,64,62,57,61,65,66,70,68,65,57,48,32
0,0,7,9,29,13,39,32,62,78,91,94,88,78,62,59,51,57,63,66,70,70,64,57,50,20
8,10,10,7,17,18,33,14,56,70,88,93,86,74,60,58,39,50,63,66,70,75,68,56,50,17
8,5,7,11,11,15,12,11,53,68,86,93,85,70,58,55,47,14,57,69,74,76,71,55,36,12
0,0,0,0,10,10,15,11,51,70,87,91,82,66,58,53,20,27,54,62,75,78,87,69,55,18
0,8,7,8,17,43,47,13,52,69,132,123,82,67,59,55,52,13,53,62,73,76,95,81,57,46
7,11,8,9,10,15,47,15,53,76,136,158,83,69,62,58,52,50,54,59,69,74,77,65,53,23
0,6,5,9,6,14,23,10,41,59,96,106,66,57,51,40,19,10,18,39,53,59,60,54,25,10
0,6,0,0,0,12,13,12,16,46,76,67,57,51,22,30,9,11,14,36,54,53,51,38,15,8
0,0,0,0,8,9,12,8,11,53,67,63,54,51,25,15,0,8,9,13,52,52,50,14,10,7
0,0,5,0,8,11,10,0,12,51,64,60,52,50,18,9,5,0,0,13,51,41,36,13,8,0
0,0,0,0,6,9,8,0,8,50,59,57,50,35,14,0,0,0,0,12,30,25,25,10,7,5
0,6,0,0,9,8,0,0,0,21,54,53,34,29,12,0,0,0,7,9,26,21,14,8,0,0
0,5,0,0,6,0,0,0,0,9,51,44,13,14,12,9,7,9,0,5,15,15,13,9,0,0
0,0,5,0,0,0,0,0,0,11,48,46,21,14,11,10,0,8,0,5,14,14,13,11,8,6
0,0,0,6,0,0,0,5,0,12,31,36,17,13,12,9,0,0,6,0,13,13,14,9,9,5
36,42,59,188,461,278,164,96,84,84,89,86,89,86,83,85,76,72,70,69,76,95,114,84,60,58
13,14,44,96,161,116,99,68,63,63,64,71,74,75,78,72,62,61,59,60,57,59,68,57,51,35
10,10,23,56,60,55,12,10,9,8,56,67,71,74,67,61,57,53,50,50,50,52,53,50,14,12
7,10,13,23,28,39,0,0,0,12,58,62,66,67,65,64,59,41,35,31,27,45,41,14,10,8
8,10,11,12,12,0,0,0,0,17,61,65,63,69,73,65,59,40,27,19,37,47,41,16,10,10
9,9,10,0,9,11,18,0,9,8,55,59,68,78,70,68,60,57,53,20,50,50,50,17,12,12
0,7,0,0,8,17,28,0,13,53,70,75,79,82,80,71,59,57,52,20,50,50,44,13,10,0
0,0,0,0,9,30,25,0,8,53,75,81,82,90,90,79,63,58,52,52,51,51,51,14,9,0
0,0,0,0,10,33,15,0,15,65,80,86,94,98,93,87,65,62,55,52,52,52,53,19,11,0
0,0,0,0,8,14,13,0,20,63,82,92,100,100,91,83,64,65,57,52,51,40,37,13,11,8
0,0,0,0,6,0,8,0,20,59,75,86,91,90,77,69,63,56,52,40,25,36,22,9,8,7
0,0,0,0,0,0,9,0,12,56,66,74,78,78,71,67,62,52,50,13,21,14,12,10,8,0
0,0,0,0,0,0,8,0,10,53,62,67,69,69,66,66,55,51,37,17,12,13,25,8,0,0
0,0,0,0,0,0,0,0,0,35,54,52,53,50,37,44,15,10,0,0,0,0,0,0,0,0
0,0,0,0,0,9,11,0,30,60,66,72,69,66,64,69,60,54,47,33,31,42,48,16,13,7
0,5,0,0,0,0,12,9,50,76,75,77,71,73,76,66,61,55,51,44,50,52,53,15,12,0
7,8,8,8,0,8,28,19,55,73,79,81,76,72,71,76,66,59,56,54,55,55,52,21,13,5
6,6,8,12,7,20,47,36,60,79,87,91,88,78,72,85,72,63,59,57,57,57,55,50,22,10
8,0,0,0,10,40,54,51,70,83,91,101,96,86,82,84,74,66,65,61,62,59,56,50,33,14
9,7,8,0,10,14,52,53,73,86,102,108,95,93,78,69,66,66,66,65,65,61,59,52,50,14
9,6,0,8,12,52,52,55,73,84,98,107,93,87,72,67,65,70,69,71,70,69,63,55,41,25
10,0,9,8,13,53,54,53,73,89,98,99,98,92,73,71,63,65,67,69,67,66,61,55,44,15
10,13,19,0,23,46,51,50,70,90,107,112,107,91,67,73,56,61,62,64,65,64,60,48,37,32
11,9,12,12,20,45,50,45,70,86,100,99,97,85,67,65,61,62,64,67,68,67,65,57,39,26
0,10,12,13,9,38,45,41,66,82,101,95,89,81,64,61,58,61,64,66,70,68,65,57,50,30
0,0,7,9,33,13,39,33,62,78,90,95,88,78,62,59,51,57,63,66,69,70,65,57,48,21
8,10,10,7,19,21,33,14,56,70,87,93,86,74,60,58,41,50,63,66,69,74,68,56,50,19
7,0,7,12,11,15,12,10,53,69,86,93,84,70,58,55,50,15,57,69,73,76,71,54,40,12
0,0,0,0,10,10,15,11,51,69,88,91,83,66,58,53,18,27,55,62,75,78,88,69,55,18
0,8,7,8,23,43,45,13,52,69,132,124,82,66,59,55,52,14,53,62,73,76,95,82,57,46
7,11,8,9,10,16,47,15,53,76,136,158,83,68,62,57,52,50,54,59,69,74,77,65,53,20
0,6,5,9,6,14,20,10,41,59,95,105,66,57,52,40,23,10,18,39,53,59,60,54,25,10
0,0,0,0,0,12,13,12,16,46,77,67,57,50,22,29,9,11,15,38,53,54,51,38,15,8
0,4,0,0,8,9,11,8,11,52,67,63,54,51,25,14,0,8,9,13,52,52,50,14,10,7
0,0,5,0,8,11,10,0,12,51,64,61,52,47,18,9,5,0,0,13,52,41,36,13,8,0
0,0,0,0,6,9,8,0,8,50,59,57,42,25,13,0,0,0,0,12,30,27,27,10,7,5
0,5,0,0,8,8,0,0,0,21,54,53,36,25,12,0,0,0,7,9,26,23,14,8,5,0
0,5,5,4,6,0,0,0,0,9,52,43,13,14,12,9,7,9,0,5,14,16,14,9,0,0
0,0,6,0,0,0,0,0,0,11,50,46,21,14,11,10,0,8,0,5,14,14,13,11,8,5
0,0,0,6,0,0,0,0,0,11,34,34,19,13,12,9,0,0,6,0,13,14,14,9,9,5
37,42,59,189,459,279,163,96,84,83,88,86,90,86,82,84,75,72,70,69,77,95,112,84,60,58
13,14,44,96,159,116,98,68,63,63,64,71,74,75,78,72,63,61,59,60,57,59,68,58,51,37
10,11,22,56,60,55,12,10,9,8,56,67,71,73,66,61,57,53,50,50,50,52,52,50,14,12
6,11,13,26,28,40,0,0,0,11,58,62,66,67,65,64,59,50,37,31,29,45,39,14,10,9
8,11,11,12,12,0,0,0,0,14,61,65,63,69,72,66,58,37,23,19,41,50,41,18,10,10
9,9,10,0,10,11,21,0,9,7,55,59,68,78,70,68,60,57,52,18,50,50,50,15,12,11
0,7,0,0,8,19,28,0,14,52,70,76,78,82,80,71,59,56,52,22,50,51,41,13,10,0
0,0,0,0,9,33,28,0,8,52,76,81,82,91,89,78,63,59,52,52,51,51,51,15,9,0
0,0,0,0,10,33,15,0,15,63,80,86,94,100,93,87,65,62,56,52,53,53,53,17,11,0
0,0,0,6,8,14,14,0,17,62,82,93,100,100,90,83,64,64,57,51,51,40,40,13,11,8
0,0,0,0,6,7,7,0,20,59,75,86,91,90,77,69,63,56,52,37,25,30,15,9,7,7
0,0,0,0,0,0,10,0,13,56,66,75,78,78,70,66,63,52,50,13,25,14,11,11,7,0
0,0,0,0,0,0,8,0,10,53,62,67,69,69,65,65,54,51,37,17,12,13,23,8,0,0
0,0,0,0,0,0,0,0,0,35,54,52,53,50,35,41,14,11,0,0,0,0,0,0,0,0
0,0,0,0,0,9,11,0,30,60,66,72,69,66,64,69,59,53,47,33,33,41,46,16,13,7
0,5,0,0,0,0,12,9,50,75,74,77,71,73,76,65,61,54,52,38,50,52,52,15,11,0
7,8,8,9,0,8,28,17,55,73,78,82,77,72,71,75,65,58,56,54,54,55,52,23,13,5
6,6,8,12,8,21,45,36,60,78,87,91,87,78,72,85,71,63,59,57,57,57,55,50,23,10
8,0,0,6,9,40,54,51,70,82,91,102,96,85,81,84,73,66,65,61,62,59,56,50,33,14
9,7,8,0,9,14,52,53,73,86,102,108,95,92,78,69,66,66,65,66,65,61,58,53,48,13
9,5,0,9,12,52,52,55,73,84,98,107,93,87,71,65,65,70,68,72,70,69,63,55,41,30
10,0,9,8,13,53,54,53,73,89,98,99,97,92,72,71,63,65,67,69,68,66,61,55,46,15
10,13,21,0,22,46,51,49,70,89,106,112,107,90,66,73,56,61,62,64,66,64,59,49,37,31
11,9,12,13,16,47,48,45,70,86,100,98,97,85,67,65,61,62,64,67,68,67,65,57,37,26
0,10,12,14,9,40,45,41,65,82,101,94,88,81,63,61,57,61,65,66,70,68,65,57,50,28
0,0,7,10,31,13,43,37,61,78,90,95,88,77,61,59,51,57,63,66,70,70,64,56,50,21
8,10,10,7,17,23,31,14,56,70,87,92,86,74,60,58,39,50,63,66,69,74,68,56,50,17
8,0,7,12,11,14,12,10,53,68,86,92,85,70,58,55,50,14,57,69,73,76,70,54,38,12
0,0,0,0,10,10,14,11,51,69,88,91,82,66,58,53,18,27,54,62,75,78,87,69,55,18
0,8,7,9,23,43,45,13,52,69,131,124,83,67,59,55,52,14,53,62,73,76,94,82,57,46
7,11,9,9,10,16,44,14,53,75,136,158,83,68,62,58,52,50,54,59,69,74,78,65,53,23
0,6,5,10,6,14,20,10,41,59,95,105,66,57,52,38,21,10,20,38,53,59,59,54,21,10
0,6,0,0,0,12,13,11,17,46,77,67,57,50,20,29,9,12,14,38,54,53,51,35,14,8
0,4,0,0,8,9,11,8,11,52,67,63,54,51,20,14,0,8,9,13,53,52,50,14,10,6
0,0,5,0,8,11,10,0,12,50,64,61,52,47,15,9,5,0,0,13,52,41,33,12,9,0
0,0,0,0,6,9,8,0,8,50,59,57,42,25,13,0,0,0,0,12,32,25,25,10,7,5
0,6,0,0,8,8,0,0,0,21,53,53,36,27,12,0,0,0,7,9,26,21,14,9,0,0
0,5,0,4,6,0,0,0,0,9,51,46,13,14,11,9,7,8,0,5,15,15,13,9,0,0
0,0,6,0,0,0,0,0,0,11,48,46,21,14,11,10,0,7,0,5,13,13,13,11,8,6
0,0,0,6,0,0,0,0,0,11,32,35,17,13,11,8,0,0,6,0,13,13,14,9,9,5
36,43,59,190,459,279,164,96,84,84,88,87,90,86,82,85,75,72,70,70,77,95,111,83,60,58
12,14,44,96,159,117,99,68,63,63,64,71,74,75,77,72,63,61,60,60,57,59,68,57,51,41
10,10,22,56,61,56,12,10,9,8,57,67,71,73,66,60,57,54,51,50,50,52,52,50,14,12
6,11,13,27,30,43,0,0,0,12,58,62,66,66,65,64,59,47,37,31,27,50,43,14,10,9
8,11,11,12,12,0,0,0,0,15,61,65,63,69,72,65,58,40,27,17,41,50,42,15,10,10
9,9,10,0,10,11,23,0,8,9,55,60,68,78,70,67,60,58,53,18,50,50,50,17,11,11
0,7,0,7,8,21,28,0,15,53,71,77,78,81,79,71,59,56,53,22,47,51,44,14,10,0
0,0,0,0,10,41,25,0,8,52,75,81,82,91,89,77,63,59,52,52,51,52,51,14,9,0
0,0,0,0,10,33,14,0,15,66,80,86,94,100,92,87,65,61,56,52,52,53,53,19,11,0
0,0,0,6,8,14,13,0,17,62,82,92,100,99,90,82,64,64,56,51,51,43,37,14,10,8
0,0,0,0,0,7,8,0,20,60,75,86,90,90,77,69,63,57,52,43,23,30,17,8,7,7
0,0,0,0,0,0,10,0,13,56,67,75,77,77,70,66,63,52,50,13,27,15,12,10,7,0
0,0,0,0,0,0,8,0,10,53,61,67,70,69,66,65,54,51,37,17,13,13,23,8,0,0
0,0,0,0,0,0,0,0,0,37,54,52,54,48,37,43,14,11,7,0,0,0,0,0,0,0
0,0,0,0,0,10,12,0,30,60,67,72,68,66,64,68,60,53,47,33,31,42,50,15,12,7
0,6,0,0,0,0,12,9,47,76,75,77,71,72,76,65,61,54,52,41,50,52,52,15,10,0
7,8,8,9,0,9,31,19,55,73,78,82,77,72,71,76,65,58,56,54,54,55,52,19,12,5
6,6,8,12,8,21,45,38,59,79,87,91,87,78,72,85,71,63,59,57,58,57,56,48,23,10
8,0,0,7,10,43,54,51,70,82,91,102,96,85,81,84,73,66,65,61,62,59,56,50,33,14
9,7,8,0,10,14,51,53,73,86,102,108,95,92,78,69,66,66,66,66,65,62,58,53,46,13
9,0,0,8,12,52,52,55,73,84,99,106,93,87,71,66,65,70,68,71,70,69,63,55,37,28
10,5,9,8,13,54,54,53,73,89,97,99,98,92,72,71,62,65,67,69,67,66,61,55,46,16
10,13,21,10,23,47,51,49,71,89,107,111,107,90,66,73,56,61,62,64,65,65,60,49,36,32
10,10,12,13,16,50,48,44,70,86,100,98,97,85,67,65,60,62,64,67,68,68,65,57,37,25
0,10,12,14,9,47,45,39,65,82,101,95,89,81,63,61,57,61,65,66,70,68,65,57,48,26
0,0,7,10,29,13,43,37,61,79,90,95,88,77,61,59,51,57,63,66,70,70,64,56,50,21
8,10,10,7,19,23,29,14,56,70,88,92,86,74,60,57,39,50,63,66,69,74,68,56,50,17
8,0,7,12,11,15,12,10,53,68,86,92,84,70,58,54,47,17,58,69,73,76,70,55,34,12
0,0,0,0,10,10,14,11,51,69,88,91,82,65,58,53,20,27,54,61,75,78,87,68,55,20
0,8,7,8,25,45,45,13,52,69,132,123,82,67,59,54,52,14,54,62,73,76,95,82,56,50
8,11,8,9,10,18,41,14,54,75,136,159,83,68,62,57,52,50,54,59,69,74,78,65,52,23
0,6,5,10,6,14,17,10,41,59,96,105,66,57,52,38,21,10,20,37,53,59,60,54,18,11
0,0,0,0,0,13,13,11,17,46,76,67,58,50,19,29,9,12,14,38,54,54,51,35,14,9
0,4,0,0,8,10,11,8,11,52,67,63,54,51,20,14,0,8,9,13,53,52,51,14,10,7
0,0,5,0,8,12,10,0,12,50,64,60,52,50,14,8,5,0,0,13,52,44,30,12,8,0
0,0,0,0,6,9,8,0,9,50,58,57,42,23,12,0,0,0,0,13,35,27,25,9,6,6
0,5,0,0,9,8,0,0,0,23,54,53,34,23,11,0,0,0,7,9,26,23,14,9,0,0
0,5,5,4,6,0,0,0,0,9,51,44,13,14,12,9,7,8,0,5,14,16,13,9,0,0
0,0,6,0,0,0,0,0,0,11,46,48,21,14,11,10,0,7,0,6,13,14,13,11,8,6
0,0,0,6,0,0,0,0,0,12,34,35,19,13,11,8,0,0,7,0,12,14,13,9,9,5
38,43,59,193,459,280,163,96,84,84,88,87,90,85,82,84,75,72,70,69,77,95,112,83,60,58
13,14,44,97,161,116,98,68,63,63,64,71,74,75,77,71,63,61,59,60,57,59,68,57,50,41
10,10,22,56,61,56,12,10,9,8,56,67,70,72,66,60,56,54,50,50,50,52,52,50,13,12
7,10,13,27,31,45,0,0,0,12,57,61,66,66,65,63,59,47,35,29,25,50,45,15,10,9
8,11,11,12,12,0,0,0,0,15,61,65,63,69,72,65,58,40,27,17,39,50,41,15,9,11
9,9,10,0,10,11,23,0,8,9,55,60,69,78,70,67,60,58,53,20,50,50,50,15,11,12
0,7,0,7,8,21,25,0,14,54,71,77,79,82,80,71,59,56,52,22,47,51,41,13,9,0
0,0,0,0,9,44,25,0,8,53,76,81,83,91,89,77,63,59,52,52,51,52,51,14,8,0
0,0,0,0,11,38,14,0,14,66,82,85,95,100,93,88,65,61,55,52,52,52,52,17,11,0
0,0,0,6,8,15,13,0,17,63,82,93,100,100,90,82,63,64,56,51,51,46,37,14,10,9
0,0,0,0,0,8,7,0,20,61,75,86,91,89,77,70,64,56,52,43,21,25,17,9,7,7
0,0,0,0,0,0,9,0,13,57,67,75,78,78,69,67,63,52,50,12,25,14,12,11,7,0
0,0,0,0,0,0,8,0,10,53,62,67,70,70,65,65,54,52,35,15,12,13,25,8,0,0
0,0,0,0,0,0,0,0,0,37,54,52,53,48,36,41,14,10,7,0,0,0,0,0,0,0
0,0,0,0,0,10,11,0,30,61,67,71,68,66,64,68,60,53,45,32,30,42,50,14,12,7
0,6,0,0,0,0,12,8,50,76,75,76,71,72,76,66,61,54,51,44,50,52,53,15,10,0
7,9,8,9,0,9,31,17,55,74,79,82,77,72,71,76,65,58,56,54,53,54,52,17,12,6
6,0,8,12,8,18,45,38,59,79,88,91,88,78,73,84,72,63,59,57,57,57,56,48,23,10
8,0,0,7,10,40,54,50,70,83,91,101,95,84,81,83,73,66,65,62,62,59,55,48,33,15
9,7,8,0,10,14,51,52,73,86,102,107,95,92,78,69,66,66,66,66,65,61,57,52,46,13
9,0,0,9,12,52,52,55,73,84,100,105,93,87,71,65,65,69,68,72,70,69,63,54,37,28
10,5,8,9,13,54,53,53,73,89,98,100,97,92,72,70,62,65,67,69,67,66,62,55,44,21
10,13,21,11,24,48,51,48,70,89,107,111,106,90,66,74,56,61,62,64,65,65,60,48,35,34
10,10,12,13,16,50,48,45,69,86,100,98,97,86,67,66,60,62,64,67,68,67,65,57,35,26
6,10,12,14,10,47,45,43,65,82,101,95,89,82,63,61,57,61,65,66,70,68,65,57,44,26
0,0,7,10,31,13,43,35,61,79,91,95,88,77,61,59,52,57,63,67,70,70,65,56,48,23
8,10,10,7,22,23,27,14,56,70,88,92,86,74,60,57,39,50,63,67,69,74,68,56,46,19
8,0,8,12,11,15,12,10,53,69,86,92,84,70,58,54,50,15,58,69,73,76,70,55,30,12
0,0,0,0,10,10,15,11,51,69,88,90,82,65,58,53,20,25,54,61,75,78,87,69,54,21
0,8,7,9,27,47,45,13,52,69,131,122,83,66,60,54,52,14,53,62,73,76,95,82,56,50
8,11,8,9,10,16,41,14,54,75,135,157,83,68,62,57,52,47,54,59,69,74,77,65,53,27
0,6,5,10,7,15,16,10,41,59,96,104,66,57,52,38,17,10,18,36,53,59,60,54,18,11
0,0,0,0,0,13,13,10,17,46,76,67,58,50,19,28,9,11,14,38,54,53,51,35,14,9
0,4,0,0,9,10,11,8,11,52,67,63,54,51,17,14,0,8,9,13,52,51,51,14,10,7
0,0,5,0,8,11,10,0,12,51,65,60,52,50,14,8,5,0,0,14,51,44,30,12,8,0
0,0,0,0,6,9,8,0,9,50,59,57,45,20,13,0,0,0,0,13,30,29,23,10,6,6
0,5,0,0,10,8,0,0,0,23,54,53,34,23,12,0,0,0,7,8,25,21,14,9,0,5
0,5,0,5,6,0,0,0,0,10,51,43,14,15,12,9,7,8,0,5,14,16,13,9,0,0
0,0,6,0,0,0,0,0,0,11,50,44,21,14,11,10,0,8,0,6,13,14,13,11,7,6
0,0,0,6,0,0,0,0,0,12,37,36,19,13,12,7,0,0,6,0,12,14,14,8,9,5
37,43,59,192,458,280,161,96,84,84,88,87,90,85,82,84,75,72,70,69,77,95,111,83,61,58
13,14,44,97,161,116,98,68,64,63,64,71,75,76,77,71,62,60,59,60,57,60,68,57,51,43
9,10,22,56,61,55,12,10,9,7,56,67,70,72,66,60,56,54,50,50,50,52,52,50,13,13
7,10,13,27,34,43,0,0,0,12,58,61,65,65,66,63,59,50,31,34,22,50,45,19,10,10
8,11,12,12,12,0,0,0,0,14,61,65,63,69,73,66,58,42,25,17,37,50,37,16,10,11
10,8,10,0,10,11,25,0,9,10,55,60,69,78,70,68,59,57,53,18,50,50,50,15,11,12
0,7,0,7,8,19,25,0,15,53,70,77,79,83,80,71,59,55,52,22,47,51,38,14,9,0
0,0,0,0,9,38,21,0,10,53,76,80,83,91,89,77,62,59,51,52,52,52,50,14,9,0
0,0,0,0,10,30,15,0,15,66,81,85,95,100,93,88,64,61,55,52,52,53,52,17,11,0
0,0,0,6,8,15,14,0,17,62,81,92,100,100,90,82,63,64,56,51,51,46,34,14,10,9
0,0,0,0,0,7,6,0,27,61,75,84,90,90,77,69,63,56,51,40,23,27,15,9,7,7
0,0,0,0,0,0,9,0,13,57,67,74,77,78,69,67,63,52,50,13,25,14,11,11,7,0
0,0,0,0,0,0,7,0,10,54,62,66,69,70,66,65,54,52,32,14,13,13,21,8,0,0
0,0,0,0,0,0,0,0,0,37,54,52,53,48,37,41,14,10,0,0,0,0,0,0,0,0
0,0,0,0,0,10,11,0,32,61,66,72,68,66,64,68,59,53,44,35,28,42,50,14,13,8
0,0,0,0,0,0,12,9,50,76,75,76,71,72,76,66,61,54,51,44,50,52,52,19,10,0
7,8,8,10,0,8,31,15,55,74,79,82,76,73,71,76,66,58,56,54,53,54,52,21,13,7
6,0,8,12,8,15,41,38,59,79,88,91,88,78,73,85,72,63,59,57,57,57,55,50,25,10
8,0,0,7,10,34,54,50,70,83,91,101,94,84,82,83,74,66,64,61,62,58,55,50,33,16
8,7,9,0,9,14,51,52,73,86,101,107,95,92,78,69,66,66,65,66,65,62,57,53,44,13
9,6,0,9,12,52,52,55,73,84,100,105,93,88,71,65,65,69,68,72,70,69,63,55,39,30
11,5,8,9,13,54,53,53,74,90,97,99,97,92,73,70,61,65,66,70,67,66,62,55,48,26
10,13,20,11,23,46,51,49,70,89,107,111,106,91,66,74,56,62,61,65,65,65,59,48,37,35
10,10,12,13,15,48,48,46,69,86,101,97,97,86,68,66,61,62,64,67,68,67,64,56,37,27
6,9,12,14,9,47,47,39,64,82,100,94,89,82,63,61,57,61,65,66,70,69,64,57,44,30
0,0,7,9,27,13,43,33,62,79,91,95,88,78,62,59,51,57,64,66,70,69,64,56,50,23
8,10,10,7,20,20,25,16,56,70,88,92,87,74,60,58,37,50,63,67,69,75,67,56,48,19
8,0,7,11,11,15,12,11,53,68,86,91,85,70,58,54,41,14,57,69,73,76,70,56,32,13
0,0,0,0,10,10,14,11,51,69,88,90,82,65,58,53,18,25,54,61,75,78,86,68,55,23
0,8,7,9,23,43,42,13,52,69,130,121,83,66,60,54,52,13,53,62,73,76,94,81,57,50
8,10,8,9,10,14,41,14,54,74,135,156,83,68,62,57,51,47,54,58,68,74,77,64,52,27
0,6,5,10,6,14,16,10,42,58,96,104,66,57,52,38,14,10,17,36,53,59,59,54,21,12
0,0,0,0,0,12,12,11,19,46,76,66,58,50,20,28,9,12,13,38,54,53,51,35,14,10
0,4,0,0,8,10,11,8,11,52,66,62,54,51,20,15,0,8,9,13,52,51,50,14,10,7
0,0,5,0,8,11,10,0,13,51,65,60,52,50,15,8,5,0,0,14,51,44,27,12,8,0
0,0,0,0,0,9,7,0,9,50,59,57,50,27,13,0,0,0,0,13,30,31,17,10,7,6
0,5,0,0,9,7,0,0,0,21,54,53,34,23,12,0,0,0,6,8,25,23,14,9,0,6
0,4,5,4,6,0,0,0,0,9,51,42,13,16,12,9,6,8,0,5,15,16,13,9,0,5
0,0,5,0,0,0,0,0,0,11,46,41,20,14,11,10,0,8,0,6,13,13,13,11,7,6
0,0,0,6,0,0,0,0,0,12,39,35,17,13,12,8,0,0,6,0,12,14,13,9,9,6
38,44,59,192,459,280,163,96,84,85,89,87,90,85,83,84,76,73,70,69,76,94,112,83,60,58
13,14,42,97,162,116,99,68,64,63,64,71,75,76,77,71,62,61,58,60,57,60,68,57,51,41
9,10,22,56,61,55,12,10,9,8,56,67,69,72,66,60,56,54,50,50,50,51,52,45,13,13
7,10,13,26,35,42,0,0,0,12,57,61,65,65,65,63,59,50,29,34,20,50,45,17,10,10
8,11,11,12,12,0,0,0,0,17,61,66,63,70,73,66,58,42,29,17,35,47,41,18,10,11
9,8,10,0,10,11,28,0,9,10,54,60,69,78,70,68,60,57,53,21,50,51,50,17,11,13
0,7,0,7,8,19,25,0,14,54,70,77,80,83,80,71,60,56,51,25,50,50,44,15,9,0
0,0,0,0,9,38,19,0,10,54,75,81,83,90,89,77,62,59,51,52,52,52,51,14,9,0
0,0,0,0,11,33,15,0,15,67,81,86,95,100,93,87,65,62,55,52,51,52,52,17,11,0
0,0,0,0,8,20,14,0,17,62,81,93,100,100,91,82,64,65,56,51,51,43,34,14,10,9
0,0,0,0,0,7,6,0,25,61,74,84,90,90,76,69,64,56,51,43,23,33,17,9,7,8
0,0,0,0,0,0,9,0,13,57,67,74,77,78,69,66,63,53,50,12,23,14,12,11,7,0
0,0,0,0,0,0,8,0,10,55,62,66,69,69,66,65,54,52,32,14,12,13,23,8,0,0
0,0,0,0,0,0,0,0,0,39,54,53,53,48,38,41,14,10,0,0,0,0,0,0,0,0
0,0,0,0,0,11,11,0,32,61,66,72,69,67,65,69,60,54,44,35,26,41,50,14,13,8
0,0,0,0,0,0,12,8,50,77,76,76,71,72,76,65,61,54,51,44,47,52,53,19,11,0
7,8,8,10,0,8,34,15,55,74,79,82,77,73,71,76,66,59,56,53,53,54,52,21,13,7
6,0,8,12,8,15,43,38,60,79,88,92,88,78,73,85,72,63,60,57,57,57,55,50,26,10
7,0,0,7,10,31,54,50,70,83,91,101,95,84,82,83,74,66,64,61,63,58,55,50,35,14
8,7,9,0,9,14,50,52,72,86,101,108,95,92,78,69,66,66,66,66,64,61,57,53,46,14
10,6,0,8,13,52,51,55,73,83,100,106,93,88,72,65,65,69,68,72,70,69,63,55,41,28
10,5,8,9,13,53,53,53,73,90,98,100,97,92,72,70,61,66,66,70,67,66,62,55,48,23
10,13,20,10,24,48,51,48,70,90,107,111,107,91,66,74,56,62,62,65,65,65,60,48,38,35
10,10,12,13,18,48,48,45,69,86,101,97,98,86,68,66,61,63,64,68,68,67,65,57,37,27
6,10,12,14,9,50,45,37,65,83,101,94,89,81,63,61,57,61,64,66,69,68,65,57,48,28
0,0,7,9,27,13,39,28,62,79,91,95,88,78,61,59,52,57,64,67,70,69,64,56,50,23
7,10,10,8,20,18,27,15,57,70,88,92,87,74,60,58,37,50,63,67,69,75,67,56,46,19
8,0,7,12,11,15,12,10,52,69,86,92,84,69,58,54,41,14,57,69,73,76,71,55,34,12
0,0,0,0,10,10,14,11,51,69,87,90,82,66,58,53,18,27,54,61,75,77,87,68,54,25
0,8,7,8,23,40,42,12,51,69,130,121,82,66,59,54,52,13,53,62,72,76,95,81,57,50
8,10,7,9,10,15,41,14,54,74,135,155,83,68,62,56,51,47,54,59,68,74,77,64,52,25
0,6,0,10,6,14,17,9,41,59,96,104,67,56,51,38,15,10,16,36,53,59,60,54,23,11
0,0,0,0,0,12,12,11,17,46,76,67,58,50,20,28,9,11,13,38,54,53,51,35,14,10
0,4,0,0,9,10,11,8,11,52,66,62,54,51,20,15,0,8,9,13,52,51,50,14,10,7
0,0,4,0,8,11,10,0,12,51,65,60,52,50,15,8,5,0,0,14,51,44,27,12,8,0
0,0,0,0,0,9,8,0,9,50,58,57,50,27,13,0,0,0,0,12,25,31,21,10,7,5
0,5,0,0,9,8,0,0,0,21,55,53,31,21,12,0,0,0,6,8,25,23,14,8,0,5
0,4,5,4,6,0,0,0,0,9,51,42,13,15,12,8,6,8,0,5,15,16,13,9,0,5
0,0,5,0,0,0,0,0,0,11,48,42,19,13,11,10,0,8,0,6,13,13,13,10,7,6
0,0,0,6,0,0,0,0,0,12,39,38,19,12,12,7,0,0,7,0,12,14,14,8,9,5
38,43,59,192,459,278,161,96,84,85,89,87,91,85,83,83,76,73,70,69,76,94,112,83,60,58
13,13,44,97,162,116,98,68,63,64,64,71,75,76,77,70,62,60,58,60,57,60,68,57,51,41
9,10,23,56,60,54,12,10,9,8,56,66,70,72,66,60,56,53,50,50,50,51,52,45,13,13
7,11,13,25,35,39,0,0,0,13,57,61,65,66,65,63,59,50,31,34,20,50,47,17,10,10
8,11,11,12,12,0,0,0,0,19,61,66,63,70,73,66,58,40,31,17,35,50,42,18,10,11
10,8,10,0,9,11,28,0,9,10,54,60,69,78,70,68,59,58,53,20,50,51,50,17,11,12
0,7,0,0,8,17,28,0,14,54,70,77,80,83,80,72,60,56,50,22,50,50,44,15,9,0
0,0,0,0,9,33,17,0,10,54,76,82,84,91,89,78,62,59,52,52,52,52,51,14,9,0
0,0,0,0,10,30,14,0,15,66,81,86,96,100,94,87,65,62,55,52,51,52,52,17,11,0
0,0,0,0,8,15,13,0,17,62,81,94,101,100,92,82,64,65,57,52,51,43,34,14,10,9
0,0,0,0,0,7,6,0,25,61,75,83,92,90,77,69,64,56,52,46,23,33,17,9,7,8
0,0,0,0,0,0,9,0,13,57,66,75,78,79,70,67,63,53,50,12,17,14,12,11,7,0
0,0,0,0,0,0,8,0,11,55,63,66,69,69,66,65,54,52,32,14,12,13,25,8,0,0
0,0,0,0,0,0,0,0,0,39,54,52,53,48,37,40,14,10,0,0,0,0,0,0,0,0
0,0,0,0,0,10,10,0,32,61,66,72,70,66,65,69,59,54,45,35,28,41,50,15,13,8
0,0,0,0,0,0,13,8,50,76,75,75,71,72,76,65,61,54,52,47,47,52,53,21,11,0
7,9,8,10,0,7,31,15,56,74,79,82,77,73,71,76,66,59,56,53,53,54,52,23,13,7
6,0,7,12,8,14,43,42,60,80,88,91,88,78,74,85,72,63,60,57,57,57,55,46,26,10
7,0,0,7,10,27,54,50,70,83,91,101,95,84,81,82,74,65,64,61,62,58,55,50,33,14
8,7,9,0,9,13,50,53,73,87,101,107,95,93,78,69,66,65,66,66,64,61,56,53,50,14
9,6,0,8,13,51,52,55,74,83,99,106,93,88,72,65,65,69,68,72,70,69,63,54,41,30
10,5,8,9,12,52,53,53,74,90,98,100,97,92,72,70,62,66,67,70,67,66,62,55,50,23
10,13,20,10,22,46,51,48,70,90,108,111,107,91,65,73,57,62,62,65,65,65,59,47,39,35
10,9,12,13,15,46,47,46,69,86,101,98,98,85,68,66,61,63,64,68,68,67,65,56,37,28
6,10,13,14,9,38,45,43,65,83,101,94,89,81,62,61,57,61,64,67,69,68,65,57,48,28
0,0,7,9,29,13,39,30,61,79,91,95,89,78,61,59,51,56,64,66,69,69,64,57,48,23
7,10,10,8,19,16,27,15,57,70,88,92,87,74,59,58,37,50,63,67,69,74,68,55,48,15
8,0,7,11,11,14,13,11,52,69,86,91,84,70,58,54,41,14,57,69,73,76,71,55,34,12
0,0,0,0,10,9,14,11,51,70,87,90,81,66,58,53,20,27,54,62,74,78,87,68,54,23
0,8,7,8,21,31,42,13,51,69,129,121,83,66,59,54,52,13,53,62,72,76,94,81,57,50
7,10,8,9,10,14,41,15,54,74,135,155,83,68,62,56,51,50,54,59,68,73,77,64,52,25
0,6,0,10,6,14,20,9,39,58,96,104,67,57,51,40,15,10,16,36,53,58,60,53,25,11
0,0,0,0,0,11,12,11,17,47,76,67,58,50,20,28,9,12,14,36,53,53,51,32,14,9
0,4,0,0,9,9,11,8,11,53,66,62,54,51,17,14,0,8,9,13,52,51,50,14,10,7
0,0,4,0,8,10,10,0,12,51,64,60,52,47,15,8,5,0,0,14,51,44,30,13,8,0
0,0,0,4,0,9,8,0,8,45,59,56,50,30,13,0,0,0,0,12,25,27,19,9,7,0
0,5,0,0,9,7,0,0,0,21,54,52,31,21,12,0,0,0,6,8,23,21,14,8,5,5
0,4,5,4,6,0,0,0,0,9,51,40,13,14,12,8,6,8,0,5,14,16,13,9,0,0
0,0,5,0,0,0,0,0,0,11,50,44,20,13,11,10,0,8,0,6,13,13,13,10,7,6
0,0,0,6,0,0,0,0,0,12,35,35,20,12,12,8,0,0,7,0,12,14,14,8,9,5
36,43,59,190,457,278,160,97,84,85,89,87,90,84,82,83,76,73,69,69,76,94,110,83,59,57
13,14,44,97,163,116,98,68,63,63,64,70,75,75,77,71,62,60,58,60,57,60,68,57,51,37
9,10,24,56,60,55,11,10,9,7,56,66,70,72,65,60,56,53,50,50,50,52,52,47,13,12
7,11,13,23,32,39,0,0,0,13,57,61,65,66,65,63,59,50,31,36,20,50,50,15,10,9
8,11,12,11,12,0,0,0,0,21,61,66,64,70,73,66,58,42,29,19,37,50,44,20,10,10
10,9,10,0,9,11,28,0,9,10,54,61,70,78,70,69,59,58,52,20,50,51,50,17,11,12
0,7,0,0,8,17,32,0,15,54,71,78,81,83,80,72,60,56,50,22,50,50,41,20,10,0
0,0,0,0,9,33,17,0,11,54,76,82,84,91,88,78,62,58,52,52,52,52,51,14,8,0
0,0,0,0,10,33,14,0,17,66,80,86,95,100,93,87,65,62,55,52,51,52,52,14,11,0
0,0,0,0,8,14,14,0,20,63,81,93,101,100,91,82,65,65,57,52,50,43,34,14,10,9
0,0,0,0,0,7,6,0,27,62,74,84,92,90,77,69,63,57,51,43,27,36,20,8,7,7
0,0,0,0,0,0,9,0,12,57,66,75,78,78,70,67,63,53,51,12,19,14,12,11,7,0
0,0,0,0,0,0,8,0,11,55,63,66,69,69,66,65,54,52,32,14,13,13,25,8,0,0
0,0,0,0,0,0,0,0,0,39,54,52,54,48,37,38,14,11,0,0,0,0,0,0,0,0
0,0,0,0,0,10,11,0,35,62,67,72,70,66,65,69,59,55,45,35,30,41,50,15,12,7
0,0,0,0,0,0,12,9,50,77,76,76,71,72,76,65,61,54,52,47,50,52,53,19,11,0
7,9,8,9,0,7,31,17,56,74,79,83,77,73,71,76,66,59,56,53,54,54,52,27,14,6
6,0,8,12,8,14,43,42,59,80,88,92,88,78,73,85,72,64,60,57,57,56,55,48,26,10
7,0,0,6,10,27,54,51,70,83,91,101,95,85,81,83,74,66,64,61,62,58,55,50,32,14
8,7,9,0,9,14,50,53,73,87,101,108,95,93,77,69,66,66,66,65,64,61,57,53,48,14
10,5,0,7,13,52,52,55,74,83,100,106,94,88,72,65,66,70,68,72,70,69,63,54,41,28
10,5,8,9,13,53,53,53,74,90,98,100,98,92,72,70,62,66,66,70,67,66,62,54,50,18
10,13,20,0,22,44,51,47,70,90,109,112,108,91,65,72,57,61,62,65,65,65,59,47,39,35
10,9,12,13,16,48,45,47,70,86,101,98,98,85,68,65,62,63,64,68,68,66,65,56,39,28
6,10,13,13,9,38,45,43,65,83,101,95,89,81,63,61,57,61,64,67,69,69,64,56,50,28
0,0,7,9,27,13,39,32,62,79,91,96,89,77,61,59,51,57,64,67,69,69,63,57,48,21
8,10,10,7,17,16,29,16,57,70,88,92,86,74,59,58,35,50,63,67,69,74,68,56,48,14
8,0,7,11,11,14,13,11,53,68,86,92,85,70,58,54,37,14,57,69,74,76,71,54,34,12
0,0,0,0,10,10,13,11,50,70,87,90,81,66,58,52,21,27,54,62,75,78,86,68,54,18
0,8,7,7,21,34,42,13,51,69,130,121,83,65,59,54,52,14,53,62,72,76,94,80,56,48
7,10,8,8,10,14,38,14,54,74,135,155,83,67,61,56,51,50,54,59,68,74,77,64,52,20
0,6,0,10,6,14,20,10,41,58,96,104,66,57,51,38,17,10,15,36,52,59,60,53,23,10
0,0,0,0,0,12,13,12,22,47,76,67,58,50,20,28,9,12,13,36,53,53,51,30,14,9
0,4,0,0,9,10,11,8,11,53,67,62,54,51,15,14,0,8,9,13,52,51,50,14,10,7
0,0,4,0,8,10,9,0,12,51,64,60,52,44,18,8,5,0,0,14,51,41,30,12,8,0
0,0,0,0,0,9,8,0,9,45,60,56,50,32,13,0,0,0,0,12,25,25,19,9,7,0
0,5,0,0,9,7,0,0,0,21,55,52,29,23,12,0,0,0,6,9,25,20,14,8,5,5
0,4,5,0,6,0,0,0,0,10,51,40,13,14,12,8,6,9,0,5,14,14,13,8,0,0
0,0,5,0,0,0,0,0,0,11,46,46,20,13,11,9,0,8,0,6,14,13,13,10,7,6
0,0,0,6,0,0,0,0,0,12,34,36,20,12,11,8,0,6,7,0,12,14,14,8,9,5
36,43,59,190,459,278,163,97,84,85,89,87,91,85,83,83,75,73,69,70,76,94,110,82,59,57
13,14,45,98,163,116,98,67,63,63,64,71,75,75,77,71,63,60,59,59,57,59,68,56,51,35
10,10,25,56,60,55,11,10,9,8,56,66,70,72,65,60,56,53,50,50,50,52,52,45,13,12
7,11,13,23,31,42,0,0,0,13,57,62,65,66,65,63,58,50,33,36,22,43,50,14,10,9
8,11,12,11,12,0,0,0,0,27,62,66,64,70,73,66,58,40,31,21,39,50,42,16,10,11
10,9,10,0,9,11,28,0,9,10,55,61,70,79,70,68,59,58,53,21,50,51,50,14,11,12
0,7,0,0,8,19,32,0,15,54,72,78,81,84,79,72,60,57,51,25,50,50,44,17,10,0
0,0,0,0,9,36,19,0,11,54,77,83,84,91,88,78,62,59,52,52,52,52,51,14,0,0
0,0,0,0,10,36,14,0,15,66,81,87,95,100,94,87,65,62,55,52,52,52,52,14,11,0
0,0,0,0,8,14,13,0,20,63,81,94,101,100,92,82,66,65,57,52,51,43,31,14,10,9
0,0,0,0,0,7,7,0,30,62,74,84,93,90,77,70,63,56,51,46,25,30,22,8,7,7
0,0,0,0,6,0,9,0,12,57,67,75,78,79,70,66,63,53,50,12,21,14,12,11,7,0
0,0,0,0,0,0,8,0,10,55,63,67,70,69,65,65,54,52,35,17,12,13,25,8,0,0
0,0,0,0,0,0,0,0,0,42,55,52,54,48,38,38,14,10,0,0,0,0,0,0,0,0
0,0,0,0,0,10,11,0,34,62,67,72,70,67,65,69,60,54,45,35,30,39,50,14,13,7
0,5,0,0,0,0,13,9,50,77,76,77,71,72,77,65,61,55,52,50,50,52,53,14,12,0
7,9,8,9,0,8,31,19,56,75,79,83,77,73,71,76,66,59,56,53,54,54,52,25,14,6
6,0,8,12,9,14,43,44,58,79,88,92,88,78,73,85,72,63,60,57,57,57,54,46,23,10
8,0,0,6,11,34,53,51,70,83,92,102,95,85,81,83,74,66,64,61,62,58,55,48,32,13
9,7,9,0,9,14,50,53,73,87,102,108,95,94,77,69,66,65,66,66,65,61,57,53,48,14
10,0,0,7,13,52,51,56,74,84,100,106,94,88,72,65,66,70,68,72,70,69,64,54,41,28
10,5,8,9,13,53,53,53,74,90,99,100,98,92,72,70,62,66,66,70,67,66,62,54,50,18
10,12,22,0,23,46,51,47,70,90,110,112,109,91,64,72,57,61,62,65,65,64,60,46,38,34
10,9,12,13,16,48,45,46,69,87,101,98,98,85,67,65,61,62,64,68,68,67,65,55,37,27
7,10,13,13,9,43,45,47,65,83,102,95,89,81,63,61,57,61,64,67,69,68,64,56,50,23
0,0,7,9,27,13,41,33,61,79,91,95,89,77,61,59,51,57,64,67,69,70,64,57,48,21
8,10,11,7,19,16,33,14,57,70,88,91,86,74,60,58,35,51,63,67,69,74,68,55,48,14
8,0,7,11,10,14,13,11,52,69,86,92,84,70,58,54,41,14,57,69,74,75,71,54,32,11
0,0,0,0,9,10,13,11,50,70,87,90,81,66,58,53,21,29,54,62,75,77,86,67,54,18
0,8,8,7,23,34,40,13,51,69,131,121,83,65,59,54,52,14,53,62,72,75,94,80,56,50
7,10,8,8,10,14,38,15,53,74,135,155,83,67,61,56,52,50,54,59,68,73,77,64,52,23
0,6,0,10,6,14,22,10,41,59,96,104,66,57,50,36,17,10,15,39,53,58,60,53,21,10
0,0,0,0,0,11,13,11,20,48,76,67,58,50,19,27,9,12,13,38,54,53,51,30,14,9
0,4,0,0,9,10,12,8,11,53,67,63,54,51,14,14,0,8,9,13,52,51,50,14,10,7
0,0,5,0,8,10,9,0,11,51,64,60,52,50,15,8,5,0,0,14,51,38,30,12,8,0
0,0,0,0,0,9,8,0,8,47,60,56,50,35,13,0,0,0,0,12,25,21,19,9,7,0
0,5,0,0,9,7,0,0,0,25,55,53,29,25,11,0,0,0,6,9,23,20,14,7,5,5
0,5,5,0,6,0,0,0,0,10,51,40,13,14,11,8,7,8,0,5,14,14,13,8,0,0
0,0,5,0,0,0,0,0,0,11,50,48,20,13,11,9,0,8,0,6,14,13,14,9,7,6
0,0,0,6,0,0,0,0,0,12,35,36,20,13,11,7,0,0,7,0,12,14,14,8,8,0
