0,7,7,8,13,16,54,60,64,62,68,86,89,101,107,97,80,76,73,68,64,57,60,57,50,19
0,0,11,8,14,41,60,66,66,61,63,80,91,101,110,103,88,85,86,79,70,65,63,55,51,39
0,0,0,13,11,29,53,63,54,52,65,83,98,106,103,93,83,88,88,83,76,63,60,55,53,52
5,8,0,0,9,46,37,27,54,66,68,78,87,98,97,97,95,93,93,84,70,58,57,54,50,53
9,0,10,0,0,0,51,62,67,69,80,88,99,107,123,107,79,82,89,77,66,58,54,52,36,13
7,0,0,0,0,0,34,56,11,7,14,65,85,101,101,90,79,80,79,71,58,50,50,40,14,13
8,8,8,0,0,8,60,64,52,9,58,85,89,109,113,100,90,95,90,75,63,54,50,40,14,8
8,13,11,10,9,41,77,66,37,69,84,86,112,125,123,113,107,115,124,94,70,61,57,55,45,32
0,10,9,12,13,38,73,67,44,52,68,92,109,118,117,112,106,110,120,95,64,58,58,54,51,12
0,0,7,11,13,50,67,68,50,20,62,89,102,108,109,107,97,89,94,83,59,55,55,52,40,14
0,0,0,0,11,52,66,63,50,40,59,84,99,106,105,91,86,82,79,66,56,53,52,52,37,11
0,0,0,0,9,40,60,53,13,51,64,80,88,95,92,88,83,74,70,61,55,50,51,52,43,12
0,0,0,0,0,14,57,54,51,57,64,78,84,90,91,89,88,76,72,62,55,51,53,54,47,13
0,0,0,0,0,13,47,44,51,53,63,69,75,75,79,76,71,66,63,53,26,16,14,17,12,0
0,0,10,11,13,50,64,62,56,68,72,83,86,87,97,93,100,83,75,65,59,56,54,54,46,28
0,0,11,10,12,53,68,64,66,70,79,106,94,99,95,89,88,76,75,68,61,56,56,56,52,30
8,7,12,13,12,55,68,66,72,74,82,105,89,95,95,93,82,77,77,69,60,57,56,58,54,31
0,6,10,9,14,55,72,68,70,76,83,96,89,94,89,91,80,77,73,67,62,58,53,55,51,30
0,0,10,11,13,54,68,70,70,80,87,94,91,92,96,91,78,77,94,71,65,59,56,54,50,31
10,7,10,10,14,51,63,72,76,86,97,100,98,101,94,86,84,94,93,74,70,64,60,58,54,46
0,0,0,12,13,51,60,68,74,82,89,90,91,94,82,75,78,86,82,75,74,72,63,65,56,48
0,0,8,6,11,43,60,71,71,79,86,86,80,77,70,71,69,73,75,70,67,61,57,53,42,20
8,0,14,0,12,35,58,67,71,75,84,87,79,70,67,71,66,69,73,65,60,58,54,42,35,31
8,9,11,13,10,40,62,73,74,76,79,77,73,73,69,67,69,72,70,67,64,62,59,52,41,16
7,6,8,7,8,43,63,69,69,70,73,75,66,69,63,63,67,68,67,66,63,63,59,54,44,12
0,0,10,7,0,47,66,73,68,71,71,72,66,68,63,62,62,66,67,63,65,61,58,53,26,12
0,7,7,8,8,50,64,71,67,66,66,66,65,64,59,59,60,60,65,65,63,60,56,52,28,10
0,0,7,8,0,51,66,72,66,61,61,63,62,61,58,59,60,59,61,67,64,63,58,51,15,11
0,0,7,6,9,52,75,82,66,60,60,63,63,62,60,60,58,58,60,60,65,65,64,53,45,13
0,6,8,0,12,61,83,98,67,57,62,66,63,61,59,60,59,58,57,59,59,64,84,62,50,14
0,5,0,6,12,58,71,75,54,52,55,61,57,56,55,55,59,56,51,54,55,55,59,53,25,12
0,0,0,6,13,50,55,52,33,25,52,58,55,52,50,51,51,40,23,31,36,44,42,27,11,0
0,0,0,0,11,22,39,35,16,13,15,51,41,32,30,37,34,38,34,26,29,34,29,17,10,0
0,0,0,8,11,14,15,17,11,11,13,51,47,50,14,11,13,30,14,10,10,19,14,12,9,0
0,0,0,0,6,9,8,8,0,0,10,9,9,0,8,10,13,10,8,0,7,10,11,9,0,0
0,0,0,6,0,0,0,8,0,0,9,13,8,0,6,0,0,6,8,7,6,7,10,6,0,0
0,0,0,0,0,0,0,0,0,0,12,15,8,6,0,14,12,12,13,0,0,9,10,8,6,0
0,0,0,0,0,0,0,0,0,8,13,13,14,9,10,13,10,12,12,0,6,9,10,10,9,0
0,0,6,0,0,0,0,0,0,7,11,13,10,13,12,14,12,10,13,7,9,7,9,11,10,5
0,0,0,5,0,0,8,10,0,8,11,14,11,16,17,25,28,17,12,11,8,9,10,10,13,7
5,8,7,8,13,36,56,62,65,65,71,89,91,100,105,97,81,77,73,69,65,58,60,57,50,19
0,0,11,8,14,38,61,66,67,62,65,82,93,100,109,103,87,86,85,79,71,63,62,56,50,37
0,0,0,13,11,27,52,63,54,52,66,84,98,102,99,91,82,86,85,82,73,60,59,55,51,52
5,8,0,0,8,46,39,31,53,66,69,77,86,94,95,95,94,90,90,81,68,56,55,52,39,52
8,0,9,0,0,0,51,61,66,66,76,87,96,102,121,104,77,79,85,72,64,55,52,51,29,12
6,0,0,0,0,0,23,55,11,6,15,65,82,95,96,86,78,76,76,68,55,41,50,32,13,11
7,7,7,0,0,7,56,61,51,0,56,84,87,105,111,98,88,91,85,69,61,53,41,35,12,8
8,13,10,10,7,41,77,65,37,67,83,86,111,125,122,112,105,110,118,90,67,60,57,55,45,30
0,10,8,12,13,30,76,65,38,52,67,92,108,118,117,112,105,106,111,93,64,58,56,54,44,12
0,0,7,11,12,50,68,67,44,14,64,89,102,109,108,107,98,89,89,77,59,54,53,51,35,13
0,0,0,0,11,53,66,62,51,31,60,85,100,106,105,90,87,81,78,64,56,53,51,52,35,11
0,0,0,0,9,43,60,53,13,51,64,81,89,95,92,88,83,74,69,60,55,50,51,52,43,13
0,0,0,0,0,19,57,53,51,57,65,79,85,91,91,90,89,76,71,62,55,52,53,54,45,13
0,0,0,0,0,13,45,40,50,54,64,70,76,75,80,76,71,65,62,52,25,14,14,17,11,0
0,0,10,11,13,50,63,61,54,68,72,84,87,87,97,93,101,84,75,64,59,56,54,54,45,25
6,0,12,10,12,54,68,62,65,71,79,108,95,99,97,89,88,76,75,68,61,56,56,56,52,28
9,7,12,13,12,55,67,65,71,75,82,106,90,95,96,94,82,78,77,69,60,57,55,60,55,33
0,6,10,9,13,56,69,67,70,76,83,96,90,95,90,91,81,77,72,68,62,58,53,55,51,26
7,0,9,12,13,57,70,70,71,81,88,95,92,92,97,92,78,77,95,71,65,59,56,54,51,33
10,6,10,10,15,53,66,72,76,86,98,101,99,100,94,86,84,94,94,74,69,64,60,59,54,50
0,0,0,12,13,51,61,68,74,83,89,91,91,93,81,74,78,86,83,76,74,72,61,64,56,48
0,0,7,6,11,43,60,71,71,79,86,86,79,77,70,70,69,74,74,70,67,62,56,52,41,23
9,0,13,0,12,35,58,67,72,74,85,86,80,71,67,70,66,70,72,65,60,58,54,43,35,30
8,9,11,13,9,40,62,73,74,76,79,77,73,72,69,67,69,73,70,68,65,62,59,52,39,17
7,6,8,7,8,45,62,69,69,71,74,75,66,69,63,62,67,68,66,66,64,63,59,54,38,12
0,0,10,7,0,43,66,73,69,71,71,72,67,68,63,60,61,66,68,64,65,61,57,53,30,13
0,7,7,8,8,50,64,71,66,66,66,66,65,63,58,58,60,59,65,65,63,60,56,52,28,10
0,0,7,8,0,51,66,71,66,61,62,63,62,61,58,58,59,59,60,67,65,63,58,51,14,11
0,0,8,6,8,52,75,82,65,60,60,63,62,61,59,59,58,58,60,60,67,64,63,53,43,13
0,6,9,0,12,60,83,99,67,57,61,65,64,60,59,59,59,58,58,59,60,64,82,61,50,14
0,5,0,6,12,58,71,73,54,52,54,60,57,55,55,54,58,55,50,54,55,55,59,52,29,12
0,0,0,6,12,50,55,52,33,25,50,58,55,52,50,50,51,38,21,32,38,44,40,26,11,0
0,0,0,0,10,22,37,33,16,11,15,50,41,30,31,37,32,33,32,21,35,35,26,15,9,0
0,0,0,7,10,13,14,17,12,11,13,51,47,45,13,10,13,30,13,9,10,21,14,12,8,0
0,0,0,0,0,9,8,8,0,0,11,9,9,0,9,10,13,9,7,0,9,11,11,9,0,0
0,0,0,6,0,0,0,8,0,0,8,13,8,0,7,0,0,6,7,7,0,8,10,6,0,0
0,0,0,0,0,0,0,0,0,0,12,15,9,6,0,14,12,12,13,0,6,9,9,9,5,0
0,0,0,0,0,0,0,0,0,8,12,13,14,8,10,13,10,12,12,0,6,10,10,10,8,0
0,0,5,0,0,4,0,0,0,7,11,13,10,12,12,14,12,10,13,6,9,8,10,11,10,6
0,0,0,5,0,0,8,10,0,8,10,15,12,15,14,23,26,15,12,12,8,9,10,11,12,7
5,8,7,8,12,44,57,62,66,66,74,91,93,101,105,97,81,78,73,69,65,58,59,57,50,14
0,0,10,8,14,41,61,67,67,63,66,83,95,102,110,105,88,87,85,80,71,63,62,56,47,33
0,0,0,12,11,27,51,63,54,52,66,87,98,103,99,91,82,86,86,82,73,60,59,55,51,51
5,8,4,0,8,46,37,37,53,66,70,78,87,94,95,96,93,90,90,81,67,56,55,52,35,52
8,0,9,0,0,0,50,60,66,65,75,87,96,101,121,104,77,79,84,72,63,55,51,51,27,12
6,0,0,0,0,0,18,54,12,0,23,65,82,94,95,86,78,76,75,68,55,38,50,32,13,11
7,7,7,0,0,6,56,60,52,0,57,84,87,105,110,96,87,91,84,69,60,52,41,32,12,7
0,13,10,10,0,36,77,64,43,68,85,87,113,126,121,112,104,108,118,90,67,60,57,55,40,25
0,10,7,12,12,30,75,65,38,53,68,93,109,118,116,111,103,105,109,92,64,57,56,54,41,10
0,0,0,10,12,46,68,67,44,14,65,89,102,108,108,106,96,88,88,76,58,54,54,52,37,13
0,0,0,0,11,53,65,61,52,34,60,85,100,106,104,89,86,80,78,63,56,53,51,52,32,10
0,0,0,0,9,46,59,53,14,50,64,81,89,95,91,88,82,73,69,61,55,50,51,53,43,12
0,0,0,0,0,17,56,53,51,57,66,79,84,90,90,90,88,75,71,61,55,51,53,53,50,13
0,0,0,0,0,13,42,38,48,53,64,70,76,75,79,76,70,65,62,51,23,14,14,17,11,0
0,0,10,11,13,50,62,61,54,68,73,85,87,87,96,93,100,83,75,64,59,56,54,54,44,25
6,0,11,11,13,54,67,61,65,71,79,109,95,99,97,89,87,75,75,68,61,56,55,55,51,28
8,7,12,13,12,55,67,64,71,75,82,106,89,95,95,94,82,77,77,68,60,57,56,60,54,33
0,6,10,9,13,55,67,65,70,76,83,97,91,95,90,91,80,76,73,67,61,57,53,55,51,25
7,0,9,12,13,58,70,69,71,81,89,96,91,93,98,92,79,77,95,71,65,59,56,54,51,31
11,7,10,10,20,55,66,72,76,86,99,102,98,101,94,85,84,94,94,74,69,64,60,60,54,50
0,0,0,12,14,52,61,68,74,83,90,91,91,94,81,75,78,86,82,76,74,71,62,64,56,46
0,0,7,6,11,38,60,70,72,79,86,86,79,77,69,70,69,73,74,70,67,61,56,52,39,20
9,0,13,0,12,36,58,67,71,75,85,87,79,71,67,70,65,70,72,64,60,57,53,43,36,28
9,9,11,13,10,40,62,73,74,76,78,78,73,72,69,68,69,72,70,67,65,62,59,52,37,16
7,6,8,7,8,43,61,69,70,70,73,75,66,69,63,62,66,67,66,65,64,63,58,54,36,12
0,0,10,7,0,39,66,73,69,71,71,72,66,67,63,61,61,66,68,63,65,60,57,53,32,12
0,7,7,8,8,50,64,71,66,66,66,65,65,63,58,56,59,60,65,65,63,61,56,52,26,10
0,0,6,8,0,51,66,71,66,62,62,63,62,60,58,57,59,59,61,66,64,63,58,51,14,10
0,0,8,7,8,52,75,83,66,60,60,63,61,61,59,59,58,59,60,60,67,64,63,53,36,12
0,6,9,0,12,60,83,99,67,57,61,65,64,60,59,59,58,58,58,60,60,64,82,61,50,14
0,5,0,6,11,58,70,73,54,52,54,60,56,55,55,54,58,55,50,54,55,55,59,52,25,11
0,0,0,6,12,48,54,51,33,25,50,58,55,52,50,50,51,38,21,30,37,43,40,27,11,0
0,0,0,0,10,20,34,33,22,12,15,46,41,29,32,36,33,33,34,19,34,34,25,15,9,0
0,0,0,7,10,13,14,14,12,11,14,51,47,47,13,10,13,30,13,8,10,19,14,12,7,0
0,0,0,0,6,9,8,7,0,0,11,10,10,0,9,11,13,9,7,0,9,11,10,8,0,0
0,0,0,7,0,0,0,8,0,0,8,13,8,6,8,0,0,6,7,7,0,8,10,7,0,0
0,0,0,0,0,0,0,0,0,0,12,17,9,6,0,14,12,12,12,0,6,9,9,9,5,0
0,0,0,0,0,0,0,0,0,8,12,13,14,8,10,13,10,12,11,0,7,10,10,10,9,0
0,0,5,0,0,0,0,0,0,8,11,13,10,12,11,14,12,10,13,6,9,8,10,11,10,5
0,0,0,5,0,0,7,9,0,7,10,15,12,16,14,23,26,16,12,11,8,9,10,12,12,6
6,8,7,9,12,43,57,62,66,66,73,91,93,100,105,97,82,77,73,69,65,58,59,57,50,15
0,0,11,8,14,41,61,67,68,63,66,83,96,101,110,105,87,87,84,78,71,62,63,56,50,33
0,0,0,12,11,29,51,63,54,53,66,87,99,103,98,91,82,86,85,81,71,59,58,54,51,51
5,8,4,0,8,45,37,39,54,66,70,78,87,94,95,96,94,90,90,80,67,55,55,52,35,52
8,0,9,0,0,0,51,60,67,65,75,87,96,101,121,104,77,79,84,71,63,55,51,50,25,12
6,0,0,0,0,0,18,54,12,0,25,65,82,94,95,86,78,76,75,67,54,27,46,27,12,11
7,0,7,0,0,7,56,61,51,0,56,84,87,105,109,96,87,91,84,68,59,51,38,30,12,7
7,13,11,10,7,33,78,64,46,68,84,87,114,125,120,111,104,107,117,88,66,59,56,54,37,21
0,10,8,11,12,25,76,64,38,53,68,93,108,117,115,110,103,104,108,91,63,57,56,53,44,10
0,0,0,10,12,46,67,66,44,14,64,88,102,108,107,106,95,88,88,75,58,53,53,51,35,13
0,0,0,0,11,52,65,60,53,34,59,84,100,105,103,89,87,80,78,62,56,52,51,51,32,10
0,0,0,0,9,43,59,53,13,50,65,81,89,94,90,88,82,73,68,60,55,50,51,53,40,13
0,0,0,0,0,15,57,53,51,57,66,79,85,90,90,89,87,75,71,61,55,51,52,53,50,13
0,0,0,0,0,13,42,38,50,53,64,70,76,75,78,76,70,65,62,51,23,13,14,15,11,0
0,0,10,11,13,50,62,61,53,68,72,85,86,86,96,92,100,83,76,64,59,56,54,54,45,26
6,0,12,10,13,55,67,60,64,71,79,107,95,98,97,89,87,75,75,67,61,56,56,55,51,28
9,7,13,13,12,55,66,64,71,75,82,106,89,96,95,93,83,77,77,68,61,57,56,61,55,33
0,6,10,9,13,55,67,65,70,76,82,97,91,95,91,91,81,76,73,66,61,57,54,55,51,25
8,0,10,13,14,58,70,69,71,82,88,96,91,92,98,92,79,77,95,70,65,59,56,54,51,31
11,7,10,10,21,55,66,71,76,86,99,102,99,101,95,85,84,94,93,74,69,64,60,60,54,50
0,0,0,12,14,52,61,68,74,83,90,91,91,93,81,75,78,86,82,76,74,70,62,64,57,45
0,0,7,6,11,38,60,70,71,79,86,86,79,77,69,70,69,73,74,70,67,61,56,52,39,23
9,0,13,0,12,36,58,67,72,74,85,86,79,71,67,70,65,69,72,64,60,57,53,43,37,28
9,10,11,13,10,41,61,72,74,76,78,78,73,72,69,67,69,73,70,67,64,61,59,52,37,16
7,5,8,7,8,47,61,69,70,71,73,75,66,69,63,62,66,67,66,65,64,62,58,53,34,13
0,0,10,7,0,41,66,73,69,70,71,71,66,67,63,61,60,66,68,64,65,61,57,52,34,13
0,7,7,8,8,50,64,71,67,66,66,65,65,63,58,56,59,60,65,65,63,61,56,51,31,10
0,0,7,8,0,51,66,70,66,62,62,62,62,60,58,57,59,58,61,66,64,64,58,51,15,11
0,0,8,7,8,52,75,82,66,59,61,63,61,61,59,58,58,59,60,60,67,64,63,53,36,13
0,6,8,0,12,60,83,99,67,58,61,65,64,60,58,59,58,57,58,60,60,64,82,61,50,14
0,6,0,6,11,58,70,73,54,52,54,59,57,55,55,54,58,55,50,55,55,55,59,52,27,12
0,0,0,6,12,47,54,51,33,23,50,58,55,52,50,50,51,38,23,30,39,43,40,27,11,0
0,0,0,0,10,22,32,30,23,11,15,45,41,29,32,36,34,35,35,21,34,34,26,14,9,0
0,0,0,7,10,13,14,14,13,11,14,50,47,45,13,11,13,25,13,8,10,21,14,11,7,0
0,0,0,0,6,9,8,7,0,0,11,9,10,0,9,11,13,9,7,0,9,11,11,8,0,0
0,0,0,6,0,0,0,8,0,0,8,13,8,6,8,0,0,6,8,7,0,8,10,7,0,0
0,0,0,0,0,0,0,0,0,0,12,15,10,7,0,14,12,11,12,0,6,9,10,9,5,0
0,0,0,0,0,0,0,0,0,8,12,13,14,9,10,13,10,12,11,0,7,10,11,10,9,0
0,0,5,0,0,4,0,0,0,8,11,13,10,12,11,14,12,10,13,6,9,8,10,11,10,5
0,0,0,5,0,0,7,9,0,7,10,15,12,16,13,23,26,16,12,11,7,9,10,12,12,7
6,8,7,9,12,39,57,62,66,66,73,90,92,100,104,97,82,77,73,69,65,58,59,57,50,14
0,0,11,8,14,36,60,67,68,63,66,82,94,101,109,105,87,87,84,78,71,62,63,56,50,31
6,0,0,12,11,21,50,63,54,52,66,86,97,102,98,91,82,85,85,81,71,59,59,55,51,51
6,7,0,0,8,42,35,39,54,66,70,78,86,93,94,96,94,90,91,80,66,55,55,52,37,51
8,0,9,0,0,0,50,60,67,65,75,87,96,100,120,104,77,79,84,71,61,54,51,50,23,12
7,0,0,0,0,0,15,54,12,0,25,65,81,93,95,86,77,77,75,66,54,25,50,25,12,11
8,6,6,0,0,6,56,61,51,0,57,84,86,104,109,96,87,90,85,68,58,52,36,30,12,0
8,13,10,9,0,27,76,64,50,68,86,87,114,125,120,111,104,107,117,88,65,60,56,54,32,17
0,10,7,11,12,17,75,64,44,54,69,93,107,117,116,111,103,104,108,91,62,57,55,54,47,10
0,0,0,10,11,42,67,67,50,14,65,89,102,108,107,106,95,87,87,75,57,53,53,52,35,13
0,0,0,0,10,51,64,62,53,31,60,85,101,105,104,90,86,80,78,63,56,52,51,51,32,9
0,0,0,0,8,37,59,54,14,51,66,81,90,95,91,88,82,74,69,61,54,50,50,52,38,13
0,0,0,0,0,14,57,53,52,56,66,80,85,89,90,89,87,75,71,62,54,50,52,53,50,12
0,0,0,0,0,13,46,39,50,54,65,70,76,75,79,76,70,64,62,51,23,14,15,15,11,0
0,0,10,11,12,50,62,62,54,68,73,86,87,87,97,93,100,83,75,64,58,56,55,53,45,26
7,0,11,10,12,54,67,61,65,71,79,109,95,99,97,89,87,75,76,67,60,56,56,55,52,23
10,7,12,13,11,55,66,64,72,75,83,107,90,96,96,95,83,78,78,68,60,57,56,60,55,29
0,7,10,10,12,54,67,65,70,76,83,97,91,96,91,92,81,77,73,66,61,57,53,55,51,23
9,0,10,13,14,58,71,69,72,83,89,96,91,92,98,92,79,77,95,71,64,59,56,54,51,30
11,8,10,10,18,54,66,72,77,87,99,103,99,102,95,86,83,94,94,74,69,64,60,59,54,46
0,0,0,13,13,51,60,68,75,84,91,91,91,94,81,75,78,86,82,76,74,71,62,64,57,43
0,0,7,6,11,34,59,70,72,80,86,86,80,77,70,70,68,73,74,70,67,60,57,52,39,21
10,7,13,0,11,34,57,67,73,75,86,87,78,71,67,70,65,69,72,64,60,57,53,43,36,28
10,10,10,13,10,38,60,72,75,76,79,78,73,72,69,67,68,73,70,67,64,61,59,52,36,14
8,6,7,7,8,43,61,69,71,71,73,75,65,69,62,62,66,67,67,65,63,62,59,53,36,12
6,0,10,7,0,33,64,72,69,71,71,71,66,67,62,61,60,65,68,63,65,61,58,52,32,12
0,7,6,8,7,42,62,71,68,66,67,65,64,63,58,56,59,60,65,65,63,60,56,51,28,10
0,0,6,7,0,38,63,70,67,62,62,62,61,59,58,57,59,58,61,67,64,64,58,50,14,10
0,0,8,6,7,50,72,83,68,60,61,62,61,61,59,58,58,59,60,60,67,64,63,53,36,12
0,6,8,0,10,57,78,101,74,58,61,64,64,60,59,59,58,58,59,60,60,64,82,61,50,14
0,6,0,6,10,55,67,75,58,52,54,59,57,55,54,54,57,55,51,54,55,55,59,52,23,12
0,0,0,6,10,30,53,53,35,25,50,58,55,51,50,50,50,38,23,30,39,44,40,26,11,0
0,0,0,0,0,15,26,33,26,13,20,45,38,27,31,37,33,35,36,23,32,32,29,15,9,0
0,0,0,0,8,11,13,17,13,11,14,45,42,42,13,11,13,25,13,8,10,25,14,11,7,0
0,0,0,0,0,8,8,7,0,0,12,9,10,0,8,11,13,9,7,0,8,12,11,8,0,0
0,0,0,5,0,0,0,8,0,0,9,13,8,0,8,0,0,6,8,7,0,8,10,7,0,0
0,0,0,0,0,0,0,0,0,0,12,14,9,6,0,14,12,12,12,0,6,9,10,9,6,0
0,0,0,0,0,0,4,0,0,8,12,13,14,8,10,13,10,12,11,0,7,10,11,10,8,0
0,0,4,0,0,4,5,0,0,7,11,13,10,11,11,14,12,10,13,6,9,8,10,11,10,5
0,0,0,5,0,0,7,9,0,7,10,14,11,15,13,25,22,16,12,11,7,10,11,12,12,7
6,8,7,9,12,39,56,62,67,66,74,90,92,100,104,97,82,77,73,69,65,57,59,56,47,14
0,0,11,8,14,30,60,68,68,63,66,83,95,100,110,105,87,87,85,78,71,63,62,55,50,29
7,0,0,12,11,19,50,63,55,53,67,87,98,102,98,91,82,86,86,81,71,58,58,54,51,51
6,8,0,0,8,40,33,45,54,66,70,78,86,93,94,96,94,91,91,81,66,55,54,52,35,51
9,0,8,0,0,0,50,60,67,65,75,86,96,99,121,104,78,79,85,72,61,54,51,50,21,12
7,0,0,0,0,0,16,55,13,6,31,65,81,93,95,86,77,77,76,67,54,23,43,25,12,11
9,7,0,0,0,0,56,61,52,8,57,83,85,104,109,96,87,91,85,68,58,51,27,27,12,0
8,14,10,9,0,21,76,64,51,68,85,86,113,125,120,111,103,108,118,88,66,59,55,53,30,17
0,11,7,11,12,15,73,64,47,54,70,93,108,116,115,110,103,104,109,91,62,57,55,53,50,10
0,0,0,10,11,39,67,67,50,15,65,89,101,107,107,106,95,87,88,75,57,53,53,51,35,13
0,0,0,0,10,50,64,62,55,34,61,86,100,105,103,89,86,80,78,63,56,51,50,50,30,9
0,0,0,0,8,28,59,54,19,51,67,82,89,94,91,88,82,74,69,61,55,50,51,51,36,13
0,0,0,0,0,13,56,52,52,56,66,80,85,89,91,89,87,75,72,62,55,50,52,52,47,13
0,0,0,0,0,12,45,36,51,55,65,71,76,75,78,76,70,64,62,51,26,14,15,14,10,0
0,0,9,11,12,46,62,61,54,69,74,88,87,87,97,93,99,83,76,65,59,56,54,53,45,28
7,0,11,10,12,53,67,61,65,72,79,110,95,99,97,89,88,76,76,67,60,56,55,55,52,25
10,7,12,13,11,54,66,64,72,75,82,108,90,97,96,95,83,78,78,69,61,57,56,60,55,29
0,7,10,10,13,53,66,65,70,77,83,98,91,95,92,92,81,77,73,66,61,57,53,54,50,23
9,0,10,12,13,57,70,69,72,84,89,97,91,92,98,92,79,78,97,71,64,59,56,54,50,33
11,8,10,10,16,54,65,71,77,88,99,104,99,102,95,85,84,95,95,75,69,63,59,59,53,46
0,0,0,12,13,51,60,67,76,84,91,91,91,94,81,76,78,86,82,76,74,70,61,63,56,43
0,0,7,6,11,31,59,69,72,79,87,87,80,77,70,70,69,73,75,70,67,60,56,51,37,20
10,0,12,0,11,32,56,66,73,76,87,88,79,70,66,70,66,69,73,65,61,56,52,42,36,29
10,10,10,12,10,34,58,72,75,77,79,79,74,71,68,67,70,74,70,68,64,61,57,52,36,15
8,6,7,7,10,38,59,68,71,71,74,76,66,68,62,61,66,68,68,66,63,62,57,52,38,12
6,0,9,7,0,27,61,72,69,71,72,73,66,66,62,61,61,67,69,64,65,60,57,51,30,13
0,7,6,7,6,30,60,69,68,67,67,66,64,62,58,56,59,61,67,65,63,59,55,51,28,10
0,0,6,6,0,21,61,68,68,64,64,62,61,58,58,57,59,60,63,68,64,62,56,50,13,10
0,0,7,7,0,39,68,81,71,63,63,62,61,60,58,58,58,61,62,63,67,62,60,52,31,12
0,7,7,0,8,54,72,96,82,61,62,65,63,59,58,59,58,59,61,62,64,64,75,58,47,14
0,6,0,6,9,52,63,75,64,54,55,60,57,55,55,54,57,56,54,56,61,56,56,51,17,12
0,0,0,7,9,17,52,54,51,35,51,58,55,51,46,50,50,41,35,38,45,45,33,21,11,0
0,0,0,0,0,13,25,38,34,18,23,46,38,21,30,37,34,37,44,35,35,29,23,14,8,0
0,0,0,0,7,10,14,25,17,12,14,37,32,22,13,12,13,21,21,10,12,21,12,11,6,0
0,0,0,0,0,8,10,10,7,0,10,10,10,6,8,12,12,9,9,0,10,11,10,7,0,0
0,0,0,0,0,0,7,10,0,0,9,13,7,0,8,0,0,0,8,8,7,7,8,0,0,0
0,0,0,0,0,0,0,0,0,0,10,14,8,0,0,12,10,10,12,6,7,9,9,6,0,0
0,0,0,0,0,0,6,6,0,7,11,13,13,7,10,13,10,11,11,7,8,10,10,9,7,0
0,0,0,0,0,5,6,0,0,7,10,13,10,10,10,13,12,10,13,8,9,9,10,10,9,0
0,0,0,4,0,0,8,9,7,7,10,14,11,13,13,23,22,17,12,11,8,10,10,11,11,6
6,8,7,8,12,36,56,62,68,67,74,90,92,100,105,96,82,77,73,69,65,58,58,56,43,16
0,0,11,9,14,25,60,68,69,64,67,83,95,100,110,104,87,87,85,79,72,63,62,55,47,31
6,0,0,12,10,15,51,63,56,54,67,87,98,102,98,91,83,86,86,82,72,58,58,54,51,51
6,8,0,0,7,37,31,43,55,67,70,78,86,93,94,95,94,92,92,81,66,55,54,51,31,51
9,0,8,0,0,0,50,61,68,65,75,87,95,99,121,103,78,80,86,73,62,54,50,50,20,12
7,0,0,0,0,0,16,54,14,7,31,65,81,93,95,86,78,78,76,68,54,23,37,22,12,11
9,7,0,0,0,0,56,61,52,8,56,84,85,104,110,96,88,91,85,70,59,52,23,25,12,0
8,13,10,9,0,19,75,64,51,69,85,87,114,125,121,111,104,108,118,88,66,59,54,52,27,15
0,11,0,10,11,14,74,64,50,56,70,95,107,116,116,110,104,104,110,92,64,57,54,53,50,11
0,0,0,9,11,39,67,67,51,17,66,90,101,107,107,106,95,88,89,77,59,53,52,50,35,13
0,0,0,0,10,46,64,61,55,37,62,86,100,105,104,90,86,81,78,64,57,51,50,50,30,10
0,0,0,0,7,23,58,54,17,52,67,82,89,95,91,88,82,75,70,62,55,50,50,51,31,13
0,0,0,0,0,13,56,52,52,56,66,81,85,89,91,89,88,76,72,62,55,50,51,52,43,13
0,0,0,0,0,12,46,36,51,55,66,71,76,74,79,75,70,64,62,52,28,14,14,14,10,0
0,0,9,10,12,43,62,61,54,69,73,88,86,86,97,93,100,84,76,66,59,55,54,53,44,28
7,0,11,10,11,53,67,62,66,72,80,110,95,99,97,89,88,77,76,68,61,56,55,54,52,26
10,6,12,13,11,54,66,64,72,75,82,108,90,96,96,95,83,79,79,70,61,57,55,60,55,27
0,7,10,9,12,53,65,65,70,77,83,98,91,95,92,91,81,77,74,67,62,56,52,54,50,23
9,0,9,13,12,56,70,69,73,84,89,97,91,92,98,93,79,80,97,72,65,58,55,53,50,33
11,9,10,10,15,52,65,70,77,88,98,104,99,100,95,85,83,96,95,75,70,63,58,58,53,50
0,0,0,11,12,50,59,67,75,84,91,92,91,93,81,75,77,86,82,76,74,69,61,63,56,43
0,0,7,6,10,34,58,69,72,80,87,87,81,77,70,69,70,75,75,70,67,60,55,51,37,21
10,7,11,0,10,30,56,66,73,76,87,89,80,70,65,69,67,70,73,65,61,56,51,41,36,29
10,10,10,11,9,30,57,71,75,77,80,79,75,70,67,67,71,74,71,68,64,61,56,51,36,15
8,7,7,7,10,31,57,68,71,72,75,77,66,67,63,61,67,69,68,66,64,61,56,51,38,12
6,0,9,7,0,21,59,71,69,71,73,75,66,66,62,60,60,67,70,64,65,60,55,51,28,13
0,7,5,6,5,21,57,68,68,67,68,68,63,61,57,56,59,62,68,66,64,57,53,50,25,9
6,0,6,6,0,13,58,66,68,64,65,63,61,57,57,56,58,61,65,70,65,60,54,42,13,10
0,0,7,6,0,19,64,78,75,66,66,63,60,59,57,57,58,62,63,65,68,59,58,50,25,12
0,7,7,0,0,51,66,91,91,64,63,65,62,58,58,58,58,60,62,64,69,64,67,56,40,14
0,7,0,6,8,47,60,76,71,57,56,60,57,54,55,54,58,57,57,58,67,57,54,47,14,12
0,0,0,7,8,13,51,56,55,48,52,58,55,50,45,50,50,45,46,47,50,45,28,15,10,0
0,0,0,0,0,11,23,44,39,26,26,48,40,14,31,37,34,38,50,44,40,28,19,12,7,0
0,0,0,0,6,9,14,36,32,13,14,30,22,13,14,13,14,19,32,13,14,15,11,8,6,0
0,0,0,0,0,6,11,12,9,7,8,11,10,7,8,13,12,8,11,9,12,11,8,6,0,0
0,0,0,0,0,0,9,12,0,0,7,12,6,0,9,0,0,0,9,10,8,7,6,0,0,0
0,0,0,0,0,0,7,0,0,0,9,13,6,0,6,11,8,9,12,8,9,9,8,0,0,0
0,0,0,0,0,0,8,8,0,7,10,13,13,5,11,12,9,11,12,10,10,10,9,8,5,0
0,0,0,0,0,6,7,0,0,6,9,13,10,8,9,12,12,10,13,10,11,9,9,10,9,0
0,0,0,4,0,0,8,10,8,7,10,14,11,12,13,23,22,17,12,12,10,10,10,10,11,6
6,8,7,8,12,36,56,62,68,67,74,91,92,100,105,96,81,78,74,70,66,58,58,56,39,16
0,0,10,9,14,21,60,68,69,64,67,83,96,100,111,104,87,87,86,80,72,63,61,55,45,29
7,0,0,12,9,14,50,63,57,54,67,87,98,101,99,90,83,87,87,82,73,59,58,54,51,51
6,8,0,0,7,35,27,41,55,67,70,79,86,93,94,94,94,91,92,81,67,55,53,51,25,51
9,0,7,0,0,0,45,60,68,66,75,86,95,99,121,103,78,80,87,73,62,54,48,47,16,12
7,0,0,0,0,0,15,54,14,7,43,66,82,93,96,86,78,79,77,68,55,27,31,20,12,11
9,7,0,0,0,0,56,61,53,10,58,86,86,104,110,95,88,92,86,71,60,52,21,17,12,0
9,12,8,9,0,15,75,64,52,70,86,89,114,124,120,111,103,108,118,89,67,59,53,52,23,15
0,11,0,10,11,14,73,64,51,57,71,95,108,116,116,111,103,105,111,92,64,57,53,52,47,10
0,0,0,9,11,39,66,68,51,20,67,91,102,107,107,106,96,89,90,77,59,53,52,47,32,13
0,0,0,0,10,40,64,61,56,34,63,87,101,106,104,90,86,82,78,65,57,51,41,50,27,10
0,0,0,0,6,19,59,54,21,53,67,82,89,94,91,88,82,75,71,62,56,50,50,51,31,12
0,0,0,0,0,12,55,53,52,56,67,81,85,89,91,89,87,76,72,62,55,50,50,52,43,13
0,0,0,0,0,11,43,35,52,55,67,72,76,73,79,75,70,65,63,52,37,14,13,14,10,0
0,0,9,10,11,40,61,61,55,69,74,88,86,86,98,94,100,84,77,66,60,56,53,53,44,26
6,0,11,10,10,52,66,62,66,72,80,111,95,99,97,88,88,76,77,68,61,55,54,54,51,26
9,6,11,12,10,53,66,63,73,75,82,108,90,96,97,94,84,79,79,70,62,57,54,59,54,25
0,6,9,10,11,52,65,64,71,77,83,99,91,95,93,92,81,77,73,68,62,56,51,54,46,22
9,0,8,13,11,55,70,68,73,84,90,97,91,92,98,92,79,80,98,73,65,58,54,53,50,35
11,8,9,10,14,51,64,70,78,87,98,104,100,100,95,85,83,97,95,76,70,63,58,58,53,50
0,0,0,11,12,46,58,66,75,84,91,92,91,93,81,75,77,87,83,76,74,69,60,62,56,41
0,0,6,5,10,31,57,68,73,80,87,88,81,77,70,69,71,76,75,71,67,59,53,51,33,21
10,7,10,0,10,28,54,65,73,76,87,90,80,70,65,70,68,71,74,66,61,55,50,40,34,29
9,9,9,10,8,26,55,69,75,77,80,80,76,70,67,66,72,75,71,69,65,60,54,50,33,15
8,7,7,6,10,21,55,67,71,72,75,78,67,66,63,61,68,71,70,67,64,61,55,51,34,12
0,0,9,6,0,14,57,70,69,71,74,76,66,65,62,60,61,68,71,65,65,59,54,48,23,12
6,6,0,6,0,14,54,66,68,68,71,69,64,59,56,56,59,63,70,67,64,57,52,44,15,9
6,0,5,6,0,10,54,64,69,66,68,64,60,56,56,56,58,63,67,71,65,57,51,34,11,10
0,0,7,6,0,13,59,76,78,69,67,63,60,58,56,58,58,64,65,67,69,57,54,35,18,11
6,7,0,0,0,36,59,87,100,67,64,65,62,57,56,58,59,62,64,67,74,65,60,53,34,13
0,7,0,6,8,20,57,76,78,59,57,61,58,54,55,55,58,58,60,59,73,59,51,38,14,11
0,0,0,7,7,11,50,57,58,51,53,58,56,50,43,50,50,50,51,52,53,46,23,14,10,0
0,0,0,0,0,10,19,47,46,30,30,50,41,12,30,36,35,38,52,51,46,28,14,11,0,0
0,0,0,0,0,8,14,50,45,14,14,25,17,11,15,14,20,19,50,25,25,14,9,8,5,0
0,0,0,0,0,6,13,14,12,10,7,11,10,8,8,14,11,8,13,14,14,10,6,5,0,0
0,0,0,0,0,0,11,13,8,0,0,12,5,0,9,0,0,0,10,11,10,8,0,0,0,0
0,0,0,0,0,0,9,8,8,0,8,13,0,0,8,10,6,7,13,10,10,8,6,0,0,0
0,0,0,0,0,0,10,9,5,7,9,13,12,0,11,12,9,11,13,13,12,10,8,7,4,0
0,0,0,0,0,7,9,6,6,6,9,13,9,6,8,12,12,10,13,12,12,10,8,9,8,0
0,0,0,0,0,0,8,11,9,7,11,14,10,10,13,22,23,17,12,13,12,10,9,8,10,5
6,8,7,8,11,39,56,62,68,67,75,92,94,100,105,97,81,78,75,71,67,58,58,56,37,15
0,0,11,9,14,23,60,68,70,65,68,85,97,101,111,105,88,88,86,80,73,63,60,54,45,25
6,0,0,12,10,15,51,62,58,55,68,88,100,102,99,91,83,87,87,83,73,59,57,53,51,51
6,8,0,0,8,37,29,43,56,67,71,79,88,93,95,95,95,92,92,82,67,55,53,50,23,51
8,0,7,0,0,0,50,61,69,66,75,87,95,100,121,103,78,80,88,73,63,54,50,40,15,12
7,0,0,0,0,0,14,54,17,8,50,66,83,93,95,86,78,79,77,68,56,27,28,17,12,10
9,7,0,0,0,0,56,60,54,10,59,86,87,104,109,95,88,91,86,72,61,52,19,15,11,6
8,12,8,8,0,17,76,64,52,71,86,89,115,124,120,111,103,108,119,89,68,58,53,51,23,15
0,11,7,10,11,15,73,64,52,58,71,94,108,115,116,110,103,105,111,93,66,56,54,52,44,10
0,0,0,9,11,39,66,67,51,22,66,90,102,106,107,105,95,88,90,78,60,53,51,42,35,13
0,0,0,0,10,37,64,61,54,43,63,87,100,104,103,89,86,81,78,66,58,51,33,47,27,11
0,0,0,0,6,21,59,53,23,53,66,82,89,94,91,87,81,75,71,63,57,50,47,50,34,12
0,0,0,0,0,12,56,53,52,57,67,80,85,88,91,88,88,76,72,63,57,50,50,52,43,12
0,0,0,0,0,11,40,34,51,55,67,71,76,73,78,74,70,65,63,52,42,14,12,13,10,0
0,0,9,10,11,40,61,60,54,69,73,88,86,85,97,93,99,83,77,66,61,55,52,52,43,25
7,0,11,9,11,52,66,61,66,72,80,109,94,98,96,88,88,77,76,69,62,56,53,53,52,26
9,6,11,12,11,53,65,63,72,75,82,107,89,95,96,94,83,78,78,70,62,57,54,59,53,23
0,6,8,9,11,52,64,64,70,77,82,98,91,94,92,91,81,77,74,68,62,56,51,53,46,22
8,0,8,12,11,54,69,68,72,83,90,97,92,91,98,92,79,80,99,73,66,58,53,53,50,33
11,8,9,10,14,51,64,69,77,87,98,105,99,100,95,85,83,98,95,75,71,62,57,57,53,48
0,0,0,10,12,44,57,65,75,83,90,91,91,92,80,74,77,88,83,77,75,68,59,61,55,38
0,0,7,6,10,34,57,67,72,79,87,88,81,77,69,69,72,76,75,71,68,59,52,50,33,20
10,0,9,0,10,28,54,64,73,76,87,90,82,70,64,70,69,72,75,67,62,55,48,38,33,25
9,9,10,9,8,27,55,68,74,77,81,80,78,70,67,67,73,76,72,70,66,59,53,50,34,15
8,7,7,6,11,20,55,66,71,71,75,78,67,65,63,61,68,72,70,67,65,60,53,48,36,12
0,0,9,6,0,14,56,69,69,71,74,77,66,64,61,60,61,70,72,66,65,58,53,41,22,12
0,6,0,6,0,14,54,65,68,69,71,69,63,58,55,56,59,65,71,67,64,55,51,34,14,9
6,0,6,6,0,10,53,63,69,68,69,65,60,55,55,55,58,65,68,72,66,55,50,28,11,9
0,0,7,7,0,13,58,72,79,71,69,63,60,57,55,57,58,66,67,69,70,55,51,23,15,11
6,7,0,0,0,34,58,81,103,69,65,65,61,56,55,57,58,64,65,69,78,64,53,51,29,12
0,7,0,6,9,18,57,74,82,61,58,61,58,54,55,55,58,59,63,61,80,60,47,25,13,10
0,0,0,7,8,12,50,57,62,53,54,58,56,50,38,50,50,51,54,54,56,45,18,14,10,0
0,0,0,0,0,10,22,48,49,33,32,50,45,12,30,36,37,40,54,53,50,28,13,9,0,0
0,0,0,0,0,8,15,50,50,20,14,21,14,9,15,23,25,17,51,50,47,14,8,7,0,0
0,0,0,0,0,6,13,30,30,13,0,11,10,9,8,15,11,7,23,40,27,10,0,0,0,0
0,0,0,0,0,0,12,21,11,0,0,11,5,0,9,0,0,0,12,13,12,7,0,0,0,0
0,0,0,0,0,0,10,10,10,0,6,13,0,0,8,9,0,6,13,12,12,8,0,0,0,0
0,0,0,0,0,0,11,10,7,8,8,13,12,0,12,12,8,10,13,18,14,11,7,7,0,0
0,0,0,0,0,7,9,8,8,6,8,13,9,5,7,12,13,10,14,13,14,10,7,8,7,0
0,0,0,0,0,0,9,12,10,7,11,14,10,9,13,22,25,17,13,15,14,11,9,7,9,0
6,9,7,8,12,38,56,62,68,67,74,92,94,100,105,97,82,78,75,71,67,58,58,56,37,14
0,0,11,9,14,23,61,68,70,64,68,85,97,101,112,105,88,87,87,80,73,62,60,54,45,25
6,0,0,13,9,14,51,63,58,54,67,88,99,102,99,91,83,87,87,83,74,59,57,53,51,50
5,8,0,0,8,35,27,41,56,67,71,79,87,93,95,95,95,91,92,82,67,55,53,50,22,50
8,0,8,0,0,0,50,61,69,66,75,87,95,100,121,103,78,79,87,72,63,54,50,40,15,11
6,0,0,0,0,0,14,55,15,8,50,66,83,93,95,86,78,78,76,68,56,25,25,17,12,10
8,8,0,0,0,0,56,61,54,10,60,86,87,104,109,95,87,91,86,71,61,52,19,14,11,0
8,11,8,8,0,14,75,64,52,71,86,89,114,123,120,111,103,107,118,89,68,58,53,51,23,13
0,10,7,10,11,14,73,64,52,57,70,94,108,116,116,110,102,104,110,93,65,56,55,51,41,9
0,0,0,9,11,35,65,66,52,20,66,91,101,106,106,106,95,87,89,77,60,53,50,42,35,12
0,0,0,0,10,34,64,61,54,37,63,86,100,104,103,89,86,80,78,66,57,51,33,50,25,10
0,0,0,0,6,23,60,53,21,52,66,81,89,94,91,86,82,74,70,63,56,50,42,51,38,11
0,0,0,0,0,12,56,53,51,57,67,80,85,89,90,88,88,75,71,63,56,50,50,51,45,11
0,0,0,0,0,10,38,33,51,55,67,70,76,73,79,75,69,64,63,52,37,14,12,13,10,0
0,0,9,10,10,39,61,60,54,69,73,87,86,85,97,93,99,83,76,66,61,55,53,52,43,22
6,0,10,9,11,51,66,61,66,71,80,109,94,98,96,88,88,75,76,69,63,55,53,54,51,25
8,6,11,12,10,52,65,62,72,74,82,106,89,96,96,94,83,77,78,70,62,57,54,60,53,20
0,6,8,9,11,51,64,64,69,76,82,98,91,95,92,91,81,77,73,68,62,56,51,53,46,21
8,0,8,12,11,54,69,67,71,82,90,96,91,92,98,93,79,80,98,73,66,58,53,52,50,28
10,8,9,10,14,51,64,69,77,86,99,104,99,100,95,86,82,98,95,75,71,63,58,57,53,43
0,0,0,11,11,40,57,65,74,83,90,91,91,92,80,74,77,88,83,77,75,67,59,61,55,35
0,0,7,6,10,31,57,67,72,80,86,88,81,77,68,69,72,76,75,71,68,59,53,48,33,18
9,0,9,0,10,28,54,64,73,76,87,91,82,70,64,71,70,72,75,67,62,55,48,38,32,21
8,8,10,9,7,28,55,67,74,76,80,80,78,70,66,66,73,76,72,69,66,59,53,50,33,14
7,6,7,6,10,18,55,66,71,72,76,78,67,65,63,61,69,72,70,67,65,60,53,50,34,12
0,0,9,6,0,13,57,68,68,71,74,77,66,64,61,61,62,70,72,66,65,58,53,42,20,11
0,6,0,6,0,14,54,65,67,69,71,70,63,58,55,55,58,64,71,67,65,55,50,30,13,8
6,0,6,6,0,10,53,63,69,68,69,66,60,55,55,55,58,65,68,72,66,55,47,28,11,8
0,0,7,7,0,13,58,72,79,71,69,63,60,57,55,57,58,65,67,70,70,55,51,23,15,11
6,7,0,0,0,31,58,81,104,69,65,64,61,56,55,57,58,64,65,69,78,65,53,50,25,12
0,6,0,6,8,16,57,74,82,61,59,61,59,54,54,55,58,59,63,61,80,60,47,27,13,9
0,0,0,7,7,12,50,57,62,53,54,58,55,50,38,50,51,50,54,53,56,44,20,14,10,0
0,0,0,0,0,10,20,47,48,32,33,50,42,12,28,35,38,37,55,52,51,28,13,9,0,0
0,0,0,0,0,8,15,50,50,22,14,19,14,10,17,25,25,15,51,50,47,14,8,6,0,0
0,0,0,0,0,6,13,32,32,13,0,11,11,10,8,15,11,6,27,40,30,10,0,5,0,0
0,0,0,0,0,0,12,23,11,0,0,11,5,0,9,0,0,0,12,13,12,7,0,0,0,0
0,0,0,0,0,0,10,11,10,0,7,13,0,0,9,9,0,6,13,13,12,7,0,0,0,0
0,0,0,0,0,0,11,10,7,8,8,13,12,0,12,13,8,10,13,18,13,11,8,6,0,0
0,0,0,0,0,7,9,8,9,6,9,13,9,5,8,12,13,10,14,14,14,10,7,8,8,0
0,0,0,0,0,0,10,12,10,7,12,14,11,10,14,23,26,16,13,15,14,11,9,7,8,0
6,9,7,8,12,40,56,62,68,67,75,92,94,100,104,97,82,78,75,71,67,58,58,56,37,13
0,0,11,9,14,25,61,68,70,64,68,85,97,100,111,106,88,88,87,81,73,62,61,54,45,21
7,0,0,13,9,17,52,63,58,54,67,88,100,101,98,91,83,87,87,83,73,58,57,53,51,50
6,8,0,0,8,35,31,43,56,67,71,79,87,93,94,95,95,91,91,81,67,55,53,50,22,50
8,0,8,0,0,0,50,61,69,66,75,87,95,100,119,103,78,79,86,72,63,54,50,42,14,11
7,0,0,0,0,0,18,55,20,7,50,66,83,92,95,87,77,78,76,68,56,25,31,17,12,9
8,8,0,0,0,0,56,61,53,10,60,85,87,103,108,96,87,90,86,71,61,51,19,14,10,0
8,12,8,8,0,14,76,63,53,71,86,88,114,122,119,111,103,107,118,88,68,58,53,51,21,14
0,10,0,10,11,14,72,64,52,56,71,93,108,115,115,110,102,104,108,92,66,56,55,50,36,9
0,0,0,9,11,32,65,66,51,17,66,90,101,106,106,106,95,87,88,76,60,53,50,45,32,12
0,0,0,0,10,31,63,62,53,37,63,86,100,104,102,89,86,80,77,65,58,52,33,47,30,10
0,0,0,0,6,25,60,53,23,52,66,81,89,93,91,87,82,74,70,64,56,50,42,50,38,11
0,0,0,0,0,12,56,53,51,57,67,80,85,88,89,88,87,75,71,63,56,51,50,51,41,12
0,0,0,0,0,10,37,34,51,55,66,70,76,73,78,75,69,64,62,52,41,14,12,13,10,0
0,0,9,10,10,40,61,60,54,69,73,87,86,85,97,94,99,83,76,66,61,55,53,52,41,20
6,0,11,9,11,51,66,62,65,71,80,108,94,98,96,89,88,75,76,69,63,55,53,54,51,23
9,5,11,11,10,52,66,62,72,75,81,107,89,96,96,93,83,77,77,70,62,56,54,59,53,22
0,6,8,9,11,51,64,64,69,76,82,98,91,94,92,92,81,77,73,68,62,57,51,53,48,20
9,0,8,12,11,54,69,67,71,81,89,96,92,91,97,93,79,80,99,73,65,57,53,52,50,28
10,8,10,10,14,50,64,69,77,86,99,104,100,100,95,86,82,98,95,75,71,62,57,57,53,40
0,0,0,11,11,38,57,65,74,83,90,91,91,92,80,74,77,88,83,77,74,67,59,61,55,35
0,0,7,6,10,31,57,67,72,80,86,87,81,77,68,69,72,75,75,72,68,59,53,48,32,20
9,0,10,0,10,28,53,64,73,76,87,90,82,70,63,71,70,72,74,67,62,55,47,38,31,21
8,8,10,8,6,29,54,67,74,76,81,80,78,69,65,67,74,76,72,69,66,59,53,47,33,14
8,6,7,6,11,18,55,66,71,72,75,78,68,63,62,61,69,72,70,67,64,60,54,50,30,12
0,0,10,6,0,13,56,69,69,71,74,77,66,63,60,61,62,71,72,66,65,57,53,41,19,11
0,6,0,6,0,14,53,65,68,69,72,69,63,57,54,55,58,64,71,67,64,55,50,30,12,8
6,0,6,7,0,10,53,63,69,68,70,66,60,54,54,55,59,66,68,72,66,55,50,26,11,8
0,0,7,7,0,14,57,72,79,71,69,63,60,56,55,58,58,65,67,70,70,56,51,21,14,10
6,7,0,0,0,31,57,81,105,69,64,64,61,55,54,57,58,65,65,69,78,65,53,50,23,11
0,6,0,6,9,16,57,74,82,61,59,60,59,54,53,56,58,59,63,61,80,60,50,27,13,9
0,0,0,7,7,12,50,57,62,53,54,58,55,50,35,51,51,50,54,53,56,44,20,14,10,0
0,0,0,0,0,10,22,48,48,32,34,50,41,12,26,36,38,38,54,52,51,28,13,8,0,0
0,0,0,0,0,8,15,50,50,25,14,17,14,10,14,25,25,15,51,50,44,14,8,7,5,0
0,0,0,0,0,6,13,32,30,13,0,11,11,10,8,22,11,6,29,42,30,10,0,5,0,0
0,0,0,0,0,0,12,25,11,0,0,10,5,0,8,0,0,0,12,13,13,7,0,0,0,0
0,0,0,0,0,0,10,11,10,0,7,13,0,0,9,10,0,6,13,13,12,7,0,0,0,0
0,0,0,0,0,0,11,10,7,9,8,13,12,0,12,14,9,11,14,16,13,10,8,6,0,0
0,0,0,0,0,7,10,8,9,6,10,12,10,5,7,12,13,10,14,14,14,10,7,8,8,0
0,0,0,0,0,0,10,12,10,7,12,14,11,9,13,25,28,17,12,17,14,11,9,8,8,0
6,8,7,8,12,39,56,62,68,68,75,92,94,100,104,97,82,78,74,71,67,58,57,55,37,13
0,0,11,9,14,25,61,68,70,64,68,85,97,100,111,106,89,88,86,81,73,61,61,54,43,21
0,0,0,12,9,15,52,63,57,54,67,87,99,101,97,91,83,87,87,83,73,58,58,52,51,45
6,8,0,0,8,35,29,43,56,67,71,79,87,93,94,95,95,91,91,81,67,55,53,50,27,50
8,0,8,0,0,0,50,61,69,66,74,86,95,100,119,103,78,80,85,72,63,54,50,40,14,11
7,0,0,0,0,0,15,55,27,7,46,66,82,93,94,87,77,78,75,68,57,25,31,15,12,9
8,8,0,0,0,0,56,61,55,9,59,84,86,102,108,96,87,90,86,71,61,51,21,17,11,0
7,12,8,7,0,14,74,63,53,71,87,88,113,122,119,111,103,107,117,88,68,58,53,51,21,13
0,10,0,10,11,14,72,64,51,56,71,93,107,116,114,110,102,103,108,92,66,55,54,50,38,9
0,0,0,9,11,28,66,66,51,17,67,89,102,107,105,106,95,87,87,76,60,53,50,45,35,12
0,0,0,0,9,31,63,62,53,37,63,86,99,105,102,88,87,80,76,65,58,51,38,41,27,9
0,0,0,0,7,31,59,54,27,52,66,81,89,93,90,86,82,74,70,63,55,50,37,50,36,11
0,0,0,0,0,12,56,53,52,57,67,79,84,88,89,88,87,75,71,63,56,51,50,51,39,11
0,0,0,0,0,10,38,35,52,55,67,70,76,73,77,75,69,64,62,52,39,14,12,12,10,0
0,0,9,10,10,37,61,60,54,69,73,87,86,85,96,93,99,83,76,67,61,55,53,52,40,17
7,0,10,9,11,51,66,61,65,71,80,108,94,98,95,89,88,75,75,69,63,55,54,53,51,20
9,5,11,12,10,52,66,62,72,75,81,107,89,96,95,94,82,77,77,71,62,56,54,59,54,19
0,6,8,8,11,51,63,64,69,76,82,98,91,94,91,92,81,76,73,68,62,56,51,53,46,20
9,0,8,11,11,54,69,68,71,81,89,97,92,92,97,93,79,80,98,73,65,57,54,53,50,25
10,8,9,10,13,50,64,69,77,87,99,103,99,101,95,86,83,98,94,75,71,62,57,56,53,35
0,0,0,11,10,34,57,65,75,83,90,90,91,92,80,74,77,88,82,77,74,67,59,60,55,35
0,0,7,6,10,31,57,67,72,79,86,87,81,77,67,69,72,75,76,72,68,58,53,44,30,16
10,0,10,0,10,28,53,63,74,76,88,89,82,70,63,71,70,73,75,67,62,54,47,38,31,20
7,9,10,9,0,30,53,68,74,76,80,80,77,70,64,66,73,76,72,69,66,59,53,47,33,13
8,6,7,6,11,18,55,66,71,72,76,78,68,63,62,61,69,72,69,68,64,59,54,48,30,12
0,0,9,6,0,13,56,69,69,71,74,76,65,63,59,61,62,72,72,66,65,58,53,41,17,11
0,6,0,6,0,14,53,66,68,68,71,69,63,57,54,55,58,65,71,68,64,54,50,28,12,7
6,0,6,7,0,10,51,63,70,69,70,66,59,54,54,55,58,65,67,73,66,55,50,26,11,8
0,0,7,7,0,13,57,73,80,71,70,63,60,56,54,57,58,65,67,69,70,55,51,19,14,10
7,7,0,0,0,27,57,81,105,69,64,64,60,55,54,57,58,65,65,70,78,64,53,50,18,11
0,6,0,6,8,15,56,74,82,61,58,60,58,54,52,55,58,59,64,61,80,60,50,29,12,9
0,0,0,7,7,12,51,57,62,53,53,58,55,51,33,51,51,50,54,53,56,42,20,14,9,0
0,0,0,0,0,10,22,50,50,31,35,50,38,13,27,35,38,38,54,53,51,26,13,8,0,0
0,0,0,0,0,7,14,50,51,25,15,17,13,10,14,23,30,14,51,50,47,14,8,6,0,0
0,0,0,0,0,6,13,37,32,12,0,11,10,10,8,22,11,6,27,47,33,10,0,6,0,0
0,0,0,0,0,0,12,27,11,0,7,11,5,0,8,0,0,0,12,14,13,7,0,0,0,0
0,0,0,0,0,0,10,12,11,0,8,13,0,0,8,10,6,6,13,14,13,8,0,0,0,0
0,0,0,0,0,0,11,10,7,9,8,13,11,0,12,14,9,11,13,18,13,10,8,7,0,0
0,0,0,0,0,7,9,9,9,6,9,12,10,5,7,12,13,10,14,14,14,9,7,8,8,0
0,0,0,0,0,0,10,13,11,7,11,14,11,10,13,22,31,19,12,20,14,11,10,8,8,0
6,8,7,8,13,38,56,62,68,68,75,92,94,101,104,97,83,78,74,71,67,58,57,56,41,13
0,0,11,10,14,27,60,68,70,64,68,85,97,100,111,105,89,88,86,82,73,61,60,54,43,23
6,0,0,12,10,17,52,63,58,54,67,87,99,101,97,91,83,87,87,83,73,58,57,52,51,47
6,7,0,0,7,34,29,43,56,66,71,79,86,92,93,93,94,91,91,81,67,55,52,50,25,50
8,0,8,0,0,0,47,61,69,65,74,86,95,99,119,103,78,79,85,73,63,54,50,47,14,11
7,0,0,0,0,0,18,55,27,7,46,66,82,93,94,86,77,78,75,68,56,25,25,15,12,9
8,7,0,0,0,0,56,61,55,8,59,84,86,102,108,96,87,91,86,71,61,51,17,15,10,0
8,12,8,8,0,15,75,63,53,70,86,87,112,123,119,111,103,107,117,88,68,58,53,51,19,13
0,10,0,10,11,14,72,65,51,55,70,93,107,116,114,110,102,103,107,92,65,55,54,47,38,9
0,0,0,9,11,25,66,66,52,15,67,89,101,107,105,106,95,88,87,76,60,53,50,45,35,11
0,0,0,0,9,34,61,61,54,37,63,86,98,105,102,87,87,80,76,65,58,52,41,44,27,9
0,0,0,0,7,31,59,54,30,51,66,81,88,93,90,86,82,74,70,63,55,50,35,50,34,12
0,0,0,0,0,13,55,53,51,57,66,78,84,89,89,88,87,75,72,63,56,50,47,51,39,12
0,0,0,0,0,10,37,34,52,54,66,70,76,73,77,75,70,65,62,53,39,14,12,12,10,0
0,0,8,10,10,40,62,60,55,68,73,86,86,86,97,92,99,83,76,67,61,55,52,52,41,19
6,0,10,10,10,51,66,61,65,70,79,108,94,99,95,89,88,75,76,69,63,55,53,53,50,21
9,0,11,11,10,51,65,62,72,75,81,106,89,96,95,94,82,77,78,71,62,56,53,59,54,20
0,6,8,8,11,50,63,64,69,76,82,98,92,95,91,91,81,76,73,68,63,57,51,53,45,16
9,0,8,11,11,54,70,68,72,81,89,96,92,92,98,93,79,80,98,73,65,58,54,53,48,26
11,8,9,9,14,50,64,68,77,86,99,103,99,101,95,86,83,98,95,76,71,62,57,57,53,36
0,0,0,11,10,36,57,66,75,83,90,91,91,92,79,74,77,88,82,77,74,67,59,61,55,38
0,0,7,6,10,31,57,67,73,80,86,87,81,77,67,69,72,75,75,72,68,58,52,44,30,18
10,0,10,0,10,27,54,64,74,75,87,89,81,70,63,70,70,73,75,67,62,54,46,39,30,24
7,9,10,9,6,29,53,67,75,76,80,80,77,70,64,65,75,76,72,70,66,59,54,44,33,14
8,6,7,6,11,16,55,67,71,72,75,78,67,63,62,61,69,72,69,68,64,60,54,50,26,12
0,0,9,6,0,13,56,69,69,71,74,76,65,63,59,60,62,72,72,67,65,58,52,41,19,12
0,7,0,6,0,14,53,66,68,68,71,69,63,57,54,55,59,65,72,68,64,55,50,30,11,7
6,0,5,7,0,10,51,63,71,68,69,65,58,54,54,55,59,65,67,73,66,55,47,23,11,8
0,0,7,7,0,13,56,73,80,70,70,63,59,56,55,56,58,66,67,70,70,55,51,15,14,10
7,7,0,0,0,25,56,82,106,69,64,63,60,55,54,57,58,65,65,70,78,65,53,50,18,10
0,6,0,6,9,14,56,74,82,61,58,60,58,54,53,55,58,60,64,61,81,61,45,31,13,10
0,0,0,7,7,12,51,57,62,53,53,58,54,50,33,51,51,50,54,53,56,43,19,14,9,0
0,0,0,0,0,10,20,48,50,29,33,48,38,13,28,34,37,40,54,53,51,25,12,8,0,0
0,0,0,0,0,7,14,50,51,22,15,15,13,10,14,19,32,14,51,51,50,14,8,0,0,0
0,0,0,0,0,6,13,35,32,12,0,12,9,10,8,22,11,6,29,47,30,10,0,6,0,0
0,0,0,0,0,0,12,25,11,0,8,11,5,0,8,0,0,0,11,16,13,7,0,0,0,0
0,0,0,0,0,0,10,11,11,0,8,13,0,0,9,10,6,6,13,14,13,8,0,0,0,0
0,0,0,0,0,0,11,10,7,9,8,13,11,0,12,14,9,11,14,20,13,10,7,6,0,0
0,0,0,0,0,7,9,9,10,6,9,12,10,5,7,12,13,10,14,15,14,10,7,8,8,0
0,0,0,0,0,0,10,13,11,7,11,13,10,10,13,21,29,20,12,20,15,11,10,7,8,0
6,8,7,8,13,38,56,62,68,68,76,92,94,102,104,96,83,79,74,71,68,58,57,56,45,13
0,0,11,9,14,25,60,68,70,64,68,85,97,100,110,105,89,89,86,82,73,61,60,54,43,23
0,0,0,12,10,17,52,63,57,54,67,87,99,101,97,91,82,87,87,83,73,58,57,52,51,50
6,8,0,0,8,34,29,43,56,66,71,79,86,92,93,94,93,91,91,81,68,55,52,50,27,50
8,0,8,0,0,0,45,60,69,65,74,86,95,99,119,103,78,79,84,73,63,54,50,47,14,11
7,0,0,0,0,0,16,54,25,7,43,65,82,93,94,86,76,78,75,68,56,30,31,17,12,9
8,7,0,0,0,0,56,62,55,8,58,84,86,102,107,96,87,91,86,71,62,51,19,17,11,0
7,12,8,8,0,21,75,63,53,71,86,87,112,123,119,111,103,108,117,89,68,58,53,51,21,14
0,9,0,10,11,14,72,65,51,56,70,92,107,116,114,110,102,104,107,92,65,55,53,50,38,9
0,0,0,9,11,25,65,68,52,20,65,89,102,107,106,106,95,88,87,75,60,53,50,45,32,11
0,0,0,0,10,34,62,61,54,37,62,87,100,105,102,87,87,81,77,65,58,51,41,44,25,10
0,0,0,0,7,25,58,54,27,51,66,81,88,94,90,86,82,75,70,63,56,50,37,50,29,12
0,0,0,0,0,13,55,53,52,57,66,78,84,89,90,88,86,75,72,63,56,50,41,51,41,13
0,0,0,0,0,10,37,36,51,54,65,70,76,72,77,75,70,65,61,53,37,14,12,12,10,0
0,0,9,10,10,40,61,60,55,68,73,86,86,86,96,92,99,83,76,67,62,55,52,52,40,20
7,0,10,9,10,51,65,60,65,70,79,108,94,98,95,88,88,75,76,69,62,55,54,53,50,23
9,5,11,11,11,52,64,63,71,75,81,107,89,96,95,94,82,77,78,71,62,56,53,58,53,23
0,6,8,8,11,51,63,64,69,76,82,98,92,95,92,91,81,77,73,68,63,56,51,53,45,16
9,0,8,11,12,54,70,68,72,82,89,97,92,91,98,92,79,80,98,73,65,58,54,53,50,26
11,9,9,9,14,50,64,69,77,87,98,103,100,102,94,86,83,98,95,76,70,61,57,57,53,40
0,0,0,11,10,36,56,66,75,82,89,90,91,92,80,74,77,88,83,77,74,67,59,60,55,40
0,0,6,6,10,31,56,67,73,80,86,86,81,77,67,69,72,76,75,72,68,59,52,48,32,21
9,0,10,0,10,28,53,64,73,76,87,89,82,69,62,70,70,73,76,68,62,54,46,39,31,26
7,9,9,10,6,29,53,68,75,77,80,80,77,69,64,66,75,76,72,70,66,58,54,44,33,13
8,6,7,6,11,18,55,67,71,72,76,78,68,63,62,61,68,73,69,68,64,60,54,48,26,12
0,0,9,5,0,13,56,69,69,71,74,76,65,63,59,59,62,71,72,67,65,59,52,39,19,12
0,7,0,6,0,14,53,65,68,68,71,69,63,57,53,54,59,65,72,69,64,55,50,30,12,7
6,0,0,7,0,10,51,63,70,68,69,65,58,54,54,55,58,65,67,73,67,55,47,19,11,8
0,0,7,7,0,13,56,73,80,71,70,63,59,56,54,57,59,66,67,70,70,56,51,15,14,10
7,7,0,0,0,25,56,82,106,70,64,64,59,55,53,57,58,64,65,70,79,65,53,50,18,11
0,6,0,6,9,14,56,74,82,60,58,60,57,53,52,55,58,60,64,61,81,62,50,29,13,10
0,0,0,7,8,12,51,57,62,53,53,58,55,48,31,50,51,50,54,53,56,43,18,14,9,0
0,0,0,0,0,9,22,50,50,30,32,50,40,13,30,35,37,43,54,53,51,26,13,8,0,0
0,0,0,0,0,7,14,50,51,20,15,17,13,10,13,19,35,14,51,51,50,14,7,6,0,0
0,0,0,0,0,6,12,35,30,12,0,12,10,9,7,25,11,7,34,50,30,10,6,6,0,0
0,0,0,0,0,0,12,27,12,0,8,11,5,0,8,0,0,0,11,20,13,8,0,0,0,0
0,0,0,0,0,0,10,12,11,0,8,14,0,0,9,10,6,6,13,14,13,9,0,0,0,0
0,0,0,0,0,0,11,10,7,9,8,13,11,0,12,13,9,11,14,20,14,10,8,6,0,0
0,0,0,0,0,7,9,10,10,6,9,12,10,5,7,11,13,11,14,15,14,10,7,8,7,0
0,0,0,0,0,0,10,13,11,7,11,13,11,10,13,19,28,19,13,20,15,12,10,7,8,0
6,8,7,8,13,35,56,62,68,68,76,92,94,102,104,96,83,79,74,71,68,58,57,56,45,14
0,0,11,9,14,25,60,68,70,64,67,84,97,101,111,105,89,89,86,81,73,62,60,54,40,29
0,0,0,12,10,15,52,63,58,54,67,87,99,102,97,90,83,87,87,82,73,59,56,52,51,50
6,8,0,0,8,34,27,41,56,66,71,79,86,92,93,93,93,90,91,81,67,55,52,51,27,50
9,0,7,0,0,0,47,60,69,65,74,86,95,98,119,102,78,79,85,72,63,55,48,45,14,11
6,0,0,0,0,0,15,55,22,6,43,65,81,93,94,85,76,77,75,68,56,27,25,15,12,9
8,7,0,0,0,0,56,62,55,8,58,85,85,102,107,95,87,91,85,70,61,52,19,17,11,0
7,11,7,8,0,19,75,64,53,69,86,87,111,124,119,110,104,107,116,89,68,58,52,52,19,13
0,9,0,10,11,14,72,65,51,55,69,92,107,116,114,109,101,104,106,90,64,55,53,51,41,9
0,0,0,9,10,25,64,67,52,20,64,89,101,107,106,105,95,87,87,75,60,53,46,45,32,11
0,0,0,0,9,37,63,61,54,31,62,87,100,105,102,87,87,81,78,65,57,51,41,44,20,10
0,0,0,0,7,23,58,54,27,52,66,81,88,94,90,85,82,75,70,63,57,50,40,50,31,12
0,0,0,0,0,12,55,53,51,56,66,78,85,89,90,88,85,75,73,63,56,50,44,51,45,12
0,0,0,0,0,10,37,35,51,54,66,70,76,73,78,75,69,65,62,53,32,14,12,12,10,0
0,0,8,10,10,40,61,60,55,68,73,86,86,86,96,92,98,83,76,67,62,55,52,52,40,23
7,0,10,9,10,51,65,60,65,70,79,108,94,98,95,88,87,75,76,69,62,55,54,53,50,23
8,5,11,12,11,52,64,63,71,75,81,107,89,95,96,94,82,78,78,71,62,56,53,59,53,23
0,6,8,8,10,50,63,64,69,75,82,98,92,95,92,92,81,76,73,68,62,56,51,53,45,18
9,0,8,11,11,54,69,68,72,81,89,97,92,91,99,92,80,80,98,72,65,58,54,53,50,26
11,9,9,9,14,50,64,69,77,87,98,103,100,102,95,86,82,98,95,76,70,61,57,57,52,41
0,0,0,11,11,36,56,66,75,82,90,90,91,93,80,74,77,88,83,77,74,67,59,61,55,40
0,0,6,6,10,31,56,67,73,80,86,87,81,78,67,69,72,76,76,71,68,58,52,48,30,20
9,0,9,0,10,28,54,64,73,76,87,89,82,69,62,70,70,73,76,67,62,55,45,39,31,28
7,8,9,10,7,28,54,67,75,77,80,81,77,69,64,65,75,77,72,69,65,58,54,46,33,13
8,6,7,6,11,16,54,66,71,72,76,78,68,63,62,61,68,73,70,68,64,59,53,50,26,12
0,0,9,5,0,13,56,69,69,71,73,76,65,62,59,59,62,71,72,66,65,59,52,39,17,12
0,7,0,6,0,13,53,65,69,68,70,69,63,57,54,54,59,65,72,68,64,55,50,28,12,8
6,0,6,7,0,10,51,63,71,68,69,65,58,53,54,54,58,65,68,74,67,55,45,21,10,8
0,0,7,7,0,13,56,73,81,70,70,64,59,56,55,56,58,66,68,70,70,55,50,17,14,11
7,7,0,0,0,23,56,82,106,69,64,64,59,55,53,56,58,64,65,70,79,65,53,50,18,11
0,6,0,6,9,14,56,75,82,60,57,60,57,53,52,55,58,60,64,61,81,62,47,27,13,11
0,0,0,7,8,12,51,57,61,53,53,57,55,45,33,50,51,50,55,53,56,44,16,13,8,0
0,0,0,0,0,9,22,50,50,29,31,50,40,14,30,35,36,41,55,53,50,28,13,8,0,0
0,0,0,0,0,7,14,50,51,17,17,15,13,10,14,19,35,15,52,51,50,14,7,6,0,0
0,0,0,0,0,6,13,32,30,12,0,12,10,10,8,20,11,7,36,50,30,10,0,6,0,0
0,0,0,0,0,0,12,27,12,0,8,11,5,0,9,0,0,0,12,21,13,8,0,0,0,0
0,0,0,0,0,0,10,12,11,0,8,13,0,0,9,9,5,6,14,17,13,9,0,0,0,0
0,0,0,0,0,0,11,10,8,9,8,13,12,0,12,13,9,11,15,20,14,10,8,6,0,0
0,0,0,0,0,7,8,10,10,6,9,13,10,5,7,11,13,11,15,15,14,10,7,8,7,0
0,0,0,0,0,0,10,13,11,7,11,13,11,10,13,18,23,19,13,22,15,11,10,7,8,0
6,8,7,9,13,35,56,62,68,67,76,92,94,102,105,96,82,79,75,71,68,58,58,56,47,14
0,0,10,9,14,30,60,68,70,64,68,84,97,101,112,106,89,89,87,82,73,62,60,54,45,35
6,0,0,12,10,17,52,63,57,54,67,87,99,102,98,90,83,88,87,83,73,59,56,53,51,50
6,8,0,0,7,34,29,41,57,66,70,79,86,92,94,94,93,90,92,81,67,55,52,51,25,50
8,0,7,0,0,0,50,60,68,65,73,86,95,99,119,102,77,80,85,72,63,54,44,50,14,10
7,0,0,0,0,0,18,55,20,6,46,65,82,92,95,85,76,77,76,68,55,27,25,22,12,10
8,7,0,0,0,0,56,62,55,0,59,85,86,102,107,95,86,90,85,70,61,52,17,15,11,0
7,12,7,9,0,19,74,64,53,70,86,87,111,123,119,110,103,107,117,89,68,58,52,52,23,13
0,9,0,10,10,14,72,64,51,55,69,92,107,116,114,108,101,104,106,90,64,56,53,51,38,9
0,0,0,9,11,25,65,67,51,17,64,89,101,106,106,104,94,87,87,75,61,52,43,47,35,11
0,0,0,0,10,40,63,61,54,31,62,87,100,104,103,87,86,81,77,65,58,51,41,50,22,10
0,0,0,0,7,21,58,54,23,52,66,81,88,94,90,86,81,74,70,63,57,50,42,51,34,12
0,0,0,0,0,13,56,53,51,56,66,79,84,89,90,87,85,76,73,63,56,50,41,51,47,13
0,0,0,0,0,10,37,33,51,54,66,70,76,73,78,75,69,64,63,53,32,14,12,13,10,0
0,0,8,10,10,42,62,60,55,68,73,86,86,85,97,92,98,83,77,66,62,55,52,52,40,23
7,0,10,9,10,51,65,59,65,71,79,108,94,98,96,88,87,75,76,69,62,55,54,54,50,23
8,5,11,12,11,52,64,63,71,74,81,107,89,96,96,93,82,78,79,71,63,56,53,60,53,25
0,6,8,9,10,51,64,63,68,75,82,98,92,95,92,92,81,76,73,68,62,56,51,54,45,15
9,0,7,11,12,54,70,67,72,81,89,97,92,91,99,92,79,80,98,72,66,58,54,53,50,30
11,9,9,9,13,50,64,69,77,86,98,103,100,103,95,86,81,98,96,75,70,61,57,58,53,43
0,0,0,11,11,40,57,66,74,83,90,91,91,93,80,74,77,88,84,77,74,67,59,61,54,40
0,0,6,5,10,27,56,67,72,80,86,86,81,77,68,69,72,76,76,71,68,58,53,50,32,20
10,7,8,0,11,28,54,64,73,76,87,90,82,69,62,69,70,73,75,67,62,55,46,39,32,27
8,8,9,9,7,28,54,67,75,77,81,80,77,69,64,66,75,77,72,69,65,59,54,47,33,13
8,6,7,6,11,15,54,66,71,72,76,78,68,63,63,61,68,73,70,68,64,59,53,50,26,12
0,0,9,6,0,13,56,69,69,71,74,76,65,62,59,59,61,71,72,66,65,57,52,41,17,12
0,7,0,6,0,13,53,65,68,69,71,70,63,56,54,54,58,66,72,68,64,55,50,30,12,8
6,0,6,7,0,10,52,63,71,68,69,65,58,53,54,54,58,66,68,74,67,55,43,23,10,8
0,0,7,7,0,13,56,73,81,71,70,64,59,56,55,56,58,65,68,71,70,55,50,19,14,11
7,7,0,0,0,27,56,81,106,68,64,63,60,55,54,56,58,64,65,70,79,65,53,51,23,11
0,6,0,6,9,14,56,74,82,60,58,60,57,53,52,55,58,60,63,61,81,62,47,27,14,10
0,0,0,7,7,12,50,57,61,53,53,57,55,40,33,50,51,50,55,53,56,46,15,14,9,0
0,0,0,0,0,9,23,50,50,29,31,50,41,14,30,35,35,41,55,53,50,28,13,8,0,0
0,0,0,0,0,7,16,50,50,17,17,14,13,11,14,23,27,15,52,51,47,14,7,7,0,0
0,0,0,0,0,6,13,30,25,12,0,12,10,10,8,20,11,7,40,50,25,11,0,6,0,0
0,0,0,0,0,0,12,25,12,0,8,11,6,0,9,0,0,0,12,21,13,8,0,0,0,0
0,0,0,0,0,0,10,12,11,0,8,14,0,0,9,9,5,6,14,15,13,9,0,0,0,0
0,0,0,0,0,0,11,10,8,9,8,13,12,0,12,13,9,11,18,21,14,11,7,6,0,0
0,0,0,0,0,7,9,10,10,6,9,13,10,5,7,11,12,11,15,14,14,10,7,9,7,0
0,0,0,0,0,0,10,13,11,7,11,13,11,10,13,19,20,19,13,20,14,12,9,8,8,0
6,9,7,9,12,36,55,62,69,66,76,92,93,102,104,96,82,78,75,71,67,58,58,56,45,14
0,0,10,9,14,30,60,68,70,64,67,85,97,101,111,107,89,89,86,81,72,62,61,54,45,35
0,0,0,12,10,14,52,63,57,54,67,87,99,102,98,90,83,87,87,83,73,58,56,53,51,50
5,8,0,0,7,35,29,43,56,66,70,79,86,92,93,94,93,90,91,81,67,55,52,51,23,50
8,0,7,0,0,0,50,61,68,64,73,86,95,98,118,102,76,79,84,72,63,54,46,42,14,10
7,0,0,0,0,0,18,55,20,6,43,66,82,93,94,86,77,76,75,68,55,25,28,22,13,10
8,6,0,0,0,0,55,62,54,0,58,85,85,102,107,95,86,89,84,69,61,51,21,17,11,0
7,12,7,8,0,17,74,63,53,71,85,88,112,122,119,110,103,107,116,89,67,58,52,52,19,13
0,9,0,11,10,14,72,64,50,56,69,92,107,116,114,109,101,103,106,89,64,57,53,51,36,10
0,0,0,10,10,28,65,68,50,17,63,90,101,106,105,104,94,86,86,74,60,51,46,50,30,12
0,0,0,0,9,43,64,62,54,34,61,87,100,104,103,87,85,80,76,65,58,50,38,50,20,10
0,0,0,0,7,21,58,54,25,52,65,82,88,93,90,86,81,73,70,63,57,47,47,51,36,12
0,0,0,0,0,13,56,53,51,56,66,80,84,89,89,88,85,75,73,63,56,47,47,52,45,12
0,0,0,0,0,10,36,34,50,54,65,70,76,73,77,74,69,63,62,53,30,13,12,13,10,0
0,0,8,10,10,40,62,59,54,68,73,87,86,85,96,92,98,82,76,66,62,55,52,52,36,22
7,0,10,9,10,51,65,59,65,70,78,108,94,98,96,89,87,75,75,69,61,55,54,54,50,21
8,5,11,12,10,52,66,63,71,74,81,107,89,96,96,93,82,77,78,70,63,56,54,59,53,23
0,6,8,9,10,51,64,63,68,75,81,99,92,95,92,92,81,75,72,68,62,55,51,53,46,20
9,0,7,11,11,55,70,67,72,81,89,97,91,91,99,93,79,79,98,72,65,58,53,53,50,28
11,9,9,9,13,50,64,69,78,86,98,103,100,103,95,86,82,98,95,75,70,62,57,57,52,38
0,0,0,11,11,40,57,66,74,83,90,91,91,93,80,75,77,87,83,77,73,67,59,61,54,36
0,0,7,5,10,27,56,67,72,80,86,87,81,77,68,69,72,75,75,71,67,58,53,50,28,18
10,7,8,0,10,28,53,64,73,75,86,90,81,69,62,69,70,72,74,67,61,55,47,39,33,25
8,8,9,10,6,27,54,68,74,77,80,80,77,69,63,66,74,76,71,69,65,59,54,47,33,13
8,6,7,6,11,16,54,66,71,72,75,78,68,63,62,61,68,72,70,68,64,59,53,50,26,12
0,0,9,6,0,13,56,69,69,71,73,76,66,62,59,60,62,71,72,66,65,56,52,41,16,11
0,6,0,6,0,13,53,65,68,69,71,70,62,56,54,55,58,64,72,68,63,55,50,26,12,8
6,0,6,8,0,10,52,64,70,68,69,65,58,53,54,54,58,65,68,74,66,54,50,26,9,8
0,0,7,7,0,13,56,73,81,72,70,64,59,56,55,56,58,65,68,71,70,55,51,21,15,10
7,7,0,0,0,29,56,81,106,68,63,64,59,55,54,57,58,64,65,70,79,64,53,50,23,12
0,6,0,6,8,14,57,74,82,60,58,60,57,53,52,55,58,59,63,61,82,62,50,25,13,10
0,0,0,7,7,12,50,57,62,53,53,57,55,38,33,50,50,48,55,53,57,45,15,13,9,0
0,0,0,0,0,9,25,50,50,29,30,50,37,14,29,36,35,40,55,53,50,28,13,8,0,0
0,0,0,0,0,7,15,50,50,17,15,15,13,11,14,25,25,14,52,51,41,14,8,7,0,0
0,0,0,0,0,6,13,30,27,12,0,12,11,10,9,22,11,6,40,50,23,10,0,6,0,0
0,0,0,0,0,0,12,27,12,0,7,11,6,0,9,0,0,0,12,18,13,8,0,0,0,0
0,0,0,0,0,0,10,12,10,0,8,14,0,0,9,9,6,6,14,15,13,9,0,0,0,0
0,0,0,0,0,0,11,10,8,9,8,13,12,0,12,13,9,10,16,21,13,10,8,7,0,0
0,0,0,0,0,7,9,10,9,6,9,13,10,5,7,11,13,10,14,14,14,10,8,9,7,0
0,0,0,0,0,0,10,13,11,7,10,14,10,10,13,20,20,17,13,19,14,11,9,7,8,0
6,9,7,9,12,36,55,62,69,66,76,92,94,101,105,97,81,78,76,72,67,58,58,55,43,14
0,0,11,9,14,30,60,68,70,64,66,85,97,101,111,107,89,89,86,81,73,63,61,54,40,39
7,0,0,12,10,14,52,63,57,53,67,87,99,101,98,90,83,87,87,83,73,58,56,53,51,50
5,8,0,0,7,35,29,41,57,65,70,79,86,92,93,94,93,90,90,81,66,55,52,51,23,50
8,0,7,0,0,0,50,61,68,65,73,86,94,98,118,102,77,79,84,72,62,54,42,40,14,11
7,0,0,0,0,0,20,55,22,0,43,66,82,92,93,85,77,77,75,68,55,27,23,20,13,10
7,0,0,0,0,0,54,62,55,8,58,84,85,102,107,95,87,90,84,70,60,51,19,15,11,0
8,12,7,8,0,15,73,64,51,70,85,88,112,122,119,110,103,106,116,89,67,58,52,52,15,13
0,9,0,11,10,14,72,63,51,56,70,92,107,116,114,109,101,103,107,89,64,57,53,51,33,11
0,0,0,10,10,32,65,68,51,15,65,89,100,106,106,104,93,86,86,75,60,52,46,47,30,13
0,0,0,0,10,50,63,61,54,31,61,87,100,104,103,88,86,80,76,65,58,50,38,50,22,10
0,0,0,0,7,23,58,55,27,52,66,82,88,93,90,86,81,73,71,63,57,47,42,50,36,12
0,0,0,0,0,13,56,53,51,56,66,80,84,89,88,87,86,75,73,63,55,50,50,51,41,12
0,0,0,0,0,10,36,33,50,54,65,70,76,73,77,75,69,63,63,53,33,13,12,13,10,0
0,0,8,10,10,40,62,60,54,68,72,87,85,85,96,92,98,82,77,66,61,54,52,52,38,25
7,0,10,10,10,51,65,59,64,71,79,108,95,98,96,89,87,75,75,69,62,55,54,54,50,21
9,5,11,12,10,52,66,62,71,75,81,107,89,96,96,94,82,77,78,70,63,55,54,58,53,23
0,6,8,9,10,51,64,63,68,75,81,99,91,95,91,93,82,75,73,67,62,55,52,53,48,23
9,0,7,11,11,55,70,67,72,80,89,97,90,91,98,93,79,79,98,72,66,58,53,53,50,31
11,9,9,10,13,50,65,69,78,85,99,103,99,102,95,86,81,98,96,75,70,62,57,57,52,40
0,0,0,11,11,40,57,66,74,83,90,91,91,93,79,75,77,87,83,77,74,67,59,61,53,40
0,0,7,5,10,27,57,67,72,79,86,87,81,77,68,69,72,75,75,71,67,57,52,50,28,21
10,7,8,0,10,28,53,64,73,75,87,90,80,68,61,69,70,72,74,67,62,55,47,39,32,25
8,8,9,9,7,26,54,67,74,77,80,80,77,69,63,66,74,77,72,69,65,59,54,46,33,14
8,6,7,6,11,16,54,66,71,72,75,78,67,62,61,61,69,72,70,67,64,59,53,50,25,12
0,0,9,6,0,13,56,69,69,71,73,77,65,62,59,60,62,72,73,66,65,56,52,41,17,12
0,6,0,6,0,13,53,65,69,69,71,70,62,56,54,55,58,64,72,68,63,55,50,28,11,8
6,0,6,8,0,10,52,63,70,68,69,65,58,52,54,54,57,65,68,74,66,54,50,26,9,9
0,0,7,8,0,13,56,73,81,71,70,64,58,55,55,56,58,65,68,72,70,55,50,19,14,10
7,7,0,0,0,29,56,82,106,68,63,64,59,54,54,57,58,63,65,70,79,64,52,50,21,12
0,6,0,6,8,15,57,74,83,60,58,60,57,53,51,55,58,59,63,61,81,62,50,27,13,11
0,0,0,7,7,12,50,57,62,53,53,57,55,36,33,50,50,50,55,53,57,46,17,13,8,0
0,0,0,0,0,9,23,50,50,29,31,50,33,14,28,34,35,41,55,53,50,31,13,8,0,0
0,0,0,0,0,7,16,50,50,15,15,17,12,11,14,27,25,14,52,51,38,14,8,7,0,0
0,0,0,0,0,7,13,30,27,12,0,12,10,10,8,20,11,6,40,50,23,11,0,6,0,0
0,0,0,0,0,0,12,27,12,0,7,10,5,0,9,0,0,0,12,16,13,8,0,0,0,0
0,0,0,0,0,0,10,12,10,0,8,14,0,0,9,9,6,6,14,15,13,9,0,0,0,0
0,0,0,0,0,0,11,10,8,8,8,13,12,0,12,13,8,10,18,21,13,10,7,7,0,0
0,0,0,0,0,7,9,10,10,6,9,13,10,5,7,12,13,10,14,14,14,10,8,8,7,0
0,0,0,0,0,5,10,13,11,6,10,13,10,9,13,21,19,19,13,17,14,11,9,7,8,0
6,9,7,9,12,42,56,63,69,66,76,92,94,100,105,98,81,78,76,72,67,58,58,55,41,15
0,0,11,9,14,30,60,68,70,64,67,86,97,101,110,107,89,89,86,82,73,63,61,54,43,37
7,0,0,12,10,14,52,63,57,54,67,87,99,101,97,90,83,87,87,83,73,58,56,53,50,50
5,8,0,0,7,34,31,45,57,66,70,79,86,92,92,95,93,90,90,82,67,55,52,51,22,50
8,0,7,0,0,0,50,62,69,65,73,86,94,98,118,102,77,79,84,72,63,54,44,40,15,11
7,0,0,0,0,0,20,55,22,0,43,66,82,92,92,86,77,77,75,69,54,27,25,20,13,10
7,0,0,0,0,0,54,61,55,8,58,83,85,101,107,96,86,90,84,70,61,51,19,15,11,0
8,13,7,9,0,17,73,64,51,70,85,88,111,120,119,110,103,106,115,90,67,57,53,52,17,13
0,10,0,10,10,14,73,63,51,56,70,93,106,115,114,110,102,104,107,89,64,57,53,51,33,11
0,0,0,10,10,28,65,68,51,17,65,89,100,106,105,105,94,86,86,75,59,52,50,50,25,13
0,0,0,0,10,50,63,61,55,34,62,88,100,104,102,88,86,80,76,66,57,50,41,51,25,10
0,0,0,0,7,25,58,55,30,52,65,82,88,93,90,87,81,74,71,63,56,45,45,50,38,12
0,0,0,0,0,13,55,53,51,57,66,80,83,88,88,87,86,75,72,64,55,50,50,51,37,12
0,0,0,0,0,11,40,33,51,54,65,71,76,72,77,75,70,63,63,54,33,13,12,12,10,0
0,0,8,10,10,40,61,60,54,68,72,87,85,85,96,92,99,81,77,67,60,55,52,52,39,22
6,0,10,9,9,52,65,59,65,71,79,109,94,98,95,89,88,75,75,69,62,54,53,54,50,23
9,5,11,12,10,52,66,62,71,75,81,108,90,96,96,94,82,77,78,71,63,55,54,58,53,25
0,6,8,9,10,51,64,63,68,75,81,99,91,94,91,92,82,75,73,68,62,55,51,53,46,25
9,0,7,11,11,54,70,67,72,81,89,98,90,92,98,92,79,79,97,73,65,58,53,53,50,35
11,9,10,10,13,50,64,69,77,86,99,104,99,101,94,86,82,98,96,76,70,62,56,57,52,45
0,0,0,11,11,40,57,65,74,83,90,92,91,92,79,75,77,87,83,77,73,67,58,60,53,40
0,0,7,6,10,27,57,67,72,79,86,86,81,77,67,69,72,75,75,71,67,57,52,48,30,21
10,8,8,0,10,29,52,64,73,75,86,90,80,68,61,69,70,72,74,67,61,54,47,39,32,25
8,9,9,9,7,27,54,68,75,77,80,80,77,69,63,66,74,76,72,70,65,59,53,44,32,15
8,6,7,6,11,16,54,67,71,72,75,78,67,62,60,61,69,72,70,67,64,59,53,50,23,13
0,0,9,7,0,13,56,69,69,71,73,77,65,61,59,60,62,71,73,66,65,56,51,41,16,12
0,7,0,6,0,13,53,66,69,69,71,70,62,55,53,55,59,64,72,69,63,54,50,28,11,9
0,0,6,8,0,10,52,63,70,69,69,65,58,51,54,55,58,65,68,73,66,54,50,26,10,9
0,0,7,8,0,14,55,73,81,72,70,64,58,55,55,56,58,65,67,72,71,54,50,19,14,10
7,8,6,0,0,29,55,82,107,68,63,64,59,54,54,57,58,63,65,70,79,64,52,50,20,12
0,6,0,6,8,15,57,74,83,61,58,59,57,52,51,55,57,59,63,61,81,62,50,25,13,10
0,0,0,7,6,11,50,57,62,53,54,57,54,31,30,50,51,50,55,54,57,45,19,13,8,0
0,0,0,0,0,9,23,50,50,30,31,50,33,13,27,33,36,41,55,53,50,31,12,8,0,0
0,0,0,0,0,7,16,50,50,17,15,17,12,11,14,23,27,14,52,51,38,14,8,7,0,0
0,0,0,0,0,6,13,32,27,13,0,12,10,9,7,20,11,6,43,50,21,10,6,6,0,0
0,0,0,0,0,0,12,27,12,0,7,10,6,0,9,0,0,0,12,16,13,7,0,0,0,0
0,0,0,0,0,0,11,13,10,0,8,14,0,0,9,10,6,6,15,15,13,9,0,0,0,0
0,0,0,0,0,0,11,10,8,9,8,13,12,0,12,14,8,10,15,21,13,10,7,6,0,0
0,0,0,0,0,7,9,10,10,6,10,12,10,5,7,12,13,10,14,16,14,10,8,8,7,0
0,0,0,0,0,5,10,13,11,6,10,14,10,9,13,21,22,17,13,17,14,11,9,7,7,0
6,9,7,9,12,38,56,63,69,66,76,92,94,101,105,98,82,78,76,73,67,58,58,55,39,16
0,0,11,9,15,30,60,69,70,64,67,86,97,100,110,107,88,88,86,82,74,62,61,54,38,35
7,0,0,12,10,14,52,63,57,54,67,87,99,102,97,90,83,87,87,83,73,58,56,53,50,51
5,8,0,0,7,35,31,45,56,66,70,79,85,92,91,94,93,90,90,81,67,55,52,50,23,51
8,0,7,0,0,0,50,62,70,65,73,87,94,97,118,102,77,78,84,72,63,54,46,42,14,11
6,0,0,0,0,0,21,55,22,7,43,67,82,92,92,86,77,77,75,68,55,25,31,17,13,10
8,0,0,0,0,0,54,62,55,8,59,84,86,102,107,95,87,90,84,70,61,51,19,13,10,7
8,12,7,9,0,17,73,64,51,70,85,88,111,119,119,111,104,106,115,90,67,57,52,51,17,13
0,10,0,10,10,14,72,63,51,57,70,93,106,115,114,110,102,103,106,89,64,57,53,51,33,11
0,0,0,10,10,28,65,68,52,17,65,89,100,107,106,105,95,86,86,76,59,52,50,45,23,14
0,0,0,0,9,43,63,62,54,34,61,88,100,104,102,88,86,80,77,66,57,51,38,50,22,10
0,0,0,0,6,23,57,55,30,52,66,82,87,93,89,87,81,73,71,63,56,47,47,50,31,13
0,0,0,0,0,13,55,53,51,57,66,81,83,87,88,87,86,75,73,64,56,50,47,51,31,13
0,0,0,0,0,11,40,34,51,54,65,71,76,71,77,75,70,64,62,54,32,13,12,12,10,0
0,0,8,10,10,40,60,60,53,68,71,87,85,85,95,92,98,82,77,66,61,55,52,51,39,25
7,0,11,9,9,51,65,59,65,71,80,110,94,98,95,88,88,75,76,69,62,54,53,54,50,21
9,5,11,12,9,52,65,62,70,75,81,107,89,96,97,94,82,77,77,71,62,56,54,58,52,29
0,6,8,8,9,51,63,63,68,75,81,99,91,94,91,92,81,76,73,68,62,55,52,53,48,26
9,0,7,12,10,55,70,67,71,81,89,98,91,92,98,93,78,79,98,73,65,57,53,53,50,35
11,9,9,10,13,50,64,69,77,86,99,104,99,100,94,86,82,98,96,76,70,62,57,57,51,45
0,0,0,11,11,40,57,66,74,82,90,91,91,92,79,75,76,88,83,76,73,67,58,60,53,45
0,0,7,6,10,29,57,66,72,80,86,87,81,77,67,69,72,75,75,71,67,57,52,44,25,23
10,8,8,0,10,29,53,64,73,75,86,90,80,68,60,70,70,72,74,67,61,54,47,37,31,28
8,9,9,10,7,27,54,67,75,77,80,80,77,69,62,66,74,76,72,69,65,58,53,43,31,17
8,6,7,6,10,18,54,66,71,72,75,78,67,62,60,61,69,72,70,67,64,59,53,50,25,13
0,0,9,7,0,14,56,69,69,71,73,78,65,61,59,60,62,71,73,66,64,56,52,37,17,12
0,6,0,6,0,13,53,66,69,68,71,70,62,55,53,55,59,64,72,68,63,55,50,26,12,9
0,0,6,8,0,10,51,63,70,68,69,66,58,51,53,55,57,65,68,73,66,54,50,23,10,9
0,0,6,8,0,14,55,73,81,71,70,64,58,55,55,56,58,66,68,71,71,55,50,19,14,11
7,8,6,0,0,25,55,82,107,69,64,64,58,54,54,57,58,63,65,70,79,65,51,50,20,13
0,6,0,6,8,15,56,74,83,60,57,60,57,52,51,55,58,59,63,60,81,62,50,27,13,11
0,0,0,7,6,11,50,57,62,53,53,57,54,30,30,51,51,50,55,53,57,43,19,13,8,0
0,0,0,0,0,9,23,50,50,30,32,50,32,13,28,34,37,42,55,53,50,29,13,8,0,0
0,0,0,0,0,8,16,50,51,17,15,21,12,11,14,21,30,14,52,51,38,14,8,6,0,0
0,0,0,0,0,6,13,30,30,13,0,12,10,9,7,22,11,6,43,50,23,10,0,6,0,0
0,0,0,0,0,0,12,30,12,0,7,10,5,0,9,0,0,0,12,15,13,7,0,0,0,0
0,0,0,0,0,0,11,13,11,0,8,14,0,0,9,9,6,6,16,15,13,9,0,0,0,0
0,0,0,0,0,0,11,11,8,9,8,14,11,0,12,14,8,10,15,20,13,10,7,6,0,0
0,0,0,0,0,7,9,10,10,6,10,12,10,5,7,12,13,10,15,16,14,10,8,8,7,0
0,0,0,0,0,5,10,13,11,6,10,13,10,9,13,21,22,17,13,17,14,11,9,7,7,0
6,9,6,9,12,36,57,63,69,67,76,92,94,100,106,97,82,78,77,72,67,58,58,55,41,17
0,0,11,9,15,33,60,68,71,65,68,85,97,100,112,107,89,89,87,81,73,62,60,53,40,41
7,0,0,12,10,15,52,63,57,54,67,87,99,102,98,91,83,87,87,83,73,58,56,53,50,51
5,8,0,0,8,34,33,45,56,66,70,79,85,91,91,94,93,91,90,81,67,55,51,50,25,51
8,0,7,0,0,0,50,62,70,65,74,86,94,97,118,102,78,79,84,71,63,53,44,45,14,12
6,0,0,0,0,0,18,55,30,7,46,67,81,91,94,85,77,78,75,69,55,23,25,14,12,11
8,0,0,0,0,0,53,62,56,8,60,84,85,101,107,95,87,90,85,70,60,51,15,13,10,8
8,12,7,9,0,17,72,65,51,71,86,87,111,119,118,110,103,106,115,89,67,57,52,50,21,13
0,10,0,10,10,15,72,64,52,56,70,92,106,115,114,109,102,103,107,90,64,56,53,51,33,11
0,0,0,9,10,28,64,67,52,20,66,89,100,106,106,105,94,86,86,75,59,51,50,45,25,14
0,0,0,0,10,40,63,61,56,31,62,87,98,103,102,87,86,81,77,64,56,51,38,47,27,11
0,0,0,0,6,25,58,55,30,52,67,82,87,93,90,86,81,74,71,63,55,47,45,50,34,13
0,0,0,0,0,13,55,54,52,57,66,80,83,86,89,87,86,76,73,63,56,50,44,51,33,13
0,0,0,0,0,11,41,34,51,54,65,72,75,71,77,76,69,64,62,53,30,13,12,11,11,0
0,0,8,9,10,40,60,60,54,68,72,87,85,85,95,92,98,82,77,66,61,54,52,51,40,26
6,0,10,10,10,52,65,59,65,71,80,110,95,97,95,88,87,76,76,69,62,54,53,53,51,23
8,5,11,12,9,52,65,62,70,75,81,107,89,95,97,94,82,77,78,71,62,56,54,57,52,35
0,6,8,9,10,51,64,63,69,75,82,99,91,94,91,92,81,76,74,68,62,55,51,52,46,31
9,0,7,12,11,54,70,67,72,81,89,98,91,92,98,93,79,80,98,73,65,57,54,52,50,36
11,9,9,10,13,50,64,69,77,86,98,105,99,99,94,86,82,98,96,76,70,62,57,57,52,50
0,0,0,11,11,38,57,65,75,83,90,91,91,92,80,74,76,88,83,76,73,66,58,60,54,50
0,0,7,6,11,31,57,67,72,79,87,87,81,77,67,68,71,75,77,70,67,58,52,41,26,26
10,7,9,0,11,28,53,64,73,75,86,90,80,68,60,70,70,72,75,67,61,54,47,36,31,30
8,9,8,9,7,29,54,67,75,76,80,80,77,68,62,65,74,76,73,69,64,58,53,43,31,19
7,6,7,6,11,16,54,67,71,72,75,78,67,62,60,61,69,73,71,67,64,59,52,46,23,14
0,0,8,7,0,14,56,69,69,71,74,77,64,60,59,60,62,71,73,66,64,57,51,35,17,13
0,6,0,6,0,13,53,66,69,68,71,70,62,54,54,55,59,65,73,68,63,54,48,28,13,10
0,0,6,7,0,10,51,64,70,69,69,66,58,51,54,54,58,66,69,73,66,54,47,19,10,10
0,0,0,8,0,14,55,73,81,71,70,64,58,55,55,56,58,66,68,71,70,54,50,17,14,12
7,8,0,0,0,25,55,82,107,69,64,64,58,54,54,57,58,63,65,70,79,65,51,50,20,13
0,6,0,6,9,14,56,73,83,61,58,60,57,51,51,54,58,59,64,60,80,62,50,25,13,12
0,0,0,7,7,11,50,57,62,53,54,56,53,26,31,50,51,50,55,53,56,43,18,12,8,0
0,0,0,0,0,9,22,50,50,30,32,50,33,13,29,32,36,43,55,53,50,28,13,0,0,0
0,0,0,0,0,8,15,51,51,20,17,21,13,10,14,19,30,17,52,51,38,13,8,6,0,0
0,0,0,0,0,6,13,32,32,13,0,12,10,9,7,17,11,6,43,50,23,10,6,5,0,0
0,0,0,0,0,0,12,27,13,0,7,11,6,0,9,0,0,0,13,15,12,7,0,0,0,0
0,0,0,0,0,0,10,13,11,0,8,14,0,0,10,9,6,6,18,14,12,9,0,0,0,0
0,0,0,0,0,0,11,11,8,9,9,14,11,0,12,14,8,11,18,20,13,10,7,6,0,0
0,0,0,0,0,7,9,10,10,6,10,13,10,5,8,12,13,10,16,16,13,10,8,8,7,0
0,0,0,0,0,5,10,13,11,7,11,13,10,9,13,20,20,19,13,17,14,11,9,7,7,0
6,9,6,8,12,32,56,63,69,67,75,93,94,100,105,96,83,80,77,71,67,57,58,55,39,15
0,0,10,9,15,27,60,68,71,64,67,85,97,100,112,107,89,90,88,80,73,62,60,53,43,41
7,0,0,12,11,15,52,64,58,54,67,87,99,102,98,90,83,87,88,83,73,58,56,53,50,51
6,8,0,0,8,34,31,43,57,66,70,79,86,92,93,95,94,91,91,81,67,55,51,50,29,51
8,0,7,0,0,0,42,62,70,65,73,87,94,98,119,103,78,80,85,71,62,54,48,47,14,12
7,0,0,0,0,0,20,55,33,7,40,66,82,92,95,86,77,77,76,68,56,20,23,20,12,12
8,6,0,0,0,0,56,63,57,8,60,85,85,102,107,95,87,91,85,70,60,50,14,13,10,8
9,12,7,9,0,17,73,64,53,72,85,88,113,121,119,110,103,107,117,87,66,57,52,51,21,14
0,9,0,10,11,14,70,64,52,58,69,93,106,115,113,108,101,104,108,88,64,56,53,51,27,11
0,0,0,9,11,22,65,66,53,17,65,89,101,105,106,104,93,86,86,74,60,52,46,45,25,13
0,0,0,0,10,37,61,62,55,40,62,86,98,104,102,86,85,80,77,63,57,51,33,38,22,11
0,0,0,0,6,21,57,54,36,52,67,82,89,93,89,85,82,73,71,62,56,50,37,50,34,12
0,0,0,0,0,12,55,53,52,57,66,80,84,87,89,86,86,75,73,63,56,50,41,52,33,14
0,0,0,0,0,10,37,32,51,54,65,72,76,72,77,74,69,64,62,52,33,13,12,12,11,0
0,0,8,10,10,40,60,60,54,68,72,88,85,85,95,91,98,83,77,65,61,54,52,51,39,28
7,0,11,10,10,51,65,58,65,70,79,110,95,98,94,88,87,75,76,69,62,55,54,53,50,21
8,5,11,12,9,52,65,62,70,74,81,108,89,95,96,93,82,77,77,70,62,55,54,58,53,31
0,6,8,8,10,51,63,62,69,76,81,99,92,94,92,91,80,77,74,68,62,55,50,52,45,30
10,0,7,12,11,54,70,67,72,81,89,98,92,91,98,94,80,80,98,72,66,57,53,52,50,36
11,9,9,10,13,50,63,69,78,87,98,105,99,101,95,85,82,98,96,75,70,62,57,57,52,50
0,0,0,11,11,36,56,65,76,83,89,91,91,92,80,74,76,88,83,76,73,66,58,61,55,48
0,0,6,5,11,31,56,67,72,79,86,87,80,77,67,69,71,76,76,71,67,58,52,42,26,23
10,7,9,0,10,28,53,64,73,75,85,91,81,68,61,70,70,72,74,67,61,54,47,36,31,29
9,9,8,10,7,28,53,67,75,76,80,80,77,68,62,65,74,76,72,69,65,58,53,43,33,19
7,6,6,6,11,16,53,66,72,72,75,79,67,63,60,60,68,73,71,67,64,59,52,44,26,13
6,0,9,6,0,14,55,68,70,71,74,78,65,60,58,60,62,71,73,66,64,56,51,35,19,12
0,6,0,6,0,13,53,65,69,68,71,70,62,54,54,54,58,65,72,67,63,54,50,26,12,9
6,0,6,7,0,10,51,64,70,69,69,66,58,51,54,54,58,66,69,74,66,54,50,19,10,10
0,0,0,8,0,13,54,72,82,71,70,64,58,55,55,56,58,66,67,71,70,55,50,19,15,12
7,8,0,0,0,23,55,81,107,70,64,64,58,53,54,57,58,64,65,69,79,64,52,50,20,13
0,6,0,6,9,14,56,73,83,61,58,60,57,52,52,54,58,59,64,59,80,62,50,25,12,12
0,0,0,8,7,12,50,57,62,53,54,57,53,26,33,50,50,51,55,53,55,41,17,12,9,0
0,0,0,0,0,9,22,50,50,29,32,50,33,13,30,30,36,45,55,53,50,23,13,0,0,0
0,0,0,0,0,8,14,51,51,17,15,19,12,11,14,21,22,17,52,50,41,13,8,6,0,0
0,0,0,0,0,6,13,27,35,13,0,13,10,9,8,15,11,6,40,45,27,10,0,5,0,0
0,0,0,0,0,0,12,32,13,0,8,11,6,0,9,0,0,0,13,14,13,7,0,0,0,0
0,0,0,0,0,0,10,13,12,0,8,14,0,0,10,9,6,7,18,14,12,9,0,0,0,0
0,0,0,0,0,0,11,10,9,10,8,14,11,0,12,13,8,10,20,16,13,10,7,6,0,0
0,0,0,0,0,7,9,10,10,6,10,13,10,6,8,11,13,11,14,13,14,10,7,8,7,0
0,0,0,0,0,0,10,13,11,7,11,13,10,10,12,18,20,20,13,19,14,11,9,7,7,0
6,9,6,8,12,32,56,63,69,67,75,93,94,100,105,96,83,80,77,71,67,57,58,55,39,15
0,0,10,9,15,27,60,68,71,64,67,85,97,100,112,107,89,90,88,80,73,62,60,53,43,41
7,0,0,12,11,15,52,64,58,54,67,87,99,102,98,90,83,87,88,83,73,58,56,53,50,51
6,8,0,0,8,34,31,43,57,66,70,79,86,92,93,95,94,91,91,81,67,55,51,50,29,51
8,0,7,0,0,0,42,62,70,65,73,87,94,98,119,103,78,80,85,71,62,54,48,47,14,12
7,0,0,0,0,0,20,55,33,7,40,66,82,92,95,86,77,77,76,68,56,20,23,20,12,12
8,6,0,0,0,0,56,63,57,8,60,85,85,102,107,95,87,91,85,70,60,50,14,13,10,8
9,12,7,9,0,17,73,64,53,72,85,88,113,121,119,110,103,107,117,87,66,57,52,51,21,14
0,9,0,10,11,14,70,64,52,58,69,93,106,115,113,108,101,104,108,88,64,56,53,51,27,11
0,0,0,9,11,22,65,66,53,17,65,89,101,105,106,104,93,86,86,74,60,52,46,45,25,13
0,0,0,0,10,37,61,62,55,40,62,86,98,104,102,86,85,80,77,63,57,51,33,38,22,11
0,0,0,0,6,21,57,54,36,52,67,82,89,93,89,85,82,73,71,62,56,50,37,50,34,12
0,0,0,0,0,12,55,53,52,57,66,80,84,87,89,86,86,75,73,63,56,50,41,52,33,14
0,0,0,0,0,10,37,32,51,54,65,72,76,72,77,74,69,64,62,52,33,13,12,12,11,0
0,0,8,10,10,40,60,60,54,68,72,88,85,85,95,91,98,83,77,65,61,54,52,51,39,28
7,0,11,10,10,51,65,58,65,70,79,110,95,98,94,88,87,75,76,69,62,55,54,53,50,21
8,5,11,12,9,52,65,62,70,74,81,108,89,95,96,93,82,77,77,70,62,55,54,58,53,31
0,6,8,8,10,51,63,62,69,76,81,99,92,94,92,91,80,77,74,68,62,55,50,52,45,30
10,0,7,12,11,54,70,67,72,81,89,98,92,91,98,94,80,80,98,72,66,57,53,52,50,36
11,9,9,10,13,50,63,69,78,87,98,105,99,101,95,85,82,98,96,75,70,62,57,57,52,50
0,0,0,11,11,36,56,65,76,83,89,91,91,92,80,74,76,88,83,76,73,66,58,61,55,48
0,0,6,5,11,31,56,67,72,79,86,87,80,77,67,69,71,76,76,71,67,58,52,42,26,23
10,7,9,0,10,28,53,64,73,75,85,91,81,68,61,70,70,72,74,67,61,54,47,36,31,29
9,9,8,10,7,28,53,67,75,76,80,80,77,68,62,65,74,76,72,69,65,58,53,43,33,19
7,6,6,6,11,16,53,66,72,72,75,79,67,63,60,60,68,73,71,67,64,59,52,44,26,13
6,0,9,6,0,14,55,68,70,71,74,78,65,60,58,60,62,71,73,66,64,56,51,35,19,12
0,6,0,6,0,13,53,65,69,68,71,70,62,54,54,54,58,65,72,67,63,54,50,26,12,9
6,0,6,7,0,10,51,64,70,69,69,66,58,51,54,54,58,66,69,74,66,54,50,19,10,10
0,0,0,8,0,13,54,72,82,71,70,64,58,55,55,56,58,66,67,71,70,55,50,19,15,12
7,8,0,0,0,23,55,81,107,70,64,64,58,53,54,57,58,64,65,69,79,64,52,50,20,13
0,6,0,6,9,14,56,73,83,61,58,60,57,52,52,54,58,59,64,59,80,62,50,25,12,12
0,0,0,8,7,12,50,57,62,53,54,57,53,26,33,50,50,51,55,53,55,41,17,12,9,0
0,0,0,0,0,9,22,50,50,29,32,50,33,13,30,30,36,45,55,53,50,23,13,0,0,0
0,0,0,0,0,8,14,51,51,17,15,19,12,11,14,21,22,17,52,50,41,13,8,6,0,0
0,0,0,0,0,6,13,27,35,13,0,13,10,9,8,15,11,6,40,45,27,10,0,5,0,0
0,0,0,0,0,0,12,32,13,0,8,11,6,0,9,0,0,0,13,14,13,7,0,0,0,0
0,0,0,0,0,0,10,13,12,0,8,14,0,0,10,9,6,7,18,14,12,9,0,0,0,0
0,0,0,0,0,0,11,10,9,10,8,14,11,0,12,13,8,10,20,16,13,10,7,6,0,0
0,0,0,0,0,7,9,10,10,6,10,13,10,6,8,11,13,11,14,13,14,10,7,8,7,0
0,0,0,0,0,0,10,13,11,7,11,13,10,10,12,18,20,20,13,19,14,11,9,7,7,0
6,9,7,8,11,30,54,61,68,66,76,93,94,101,106,97,82,79,76,71,67,58,57,56,39,14
0,0,10,9,13,19,58,67,70,64,68,85,99,101,112,107,89,89,88,81,73,62,60,55,47,31
6,0,0,12,10,14,50,62,56,55,68,89,102,104,100,91,84,88,88,83,74,58,56,53,50,51
6,8,0,0,7,26,19,23,56,67,71,79,89,94,95,95,95,91,92,81,67,55,52,50,27,50
9,0,7,0,0,0,30,60,69,66,74,88,97,100,121,105,80,80,86,72,63,54,46,45,15,11
7,0,0,0,0,0,14,53,17,7,50,68,86,96,97,88,78,77,77,68,56,25,25,27,12,10
9,7,6,0,0,0,54,60,56,10,61,88,90,105,110,97,89,93,86,71,61,51,15,17,11,7
9,13,9,9,0,14,72,62,52,72,88,92,118,124,120,112,104,110,119,88,67,58,53,51,21,14
0,10,7,10,11,13,69,62,52,58,72,96,109,117,115,110,102,105,110,89,64,56,53,52,36,10
0,0,0,9,11,14,64,64,53,22,67,91,101,107,107,105,95,87,88,75,60,53,50,50,25,13
0,0,0,0,10,34,60,60,55,43,62,88,101,105,103,87,86,80,78,64,57,51,36,50,20,10
0,0,0,0,8,15,57,53,36,53,67,82,91,95,91,87,82,74,71,62,57,50,37,51,38,12
0,0,0,0,0,11,55,51,52,56,67,81,85,89,91,88,87,76,73,63,56,50,50,52,37,12
0,0,0,0,0,9,36,29,51,54,66,72,78,74,78,75,70,64,62,52,35,13,12,12,10,0
0,0,9,10,11,37,59,59,54,68,73,88,87,86,96,92,99,83,76,66,60,54,51,51,36,25
7,0,11,10,10,51,65,58,65,70,79,111,95,99,96,88,88,75,76,68,61,55,54,54,50,21
10,6,12,12,9,52,64,62,70,75,82,109,90,96,96,95,82,78,78,70,62,55,53,58,52,20
0,7,9,9,10,50,63,62,68,76,82,99,92,95,94,92,81,76,74,67,62,55,50,53,43,21
9,0,7,11,11,53,68,67,72,82,89,98,92,91,98,93,80,79,98,72,65,57,53,52,50,35
11,8,9,10,13,50,62,68,78,87,99,105,99,102,95,86,82,98,95,75,69,62,57,57,52,43
0,0,0,11,11,32,56,64,75,83,90,92,91,92,79,74,76,87,83,77,74,66,58,61,54,40
0,0,6,5,11,27,56,66,72,79,86,87,81,77,67,69,71,76,76,71,67,59,52,50,30,20
10,8,10,0,10,27,52,63,72,76,87,91,82,68,61,70,69,72,74,67,61,54,46,38,32,25
9,9,9,9,7,20,52,66,74,76,80,80,77,68,62,66,73,76,72,69,65,58,53,44,33,14
8,7,7,6,10,14,53,66,71,72,76,79,67,63,61,61,68,72,71,68,64,59,53,50,25,12
6,0,9,6,0,12,54,67,69,72,74,77,66,60,58,60,62,70,73,66,64,56,51,37,16,11
0,0,0,6,0,11,52,64,68,68,71,70,62,54,53,54,58,65,73,68,63,54,50,28,12,8
6,0,6,6,0,9,50,62,69,68,69,65,58,52,54,53,58,65,69,74,66,55,50,21,10,9
0,0,0,7,0,12,53,71,80,70,70,64,59,55,55,56,58,66,67,71,70,55,50,17,15,11
6,7,0,0,0,17,53,79,103,68,64,63,58,55,54,57,58,64,65,69,79,64,52,50,21,12
0,6,0,0,8,13,54,72,82,60,58,60,57,53,52,54,57,59,64,60,80,61,50,25,12,11
0,0,0,7,6,10,45,55,61,53,54,56,54,31,36,50,50,50,55,53,55,44,18,12,9,0
0,0,0,0,0,9,16,44,49,29,29,50,32,13,30,32,35,41,55,53,50,28,13,8,0,0
0,0,0,0,0,6,13,44,50,17,14,19,13,11,14,23,20,14,52,50,38,14,8,7,0,0
0,0,0,0,0,0,11,17,25,12,0,13,11,10,8,20,11,0,40,45,27,10,6,6,0,0
0,0,0,0,0,0,11,19,11,0,8,11,7,0,9,0,0,0,13,18,13,8,0,0,0,0
0,0,0,0,0,0,9,11,11,0,9,14,0,0,10,10,6,6,20,15,12,9,0,0,0,0
0,0,0,0,0,0,10,9,8,10,8,13,12,0,12,14,8,10,20,16,14,10,7,6,0,0
0,0,0,0,0,6,8,9,9,6,10,13,10,6,8,12,13,10,14,13,14,10,7,8,7,0
0,0,0,0,0,0,9,12,11,7,11,14,10,10,13,20,22,19,13,19,14,11,9,7,7,0
