0,0,0,0,4,0,6,6,4,13,13,14,11,9,31,27,25,12,11,11,15,12,0,0,5,7
0,0,0,0,5,0,0,8,0,14,19,14,11,10,12,17,19,10,0,11,12,12,6,5,4,7
0,0,0,5,5,0,0,0,0,11,14,13,12,13,9,12,14,10,11,9,8,12,9,7,4,0
0,0,0,5,0,0,0,0,9,0,9,9,13,7,0,11,10,7,12,5,11,8,6,6,0,0
0,0,0,5,0,0,0,0,10,8,8,9,8,9,0,10,10,0,10,0,11,10,9,5,0,8
0,0,0,0,0,0,0,0,8,13,12,12,9,10,0,8,18,6,0,8,9,10,7,7,6,0
5,0,0,0,0,0,0,8,20,23,34,11,13,11,8,9,15,0,0,9,11,10,7,5,10,6
0,0,0,0,0,4,0,7,14,13,14,14,11,10,7,10,0,0,0,12,9,9,0,0,3,7
0,0,0,0,0,0,4,0,12,15,19,12,13,8,6,10,9,7,0,10,7,8,0,4,0,0
0,0,0,0,0,0,6,0,7,10,12,12,11,10,8,11,15,5,0,6,6,9,4,6,6,6
0,0,0,0,0,0,0,0,0,11,9,9,11,8,7,11,13,7,6,9,8,8,5,4,7,5
0,0,0,0,0,0,0,0,0,10,9,10,7,11,8,12,29,10,13,13,10,11,6,6,6,6
4,0,0,0,0,0,0,8,0,13,40,14,10,12,11,34,38,25,14,14,17,13,5,7,5,8
5,0,0,0,0,0,5,9,12,13,46,37,23,30,16,56,54,56,35,30,47,13,11,7,11,10
7,0,0,0,0,0,8,12,12,51,79,68,69,59,66,68,68,67,68,68,50,17,13,12,10,9
7,0,0,0,6,6,5,13,61,101,106,99,105,107,114,116,109,108,103,75,58,47,36,14,8,10
17,9,11,12,12,9,13,77,106,119,128,121,131,129,135,145,135,133,128,107,75,60,48,15,14,18
12,6,6,6,0,0,34,77,114,123,155,147,150,141,138,135,149,131,125,105,75,70,53,40,12,17
50,8,11,11,9,14,64,104,135,139,159,167,153,164,165,184,177,164,145,125,100,78,74,61,35,51
44,10,9,10,21,42,70,109,134,138,172,183,166,158,188,216,186,177,169,147,122,85,71,53,14,14
55,14,12,13,9,13,73,116,135,142,145,151,140,134,164,166,166,162,159,142,124,105,78,53,48,51
9,6,7,0,9,9,56,100,125,128,134,136,119,110,121,130,144,143,139,128,119,99,72,50,11,16
8,0,0,8,10,0,14,77,106,116,113,107,89,76,82,91,112,123,113,107,99,85,58,35,13,19
10,0,0,6,8,0,14,65,83,85,81,81,68,69,67,67,78,96,97,89,89,81,66,30,12,12
7,0,0,8,0,0,12,54,68,70,79,85,63,62,58,58,61,70,78,79,81,76,61,26,11,11
10,0,0,0,0,6,8,41,57,60,104,115,80,70,67,55,57,57,59,61,67,70,59,33,11,11
12,0,0,0,7,0,11,40,59,61,122,110,100,136,85,66,65,59,55,57,57,60,55,33,14,11
9,7,0,6,0,6,14,39,61,95,163,122,91,123,102,87,89,77,68,64,56,57,52,35,17,15
11,0,0,8,10,8,10,51,88,139,136,111,88,91,86,81,78,78,77,69,76,74,57,27,14,14
0,0,0,0,0,5,10,56,116,120,83,65,58,57,56,56,59,61,62,65,60,61,51,14,9,9
0,0,0,0,0,0,11,59,67,57,54,51,41,22,13,13,21,27,31,30,20,14,14,9,5,7
5,0,0,0,0,5,8,20,35,20,50,23,13,13,9,11,12,8,18,13,10,6,9,6,0,6
0,0,0,0,0,0,0,11,14,22,13,10,9,9,14,11,10,10,9,10,7,6,0,0,0,0
0,0,0,0,0,0,6,7,9,13,13,5,10,10,0,9,8,0,9,9,8,10,5,5,6,0
0,0,0,0,0,0,8,5,6,12,12,14,13,8,11,7,13,7,4,8,9,6,6,0,0,0
0,0,0,0,0,0,0,4,0,11,12,17,6,6,12,7,12,11,0,0,6,7,6,0,0,0
0,0,0,0,0,0,0,0,4,0,12,9,9,7,8,9,8,10,0,0,0,6,7,5,0,0
0,0,0,0,0,0,0,0,0,12,13,11,8,7,7,9,5,6,0,0,4,4,3,0,5,0
0,0,0,0,0,0,0,0,0,13,13,15,9,8,0,9,6,5,6,0,6,9,0,0,0,6
0,0,0,0,7,0,8,0,9,7,21,24,10,9,4,8,7,0,8,0,10,8,0,0,0,0
0,0,0,0,4,0,6,6,4,13,13,14,11,9,31,27,25,12,11,11,15,12,0,0,5,7
0,0,0,0,5,0,0,8,0,14,19,14,11,10,12,17,19,10,0,11,12,12,6,5,4,7
0,0,0,5,5,0,0,0,0,11,14,13,12,13,9,12,14,10,11,9,8,12,9,7,4,0
0,0,0,5,0,0,0,0,9,0,9,9,13,7,0,11,10,7,12,5,11,8,6,6,0,0
0,0,0,5,0,0,0,0,10,8,8,9,8,9,0,10,10,0,10,0,11,10,9,5,0,8
0,0,0,0,0,0,0,0,8,13,12,12,9,10,0,8,18,6,0,8,9,10,7,7,6,0
5,0,0,0,0,0,0,8,20,23,34,11,13,11,8,9,15,0,0,9,11,10,7,5,10,6
0,0,0,0,0,4,0,7,14,13,14,14,11,10,7,10,0,0,0,12,9,9,0,0,3,7
0,0,0,0,0,0,4,0,12,15,19,12,13,8,6,10,9,7,0,10,7,8,0,4,0,0
0,0,0,0,0,0,6,0,7,10,12,12,11,10,8,11,15,5,0,6,6,9,4,6,6,6
0,0,0,0,0,0,0,0,0,11,9,9,11,8,7,11,13,7,6,9,8,8,5,4,7,5
0,0,0,0,0,0,0,0,0,10,9,10,7,11,8,12,29,10,13,13,10,11,6,6,6,6
4,0,0,0,0,0,0,8,0,13,40,14,10,12,11,34,38,25,14,14,17,13,5,7,5,8
5,0,0,0,0,0,5,9,12,13,46,37,23,30,16,56,54,56,35,30,47,13,11,7,11,10
7,0,0,0,0,0,8,12,12,51,79,68,69,59,66,68,68,67,68,68,50,17,13,12,10,9
7,0,0,0,6,6,5,13,61,101,106,99,105,107,114,116,109,108,103,75,58,47,36,14,8,10
17,9,11,12,12,9,13,77,106,119,128,121,131,129,135,145,135,133,128,107,75,60,48,15,14,18
12,6,6,6,0,0,34,77,114,123,155,147,150,141,138,135,149,131,125,105,75,70,53,40,12,17
50,8,11,11,9,14,64,104,135,139,159,167,153,164,165,184,177,164,145,125,100,78,74,61,35,51
44,10,9,10,21,42,70,109,134,138,172,183,166,158,188,216,186,177,169,147,122,85,71,53,14,14
55,14,12,13,9,13,73,116,135,142,145,151,140,134,164,166,166,162,159,142,124,105,78,53,48,51
9,6,7,0,9,9,56,100,125,128,134,136,119,110,121,130,144,143,139,128,119,99,72,50,11,16
8,0,0,8,10,0,14,77,106,116,113,107,89,76,82,91,112,123,113,107,99,85,58,35,13,19
10,0,0,6,8,0,14,65,83,85,81,81,68,69,67,67,78,96,97,89,89,81,66,30,12,12
7,0,0,8,0,0,12,54,68,70,79,85,63,62,58,58,61,70,78,79,81,76,61,26,11,11
10,0,0,0,0,6,8,41,57,60,104,115,80,70,67,55,57,57,59,61,67,70,59,33,11,11
12,0,0,0,7,0,11,40,59,61,122,110,100,136,85,66,65,59,55,57,57,60,55,33,14,11
9,7,0,6,0,6,14,39,61,95,163,122,91,123,102,87,89,77,68,64,56,57,52,35,17,15
11,0,0,8,10,8,10,51,88,139,136,111,88,91,86,81,78,78,77,69,76,74,57,27,14,14
0,0,0,0,0,5,10,56,116,120,83,65,58,57,56,56,59,61,62,65,60,61,51,14,9,9
0,0,0,0,0,0,11,59,67,57,54,51,41,22,13,13,21,27,31,30,20,14,14,9,5,7
5,0,0,0,0,5,8,20,35,20,50,23,13,13,9,11,12,8,18,13,10,6,9,6,0,6
0,0,0,0,0,0,0,11,14,22,13,10,9,9,14,11,10,10,9,10,7,6,0,0,0,0
0,0,0,0,0,0,6,7,9,13,13,5,10,10,0,9,8,0,9,9,8,10,5,5,6,0
0,0,0,0,0,0,8,5,6,12,12,14,13,8,11,7,13,7,4,8,9,6,6,0,0,0
0,0,0,0,0,0,0,4,0,11,12,17,6,6,12,7,12,11,0,0,6,7,6,0,0,0
0,0,0,0,0,0,0,0,4,0,12,9,9,7,8,9,8,10,0,0,0,6,7,5,0,0
0,0,0,0,0,0,0,0,0,12,13,11,8,7,7,9,5,6,0,0,4,4,3,0,5,0
0,0,0,0,0,0,0,0,0,13,13,15,9,8,0,9,6,5,6,0,6,9,0,0,0,6
0,0,0,0,7,0,8,0,9,7,21,24,10,9,4,8,7,0,8,0,10,8,0,0,0,0
0,0,0,0,4,0,7,8,4,13,12,14,11,10,35,27,23,12,11,11,14,12,0,0,5,7
0,0,0,0,6,0,6,9,0,14,14,20,12,10,11,16,19,10,0,10,12,13,6,6,5,7
0,0,0,5,5,0,0,6,0,9,13,14,13,12,8,11,14,10,11,9,8,11,8,8,5,0
0,0,0,5,0,0,0,0,9,0,7,8,14,8,0,10,10,7,11,4,10,8,6,7,0,0
0,0,0,6,0,0,5,0,10,8,7,8,9,8,0,9,10,4,9,0,11,10,10,6,0,8
0,0,0,0,0,0,0,0,7,13,8,10,10,10,0,7,15,6,0,7,8,10,8,8,5,0
4,0,0,0,0,0,0,7,18,15,22,9,14,11,7,8,14,0,0,10,11,10,8,6,10,5
0,0,0,0,0,0,0,6,12,12,12,12,11,10,5,8,0,0,0,11,10,10,6,0,3,8
0,0,0,0,0,0,0,0,10,13,12,10,12,8,5,9,7,6,0,9,7,9,0,6,0,0
0,0,0,0,0,0,6,0,6,8,11,12,10,10,8,11,14,5,0,6,0,8,4,7,7,6
0,0,0,0,0,0,6,0,0,12,7,10,12,8,8,12,13,7,6,9,8,8,6,6,7,5
0,0,0,0,0,0,5,8,0,12,9,10,8,12,9,12,27,11,13,12,9,11,7,7,5,5
4,0,0,0,0,0,5,10,6,28,45,15,10,12,11,31,38,21,14,14,14,13,7,8,5,9
5,0,0,0,0,0,8,11,13,21,54,48,36,32,14,54,53,58,32,21,36,14,12,8,11,11
10,0,0,0,0,0,10,13,12,52,75,69,72,61,61,75,64,66,67,66,43,25,14,13,10,10
7,0,0,0,7,6,9,17,66,101,105,100,107,108,114,115,108,106,101,72,58,50,42,22,9,10
25,9,12,14,13,11,17,85,109,122,131,127,134,131,136,147,135,133,126,106,73,61,53,23,16,19
13,7,7,7,6,0,48,85,117,126,164,155,155,143,141,135,149,132,124,104,74,70,55,50,12,20
53,11,14,12,12,38,71,110,139,144,170,179,161,170,168,185,176,164,143,123,99,79,77,63,42,51
52,11,11,13,51,54,79,117,140,143,182,195,176,162,190,217,186,177,166,146,121,86,75,55,19,15
60,50,23,27,13,50,85,125,143,149,151,163,148,138,164,168,167,162,157,141,122,105,82,57,51,52
12,8,10,8,14,14,69,108,133,136,139,142,126,113,123,131,145,144,140,128,118,100,75,54,12,20
11,0,0,10,13,7,55,89,114,124,120,114,95,79,83,93,113,126,113,107,98,85,60,43,14,22
13,0,0,9,11,6,52,73,92,92,84,85,69,70,69,68,78,97,98,89,89,81,67,44,12,12
8,0,0,12,0,0,30,62,75,75,78,87,64,64,60,59,62,71,78,78,81,77,63,39,12,12
12,0,0,0,0,10,12,54,62,62,102,120,84,72,69,57,59,59,60,61,67,72,62,50,12,12
13,0,0,0,10,0,14,52,62,62,121,114,104,140,88,69,66,60,56,58,58,61,58,50,22,12
11,8,0,7,0,7,29,51,63,97,161,127,95,128,104,89,91,80,70,65,58,60,54,50,27,19
13,0,0,10,12,9,12,55,93,139,136,117,94,97,90,85,81,83,79,72,79,78,62,43,22,17
0,0,0,6,6,7,13,60,120,114,83,67,61,60,60,59,62,65,66,69,65,67,57,26,10,10
0,0,0,0,0,5,13,64,67,57,54,54,52,40,17,14,30,43,43,36,26,23,21,12,7,8
5,0,0,0,0,7,9,33,42,29,50,30,21,17,11,11,13,10,21,14,11,6,10,8,4,6
0,0,0,0,0,0,6,12,19,29,13,12,11,11,17,12,11,12,10,12,9,7,0,0,0,3
0,0,0,0,0,0,8,10,10,14,14,7,13,12,7,10,8,0,10,10,9,11,9,7,8,0
0,0,0,0,0,0,9,7,8,13,13,19,18,10,13,8,13,9,5,9,10,9,8,5,0,0
0,0,0,0,0,0,6,5,0,11,13,23,8,8,13,7,12,11,0,0,7,9,8,5,0,0
0,0,0,0,0,0,0,0,5,0,13,8,10,8,8,9,8,11,0,0,0,8,8,7,4,0
0,0,0,0,0,0,0,0,0,12,14,12,9,8,8,9,6,7,0,0,5,5,5,0,6,4
0,0,0,0,0,0,3,0,7,13,15,19,10,8,0,9,6,6,6,0,7,10,0,0,3,7
0,0,0,0,8,0,8,0,8,7,27,25,11,10,5,8,7,0,9,0,10,9,0,0,0,0
0,0,0,0,4,0,7,8,4,13,12,14,11,10,35,27,23,12,11,11,14,12,0,0,5,7
0,0,0,0,6,0,6,9,0,14,14,20,12,10,11,16,19,10,0,10,12,13,6,6,5,7
0,0,0,5,5,0,0,6,0,9,13,14,13,12,8,11,14,10,11,9,8,11,8,8,5,0
0,0,0,5,0,0,0,0,9,0,7,8,14,8,0,10,10,7,11,4,10,8,6,7,0,0
0,0,0,6,0,0,5,0,10,8,7,8,9,8,0,9,10,4,9,0,11,10,10,6,0,8
0,0,0,0,0,0,0,0,7,13,8,10,10,10,0,7,15,6,0,7,8,10,8,8,5,0
4,0,0,0,0,0,0,7,18,15,22,9,14,11,7,8,14,0,0,10,11,10,8,6,10,5
0,0,0,0,0,0,0,6,12,12,12,12,11,10,5,8,0,0,0,11,10,10,6,0,3,8
0,0,0,0,0,0,0,0,10,13,12,10,12,8,5,9,7,6,0,9,7,9,0,6,0,0
0,0,0,0,0,0,6,0,6,8,11,12,10,10,8,11,14,5,0,6,0,8,4,7,7,6
0,0,0,0,0,0,6,0,0,12,7,10,12,8,8,12,13,7,6,9,8,8,6,6,7,5
0,0,0,0,0,0,5,8,0,12,9,10,8,12,9,12,27,11,13,12,9,11,7,7,5,5
4,0,0,0,0,0,5,10,6,28,45,15,10,12,11,31,38,21,14,14,14,13,7,8,5,9
5,0,0,0,0,0,8,11,13,21,54,48,36,32,14,54,53,58,32,21,36,14,12,8,11,11
10,0,0,0,0,0,10,13,12,52,75,69,72,61,61,75,64,66,67,66,43,25,14,13,10,10
7,0,0,0,7,6,9,17,66,101,105,100,107,108,114,115,108,106,101,72,58,50,42,22,9,10
25,9,12,14,13,11,17,85,109,122,131,127,134,131,136,147,135,133,126,106,73,61,53,23,16,19
13,7,7,7,6,0,48,85,117,126,164,155,155,143,141,135,149,132,124,104,74,70,55,50,12,20
53,11,14,12,12,38,71,110,139,144,170,179,161,170,168,185,176,164,143,123,99,79,77,63,42,51
52,11,11,13,51,54,79,117,140,143,182,195,176,162,190,217,186,177,166,146,121,86,75,55,19,15
60,50,23,27,13,50,85,125,143,149,151,163,148,138,164,168,167,162,157,141,122,105,82,57,51,52
12,8,10,8,14,14,69,108,133,136,139,142,126,113,123,131,145,144,140,128,118,100,75,54,12,20
11,0,0,10,13,7,55,89,114,124,120,114,95,79,83,93,113,126,113,107,98,85,60,43,14,22
13,0,0,9,11,6,52,73,92,92,84,85,69,70,69,68,78,97,98,89,89,81,67,44,12,12
8,0,0,12,0,0,30,62,75,75,78,87,64,64,60,59,62,71,78,78,81,77,63,39,12,12
12,0,0,0,0,10,12,54,62,62,102,120,84,72,69,57,59,59,60,61,67,72,62,50,12,12
13,0,0,0,10,0,14,52,62,62,121,114,104,140,88,69,66,60,56,58,58,61,58,50,22,12
11,8,0,7,0,7,29,51,63,97,161,127,95,128,104,89,91,80,70,65,58,60,54,50,27,19
13,0,0,10,12,9,12,55,93,139,136,117,94,97,90,85,81,83,79,72,79,78,62,43,22,17
0,0,0,6,6,7,13,60,120,114,83,67,61,60,60,59,62,65,66,69,65,67,57,26,10,10
0,0,0,0,0,5,13,64,67,57,54,54,52,40,17,14,30,43,43,36,26,23,21,12,7,8
5,0,0,0,0,7,9,33,42,29,50,30,21,17,11,11,13,10,21,14,11,6,10,8,4,6
0,0,0,0,0,0,6,12,19,29,13,12,11,11,17,12,11,12,10,12,9,7,0,0,0,3
0,0,0,0,0,0,8,10,10,14,14,7,13,12,7,10,8,0,10,10,9,11,9,7,8,0
0,0,0,0,0,0,9,7,8,13,13,19,18,10,13,8,13,9,5,9,10,9,8,5,0,0
0,0,0,0,0,0,6,5,0,11,13,23,8,8,13,7,12,11,0,0,7,9,8,5,0,0
0,0,0,0,0,0,0,0,5,0,13,8,10,8,8,9,8,11,0,0,0,8,8,7,4,0
0,0,0,0,0,0,0,0,0,12,14,12,9,8,8,9,6,7,0,0,5,5,5,0,6,4
0,0,0,0,0,0,3,0,7,13,15,19,10,8,0,9,6,6,6,0,7,10,0,0,3,7
0,0,0,0,8,0,8,0,8,7,27,25,11,10,5,8,7,0,9,0,10,9,0,0,0,0
0,0,0,0,5,0,7,8,5,13,12,15,11,10,35,27,23,10,11,11,15,12,0,0,6,7
0,0,0,0,6,0,6,9,0,14,14,20,12,10,11,17,21,10,0,10,12,13,6,6,5,7
0,0,0,5,5,0,0,6,0,9,12,14,13,12,8,11,14,10,11,9,9,11,9,8,5,0
0,0,0,6,0,0,0,0,9,0,7,8,14,8,0,10,10,7,11,4,10,8,6,7,0,0
0,0,0,6,0,0,5,0,10,8,0,8,9,9,0,9,10,4,9,0,11,10,10,6,0,8
0,0,0,0,0,0,0,0,7,12,7,9,11,10,0,6,14,6,0,8,8,10,8,8,5,0
5,0,0,0,0,0,0,8,18,14,20,8,14,11,7,7,14,0,0,11,11,10,8,6,10,5
0,0,0,0,0,0,0,6,13,12,12,13,11,10,6,9,0,0,0,12,10,10,8,0,3,8
0,0,0,0,0,0,0,0,10,13,11,10,12,8,5,9,8,6,0,9,7,9,0,6,0,0
0,0,0,0,0,0,7,0,7,8,12,12,10,10,8,11,14,5,0,6,0,8,4,7,7,6
0,0,0,0,0,0,7,0,0,12,7,11,12,8,8,12,13,8,7,9,8,9,6,6,7,5
0,0,0,0,0,0,6,9,0,13,9,11,9,12,9,12,28,11,13,13,9,11,7,7,5,5
4,0,0,0,0,0,7,10,7,35,45,17,10,12,11,37,39,31,17,15,14,13,7,8,5,9
5,0,0,0,0,0,8,12,13,25,56,50,41,32,15,55,53,58,35,27,41,14,12,8,11,11
10,0,0,0,0,0,10,14,12,54,76,70,73,61,63,76,64,66,68,68,46,25,15,13,11,10
7,0,0,0,7,7,10,28,68,102,106,101,107,109,115,115,108,108,102,74,59,50,44,22,9,11
28,9,12,14,14,12,19,88,110,122,131,127,134,131,137,147,135,133,127,107,74,62,53,24,17,19
14,8,7,8,7,0,51,87,118,126,164,155,155,143,141,136,150,132,125,105,74,70,56,50,12,22
54,12,15,13,13,50,72,111,139,144,171,180,162,170,170,187,177,164,143,123,100,79,77,64,42,52
52,12,11,14,53,55,81,118,141,143,182,196,177,163,191,219,187,174,167,147,121,86,76,55,20,16
60,50,31,35,14,52,86,125,143,150,152,165,148,138,165,169,168,163,158,141,123,104,83,58,52,52
13,8,11,9,17,17,71,108,133,137,140,143,126,113,123,131,146,144,140,129,118,100,76,54,12,20
12,0,0,11,14,8,56,90,115,125,120,114,95,79,84,93,113,125,114,109,98,85,61,45,14,25
13,0,0,10,12,7,53,74,93,93,84,85,70,70,69,68,78,97,99,91,89,81,68,44,13,13
9,0,0,12,0,0,37,63,75,75,78,87,66,64,60,60,62,72,79,80,82,76,64,41,12,12
13,0,0,0,0,11,13,56,62,62,103,121,84,72,70,57,60,60,61,62,68,72,63,50,13,12
13,0,0,0,11,7,15,53,63,62,121,115,105,141,89,69,66,61,57,59,59,62,59,50,25,12
11,9,0,8,0,8,33,52,64,97,161,128,96,128,103,89,92,80,72,67,59,60,54,51,28,22
14,4,0,12,12,10,13,56,94,139,136,117,94,97,90,86,82,84,80,73,80,79,63,44,25,19
5,0,0,7,8,8,13,61,121,115,83,68,62,62,61,60,63,66,67,71,66,69,58,30,9,11
0,0,0,0,0,6,13,66,68,58,55,55,52,45,20,17,32,50,47,40,30,25,24,12,7,8
5,0,0,0,0,7,10,37,46,34,51,32,27,22,12,11,13,11,25,14,11,6,10,8,4,6
0,0,0,0,0,0,7,13,25,34,14,13,11,12,23,13,12,13,10,12,10,8,0,4,0,4
0,0,0,0,0,0,8,10,11,15,16,8,13,12,8,11,9,0,10,11,10,12,10,8,8,0
0,0,0,0,0,0,9,7,9,13,13,21,14,10,13,8,13,9,6,10,10,9,8,5,0,0
0,0,0,0,0,0,7,6,0,12,13,26,9,8,13,7,13,11,0,0,7,9,8,5,0,0
0,0,0,0,0,0,0,0,5,0,13,9,10,8,9,9,9,11,0,0,4,8,9,7,4,0
0,0,0,0,0,0,0,0,0,12,14,13,10,9,8,10,6,7,0,0,5,6,6,0,6,4
0,0,0,0,0,0,4,0,7,14,17,20,10,9,4,10,6,7,5,0,7,10,0,0,4,7
5,0,4,0,8,0,8,0,8,8,29,27,12,10,5,8,7,0,9,0,10,9,4,0,0,0
0,0,0,0,5,0,7,8,5,13,12,15,11,10,35,27,23,10,11,11,15,12,0,0,6,7
0,0,0,0,6,0,6,9,0,14,14,20,12,10,11,17,21,10,0,10,12,13,6,6,5,7
0,0,0,5,5,0,0,6,0,9,12,14,13,12,8,11,14,10,11,9,9,11,9,8,5,0
0,0,0,6,0,0,0,0,9,0,7,8,14,8,0,10,10,7,11,4,10,8,6,7,0,0
0,0,0,6,0,0,5,0,10,8,0,8,9,9,0,9,10,4,9,0,11,10,10,6,0,8
0,0,0,0,0,0,0,0,7,12,7,9,11,10,0,6,14,6,0,8,8,10,8,8,5,0
5,0,0,0,0,0,0,8,18,14,20,8,14,11,7,7,14,0,0,11,11,10,8,6,10,5
0,0,0,0,0,0,0,6,13,12,12,13,11,10,6,9,0,0,0,12,10,10,8,0,3,8
0,0,0,0,0,0,0,0,10,13,11,10,12,8,5,9,8,6,0,9,7,9,0,6,0,0
0,0,0,0,0,0,7,0,7,8,12,12,10,10,8,11,14,5,0,6,0,8,4,7,7,6
0,0,0,0,0,0,7,0,0,12,7,11,12,8,8,12,13,8,7,9,8,9,6,6,7,5
0,0,0,0,0,0,6,9,0,13,9,11,9,12,9,12,28,11,13,13,9,11,7,7,5,5
4,0,0,0,0,0,7,10,7,35,45,17,10,12,11,37,39,31,17,15,14,13,7,8,5,9
5,0,0,0,0,0,8,12,13,25,56,50,41,32,15,55,53,58,35,27,41,14,12,8,11,11
10,0,0,0,0,0,10,14,12,54,76,70,73,61,63,76,64,66,68,68,46,25,15,13,11,10
7,0,0,0,7,7,10,28,68,102,106,101,107,109,115,115,108,108,102,74,59,50,44,22,9,11
28,9,12,14,14,12,19,88,110,122,131,127,134,131,137,147,135,133,127,107,74,62,53,24,17,19
14,8,7,8,7,0,51,87,118,126,164,155,155,143,141,136,150,132,125,105,74,70,56,50,12,22
54,12,15,13,13,50,72,111,139,144,171,180,162,170,170,187,177,164,143,123,100,79,77,64,42,52
52,12,11,14,53,55,81,118,141,143,182,196,177,163,191,219,187,174,167,147,121,86,76,55,20,16
60,50,31,35,14,52,86,125,143,150,152,165,148,138,165,169,168,163,158,141,123,104,83,58,52,52
13,8,11,9,17,17,71,108,133,137,140,143,126,113,123,131,146,144,140,129,118,100,76,54,12,20
12,0,0,11,14,8,56,90,115,125,120,114,95,79,84,93,113,125,114,109,98,85,61,45,14,25
13,0,0,10,12,7,53,74,93,93,84,85,70,70,69,68,78,97,99,91,89,81,68,44,13,13
9,0,0,12,0,0,37,63,75,75,78,87,66,64,60,60,62,72,79,80,82,76,64,41,12,12
13,0,0,0,0,11,13,56,62,62,103,121,84,72,70,57,60,60,61,62,68,72,63,50,13,12
13,0,0,0,11,7,15,53,63,62,121,115,105,141,89,69,66,61,57,59,59,62,59,50,25,12
11,9,0,8,0,8,33,52,64,97,161,128,96,128,103,89,92,80,72,67,59,60,54,51,28,22
14,4,0,12,12,10,13,56,94,139,136,117,94,97,90,86,82,84,80,73,80,79,63,44,25,19
5,0,0,7,8,8,13,61,121,115,83,68,62,62,61,60,63,66,67,71,66,69,58,30,9,11
0,0,0,0,0,6,13,66,68,58,55,55,52,45,20,17,32,50,47,40,30,25,24,12,7,8
5,0,0,0,0,7,10,37,46,34,51,32,27,22,12,11,13,11,25,14,11,6,10,8,4,6
0,0,0,0,0,0,7,13,25,34,14,13,11,12,23,13,12,13,10,12,10,8,0,4,0,4
0,0,0,0,0,0,8,10,11,15,16,8,13,12,8,11,9,0,10,11,10,12,10,8,8,0
0,0,0,0,0,0,9,7,9,13,13,21,14,10,13,8,13,9,6,10,10,9,8,5,0,0
0,0,0,0,0,0,7,6,0,12,13,26,9,8,13,7,13,11,0,0,7,9,8,5,0,0
0,0,0,0,0,0,0,0,5,0,13,9,10,8,9,9,9,11,0,0,4,8,9,7,4,0
0,0,0,0,0,0,0,0,0,12,14,13,10,9,8,10,6,7,0,0,5,6,6,0,6,4
0,0,0,0,0,0,4,0,7,14,17,20,10,9,4,10,6,7,5,0,7,10,0,0,4,7
5,0,4,0,8,0,8,0,8,8,29,27,12,10,5,8,7,0,9,0,10,9,4,0,0,0
0,0,0,0,5,0,7,8,5,14,12,17,12,10,35,29,26,10,10,11,15,11,0,0,6,7
0,0,0,0,6,0,6,9,0,15,14,22,12,9,11,19,21,10,0,11,12,12,6,7,4,7
0,0,0,5,6,0,0,6,0,9,12,14,13,12,9,12,14,10,11,9,9,10,9,8,5,4
0,0,0,6,0,0,0,0,9,0,7,8,14,8,0,10,10,7,11,5,11,7,7,7,3,0
0,0,0,6,0,0,5,0,10,8,7,8,9,8,0,9,10,4,10,0,11,10,10,6,0,8
0,0,0,0,0,0,0,0,7,12,7,9,11,11,0,6,14,6,0,8,8,9,8,7,5,0
5,0,0,0,0,0,0,8,18,14,18,8,14,12,7,8,14,0,0,11,11,10,8,5,10,5
0,0,0,0,0,4,0,6,13,12,13,13,11,10,6,9,0,0,0,12,10,9,8,0,3,8
0,0,0,0,0,0,5,0,10,13,12,10,12,8,5,9,8,6,0,10,6,9,0,6,0,0
0,0,0,0,0,0,8,0,8,8,12,12,10,10,9,11,14,6,0,6,0,8,4,7,7,6
0,0,0,0,0,0,7,0,0,12,7,11,12,9,8,13,14,9,8,9,8,8,6,6,7,6
0,0,0,0,0,0,7,8,0,13,9,11,9,12,9,12,30,11,14,13,9,11,7,7,6,6
5,0,0,0,0,0,7,10,7,39,47,21,11,13,11,43,40,37,20,18,14,13,7,8,5,9
5,0,0,0,0,0,9,12,13,28,57,51,44,37,20,56,54,58,42,33,50,14,13,9,12,12
10,0,0,0,0,0,11,14,12,55,79,72,76,63,69,79,69,70,70,71,55,38,23,17,12,11
7,0,0,0,8,7,10,40,74,103,106,103,108,111,117,117,110,110,104,76,63,50,50,33,10,12
29,9,12,15,16,12,23,92,111,122,132,128,135,133,138,149,136,134,128,108,77,65,55,28,20,22
14,8,7,8,7,6,53,89,119,127,165,155,156,143,142,136,150,133,127,106,77,72,59,54,13,38
54,12,21,13,13,52,74,112,140,144,172,180,162,171,171,188,179,165,144,125,100,79,77,63,46,53
52,13,11,15,55,56,82,118,141,144,183,197,177,164,193,221,189,176,168,147,120,85,76,56,22,21
61,51,34,40,14,53,87,126,143,150,153,166,149,138,168,171,170,164,160,142,121,102,80,59,53,52
13,9,11,10,19,20,72,109,134,137,140,144,123,113,124,133,146,145,140,129,116,95,72,53,12,20
12,0,0,12,14,8,57,91,115,125,120,115,95,80,86,95,114,126,114,109,96,79,58,41,14,22
13,0,0,10,12,7,53,75,93,93,84,85,69,71,70,69,79,98,99,91,87,75,64,38,12,13
9,0,4,12,0,0,40,63,76,75,79,87,65,64,61,61,62,72,79,80,78,70,59,33,12,12
13,0,0,0,0,12,14,56,63,62,103,122,84,72,70,58,60,60,61,62,65,67,59,48,12,12
13,0,0,0,12,7,17,54,63,63,121,115,104,141,89,69,66,62,57,60,58,59,57,42,22,12
11,9,0,9,0,9,33,53,65,97,162,129,93,128,103,89,92,80,71,67,56,57,53,42,21,19
15,5,0,12,12,10,13,56,94,139,137,117,93,96,89,85,81,83,80,72,72,70,56,34,16,14
7,0,0,7,8,9,13,61,120,115,84,69,62,62,62,60,63,66,66,70,60,60,53,20,8,10
0,0,0,0,0,6,13,66,68,59,56,55,54,45,25,20,34,50,50,38,25,14,20,11,5,8
6,0,0,0,0,7,10,39,48,38,51,32,25,27,12,11,14,11,26,15,11,6,10,8,4,7
0,0,0,0,0,0,7,13,27,34,18,13,11,13,27,13,12,13,11,13,10,9,0,5,0,5
0,0,0,0,0,0,9,11,11,19,18,8,13,13,8,11,10,0,11,11,10,11,9,7,8,0
0,0,0,0,0,0,9,8,9,13,13,22,14,10,14,8,13,9,6,10,10,9,8,5,0,0
0,0,0,4,0,0,7,7,0,11,13,28,9,8,13,8,13,11,0,0,7,8,7,5,0,0
0,0,0,0,0,0,0,0,5,0,14,9,10,9,9,10,10,11,0,0,5,8,8,6,4,0
0,0,0,0,0,0,0,0,0,13,17,14,11,9,8,10,7,8,0,0,5,5,6,4,6,5
0,0,0,0,0,0,5,0,8,14,22,24,11,9,5,10,7,7,6,0,7,10,0,0,4,7
5,0,4,0,8,0,8,0,8,8,31,29,13,10,5,8,7,0,10,0,10,8,4,0,0,0
0,0,0,0,5,0,8,8,5,13,11,14,11,10,35,29,27,10,10,11,14,10,0,0,5,7
0,0,0,0,7,0,6,9,0,14,12,15,11,9,12,20,25,10,0,10,11,11,6,6,4,7
0,0,0,5,6,0,0,6,0,8,10,12,12,11,9,12,14,10,11,8,8,10,8,8,0,0
0,0,0,5,0,0,0,0,9,0,0,7,13,8,0,11,11,8,11,4,10,7,6,6,0,0
0,0,0,7,0,0,6,0,10,7,0,6,9,7,0,10,11,5,9,0,10,10,10,5,0,8
0,0,0,0,0,0,0,0,7,12,0,8,11,10,0,0,16,6,0,8,7,9,7,6,0,0
5,0,0,0,0,0,0,8,17,13,14,7,14,11,0,6,14,6,0,11,10,9,7,5,10,5
0,0,0,0,0,4,0,6,13,11,12,12,11,10,6,8,0,0,0,12,9,9,7,0,0,7
0,0,0,0,0,0,6,0,10,13,11,10,12,8,5,10,10,8,0,10,0,8,0,6,0,0
0,0,0,0,0,0,9,0,9,9,11,12,11,10,9,12,17,9,0,6,0,7,0,7,7,6
0,0,0,0,0,0,7,0,0,12,7,10,12,9,9,13,17,10,9,8,8,7,6,6,7,5
0,0,0,0,0,0,8,8,0,14,9,11,10,12,10,13,30,12,14,12,8,10,7,7,5,4
5,0,0,0,0,0,9,11,9,51,53,31,12,15,14,52,46,43,20,14,13,12,6,8,5,9
6,0,0,0,0,0,10,20,43,73,84,68,75,75,71,58,57,62,39,27,38,13,12,9,12,12
11,6,6,8,5,6,14,66,72,101,104,100,106,101,102,81,71,73,70,67,50,30,18,15,11,11
8,0,0,6,10,9,14,81,105,113,116,117,119,121,128,119,111,109,103,73,59,42,45,25,10,12
35,11,15,31,34,16,58,106,120,130,140,137,145,141,148,151,137,133,127,105,72,60,51,25,19,21
14,9,8,10,10,10,65,102,126,132,173,165,167,150,147,138,151,133,125,102,74,70,57,53,13,35
55,13,35,21,15,55,81,117,144,148,176,183,168,176,175,187,178,164,141,116,93,75,73,61,44,53
53,14,11,25,57,58,86,120,143,146,183,197,180,166,194,219,188,173,161,138,111,81,72,54,17,17
60,46,23,45,21,53,88,126,144,151,152,164,148,137,166,168,167,162,152,133,113,97,75,56,52,50
11,8,10,8,14,17,71,107,130,133,136,138,118,108,121,132,144,142,136,121,106,84,67,51,13,22
11,0,0,10,13,8,55,83,107,116,111,105,88,74,80,95,111,122,109,101,86,70,54,35,14,17
12,0,0,9,12,7,51,69,83,85,77,80,66,66,67,68,79,93,94,83,77,64,58,29,12,12
8,0,0,11,0,0,27,59,69,70,71,79,59,60,58,60,62,71,76,74,69,62,54,19,11,11
12,0,0,0,0,10,13,52,60,59,90,101,72,66,64,58,59,60,60,60,60,58,53,33,11,10
11,0,4,0,11,7,15,51,59,58,103,97,89,116,79,67,66,60,55,56,54,50,46,14,12,11
9,7,0,8,0,7,15,50,59,85,133,106,81,104,89,83,90,80,65,61,48,50,41,21,13,13
13,4,0,11,12,9,12,51,82,118,118,101,83,83,88,86,83,89,82,68,64,60,50,19,13,13
5,0,0,7,8,7,13,55,103,101,76,65,60,59,64,71,73,79,79,84,64,57,51,19,9,11
0,0,0,0,0,6,12,59,63,55,53,53,51,40,27,50,54,59,57,54,52,21,18,11,6,8
5,0,0,0,0,7,9,32,42,29,47,21,14,14,12,13,15,12,27,14,12,8,10,7,4,6
0,0,0,0,0,0,7,13,21,31,14,12,11,11,19,14,12,12,11,12,10,9,0,5,0,5
0,0,0,0,0,0,9,10,11,15,13,9,13,12,9,10,10,0,10,11,9,10,8,5,7,0
0,0,0,0,0,0,9,8,8,12,13,19,13,10,13,8,12,7,6,8,9,8,7,4,0,0
0,0,0,5,0,0,7,7,0,12,13,23,9,8,13,8,14,11,0,0,6,7,6,5,0,0
0,0,0,0,0,0,0,0,6,5,13,9,10,9,9,10,11,11,0,0,4,7,7,6,0,0
0,0,0,0,0,0,0,0,0,13,14,13,11,9,9,11,9,9,0,0,5,5,6,0,6,4
0,0,0,0,4,0,6,0,8,14,13,19,11,9,5,11,9,8,6,0,7,10,0,0,5,7
5,0,4,0,8,0,9,0,8,8,17,25,11,10,6,9,10,0,9,0,9,8,0,0,0,0
0,0,0,0,6,0,8,9,5,13,11,13,11,11,37,30,28,11,10,10,13,10,0,0,5,7
0,0,0,0,7,0,8,10,0,15,11,14,12,10,12,23,26,11,0,9,11,11,5,6,4,6
0,0,0,6,6,0,0,7,0,9,9,12,13,11,10,13,17,10,11,8,7,9,7,7,0,0
0,0,0,5,0,0,6,0,9,0,0,6,12,8,0,11,11,8,11,4,9,6,6,6,0,0
0,0,0,7,0,0,6,0,10,8,0,5,9,8,5,10,12,5,9,0,10,9,9,5,0,8
0,0,0,0,0,0,0,0,7,11,0,7,11,10,0,0,18,7,0,8,7,8,7,6,0,0
4,0,0,0,0,0,0,8,19,13,12,0,15,11,0,6,13,6,0,11,9,8,7,4,10,5
0,0,0,0,0,5,4,7,13,12,11,11,10,11,6,8,0,6,0,11,8,9,6,0,0,7
0,0,0,0,0,0,7,0,10,13,10,9,11,8,5,11,11,9,0,10,0,8,0,6,0,0
0,0,0,4,0,0,10,0,10,10,11,11,10,8,9,13,20,10,0,6,0,6,0,6,6,6
0,0,0,0,0,0,8,0,0,13,8,10,11,7,9,14,20,12,9,8,7,7,5,6,7,5
0,0,0,0,0,0,9,9,0,16,9,11,11,12,11,14,28,13,14,12,7,9,7,7,5,4
5,0,0,0,0,0,10,12,9,50,37,28,13,18,16,52,48,51,20,14,12,12,6,6,5,9
6,0,0,0,0,0,11,28,40,80,75,64,76,75,78,57,58,65,32,25,27,13,12,8,12,11
11,5,6,8,5,6,17,68,75,102,104,98,106,100,102,79,70,74,69,63,37,20,14,14,11,10
8,0,4,6,10,9,22,86,105,113,115,115,118,119,126,116,108,107,102,70,56,35,38,19,9,11
34,10,18,31,38,18,70,108,123,131,140,135,145,140,147,150,136,131,124,102,68,57,45,21,17,20
15,9,9,11,12,13,74,109,131,137,174,165,167,149,147,138,151,133,123,97,72,70,56,52,13,35
54,13,47,33,27,60,94,124,149,151,176,182,169,175,174,184,177,162,137,108,87,70,71,60,41,53
52,13,11,33,61,63,101,126,148,150,185,196,181,163,193,216,186,171,154,130,102,77,69,53,16,16
60,39,25,52,41,65,103,134,149,159,156,165,150,136,166,167,167,161,148,128,107,89,72,55,52,50
12,9,11,10,23,57,92,114,135,138,139,140,119,107,122,132,143,141,133,115,96,75,63,50,13,30
12,0,0,11,22,39,73,98,112,119,114,109,87,75,82,97,111,122,107,95,77,63,50,31,13,17
12,0,0,10,14,25,64,79,87,89,80,79,65,64,67,70,82,93,92,79,69,55,53,22,12,12
8,0,0,11,8,13,55,63,71,72,68,72,57,58,57,60,63,72,74,70,62,54,42,13,10,10
10,0,0,6,7,15,43,54,61,58,77,83,65,61,61,59,60,60,61,59,55,50,33,16,10,8
8,0,4,6,12,10,23,52,56,55,84,81,76,94,71,65,68,60,55,54,50,13,14,10,10,10
6,0,0,8,7,8,16,50,56,74,108,86,70,87,80,79,91,82,61,56,33,30,21,13,11,11
11,0,0,11,12,10,14,52,74,98,103,86,76,78,103,87,86,97,87,66,58,52,35,14,12,12
6,0,0,8,11,11,30,56,88,90,74,65,65,68,83,82,83,93,94,100,71,54,46,18,10,11
0,0,0,7,0,9,13,56,60,57,56,57,57,56,57,58,63,72,68,67,61,43,18,11,8,9
5,0,0,0,0,8,9,30,41,29,42,19,13,13,17,17,30,14,32,16,13,10,10,6,4,7
0,0,0,0,0,0,8,13,15,29,13,11,11,11,21,15,13,13,12,12,11,10,0,4,0,6
0,0,0,0,0,0,9,10,10,14,12,11,13,12,11,10,11,0,9,11,9,10,7,0,6,0
0,0,0,0,0,0,9,7,8,11,12,15,12,10,13,9,12,6,7,6,8,7,7,0,0,0
0,0,0,5,0,0,8,7,0,11,12,15,9,9,13,7,14,11,0,4,5,6,6,5,0,0
0,0,0,0,0,0,0,0,6,5,12,8,10,9,9,11,12,13,0,0,4,7,7,5,0,0
0,0,0,0,0,0,0,0,0,13,13,11,10,9,9,12,11,12,6,0,6,6,6,4,6,4
0,0,0,0,5,0,7,0,9,14,11,14,10,9,6,12,12,10,8,0,8,10,0,0,5,7
5,0,4,0,9,0,10,0,9,8,11,20,10,10,6,9,13,9,8,0,9,7,0,0,0,0
0,0,0,0,6,0,9,9,5,13,10,13,11,11,37,30,28,10,10,10,13,9,0,0,5,7
0,0,4,0,7,0,8,10,0,19,10,13,11,10,13,25,30,11,0,9,10,11,5,5,4,6
0,0,4,6,7,0,6,7,0,9,8,10,13,11,10,13,22,10,11,7,6,9,6,7,0,0
0,0,0,5,3,0,7,0,9,0,0,5,11,9,7,12,12,8,11,0,8,6,5,6,0,0
0,0,0,7,0,0,8,6,10,9,0,5,8,8,8,10,12,6,9,0,10,8,9,4,0,8
0,0,0,0,0,0,0,5,8,10,0,7,12,10,0,0,20,7,0,7,0,7,7,6,0,0
4,0,0,0,0,0,0,9,20,13,11,0,17,11,0,5,12,6,0,11,8,7,6,0,9,5
0,0,0,0,0,6,5,7,13,12,11,11,9,10,6,8,0,9,0,11,7,8,6,0,0,6
0,0,0,0,0,0,8,0,10,13,10,10,11,7,6,11,12,10,0,10,0,7,0,5,0,0
0,0,0,5,0,0,11,0,11,10,11,10,10,6,9,13,23,12,0,5,0,5,0,5,6,6
0,0,0,0,0,0,9,0,0,13,8,11,10,5,10,14,22,13,10,7,6,6,5,6,7,5
0,0,0,0,0,0,10,9,0,20,9,12,12,12,12,14,25,14,14,12,0,9,6,7,5,0
5,0,0,0,0,0,11,12,9,46,17,25,14,21,25,50,50,52,15,13,11,11,5,5,4,9
6,0,0,0,0,0,12,42,34,88,68,62,80,74,84,56,60,66,23,18,20,12,11,8,11,11
11,0,6,8,5,6,23,69,79,103,103,95,105,100,102,75,67,73,67,60,25,14,14,13,11,10
7,0,5,7,11,9,35,90,105,113,115,112,116,115,122,111,104,104,100,66,52,29,33,14,8,11
34,10,20,34,40,20,80,111,125,133,139,134,144,137,145,148,133,128,120,98,63,51,33,16,16,18
16,9,9,13,13,17,83,117,136,142,176,166,167,148,147,138,150,132,119,89,69,67,55,50,13,33
53,13,51,41,40,66,104,130,155,156,176,181,172,172,172,181,174,160,131,100,80,65,67,58,35,52
51,13,11,43,65,69,112,132,155,157,186,195,181,160,190,211,184,167,147,121,91,71,65,51,14,14
61,35,34,56,54,76,113,141,158,168,161,166,152,135,164,165,165,158,144,120,100,83,68,54,52,49
13,9,13,13,46,71,106,122,140,143,143,142,120,107,124,132,142,141,131,109,83,65,61,46,14,35
13,5,7,12,42,63,92,108,117,124,118,113,86,76,83,99,111,121,105,88,68,55,36,26,13,16
12,0,0,10,32,58,77,90,91,95,84,78,66,62,67,72,85,93,90,74,62,30,43,17,11,12
8,0,0,11,12,53,63,67,74,74,65,67,54,56,56,60,65,73,73,66,55,32,15,10,9,8
9,0,0,10,12,50,56,56,62,58,65,65,58,57,59,59,60,62,62,59,51,13,13,13,8,6
5,0,5,8,13,14,32,53,54,53,66,66,64,74,64,63,69,60,55,52,33,6,9,6,8,10
0,0,0,8,10,10,23,51,54,64,81,66,60,70,71,74,91,84,56,52,20,13,13,10,9,10
10,0,0,12,12,12,45,53,66,76,84,73,69,73,118,89,89,105,92,64,52,37,22,12,11,11
7,0,7,10,14,23,53,58,75,79,73,67,71,77,103,93,92,107,108,112,80,52,41,18,11,11
0,0,6,9,8,12,18,55,59,60,60,61,64,65,67,67,73,85,80,80,72,53,19,12,9,10
5,0,0,0,0,9,9,28,41,34,37,23,13,12,41,27,42,32,38,21,15,12,11,5,4,7
0,0,0,0,0,0,8,13,14,26,12,11,11,11,25,21,14,14,13,12,11,11,0,0,0,6
0,0,0,0,0,0,9,9,10,14,10,13,13,12,13,11,12,0,8,11,9,9,7,0,6,0
0,0,0,0,0,0,9,8,8,11,11,14,11,10,13,10,11,4,9,0,7,7,7,0,0,0
0,0,0,5,0,0,9,8,0,10,12,14,9,9,14,7,14,11,5,6,0,5,6,6,0,0
0,0,0,4,0,0,0,0,6,5,11,8,11,9,10,13,13,14,6,6,4,6,7,5,0,0
0,0,0,0,0,0,0,0,0,14,12,11,10,10,9,13,14,14,10,0,7,6,6,5,5,4
0,0,0,0,5,0,8,0,9,14,8,13,9,9,7,13,17,13,10,5,8,10,0,0,6,7
5,0,5,0,10,0,11,0,10,9,8,18,10,10,7,10,25,14,7,0,9,7,0,0,0,0
0,0,0,0,7,0,10,10,5,13,9,12,11,11,39,30,29,10,10,9,13,9,0,0,4,7
0,0,5,0,8,0,10,10,0,17,9,12,11,11,13,26,33,11,0,9,10,11,5,5,4,6
0,0,5,7,7,0,7,7,0,10,8,9,13,11,11,14,27,11,11,7,0,10,6,6,0,0
0,0,0,5,4,0,8,0,9,0,0,0,11,9,9,12,13,9,10,0,8,7,0,6,0,0
0,0,0,8,0,0,9,6,10,10,0,5,8,9,10,11,13,6,8,0,10,9,9,0,0,7
0,0,0,0,0,0,0,6,8,9,0,7,12,9,0,0,21,8,0,7,0,8,7,5,0,0
4,0,0,0,0,0,0,10,20,13,11,0,21,10,6,5,11,0,0,11,8,8,7,0,9,5
0,0,0,0,0,7,6,8,13,12,11,10,8,10,6,9,0,11,0,10,8,9,6,0,0,6
0,0,0,0,0,0,9,0,10,13,9,10,10,5,6,12,13,11,0,8,0,8,0,5,0,0
0,0,0,6,0,0,11,0,11,11,11,10,10,5,9,14,27,12,0,6,0,10,4,0,5,5
0,0,0,0,0,0,9,0,0,14,8,11,9,0,10,15,26,13,10,8,9,10,6,5,5,5
0,0,0,0,0,0,11,9,0,22,8,12,12,12,13,15,22,25,14,12,9,12,9,7,4,0
5,0,0,0,0,0,12,12,9,42,13,19,15,25,36,46,51,56,17,18,34,57,8,0,0,8
6,0,0,0,0,0,14,50,28,93,60,59,82,73,89,54,61,68,21,21,25,13,11,7,11,10
10,0,6,8,5,7,31,69,81,104,103,91,104,96,101,71,62,71,65,55,15,13,12,11,10,9
7,0,5,7,11,9,51,94,105,112,114,109,114,113,119,107,100,100,89,61,44,26,25,13,6,9
33,9,21,36,43,21,89,113,127,133,138,132,143,136,144,147,132,125,116,90,58,48,20,13,14,15
18,8,9,15,20,26,93,124,139,146,177,167,168,148,147,139,150,132,116,81,65,67,52,34,11,19
53,13,54,47,50,70,111,136,161,160,176,181,173,171,172,180,172,157,127,89,75,64,65,57,30,51
47,12,10,50,70,74,122,138,164,164,188,195,183,158,187,209,182,164,141,113,81,71,64,45,14,14
62,32,43,60,61,87,123,148,168,177,166,169,154,135,162,163,164,157,141,114,90,86,69,51,51,47
14,10,14,20,55,85,118,131,145,148,147,145,124,107,125,132,141,140,128,102,75,63,62,50,14,41
14,7,9,12,52,79,108,118,122,128,122,117,85,77,85,101,111,120,102,82,64,54,36,26,13,22
12,0,0,11,51,71,90,101,96,99,88,77,66,60,67,74,87,93,88,71,58,21,40,16,11,12
9,0,0,12,31,64,72,72,77,76,64,61,53,55,55,61,66,73,72,63,52,28,14,9,9,8
8,0,0,13,34,57,63,58,63,58,53,42,52,53,57,59,60,62,63,59,50,12,11,11,7,4
0,0,5,10,20,31,43,54,51,50,47,50,52,53,55,62,70,59,54,50,28,0,7,0,6,9
0,0,0,10,13,12,31,51,52,54,53,42,51,53,62,69,91,85,52,44,15,13,12,9,9,8
8,0,0,13,13,14,55,54,58,55,65,58,63,68,132,90,92,114,97,62,54,42,27,13,11,11
7,5,10,13,35,52,61,60,61,68,71,68,76,85,121,104,102,122,121,127,93,59,51,26,13,12
6,0,8,12,12,27,32,54,57,63,63,65,70,74,77,76,82,98,90,92,84,61,25,13,12,11
5,0,0,6,0,10,9,28,42,36,37,23,13,12,52,47,51,50,43,26,35,15,11,0,4,7
0,0,0,0,0,0,8,13,14,23,10,10,11,11,29,27,15,14,14,13,12,12,0,0,0,6
0,0,0,0,0,0,9,9,9,14,9,19,13,11,15,12,12,0,8,11,10,10,7,0,6,0
0,0,0,0,0,0,9,8,8,11,11,13,11,10,12,11,11,0,10,0,7,8,7,0,0,0
0,0,0,5,0,0,9,8,0,9,11,13,8,9,14,7,15,11,6,8,0,6,6,6,0,0
0,0,0,5,0,0,0,0,6,0,11,7,11,9,10,14,16,15,7,8,5,7,7,5,0,0
0,0,0,0,0,0,5,0,0,13,11,10,10,10,10,14,28,31,12,0,8,8,7,5,5,4
0,0,0,0,6,5,9,0,10,14,0,12,7,10,7,14,41,26,12,6,10,11,0,4,7,7
5,0,5,0,11,0,12,0,11,8,0,15,8,11,8,11,38,29,0,0,10,8,4,0,0,0
0,0,0,0,7,5,10,10,5,13,9,11,11,12,41,30,27,10,10,9,13,9,0,0,5,7
0,0,4,0,8,0,10,11,5,23,11,12,11,11,14,25,30,11,0,9,10,11,5,4,4,6
0,0,5,7,8,6,8,8,0,12,10,9,13,11,12,14,22,11,11,7,6,10,5,6,0,0
0,0,0,6,5,0,9,0,9,0,9,5,10,9,10,13,12,9,10,0,8,7,0,6,0,0
0,0,0,8,0,0,9,7,11,12,8,5,8,9,11,11,13,6,8,0,10,9,9,0,0,7
0,0,0,5,0,0,0,6,8,9,8,7,14,10,0,0,20,8,0,7,0,8,7,5,0,0
4,0,0,0,0,0,0,10,22,15,12,0,22,10,7,6,11,0,0,11,9,7,8,0,9,5
0,0,0,0,0,8,6,8,13,12,11,10,7,9,7,10,0,11,0,10,8,9,7,0,0,6
0,0,0,0,0,5,9,0,10,13,9,10,9,0,6,12,12,11,0,8,0,10,0,0,0,0
0,0,0,7,0,0,12,0,12,11,12,11,9,0,9,13,25,11,0,7,7,14,6,0,4,5
0,0,0,0,0,0,10,0,0,17,9,13,8,0,10,14,23,13,10,10,12,15,7,0,4,5
0,0,0,0,0,0,12,9,0,20,8,12,12,12,15,15,21,33,18,14,12,27,12,8,5,0
5,0,0,0,0,0,12,12,8,35,10,14,14,20,30,40,50,57,25,43,72,96,11,0,0,8
5,0,0,0,0,0,14,28,12,68,14,28,55,37,60,51,58,67,23,33,47,14,11,7,11,10
9,0,0,5,0,5,14,16,14,73,69,59,64,50,69,67,59,68,65,55,16,14,12,11,10,8
5,0,4,0,10,7,22,65,79,101,104,90,102,100,105,100,91,94,85,61,45,31,25,12,6,9
26,7,14,22,25,14,84,108,121,128,130,121,132,126,135,144,129,123,115,90,59,51,21,13,13,15
18,7,8,16,18,23,91,123,137,144,171,158,157,141,142,137,148,131,115,79,66,68,53,32,11,19
51,12,53,39,51,73,115,137,162,159,173,176,167,163,167,179,170,156,126,90,75,65,66,56,30,51
30,11,9,50,72,78,131,142,169,167,190,194,180,153,184,208,181,165,142,114,83,72,65,43,14,14
63,39,53,63,65,98,132,159,176,185,172,174,157,136,163,165,166,159,143,116,93,89,72,52,51,48
41,12,30,52,64,100,130,141,155,162,160,154,132,111,130,133,143,142,129,104,79,65,63,50,14,41
50,10,12,14,58,94,122,133,135,141,135,131,91,84,91,103,114,122,105,85,67,56,38,26,13,25
13,6,0,13,55,83,105,114,108,111,99,83,70,64,71,77,90,96,92,73,60,28,42,17,11,12
10,0,5,14,53,75,83,80,87,84,70,62,57,56,57,63,68,76,74,66,55,35,14,9,9,8
9,0,6,15,53,66,72,65,67,61,55,46,57,55,61,60,61,64,65,61,52,12,11,12,7,5
0,0,5,12,33,50,51,59,54,53,43,51,55,56,57,62,71,61,56,52,37,0,8,4,6,9
0,0,0,12,21,19,52,56,55,56,55,50,53,59,67,70,93,87,53,50,20,14,13,9,9,9
8,0,6,14,14,42,61,59,62,56,71,61,65,76,148,91,92,115,99,63,56,48,31,13,11,11
10,8,13,21,51,63,68,68,66,73,78,73,84,96,138,104,101,123,122,128,96,61,52,27,13,12
8,6,11,21,22,54,50,59,61,70,69,72,79,84,87,80,85,101,94,95,86,64,29,13,12,11
6,0,5,7,0,11,10,37,48,47,50,38,14,14,57,50,52,52,50,35,45,26,12,0,4,7
0,0,0,5,0,0,9,14,14,26,12,11,12,13,45,31,21,28,20,14,13,12,0,0,0,6
0,0,0,0,0,0,10,9,9,14,10,23,13,12,21,14,13,5,9,12,11,11,8,0,6,0
0,0,0,0,0,0,9,9,9,12,11,13,11,10,12,11,12,5,12,0,8,9,8,0,0,0
0,0,0,5,0,0,10,8,0,9,11,12,8,10,14,7,15,12,7,8,4,7,7,6,0,0
0,0,0,6,0,0,5,0,6,0,11,7,11,10,11,16,23,23,9,9,6,8,8,6,0,0
0,0,0,0,0,0,6,4,0,14,11,10,10,10,11,14,33,40,13,0,9,9,8,6,6,5
0,0,0,4,7,6,9,0,10,14,6,11,7,10,8,14,45,41,14,8,11,11,0,5,8,8
5,0,6,0,11,0,12,0,12,9,0,16,8,11,9,11,40,35,0,0,11,9,5,0,0,0
0,0,0,0,7,5,10,10,5,13,10,11,11,12,41,29,26,9,9,9,13,9,0,0,5,7
0,0,5,0,8,0,10,11,5,23,11,12,11,11,13,22,28,11,0,9,10,12,4,0,4,6
0,0,5,7,8,6,8,7,0,12,10,9,12,11,12,13,22,11,11,7,6,10,5,6,0,0
0,0,0,6,5,0,9,0,9,0,9,6,10,9,10,13,12,9,10,0,9,8,0,6,0,0
0,0,0,8,0,0,9,7,11,13,7,5,8,9,11,11,13,6,7,0,10,9,9,0,0,7
0,0,0,5,0,0,0,7,8,8,9,8,14,9,0,0,20,7,0,7,0,8,8,4,0,0
5,0,0,0,0,0,0,10,22,16,12,0,21,10,7,6,10,0,0,11,9,7,8,0,9,5
0,0,0,0,0,8,6,8,13,12,11,10,7,8,7,10,0,11,0,10,9,9,7,0,0,5
0,0,0,0,0,5,9,0,10,13,9,10,9,0,6,13,12,11,0,7,0,11,6,0,0,0
0,0,0,7,0,0,12,0,12,11,12,11,9,0,9,13,26,10,0,9,11,50,8,0,0,4
0,0,0,0,0,0,10,0,0,19,9,13,8,0,10,14,22,13,10,11,14,56,8,0,4,5
0,0,0,0,0,0,12,10,0,23,9,13,12,12,19,17,22,36,25,15,19,63,15,8,5,0
5,0,0,0,0,0,12,12,8,46,10,14,15,25,38,43,51,60,34,59,100,107,17,5,0,8
5,0,0,0,0,0,14,28,12,68,15,30,56,37,60,51,58,67,28,44,56,25,11,6,11,10
9,0,0,5,0,5,14,16,14,73,70,59,67,50,69,67,58,67,66,53,17,14,12,10,9,8
5,0,5,0,10,7,22,65,80,101,104,90,102,100,105,100,90,92,84,62,47,35,27,12,6,9
27,7,14,22,25,15,84,108,121,127,130,121,132,125,135,144,128,122,114,90,60,52,21,13,13,14
18,7,8,18,20,23,91,124,137,145,170,158,157,141,142,136,147,130,114,79,67,68,53,30,11,17
52,12,53,39,52,74,115,137,163,159,174,177,167,162,167,178,168,155,125,89,76,66,67,56,28,51
30,11,10,51,73,79,131,142,170,168,190,194,180,153,183,207,180,164,141,114,83,73,66,43,14,14
63,42,53,64,67,97,132,159,177,186,173,174,157,136,163,164,165,158,142,115,95,91,72,51,51,48
50,12,36,52,66,100,130,142,156,163,162,155,133,111,131,133,143,142,129,105,80,66,64,50,14,41
51,11,13,14,58,95,122,133,136,142,136,132,92,85,92,103,115,123,105,86,67,58,38,25,13,25
13,6,0,14,56,84,105,115,110,113,100,84,71,65,72,77,91,97,91,74,60,33,42,17,12,12
10,0,5,14,54,76,83,81,88,85,71,63,58,57,58,63,68,76,74,66,55,37,14,9,9,8
9,0,6,20,55,68,73,66,68,62,56,50,58,56,61,60,61,64,65,61,52,13,12,12,7,5
0,0,6,13,38,51,53,61,55,53,50,52,56,57,58,62,71,61,56,53,41,0,8,5,6,9
0,0,0,13,25,25,53,57,56,58,57,51,54,59,68,71,93,87,53,51,23,16,13,9,9,9
8,0,6,20,15,47,62,60,63,57,73,63,66,76,148,91,91,115,98,64,57,50,33,13,12,11
10,8,14,25,52,64,69,69,67,74,79,74,84,96,138,103,99,122,122,128,96,61,52,27,13,12
9,6,11,27,30,54,52,60,62,72,70,73,79,84,87,79,85,101,93,95,86,65,34,14,12,11
6,0,5,7,6,11,11,41,50,50,50,42,18,14,58,50,52,53,50,37,50,30,12,0,4,7
0,0,0,5,0,0,9,14,19,28,12,11,12,13,50,34,21,30,22,14,13,13,0,0,0,7
0,0,0,0,5,0,10,10,9,17,10,25,13,12,21,15,13,6,9,12,11,12,8,0,6,0
0,0,0,0,0,0,10,9,9,12,12,14,11,11,12,11,12,6,12,0,8,9,8,0,0,0
0,0,0,5,0,0,10,8,0,9,11,13,8,10,14,7,15,12,7,9,5,8,7,6,0,0
0,0,0,6,0,0,5,0,6,0,11,7,11,10,11,18,25,23,10,9,6,9,8,6,0,0
0,0,0,0,0,4,6,5,0,14,12,11,10,10,11,15,33,43,13,0,10,10,9,6,6,5
0,0,0,4,7,6,10,0,10,15,6,12,7,10,9,15,45,40,14,8,11,12,0,5,8,8
5,0,6,0,12,0,12,0,12,9,0,17,8,11,10,11,40,35,0,0,11,9,5,0,0,0
0,0,0,0,7,5,11,10,5,13,10,11,11,11,43,30,26,9,9,10,13,9,0,0,5,7
0,0,4,0,9,0,10,11,5,21,10,12,11,11,13,22,28,11,0,9,10,12,4,0,4,6
0,0,5,7,8,6,8,8,0,13,10,9,12,11,12,13,20,11,10,7,6,11,5,6,4,0
0,0,0,6,5,0,9,0,8,0,10,6,10,9,10,13,12,9,10,0,9,8,0,6,0,0
0,0,0,8,0,0,9,7,11,13,0,6,8,9,11,11,13,6,7,0,11,9,9,0,0,7
0,0,0,0,0,0,0,6,8,8,9,8,14,9,0,0,20,7,0,7,0,8,8,0,0,0
5,0,0,0,0,0,0,10,21,16,12,0,20,9,7,7,11,0,0,11,9,7,9,0,9,5
0,0,0,0,0,8,6,8,13,12,11,10,7,6,7,10,0,11,0,9,10,9,7,0,0,5
0,0,0,0,0,5,9,0,10,13,9,10,9,0,6,13,12,11,0,0,7,12,8,0,0,0
0,0,0,7,0,0,13,0,13,12,12,12,9,0,9,14,27,10,0,11,14,68,11,0,0,0
0,0,0,0,4,0,10,0,6,21,9,13,8,0,10,15,22,13,10,13,37,77,10,0,4,4
0,0,0,0,0,0,12,10,0,25,10,13,13,13,23,20,25,41,31,28,51,86,41,9,5,0
5,0,0,7,0,0,13,13,9,52,11,17,28,31,50,51,54,62,43,74,108,116,52,6,0,8
5,0,0,0,0,0,14,28,12,69,16,32,56,37,61,52,59,68,42,53,68,53,11,6,11,10
9,0,0,6,0,5,14,16,14,75,72,60,69,50,69,67,59,68,67,53,20,22,12,10,9,8
5,0,5,6,10,7,23,66,80,102,105,92,102,101,107,100,90,93,85,63,50,38,28,12,6,9
26,7,14,25,25,15,84,108,121,128,131,122,133,126,136,144,128,122,114,91,61,53,21,12,13,14
18,7,8,21,21,23,92,124,136,145,170,159,157,141,142,137,147,130,114,79,67,69,53,28,11,17
51,12,53,39,52,74,115,137,161,160,174,177,166,162,167,177,168,154,125,90,77,67,67,55,28,51
30,11,10,51,73,79,131,142,169,168,191,194,182,153,184,208,179,164,140,114,84,75,66,41,14,14
63,42,53,64,68,98,132,159,179,186,173,175,157,137,164,165,165,158,143,116,96,93,73,51,50,47
50,13,38,52,67,100,130,142,157,164,162,155,133,111,131,133,142,142,129,105,81,68,63,50,14,40
51,11,13,14,59,95,122,133,136,142,136,132,92,85,93,104,115,123,105,86,68,58,38,23,13,25
13,6,0,15,56,84,105,115,111,113,100,84,72,65,73,77,91,96,91,74,61,35,43,17,12,12
10,0,6,14,55,76,84,81,87,86,72,62,59,57,58,63,68,76,74,66,56,41,14,9,9,8
10,0,6,21,56,68,73,67,69,62,57,51,59,56,62,61,61,64,65,61,53,13,12,12,7,4
0,0,6,13,40,52,53,61,54,54,50,53,56,58,58,63,72,61,56,53,42,0,8,5,6,9
0,0,0,13,27,29,53,57,56,58,59,52,54,59,68,71,92,87,53,51,25,21,13,9,9,9
8,0,6,22,15,50,62,60,63,58,74,63,67,76,148,90,91,114,98,64,57,50,34,13,12,11
10,8,14,25,53,65,70,69,68,75,79,74,84,95,138,102,99,122,121,127,96,62,53,27,13,12
9,6,11,31,35,55,53,60,62,73,71,72,79,83,87,79,85,101,92,94,86,65,34,14,12,11
6,0,5,8,6,11,11,41,51,50,51,44,25,14,58,51,53,53,50,37,50,34,12,0,4,7
4,0,0,6,0,0,9,14,21,29,13,11,12,13,50,36,23,32,23,14,14,13,0,0,0,7
0,0,0,0,6,0,10,10,9,19,11,27,14,12,23,19,13,6,10,13,11,12,8,0,6,0
0,0,0,0,0,0,10,9,9,12,12,14,11,11,12,11,12,6,12,0,9,10,9,0,0,0
0,0,0,5,0,0,10,9,0,10,12,13,8,10,14,8,16,13,7,9,5,8,7,6,0,0
0,0,0,6,0,0,6,0,6,5,11,7,11,10,11,19,25,25,9,9,6,9,8,6,0,0
0,0,0,0,0,4,7,5,0,14,12,11,11,10,11,15,35,43,12,0,10,10,9,6,6,5
0,0,0,4,7,6,10,0,11,15,7,12,7,10,9,17,45,40,14,8,12,12,0,5,8,7
5,0,6,0,12,0,13,0,12,10,0,17,8,11,10,11,41,35,0,0,11,10,5,0,0,0
0,0,0,0,7,5,10,10,5,13,10,11,11,11,43,30,26,9,9,10,13,9,0,0,5,7
0,0,4,0,9,0,10,11,5,21,10,12,11,11,13,22,26,10,0,9,10,12,0,0,4,6
0,0,5,7,8,6,8,7,0,13,10,9,12,11,12,13,20,11,10,7,0,11,5,6,4,0
0,0,0,6,5,0,9,0,8,0,10,5,10,9,10,13,11,9,10,0,8,7,0,6,0,0
0,0,0,8,0,0,9,7,11,13,0,5,8,9,11,11,13,6,7,0,11,9,9,0,0,7
0,0,0,0,0,0,0,6,8,8,9,8,14,9,0,0,20,7,0,7,0,7,8,0,0,0
5,0,0,0,0,0,0,10,21,17,13,0,18,9,7,7,11,0,0,11,9,7,9,0,9,5
0,0,0,0,0,8,6,8,13,12,11,10,7,6,6,10,0,11,0,9,10,9,7,0,0,5
0,0,0,0,0,5,9,0,10,13,9,10,9,0,6,13,12,12,0,0,7,12,8,0,0,0
0,0,0,7,5,0,13,0,13,12,12,12,9,0,9,14,27,10,0,11,14,67,11,0,0,0
0,0,0,0,4,0,11,0,7,25,9,14,8,0,10,15,20,13,10,13,34,76,10,0,4,4
0,0,0,0,0,0,12,10,0,32,10,14,13,13,27,22,27,44,40,34,53,88,41,9,5,0
6,0,0,7,0,0,13,14,9,56,12,23,39,40,53,53,55,65,51,77,107,115,52,7,0,8
5,0,0,0,0,0,14,32,12,72,18,33,57,40,61,53,59,68,50,55,68,52,11,6,11,10
9,0,0,6,0,5,14,16,15,76,73,61,69,50,69,66,59,68,68,55,22,20,12,10,9,8
5,0,5,6,10,7,23,67,82,102,105,92,102,100,107,99,89,93,85,64,48,37,27,12,6,8
26,7,14,25,27,15,85,109,121,129,131,122,133,125,135,143,127,122,114,92,61,52,20,12,13,14
16,7,8,23,21,25,93,124,137,146,171,158,157,141,142,136,146,130,114,79,67,68,52,28,11,19
52,12,53,39,53,75,115,138,161,160,175,177,165,161,166,176,168,154,125,89,76,66,67,55,28,51
33,11,10,52,73,79,131,143,169,169,191,194,182,152,183,207,179,163,140,113,83,73,66,43,14,14
63,46,53,64,69,98,132,159,179,187,173,175,157,136,163,164,164,158,143,116,95,91,72,51,50,47
50,13,41,52,67,100,130,142,157,164,162,155,133,111,131,133,143,142,129,105,82,67,63,50,14,40
51,11,14,15,59,95,122,133,136,142,136,132,92,85,93,104,115,123,105,86,68,58,38,25,13,25
13,7,0,17,56,83,104,115,111,114,100,84,72,65,73,77,91,96,92,74,61,33,42,17,12,12
11,0,6,14,55,75,83,82,87,86,72,62,59,57,58,63,68,76,75,66,56,39,14,9,9,8
10,0,6,21,56,68,73,67,69,63,57,52,59,56,62,61,62,64,65,61,53,13,12,12,7,4
0,0,6,13,40,51,53,61,55,54,51,53,56,58,58,62,71,61,56,53,42,0,8,5,6,9
0,0,0,13,27,27,53,57,56,58,59,53,55,60,68,71,92,87,53,51,25,20,13,9,9,9
8,0,6,22,15,47,62,60,63,59,74,64,67,76,148,90,90,114,98,64,57,50,34,13,12,11
10,8,14,19,52,64,69,69,68,75,79,75,84,94,137,102,99,122,121,127,96,62,52,28,13,12
9,6,11,29,32,54,52,60,62,72,70,73,79,83,87,79,85,101,92,94,85,64,32,14,12,11
7,0,5,7,6,11,11,42,51,51,51,46,25,14,58,51,53,53,50,39,50,34,12,0,4,7
4,0,0,6,0,0,9,14,21,31,13,11,12,13,50,36,25,32,25,14,14,13,0,0,0,7
0,0,0,0,6,0,10,10,9,21,11,27,14,12,23,21,13,7,10,13,11,12,8,0,6,0
0,0,0,0,0,0,10,9,9,12,12,14,11,11,12,11,12,6,12,0,9,10,8,0,0,0
0,0,0,6,0,0,10,9,0,10,11,13,8,10,14,8,16,13,8,9,5,8,7,7,0,0
0,0,0,6,0,0,6,0,6,5,11,8,11,10,12,19,26,25,9,9,6,9,8,6,0,0
0,0,0,0,0,4,6,5,0,15,12,11,11,10,12,14,35,43,13,0,10,10,9,6,6,5
0,0,0,4,7,6,10,0,11,15,6,12,7,10,10,17,45,40,14,8,12,12,0,5,8,8
6,0,6,0,12,0,13,0,12,10,0,18,8,11,11,12,42,35,0,0,11,10,5,0,0,0
0,0,0,0,7,5,10,10,5,13,10,11,11,11,41,30,26,9,9,10,13,9,0,0,5,7
0,0,4,0,9,0,10,11,5,21,10,12,11,11,13,22,28,10,0,9,10,12,0,0,4,6
0,0,5,7,8,6,8,7,0,13,9,9,12,11,12,13,22,11,10,7,0,11,5,6,4,0
0,0,0,6,5,0,9,0,8,7,9,5,10,9,10,13,12,9,10,0,8,7,0,5,0,0
0,0,0,8,0,0,9,7,10,13,0,5,8,9,11,12,13,6,7,0,11,9,9,0,0,7
0,0,0,5,0,0,0,6,9,8,9,8,14,9,0,0,20,7,0,7,0,7,8,0,0,0
5,0,0,0,0,0,0,10,21,17,13,0,18,9,7,7,11,5,0,12,9,7,9,0,9,5
0,0,0,0,0,8,6,8,13,12,11,10,7,6,6,10,0,11,0,9,10,9,7,0,0,5
0,0,0,0,0,5,9,0,10,13,9,11,10,0,6,13,12,12,0,7,8,13,8,0,0,0
0,0,0,7,5,0,13,0,13,12,12,12,9,0,9,14,28,10,0,12,15,70,11,0,0,0
0,0,0,0,5,0,11,6,7,25,9,14,8,0,10,16,20,12,10,13,37,77,10,4,4,4
0,0,0,0,0,0,13,11,0,32,10,14,13,13,27,22,27,44,43,43,58,92,44,9,5,0
6,0,0,7,0,0,13,14,10,58,12,23,42,40,53,53,55,66,52,82,109,117,53,7,0,9
6,0,0,0,0,0,14,35,12,73,20,33,57,37,61,53,60,68,51,57,69,56,11,6,10,10
9,0,0,6,0,5,14,18,15,77,73,61,69,50,68,65,59,68,68,56,23,20,13,9,9,8
5,0,5,6,10,7,23,67,82,103,105,92,102,100,107,99,89,93,86,64,50,37,28,12,5,8
26,7,14,27,29,16,85,109,121,129,131,122,133,125,135,143,127,122,114,93,61,52,18,12,13,14
16,7,9,23,23,25,93,125,137,145,171,159,157,141,142,136,146,129,114,79,67,68,52,28,12,20
52,12,53,43,53,75,115,138,161,161,175,177,165,161,166,176,167,154,125,89,77,66,67,55,28,51
33,11,10,52,74,80,130,143,170,169,191,194,182,152,183,207,179,163,140,113,83,73,66,41,14,14
63,46,53,64,70,98,132,159,179,187,173,175,157,136,164,164,164,158,143,116,96,91,72,51,50,48
50,13,47,52,68,100,130,142,158,165,162,155,133,111,131,133,143,142,129,105,82,67,63,50,14,41
51,11,14,17,60,95,122,133,136,142,136,132,92,85,94,104,115,123,105,86,68,58,38,25,13,25
13,7,0,20,57,83,104,115,111,114,101,84,72,65,73,77,91,97,92,74,61,35,43,17,12,12
11,0,6,14,55,75,83,82,88,86,72,61,59,57,58,63,68,76,75,67,56,39,14,9,9,8
10,0,7,23,56,68,73,67,69,63,58,52,60,56,61,61,62,64,65,62,53,13,12,12,7,5
0,0,6,13,40,52,53,61,55,54,51,53,56,58,59,62,72,61,56,53,42,0,7,5,6,9
0,0,0,13,27,29,53,57,56,59,60,53,55,60,68,71,92,87,53,51,25,20,13,9,9,9
9,0,6,25,15,47,62,60,63,60,75,64,67,76,147,90,90,114,98,64,57,50,34,13,12,11
10,9,14,21,51,63,69,69,69,76,79,75,84,94,137,102,99,121,121,127,96,62,52,27,13,12
9,6,11,27,35,54,52,61,62,73,70,73,79,83,87,78,85,101,92,93,85,64,34,14,12,11
7,0,6,8,6,11,11,42,51,51,51,46,30,15,58,51,53,53,50,41,51,34,13,0,4,7
4,0,0,6,0,0,9,14,21,31,13,12,12,13,50,38,25,32,25,14,14,13,0,0,0,7
0,0,0,0,6,0,10,10,9,23,11,28,14,12,25,23,13,7,10,13,11,12,8,0,6,0
0,0,0,0,0,0,10,9,9,13,12,14,11,11,12,12,13,6,12,0,9,10,9,0,0,0
0,0,0,6,0,0,10,9,0,10,12,13,8,10,14,8,18,13,8,9,5,8,7,6,0,0
0,0,0,7,0,0,6,0,6,5,11,8,11,9,12,20,26,25,10,9,6,9,8,6,0,0
0,0,0,0,0,4,6,5,0,16,12,11,10,10,12,15,36,43,13,0,10,10,9,7,6,5
0,0,0,4,7,6,10,0,11,15,6,12,7,10,10,19,46,40,14,8,12,12,0,5,8,8
6,0,6,0,12,0,13,0,12,10,0,18,8,11,11,12,43,35,0,0,11,10,5,0,0,0
0,0,0,0,7,5,10,10,5,13,10,11,11,11,41,30,28,8,9,10,13,9,0,0,5,7
0,0,5,0,9,0,10,11,5,21,10,12,11,11,13,23,28,10,0,9,10,12,0,0,4,6
0,0,5,7,8,6,8,8,0,12,9,9,13,11,12,13,22,10,10,7,0,11,5,6,4,0
0,0,0,6,5,0,9,0,8,0,9,5,10,9,10,12,12,9,10,0,8,7,0,6,0,0
0,0,0,8,0,0,9,7,10,13,0,5,8,8,11,12,13,6,7,0,11,9,9,0,0,7
0,0,0,5,0,0,0,6,9,8,9,8,14,9,0,0,20,7,0,7,0,8,8,0,0,0
5,0,0,0,0,0,0,10,21,17,13,0,20,9,8,7,10,5,0,12,9,8,9,0,9,5
0,0,0,0,0,8,6,8,13,12,11,10,7,6,6,10,0,12,0,9,10,9,7,0,0,5
0,0,0,0,0,5,9,0,10,13,9,11,10,0,6,13,12,12,0,7,8,13,8,0,0,0
0,0,0,7,5,0,13,0,13,12,12,11,10,0,9,14,29,10,0,12,19,73,11,0,0,0
0,0,0,0,5,0,11,6,7,25,9,14,8,0,10,16,22,12,10,13,43,79,11,5,4,4
0,0,0,0,0,0,13,11,0,32,10,14,13,13,27,20,28,44,46,51,64,96,47,9,5,0
6,0,0,8,0,0,13,14,10,59,12,25,46,43,55,54,56,67,54,87,111,118,56,7,0,9
6,0,0,0,0,0,14,35,12,75,20,33,57,37,61,53,60,68,54,60,70,59,11,7,10,10
9,0,0,6,0,5,14,18,15,77,73,61,69,50,68,65,59,68,69,57,28,20,13,9,9,8
5,0,5,6,10,7,23,67,82,103,105,92,102,100,107,99,90,93,86,64,50,38,27,12,5,9
27,7,15,27,29,16,85,109,122,129,131,122,133,125,135,143,127,121,114,93,61,53,18,12,13,15
16,7,9,23,23,25,93,125,137,146,171,159,157,141,142,136,146,129,114,79,68,68,52,30,12,20
52,13,54,43,53,75,115,138,162,161,175,177,165,161,166,176,167,154,125,89,77,66,66,55,28,51
33,11,10,52,74,79,130,143,170,169,191,194,182,152,183,206,179,162,140,113,84,73,66,41,14,14
63,50,53,65,70,98,131,158,180,187,173,175,158,136,164,164,164,157,143,115,96,92,72,51,50,49
50,13,50,52,69,99,130,142,158,165,162,155,134,111,131,133,143,142,129,105,82,67,63,50,14,41
51,11,14,20,60,95,122,133,136,142,136,132,92,85,94,104,115,123,106,86,68,58,38,25,14,26
13,7,0,20,57,83,104,115,111,114,101,84,72,66,73,78,92,97,92,74,62,33,42,17,12,13
11,0,6,14,56,75,83,82,88,86,72,61,60,57,58,63,69,76,75,67,56,41,14,9,9,8
10,0,7,23,56,68,73,67,69,63,58,52,60,57,61,61,62,64,65,62,53,13,12,12,7,5
0,0,6,13,41,52,53,61,55,55,52,53,56,58,59,62,72,61,57,53,44,0,7,5,6,9
0,0,0,13,27,29,53,57,56,59,60,53,55,60,68,71,92,87,53,51,26,21,13,9,9,9
9,0,6,25,15,47,62,60,63,60,75,64,67,76,147,90,90,114,97,64,57,51,34,13,12,11
10,9,14,21,51,64,69,69,70,76,80,74,84,93,137,101,99,121,121,126,96,62,52,27,13,12
9,6,12,27,35,55,52,61,62,73,70,73,79,83,87,78,84,100,92,93,85,64,34,14,12,11
7,0,6,8,6,11,11,42,51,51,51,48,32,15,58,51,54,53,50,41,51,34,13,0,4,7
4,0,0,6,0,0,9,14,23,32,13,12,12,13,50,38,27,32,26,14,14,13,0,0,0,7
0,0,0,0,6,0,10,10,9,23,11,28,14,12,25,25,13,7,10,13,11,12,8,0,6,0
0,0,0,0,0,0,10,9,9,13,12,14,11,11,12,12,13,7,13,0,9,10,8,0,0,0
0,0,0,6,0,0,10,9,0,11,11,13,8,10,14,8,18,13,8,9,6,8,7,7,0,0
0,0,0,7,0,0,6,0,6,5,11,7,11,9,12,20,27,25,10,9,6,9,8,6,0,0
0,0,0,0,0,4,6,5,0,16,12,11,10,10,12,15,36,40,13,0,10,10,9,7,6,5
0,0,0,4,7,6,10,0,11,15,6,12,7,10,10,20,46,40,14,8,12,12,0,5,8,8
6,0,6,0,12,0,13,0,12,10,0,18,8,11,11,12,43,35,0,0,11,10,5,0,0,0
0,0,0,0,7,5,10,10,5,14,10,11,11,11,41,30,28,8,10,10,13,9,0,0,5,7
0,0,5,0,9,0,10,11,5,23,10,12,11,11,13,23,28,10,0,9,10,12,0,0,4,6
0,0,5,7,8,6,8,7,0,13,9,9,13,11,12,13,22,10,11,7,0,11,5,6,4,0
0,0,0,6,5,0,9,0,9,7,9,5,10,9,10,12,12,9,10,0,8,8,0,6,0,0
0,0,0,8,0,0,9,7,10,13,0,5,8,8,11,11,13,6,7,0,11,9,9,0,0,7
0,0,0,5,0,0,0,7,8,8,9,8,14,9,0,0,20,7,0,7,0,8,8,0,0,0
5,0,0,0,0,0,0,10,22,17,13,0,20,9,8,7,10,6,0,12,9,8,9,0,9,5
0,0,0,0,0,8,6,8,13,13,11,10,7,6,6,10,0,12,0,9,10,9,7,0,0,6
0,0,0,0,0,5,9,0,10,13,9,11,10,0,6,13,12,12,0,8,8,13,8,0,0,0
0,0,0,7,5,0,13,0,13,12,11,11,10,0,9,14,28,10,0,12,23,76,11,0,0,0
0,0,0,0,5,0,11,7,7,28,9,14,9,0,10,16,20,13,11,14,46,80,11,5,4,4
0,0,0,0,0,0,13,11,0,32,10,14,13,13,30,22,29,44,46,53,66,98,50,9,5,0
6,0,0,8,0,0,14,14,10,61,12,23,50,43,55,54,55,68,54,90,111,119,56,7,0,9
6,0,0,0,0,0,15,39,13,75,20,33,58,40,63,54,60,68,54,61,72,61,11,7,10,10
9,0,0,6,0,5,14,18,21,77,72,61,69,50,68,65,59,68,69,58,28,22,13,9,9,8
5,0,5,6,10,8,23,67,84,103,105,92,102,100,107,99,90,93,87,64,50,38,27,12,5,9
27,7,14,27,29,17,86,109,122,129,131,122,133,125,135,143,127,121,114,93,61,53,18,12,13,14
16,7,9,23,23,26,93,125,138,146,172,158,158,141,142,135,145,129,114,79,68,68,52,30,12,22
53,13,54,43,53,76,115,138,164,161,175,177,165,162,166,176,166,154,125,89,77,66,66,55,28,51
36,11,10,52,75,79,130,143,172,170,191,194,182,152,183,206,179,163,140,113,84,74,66,39,14,14
63,46,53,65,70,98,131,158,179,187,173,175,158,136,164,164,164,157,143,116,96,92,72,51,50,49
50,13,50,52,69,100,129,142,158,165,162,156,134,112,131,133,143,142,129,105,83,68,63,50,14,41
51,11,14,20,60,95,121,133,137,143,136,132,92,85,94,104,115,123,106,86,68,58,38,23,13,26
13,7,5,20,57,83,104,115,110,114,101,85,73,66,73,78,92,97,92,74,62,35,41,17,12,13
11,0,6,15,56,75,83,82,89,86,72,62,60,57,59,64,69,76,75,67,57,41,14,9,9,8
10,0,7,23,56,68,73,67,69,63,58,53,60,57,62,61,62,64,65,62,53,13,12,12,7,5
0,0,6,14,42,52,53,62,56,55,52,54,57,59,59,62,72,61,57,53,44,0,7,5,6,9
0,0,0,13,29,31,53,57,56,59,61,53,55,60,68,71,92,87,53,52,26,21,13,9,9,9
9,0,6,22,15,50,63,61,63,61,76,64,68,76,148,90,90,113,97,64,57,51,34,13,12,11
10,9,14,21,52,64,69,70,69,76,80,75,84,93,137,101,98,121,121,127,96,62,52,26,13,12
9,7,11,27,35,55,52,61,63,73,71,73,79,83,87,79,84,100,92,93,85,65,34,14,12,11
7,0,6,8,6,11,11,42,50,52,52,50,35,17,58,51,54,53,50,42,51,36,13,0,4,7
4,0,0,6,0,0,9,15,25,32,14,12,12,13,51,40,27,32,26,14,14,13,0,0,0,7
0,0,0,0,6,4,10,10,10,25,11,28,14,12,27,27,14,8,10,13,11,12,8,0,6,0
0,0,0,0,0,0,10,9,9,13,12,14,11,11,12,12,13,7,13,0,9,10,9,0,0,0
0,0,0,6,0,0,10,9,0,11,11,13,8,10,14,8,18,13,8,9,6,8,7,7,0,0
0,0,0,6,0,0,6,0,6,5,11,7,11,10,12,21,27,25,10,9,6,9,8,6,0,0
0,0,0,0,0,4,6,5,0,17,12,11,10,10,12,15,35,40,13,0,10,10,9,7,6,5
0,0,0,4,7,6,10,0,11,15,6,12,7,10,11,22,46,40,15,8,12,12,0,5,8,8
6,0,6,0,12,0,13,0,12,11,0,18,8,11,11,13,43,35,0,0,11,10,5,0,0,0
0,0,0,0,7,5,10,10,5,14,10,11,11,11,43,30,28,8,9,10,13,9,0,0,5,7
0,0,5,0,8,0,10,11,5,23,10,12,11,11,13,23,28,10,0,9,10,12,0,0,4,6
0,0,5,7,8,6,8,7,0,13,9,9,13,11,12,13,25,10,11,7,0,11,5,6,4,0
0,0,0,6,5,0,9,0,9,7,9,5,10,9,10,13,12,9,10,0,8,8,0,5,0,0
0,0,0,8,0,0,9,7,10,13,0,5,8,8,11,11,13,6,7,0,11,9,9,0,0,7
0,0,0,5,0,0,0,6,8,9,9,8,14,9,0,0,18,7,0,7,0,8,8,0,0,0
5,0,0,0,0,0,0,10,23,17,13,0,21,10,8,7,10,6,0,12,9,8,9,0,9,5
0,0,0,0,0,8,6,8,13,13,11,10,7,7,6,11,0,12,0,9,10,9,7,0,0,6
0,0,0,0,0,5,9,0,10,13,9,11,10,0,6,13,13,12,0,8,9,13,8,0,0,0
0,0,0,7,5,0,13,0,13,12,11,11,10,0,9,13,29,10,0,12,27,78,12,5,0,0
0,0,0,0,4,0,11,0,7,28,9,14,9,0,10,16,20,12,11,14,50,80,11,5,5,4
0,0,0,0,0,0,13,11,0,32,10,14,13,13,30,22,29,44,46,56,69,100,50,9,5,3
6,0,0,8,0,0,13,14,10,61,12,23,51,43,55,53,56,67,54,93,112,119,57,7,0,9
6,0,0,0,0,0,14,35,13,75,20,35,58,40,61,54,60,68,55,63,72,63,11,6,10,10
9,0,0,5,0,5,14,16,19,77,73,61,70,50,68,65,59,68,69,60,28,20,13,9,9,7
5,0,5,6,10,8,23,67,84,103,106,93,103,101,107,100,90,93,87,65,51,39,27,12,5,9
27,7,14,27,29,17,85,109,122,129,131,122,134,126,136,143,127,121,114,93,62,53,18,12,13,14
16,7,9,23,25,25,93,125,138,146,171,159,158,141,142,135,145,129,114,79,68,68,52,30,12,22
53,13,55,43,53,76,115,138,163,161,175,177,166,162,166,176,166,153,124,89,76,66,67,54,28,51
38,11,10,52,75,80,130,143,172,170,192,194,183,153,182,206,179,162,140,113,84,73,65,39,14,14
64,46,54,65,70,97,131,158,179,188,173,175,158,137,164,164,164,157,142,116,97,93,72,51,50,50
51,13,50,52,69,100,129,141,158,165,162,156,134,113,131,133,143,142,129,105,83,68,63,50,14,43
52,11,14,20,60,95,121,133,137,143,137,132,92,86,94,104,115,123,106,86,68,58,38,23,13,26
13,7,5,22,57,83,104,115,110,115,101,85,73,66,73,78,92,98,92,74,62,37,40,17,12,13
11,0,6,15,56,75,83,82,88,86,72,62,60,57,59,64,69,77,75,67,57,41,14,9,9,8
11,0,7,23,56,68,73,67,70,63,59,53,60,57,62,61,63,64,65,62,53,13,12,12,7,5
4,0,6,14,42,52,53,63,56,55,52,54,57,59,59,63,72,61,57,53,44,0,7,5,6,10
0,0,0,14,29,34,53,57,56,59,61,53,56,60,68,71,92,87,53,52,26,21,14,9,9,9
9,0,7,22,15,50,62,61,63,62,76,64,68,76,148,90,90,113,97,64,57,51,34,13,12,11
10,9,14,21,52,64,69,70,70,76,80,75,84,94,137,101,98,121,122,127,95,62,52,26,13,12
9,7,12,29,35,55,53,60,63,73,71,73,79,83,87,79,85,101,92,93,85,65,34,14,12,11
7,0,6,8,6,11,11,44,51,52,52,50,37,20,59,52,54,53,50,42,51,36,13,0,4,7
4,0,0,6,0,0,9,15,25,34,14,12,12,13,51,40,27,32,28,14,14,13,0,0,0,7
0,0,0,0,6,4,10,11,10,25,11,28,14,12,29,30,14,8,10,13,11,12,8,0,6,0
0,0,0,0,0,0,10,9,10,13,12,14,12,11,12,12,13,7,13,0,9,10,9,0,0,0
0,0,0,6,0,0,10,9,0,11,12,13,8,10,14,8,19,13,8,9,6,8,7,6,0,0
0,0,0,6,0,0,6,0,6,5,11,7,11,10,12,22,29,25,10,9,6,9,8,6,0,0
0,0,0,0,0,4,7,5,0,17,12,11,11,10,12,16,36,40,13,0,10,10,9,7,6,5
0,0,0,4,7,6,10,0,12,15,6,12,7,10,11,22,46,41,15,8,12,12,0,5,8,8
6,0,6,0,12,0,13,0,12,11,0,18,9,11,11,13,43,36,0,0,11,10,6,0,0,0
0,0,0,0,7,5,10,10,5,14,10,11,11,11,43,31,28,8,9,10,13,9,0,0,5,6
0,0,4,0,8,0,10,11,5,23,10,12,11,11,13,23,26,10,0,9,10,12,0,0,4,6
0,0,5,7,8,6,8,7,0,13,9,9,13,11,12,13,25,10,11,7,0,11,5,6,4,0
0,0,0,6,5,0,9,0,9,7,9,5,10,9,10,13,12,9,10,0,8,7,0,5,0,0
0,0,0,8,0,0,9,7,10,13,0,5,8,8,11,11,13,6,7,0,11,9,9,0,0,7
0,0,0,5,0,0,0,6,8,9,9,8,14,9,0,0,18,7,0,7,0,8,8,0,0,0
5,0,0,0,0,0,0,10,23,19,13,0,21,10,8,7,10,6,0,12,9,9,9,0,9,5
0,0,0,0,0,8,6,8,13,13,11,10,7,7,6,11,6,12,0,10,10,9,7,0,0,6
0,0,0,0,0,5,9,0,10,13,9,11,10,0,6,13,13,12,0,8,9,13,8,0,0,0
0,0,0,7,0,0,13,0,13,12,11,11,11,0,9,13,30,10,0,12,30,78,12,5,0,0
0,0,0,0,0,0,10,0,7,28,9,14,9,0,10,15,20,12,10,14,51,80,11,6,5,4
0,0,0,0,0,0,13,11,0,37,10,14,13,13,33,22,30,44,46,57,70,100,51,9,5,4
6,0,0,7,0,0,13,13,10,62,12,25,51,43,56,54,57,66,54,94,112,119,57,7,0,9
6,0,0,0,0,0,14,32,13,75,21,35,60,40,61,54,60,68,55,63,72,63,12,6,11,10
9,0,5,0,0,5,14,14,17,77,73,62,70,50,69,64,59,68,68,60,28,20,13,9,9,7
5,0,5,0,10,7,23,67,86,103,106,93,103,101,108,100,90,92,87,65,50,40,28,12,5,9
27,7,14,20,27,17,85,109,122,130,131,122,134,126,136,143,127,121,114,92,62,53,20,12,13,14
16,7,9,23,25,25,94,125,138,146,172,159,158,141,142,135,145,129,114,79,68,68,52,32,12,22
53,13,55,39,53,76,115,138,164,162,175,177,166,163,166,176,166,152,124,89,76,66,67,55,28,51
41,11,10,52,74,80,130,143,172,170,192,194,183,153,183,206,178,161,140,113,83,73,66,41,14,14
64,46,54,65,70,97,131,158,180,188,173,175,158,137,164,164,164,157,142,115,96,92,72,51,50,49
51,13,50,52,69,100,129,141,158,165,162,156,134,112,131,133,143,142,129,105,83,68,63,50,14,41
51,11,14,17,60,94,121,133,137,143,137,132,92,86,94,104,115,123,106,86,68,58,38,23,14,25
13,7,5,22,57,82,104,115,110,115,101,85,73,66,73,78,92,97,92,74,61,37,40,17,12,13
11,0,6,15,56,75,84,82,89,87,73,63,61,58,59,64,69,76,75,68,57,41,14,9,9,8
11,0,8,23,56,68,74,67,70,63,59,53,60,57,62,61,63,65,65,62,53,13,13,12,7,5
4,0,6,14,43,53,54,63,56,55,53,54,57,59,59,63,72,61,57,53,44,0,8,5,6,10
0,0,0,14,29,31,54,57,57,59,61,53,56,60,69,71,92,87,53,52,26,21,14,10,9,9
9,0,7,22,14,50,63,61,63,62,77,64,68,77,148,90,90,113,97,64,58,51,34,13,12,11
10,9,14,21,52,64,69,70,70,77,80,75,85,93,137,101,98,121,121,126,95,62,52,27,13,12
9,7,12,29,32,55,53,60,64,73,71,73,80,83,87,79,84,100,91,93,85,65,32,14,12,11
7,0,6,8,6,11,11,44,51,52,52,50,40,22,58,52,54,53,50,42,51,36,13,0,5,7
5,0,0,6,0,0,9,15,27,34,14,12,12,13,51,43,29,32,28,14,14,13,0,0,0,7
0,0,0,0,6,4,10,10,10,27,11,28,14,12,29,32,14,8,10,13,11,12,8,0,6,0
0,0,0,0,0,0,10,9,10,13,13,14,12,11,12,12,13,7,13,0,9,10,9,0,0,0
0,0,0,6,0,0,10,9,5,11,12,13,8,10,14,8,19,13,8,9,6,8,7,7,0,0
0,0,0,6,0,0,6,0,6,5,11,7,11,10,12,22,29,23,10,9,6,9,9,6,0,0
0,0,0,0,0,4,7,5,0,17,12,11,11,10,13,16,36,40,13,0,10,10,9,7,6,5
0,0,0,4,7,6,10,0,12,15,6,12,7,10,11,22,45,40,15,8,12,12,0,5,8,8
6,0,6,0,12,0,13,0,12,12,0,18,9,11,11,14,44,35,0,0,11,10,6,0,0,0
