0,0,0,0,5,5,9,13,14,15,13,25,12,9,39,33,32,17,11,14,13,11,8,0,5,8
0,0,0,0,7,0,12,13,10,12,43,12,13,9,21,31,33,14,7,14,10,10,11,5,0,6
0,0,0,5,4,0,11,14,14,9,9,12,12,8,14,13,13,12,8,7,0,11,10,0,4,6
0,0,0,5,0,0,9,18,15,9,0,8,13,7,20,17,9,7,8,11,0,5,11,7,4,5
5,0,0,5,0,0,11,12,15,27,9,10,12,7,13,28,13,7,12,12,13,9,10,6,0,5
0,0,0,0,0,0,9,13,25,32,23,9,11,7,17,40,13,7,0,13,11,12,10,6,0,0
6,0,0,0,0,0,14,26,31,42,18,13,13,12,14,34,25,8,12,13,14,14,12,0,7,6
0,0,0,0,0,4,11,12,28,23,27,12,13,10,14,40,13,0,9,11,11,7,9,0,5,9
0,0,0,0,0,0,11,15,28,30,25,26,19,9,14,45,16,7,10,13,8,7,0,5,6,7
4,0,0,7,0,0,0,10,28,30,13,23,14,9,23,31,12,12,6,9,5,9,6,0,5,0
0,0,0,0,0,0,10,15,34,21,27,23,12,12,38,46,11,11,11,8,10,10,6,0,5,6
0,0,0,0,0,0,10,14,14,23,12,16,10,11,30,47,0,10,6,11,10,5,0,6,5,0
4,0,0,0,0,0,13,23,50,55,17,14,13,14,16,64,7,10,0,14,10,9,0,7,0,4
6,0,0,0,0,0,13,60,25,61,62,10,27,17,18,63,13,5,12,30,13,11,8,9,8,6
8,0,0,5,0,8,23,35,54,37,58,32,51,30,51,58,28,15,47,47,17,11,12,10,9,7
7,0,0,7,9,8,17,20,12,47,43,40,37,47,64,56,29,19,50,38,22,11,17,10,8,8
7,0,0,8,5,6,16,54,69,60,52,15,50,23,62,65,54,83,61,56,13,15,12,7,7,8
5,0,0,0,0,11,39,62,63,61,67,60,71,76,83,75,69,76,69,33,12,12,8,4,7,11
0,0,7,10,10,17,55,68,77,84,80,84,92,101,92,77,71,76,72,35,53,15,12,11,11,13
0,0,6,13,32,32,69,86,110,111,126,123,118,132,131,141,129,115,90,82,59,60,56,29,13,11
63,50,21,58,67,66,101,120,137,144,142,138,132,150,158,153,150,150,135,116,99,88,75,59,51,44
55,14,19,52,64,81,115,142,161,180,176,168,150,156,169,172,166,154,145,133,108,86,71,63,53,41
56,23,52,60,62,86,122,147,163,182,179,183,149,147,162,166,171,163,148,139,120,88,71,58,54,42
60,43,52,62,62,89,130,156,162,169,170,166,141,127,148,144,159,157,149,140,126,99,70,60,55,25
57,43,50,61,62,100,132,146,159,167,161,141,122,113,127,127,150,146,140,131,128,107,75,57,52,25
53,31,50,58,63,100,132,134,136,144,149,130,122,107,113,116,129,126,127,122,114,111,84,60,53,19
53,14,35,54,62,92,120,132,136,132,121,109,104,88,96,104,114,117,113,111,113,101,85,59,51,28
50,17,36,54,65,93,112,118,128,127,123,107,90,76,83,97,107,114,111,113,100,103,81,62,35,14
37,12,15,52,58,76,93,107,113,108,112,93,82,70,71,76,81,93,97,94,97,97,79,60,36,15
12,6,14,39,50,63,86,95,93,92,89,71,68,63,62,65,68,79,89,94,82,80,72,53,20,12
7,9,11,13,35,58,75,85,83,79,74,62,60,57,59,61,62,64,69,75,74,65,69,52,15,12
10,6,9,11,14,52,65,70,71,67,63,53,55,45,54,56,55,62,59,62,58,58,55,48,13,12
6,5,0,9,11,17,56,65,65,34,47,52,50,20,50,54,53,55,54,57,57,51,26,32,11,5
7,4,6,7,10,9,55,71,66,55,57,52,56,53,58,62,59,63,69,73,61,57,47,14,12,6
11,0,6,10,6,15,67,120,103,82,86,71,68,80,92,76,80,75,79,79,71,58,50,14,14,10
14,6,9,30,10,13,70,122,113,118,177,117,101,93,121,95,85,82,77,75,69,58,54,31,13,12
8,0,8,11,5,12,91,104,112,108,126,103,82,70,80,72,65,67,60,59,55,40,34,14,11,13
0,0,7,0,5,37,104,130,107,117,82,63,58,56,56,59,58,59,52,56,44,15,16,7,12,10
6,6,8,5,13,58,87,106,96,79,63,51,55,54,53,59,63,59,62,59,49,58,20,8,11,8
15,10,9,12,50,50,94,80,62,53,52,51,51,50,59,63,59,58,68,129,56,64,48,10,9,6
0,0,0,0,5,5,9,13,14,15,13,25,12,9,39,33,32,17,11,14,13,11,8,0,5,8
0,0,0,0,7,0,12,13,10,12,43,12,13,9,21,31,33,14,7,14,10,10,11,5,0,6
0,0,0,5,4,0,11,14,14,9,9,12,12,8,14,13,13,12,8,7,0,11,10,0,4,6
0,0,0,5,0,0,9,18,15,9,0,8,13,7,20,17,9,7,8,11,0,5,11,7,4,5
5,0,0,5,0,0,11,12,15,27,9,10,12,7,13,28,13,7,12,12,13,9,10,6,0,5
0,0,0,0,0,0,9,13,25,32,23,9,11,7,17,40,13,7,0,13,11,12,10,6,0,0
6,0,0,0,0,0,14,26,31,42,18,13,13,12,14,34,25,8,12,13,14,14,12,0,7,6
0,0,0,0,0,4,11,12,28,23,27,12,13,10,14,40,13,0,9,11,11,7,9,0,5,9
0,0,0,0,0,0,11,15,28,30,25,26,19,9,14,45,16,7,10,13,8,7,0,5,6,7
4,0,0,7,0,0,0,10,28,30,13,23,14,9,23,31,12,12,6,9,5,9,6,0,5,0
0,0,0,0,0,0,10,15,34,21,27,23,12,12,38,46,11,11,11,8,10,10,6,0,5,6
0,0,0,0,0,0,10,14,14,23,12,16,10,11,30,47,0,10,6,11,10,5,0,6,5,0
4,0,0,0,0,0,13,23,50,55,17,14,13,14,16,64,7,10,0,14,10,9,0,7,0,4
6,0,0,0,0,0,13,60,25,61,62,10,27,17,18,63,13,5,12,30,13,11,8,9,8,6
8,0,0,5,0,8,23,35,54,37,58,32,51,30,51,58,28,15,47,47,17,11,12,10,9,7
7,0,0,7,9,8,17,20,12,47,43,40,37,47,64,56,29,19,50,38,22,11,17,10,8,8
7,0,0,8,5,6,16,54,69,60,52,15,50,23,62,65,54,83,61,56,13,15,12,7,7,8
5,0,0,0,0,11,39,62,63,61,67,60,71,76,83,75,69,76,69,33,12,12,8,4,7,11
0,0,7,10,10,17,55,68,77,84,80,84,92,101,92,77,71,76,72,35,53,15,12,11,11,13
0,0,6,13,32,32,69,86,110,111,126,123,118,132,131,141,129,115,90,82,59,60,56,29,13,11
63,50,21,58,67,66,101,120,137,144,142,138,132,150,158,153,150,150,135,116,99,88,75,59,51,44
55,14,19,52,64,81,115,142,161,180,176,168,150,156,169,172,166,154,145,133,108,86,71,63,53,41
56,23,52,60,62,86,122,147,163,182,179,183,149,147,162,166,171,163,148,139,120,88,71,58,54,42
60,43,52,62,62,89,130,156,162,169,170,166,141,127,148,144,159,157,149,140,126,99,70,60,55,25
57,43,50,61,62,100,132,146,159,167,161,141,122,113,127,127,150,146,140,131,128,107,75,57,52,25
53,31,50,58,63,100,132,134,136,144,149,130,122,107,113,116,129,126,127,122,114,111,84,60,53,19
53,14,35,54,62,92,120,132,136,132,121,109,104,88,96,104,114,117,113,111,113,101,85,59,51,28
50,17,36,54,65,93,112,118,128,127,123,107,90,76,83,97,107,114,111,113,100,103,81,62,35,14
37,12,15,52,58,76,93,107,113,108,112,93,82,70,71,76,81,93,97,94,97,97,79,60,36,15
12,6,14,39,50,63,86,95,93,92,89,71,68,63,62,65,68,79,89,94,82,80,72,53,20,12
7,9,11,13,35,58,75,85,83,79,74,62,60,57,59,61,62,64,69,75,74,65,69,52,15,12
10,6,9,11,14,52,65,70,71,67,63,53,55,45,54,56,55,62,59,62,58,58,55,48,13,12
6,5,0,9,11,17,56,65,65,34,47,52,50,20,50,54,53,55,54,57,57,51,26,32,11,5
7,4,6,7,10,9,55,71,66,55,57,52,56,53,58,62,59,63,69,73,61,57,47,14,12,6
11,0,6,10,6,15,67,120,103,82,86,71,68,80,92,76,80,75,79,79,71,58,50,14,14,10
14,6,9,30,10,13,70,122,113,118,177,117,101,93,121,95,85,82,77,75,69,58,54,31,13,12
8,0,8,11,5,12,91,104,112,108,126,103,82,70,80,72,65,67,60,59,55,40,34,14,11,13
0,0,7,0,5,37,104,130,107,117,82,63,58,56,56,59,58,59,52,56,44,15,16,7,12,10
6,6,8,5,13,58,87,106,96,79,63,51,55,54,53,59,63,59,62,59,49,58,20,8,11,8
15,10,9,12,50,50,94,80,62,53,52,51,51,50,59,63,59,58,68,129,56,64,48,10,9,6
0,0,0,0,5,6,10,13,14,15,13,25,12,9,39,34,31,17,10,14,13,11,8,0,5,8
0,0,0,0,7,0,12,13,10,12,43,12,12,9,17,29,32,13,6,14,10,10,11,5,0,6
0,0,0,5,4,0,10,14,13,8,8,11,11,7,13,13,13,12,8,0,0,10,10,0,4,6
0,0,0,4,0,0,9,16,14,9,0,7,13,7,17,17,9,6,8,10,0,5,11,7,4,5
5,0,0,5,0,0,10,12,15,25,9,10,12,7,12,26,13,6,12,11,13,9,10,6,0,5
0,0,0,0,0,0,8,13,25,30,19,8,10,7,16,38,12,7,0,13,10,12,10,6,0,0
6,0,0,0,0,0,14,26,31,40,18,13,12,11,14,34,23,7,11,13,14,14,12,0,7,6
0,0,0,0,0,6,11,12,28,21,25,12,13,9,13,38,13,0,8,11,11,8,8,0,5,9
0,0,0,0,0,0,11,14,25,30,25,23,14,8,14,45,15,7,10,13,8,8,0,5,6,7
4,0,0,6,0,0,0,9,28,30,14,20,14,9,19,28,12,11,6,9,5,9,6,0,5,0
0,0,0,0,0,0,10,13,34,19,19,23,11,12,36,43,11,10,10,8,9,10,6,0,4,6
0,0,0,0,0,0,10,14,14,22,12,16,8,10,27,47,0,10,6,11,10,5,0,6,5,0
4,0,0,0,0,0,13,33,51,55,17,14,13,14,18,64,8,10,0,14,10,9,0,7,0,4
6,0,0,0,0,0,13,60,21,59,62,10,25,17,20,63,12,5,12,33,13,11,8,9,7,6
8,0,0,5,0,8,19,35,50,34,61,30,52,26,53,58,30,18,45,50,17,11,12,10,9,7
7,0,0,7,9,8,16,22,12,52,47,41,45,47,65,57,31,22,50,40,23,12,17,10,9,8
7,0,0,8,5,6,20,56,71,63,55,17,52,26,62,66,55,83,62,57,13,15,12,7,7,8
5,0,0,0,0,11,42,62,64,62,70,61,73,79,84,75,70,77,69,36,12,12,8,4,7,11
0,0,7,10,10,19,55,69,78,86,82,84,94,103,93,78,72,77,72,41,53,21,11,12,11,13
6,0,7,13,35,42,70,87,111,112,127,124,119,133,132,142,131,116,91,83,59,60,56,27,13,11
63,50,21,58,67,67,102,120,138,145,143,139,133,151,159,154,151,150,135,117,99,88,75,59,51,45
56,14,23,52,63,82,115,142,162,180,177,169,151,156,169,173,166,155,146,133,108,86,71,64,53,41
56,25,52,60,63,86,123,147,163,182,179,183,149,147,162,167,171,163,148,139,120,88,71,58,55,42
60,43,52,62,62,89,130,156,162,169,170,167,141,127,148,145,160,157,148,140,126,98,70,60,55,26
57,45,51,62,62,100,131,146,159,167,162,141,122,113,127,128,150,147,140,131,128,106,75,58,52,26
53,32,50,59,64,100,131,134,136,144,149,129,122,107,113,116,129,126,126,122,114,111,84,60,54,19
53,14,38,54,62,92,120,132,136,131,121,109,104,88,96,104,114,117,112,111,112,101,85,60,51,31
50,18,40,54,65,93,112,117,128,127,123,106,89,76,83,97,107,114,111,113,100,103,80,63,39,15
37,12,17,52,59,76,93,107,112,109,112,92,82,70,71,76,81,93,97,93,98,97,79,60,39,17
12,6,15,39,50,63,85,95,93,92,89,70,68,63,63,66,68,79,89,94,82,80,72,54,22,12
8,9,11,13,42,58,75,85,84,79,74,62,61,57,60,61,62,64,69,75,75,65,69,53,21,12
10,6,9,11,15,54,67,72,72,68,65,54,56,50,54,57,56,63,60,64,59,59,56,51,14,12
6,5,0,9,11,25,57,66,66,39,50,52,50,25,51,55,55,55,55,59,58,52,28,40,11,5
7,5,6,8,11,10,56,72,68,57,58,53,57,53,59,63,60,65,70,75,63,58,50,14,13,7
12,0,7,11,6,19,69,121,104,84,86,72,68,82,94,79,83,77,81,81,73,59,51,16,15,10
14,6,9,32,10,12,71,123,114,119,178,117,101,94,121,96,88,84,79,78,70,60,55,34,13,12
9,0,8,11,5,13,94,105,113,109,126,104,84,71,83,74,67,68,61,60,56,43,36,14,11,13
5,0,8,6,6,46,105,130,109,119,84,64,59,56,57,60,59,61,53,57,45,15,17,8,13,10
6,6,8,6,14,59,89,106,100,83,64,52,56,55,54,60,64,60,63,59,49,57,20,8,11,8
16,11,10,13,52,50,96,82,64,55,54,52,52,50,60,64,60,59,67,129,55,64,50,11,9,6
0,0,0,0,6,6,10,13,14,17,13,22,12,9,41,34,30,19,10,14,13,11,8,0,5,8
0,0,0,0,7,0,12,13,11,12,40,12,12,9,19,29,32,13,0,14,10,10,11,5,0,6
0,0,0,5,4,0,10,13,13,9,8,11,10,7,13,13,13,12,8,0,0,10,10,0,4,6
0,0,0,4,0,0,9,15,14,10,0,7,13,6,15,17,9,6,8,10,0,5,11,7,4,5
5,0,0,5,0,0,10,12,15,25,9,10,12,7,12,26,13,6,11,11,13,9,10,6,0,5
0,0,0,0,0,0,8,12,25,30,17,8,10,7,15,38,12,6,0,13,10,12,10,6,0,0
6,0,0,0,0,0,14,25,31,40,17,12,12,11,14,32,23,7,11,13,14,14,11,0,7,6
0,0,0,0,0,6,11,12,28,21,23,12,13,9,13,38,13,0,8,11,11,8,8,0,5,9
0,0,0,0,0,0,11,15,25,33,25,23,14,8,13,45,15,7,10,13,8,8,0,5,6,7
4,0,0,6,0,0,0,9,25,33,14,19,14,8,17,28,12,11,6,9,6,9,6,0,5,0
0,0,0,0,0,0,10,13,34,19,17,22,11,11,33,43,11,10,10,8,9,10,6,0,4,6
0,0,0,0,0,0,10,13,13,22,12,16,8,10,25,47,0,10,6,11,10,5,0,6,5,0
4,0,0,0,0,0,13,33,52,55,17,14,13,15,20,64,8,10,0,14,10,9,0,7,0,4
5,0,0,0,0,0,13,60,21,61,62,10,27,17,20,64,12,5,13,33,12,11,8,9,7,6
8,0,0,5,0,8,19,35,50,34,61,30,52,26,53,58,30,18,47,50,17,11,12,10,9,7
7,0,0,7,9,8,16,25,12,53,47,41,47,47,67,57,31,23,51,41,23,12,17,10,9,8
7,0,0,8,5,6,22,57,71,64,56,17,53,28,62,66,56,83,62,57,13,16,12,7,8,8
5,0,0,0,0,11,43,62,65,62,70,61,73,79,85,76,70,77,69,36,12,12,8,4,7,11
5,0,7,10,10,19,55,70,78,86,82,85,94,103,93,78,72,77,73,43,54,21,11,12,12,13
6,0,7,13,35,42,70,88,112,113,127,124,119,133,133,143,131,117,91,84,59,61,57,27,13,11
63,50,23,58,67,67,102,121,138,145,143,139,133,151,159,154,152,150,135,117,100,88,75,59,52,44
56,14,23,52,63,82,115,142,162,181,177,169,151,156,169,173,166,155,146,133,108,87,71,64,53,38
56,25,52,60,63,87,123,147,163,183,179,183,149,147,162,167,171,163,148,139,120,88,71,58,55,42
60,43,52,62,62,89,130,156,162,170,170,167,141,127,148,145,160,157,148,140,126,98,70,60,55,26
57,45,51,62,62,100,132,146,160,168,162,142,122,114,127,128,150,147,140,131,128,106,75,58,52,26
53,32,50,59,64,100,131,134,137,144,149,129,122,107,113,116,129,126,126,123,114,111,84,61,54,19
53,14,38,54,62,92,120,132,136,132,121,109,104,87,96,104,114,116,112,111,113,101,85,60,51,32
50,18,42,55,66,93,112,117,128,127,123,106,89,76,84,97,107,114,110,113,100,103,80,63,40,16
37,12,19,53,59,77,93,107,113,109,112,92,83,70,72,76,81,93,97,93,98,97,79,61,40,19
13,7,15,41,51,64,85,95,94,93,89,70,69,63,63,66,68,79,89,94,82,80,72,54,23,13
8,9,11,13,45,59,76,86,84,80,74,63,61,57,60,61,62,64,69,75,75,65,69,54,25,12
11,6,9,11,17,54,67,72,72,68,65,54,56,50,55,57,56,63,60,64,60,59,57,51,14,12
6,5,0,9,11,31,57,67,66,42,50,52,50,27,52,55,55,56,55,59,59,52,28,42,12,6
7,5,6,8,11,10,56,73,69,57,58,53,57,54,60,64,61,65,71,76,63,59,50,15,13,7
12,0,7,11,6,20,70,122,104,85,86,72,69,82,94,80,84,78,81,82,75,60,51,17,16,10
15,6,10,32,10,12,72,123,115,119,178,117,101,94,122,97,89,85,81,79,71,61,55,34,13,12
9,0,8,11,6,13,94,106,113,109,126,104,84,72,83,75,68,69,62,61,56,43,36,14,11,13
6,0,8,6,7,50,105,130,109,119,85,65,60,57,58,61,60,61,53,57,47,16,18,8,13,10
6,6,8,6,14,60,90,106,101,84,65,53,56,55,54,60,64,60,64,59,50,57,20,8,11,8
16,11,10,13,52,50,96,82,65,56,55,52,52,51,60,65,61,59,68,129,55,64,50,11,9,6
0,0,0,0,6,6,10,13,14,17,13,25,12,9,43,36,30,19,10,14,13,11,7,0,5,8
0,0,0,0,7,0,12,13,11,12,40,12,12,9,19,31,33,13,0,14,10,10,11,5,0,6
0,0,0,5,4,0,10,13,13,9,8,11,10,7,13,13,13,11,8,0,0,10,10,0,4,5
0,0,0,4,0,0,9,15,14,10,0,7,13,6,15,17,9,6,8,10,0,5,11,7,4,5
5,0,0,5,0,0,11,11,15,25,9,9,12,7,12,26,13,6,11,11,13,9,10,6,0,5
0,0,0,0,0,0,8,13,23,27,15,8,10,7,15,37,12,6,0,13,10,12,10,6,0,0
6,0,0,0,0,0,14,26,31,40,17,12,12,11,14,32,22,7,11,13,14,14,11,0,7,6
0,0,0,0,0,6,11,12,28,21,21,12,12,9,13,38,13,0,7,11,11,8,8,0,5,9
0,0,0,0,0,0,11,15,25,33,27,22,14,8,13,42,14,6,10,13,9,8,0,5,6,7
4,0,0,6,0,0,0,9,25,30,14,18,14,8,15,31,12,11,0,9,6,9,6,0,5,0
0,0,0,0,0,0,10,13,34,19,17,23,11,11,30,43,11,10,10,8,9,10,5,0,4,6
0,0,0,0,0,0,10,13,14,22,12,16,8,10,27,47,0,10,6,11,10,5,0,6,5,0
4,0,0,0,0,0,12,37,52,56,17,13,13,16,20,64,8,11,0,14,10,9,0,7,0,4
5,0,0,0,0,0,13,60,21,61,62,10,27,17,23,63,12,5,13,36,13,11,8,9,7,6
8,0,0,5,0,8,19,32,50,34,61,30,53,25,54,58,30,20,47,50,19,11,12,10,9,7
7,0,0,7,9,8,16,25,12,54,47,41,50,47,68,57,31,23,51,41,24,12,17,10,9,8
7,0,0,8,5,6,23,58,71,65,57,19,53,28,63,66,56,83,63,58,14,18,12,7,7,8
5,0,0,0,0,11,44,62,65,63,71,61,74,80,85,76,70,77,69,39,12,12,8,5,7,11
5,0,8,10,10,19,56,70,79,87,83,85,94,103,94,79,72,77,73,45,54,23,11,12,12,14
6,0,8,13,37,46,71,88,112,113,127,124,119,133,133,143,131,117,91,85,59,61,57,27,13,11
63,50,23,58,67,68,102,121,138,145,143,139,133,151,160,154,151,150,135,117,100,88,75,60,52,43
56,14,23,53,64,82,115,142,162,181,177,169,151,156,170,173,166,155,146,133,108,87,71,64,54,35
56,25,52,60,63,87,123,147,163,183,179,183,149,147,163,167,171,163,148,139,120,88,71,58,55,40
60,43,52,62,63,89,130,157,162,170,170,167,141,127,149,145,160,157,148,140,126,98,69,60,55,26
57,46,51,63,63,100,132,147,160,169,162,141,122,114,127,128,151,147,140,132,128,106,75,58,52,25
53,32,50,59,64,100,131,134,137,145,149,129,122,107,113,116,129,126,127,123,114,111,84,61,54,19
53,14,40,54,63,92,120,133,136,132,121,108,104,87,96,104,114,116,112,111,113,101,85,60,51,34
51,19,42,55,66,93,113,118,128,127,123,106,89,76,84,97,107,113,110,113,100,103,80,63,40,16
35,12,19,53,59,77,94,107,113,109,112,92,83,71,72,76,81,93,97,93,99,97,79,61,41,20
13,7,15,41,51,64,86,95,94,93,89,71,69,63,63,66,68,79,88,94,82,80,72,55,25,13
8,9,11,14,47,59,76,86,84,80,75,63,61,57,60,62,62,64,69,75,75,65,69,54,26,12
11,6,10,12,20,54,68,72,73,68,65,55,56,50,56,57,56,63,60,65,60,60,57,51,14,12
7,5,0,9,11,34,58,68,66,43,50,52,51,30,52,55,55,56,55,60,60,53,30,45,12,6
7,5,7,9,11,10,57,74,69,57,59,54,57,54,60,64,62,66,71,76,64,60,50,16,13,8
12,0,7,11,6,20,70,122,104,85,86,72,69,83,95,80,84,78,82,83,76,60,51,17,16,10
15,6,10,34,10,12,72,123,115,119,178,117,101,94,122,97,89,86,81,80,72,62,55,35,14,13
9,0,8,11,6,13,96,106,113,109,126,104,84,73,84,76,68,69,62,61,56,45,36,14,11,13
6,4,8,6,7,50,106,131,110,119,85,65,60,57,59,61,60,61,53,58,48,17,18,8,13,10
6,6,8,6,14,60,91,106,102,85,65,53,57,56,55,61,64,60,64,60,50,57,20,8,11,8
16,11,11,14,52,51,97,83,65,57,55,52,53,51,61,65,61,59,67,129,56,64,50,11,9,6
0,0,0,0,6,6,10,13,14,17,13,25,12,9,45,34,30,17,10,14,13,11,7,0,5,8
0,0,0,0,7,0,12,13,11,12,40,12,12,9,21,31,33,13,0,14,10,10,11,5,0,6
0,0,0,5,4,0,11,14,13,9,8,11,10,7,13,13,13,11,8,0,0,10,10,0,4,5
0,0,0,4,0,0,9,15,14,10,0,7,13,6,14,17,9,6,8,10,0,5,11,7,4,5
5,0,0,5,0,0,11,11,17,25,9,9,12,7,12,26,13,6,11,11,13,9,10,6,0,5
0,0,0,0,0,0,8,13,25,27,15,8,10,7,15,37,12,6,0,13,10,12,10,6,0,0
6,0,0,0,0,0,14,26,32,39,17,12,11,11,14,32,22,6,11,13,14,14,11,0,7,6
0,0,0,0,0,6,11,12,28,21,19,11,12,9,13,36,13,0,7,11,11,8,8,0,5,9
0,0,0,0,0,0,11,18,25,33,25,20,14,7,14,42,14,6,10,13,9,8,0,5,6,7
4,0,0,6,0,0,0,9,25,30,14,18,14,8,15,28,12,11,6,9,7,9,6,0,5,0
0,0,0,0,0,0,10,13,34,19,17,23,11,11,30,40,11,10,10,8,10,10,5,0,4,6
0,0,0,0,0,0,10,13,14,22,12,16,8,10,27,47,0,10,6,11,10,5,0,6,5,0
4,0,0,0,0,0,12,37,52,55,17,13,13,16,21,64,8,11,0,14,10,9,0,7,0,4
5,0,0,0,0,0,13,60,23,61,60,11,27,19,23,64,12,5,13,36,13,11,8,9,7,6
8,0,0,5,0,8,19,35,51,37,61,30,52,25,54,58,30,20,47,50,20,11,12,10,9,7
7,0,0,7,9,8,16,28,13,55,47,42,50,50,69,58,29,25,51,41,24,12,17,10,9,8
7,0,0,8,6,6,25,58,72,65,57,19,53,28,63,66,56,83,63,58,14,18,12,7,8,8
5,0,0,0,0,11,44,63,65,63,71,61,74,80,85,76,70,77,70,39,12,12,8,5,7,11
0,0,8,10,11,19,56,70,79,88,83,85,95,104,94,79,72,78,73,43,55,23,11,12,12,14
6,0,8,13,37,46,71,89,112,113,127,124,120,133,133,143,131,117,92,85,60,61,57,27,13,11
63,50,25,58,67,68,102,121,138,145,143,139,133,150,160,154,152,150,135,117,100,88,75,60,52,41
56,14,23,53,64,82,115,142,162,181,177,169,152,156,170,173,167,155,146,133,108,87,71,64,54,33
56,25,52,61,63,87,123,147,164,183,179,183,149,147,163,167,171,163,148,139,120,88,71,59,55,42
60,45,52,62,63,89,130,157,163,170,170,167,141,127,149,145,160,157,149,140,126,98,70,60,56,26
57,48,51,62,63,100,132,147,160,169,162,142,122,113,127,128,150,147,141,131,128,106,75,58,52,25
53,32,50,59,64,100,132,134,137,144,149,129,122,107,114,116,129,126,127,123,115,111,84,61,54,19
53,13,42,54,63,92,120,133,137,132,121,109,104,88,96,104,114,116,113,111,113,101,85,60,51,34
51,20,42,55,66,93,113,118,128,127,123,106,89,76,84,97,107,113,111,113,100,102,80,64,42,16
35,12,19,53,60,76,94,107,113,109,112,92,83,71,73,76,81,93,97,93,99,97,79,61,42,22
13,7,15,41,51,64,86,95,94,93,89,71,69,63,64,67,68,79,89,94,83,80,72,55,25,13
8,9,11,14,50,59,77,86,84,80,75,63,62,57,61,62,62,64,70,75,75,66,69,54,28,12
11,6,10,12,20,54,68,72,73,68,65,55,56,50,56,58,56,64,61,65,61,61,57,52,14,12
7,5,0,10,12,37,58,68,66,43,50,52,51,32,53,55,55,56,56,60,60,53,32,47,12,6
8,5,7,9,12,11,57,74,70,58,59,54,58,54,61,64,62,67,72,76,65,60,51,18,13,8
12,0,7,12,6,22,70,122,104,86,86,72,70,83,95,80,85,79,83,83,77,61,51,18,17,11
16,6,10,36,10,12,73,124,116,119,178,117,101,94,123,97,90,86,82,81,73,62,55,36,14,13
9,0,8,11,6,13,96,107,113,109,126,105,84,73,85,76,68,70,63,62,56,47,37,14,12,13
6,4,8,6,7,51,106,131,110,120,86,66,60,57,59,61,60,62,54,58,48,18,18,8,13,10
7,6,8,7,16,60,91,106,102,85,65,54,57,56,55,61,65,60,64,60,50,57,20,8,12,8
16,11,11,14,52,51,98,84,66,58,56,52,53,52,61,66,61,60,68,129,56,64,50,11,9,6
0,0,0,0,6,6,10,13,14,17,13,25,12,9,45,34,30,17,10,14,13,11,7,0,5,8
0,0,0,0,7,0,12,13,11,12,37,12,12,9,21,31,33,13,0,14,10,10,11,5,0,6
0,0,0,5,4,0,11,13,13,9,8,11,10,7,13,13,12,11,8,0,0,10,10,0,4,5
0,0,0,4,0,0,9,15,14,9,0,7,13,6,14,17,9,6,8,10,0,5,11,7,4,5
5,0,0,5,0,0,11,11,15,25,9,8,12,7,12,26,12,5,11,11,13,9,10,6,0,0
0,0,0,0,0,0,8,12,25,27,15,7,9,7,15,37,12,6,0,13,11,12,10,6,0,0
6,0,0,0,0,0,14,25,31,39,17,12,11,11,14,31,22,6,10,13,14,14,11,0,7,6
0,0,0,0,0,6,11,12,28,23,19,11,12,9,13,36,13,0,7,11,11,8,8,0,5,9
0,0,0,0,0,0,11,18,25,33,25,20,14,7,13,42,14,6,10,12,9,8,0,5,6,7
0,0,0,6,0,0,0,9,25,30,14,18,14,8,14,28,11,11,6,9,7,9,6,0,5,0
0,0,0,0,0,0,10,13,34,19,17,25,11,11,27,40,11,10,10,8,10,10,5,0,4,6
0,0,0,0,0,0,10,13,14,22,12,16,8,10,25,47,0,10,6,11,10,5,0,6,5,0
4,0,0,0,0,0,12,37,52,55,17,13,13,16,21,63,8,11,0,14,10,9,0,7,0,4
5,0,0,0,0,0,13,60,23,62,62,11,30,19,25,63,12,5,13,33,13,12,8,9,7,6
8,0,0,5,0,8,19,32,52,37,62,30,52,23,54,59,30,18,50,50,20,11,12,10,9,7
7,0,0,7,9,8,16,31,13,56,50,44,51,50,70,58,28,27,52,41,24,12,18,10,9,8
7,0,0,8,6,6,25,59,71,66,59,20,53,30,63,66,56,83,64,58,14,20,13,7,8,8
5,0,0,0,0,11,44,63,65,64,72,62,74,81,85,76,70,77,70,41,13,12,8,5,7,11
0,0,8,10,11,19,57,70,79,89,83,85,95,104,94,80,72,78,73,43,55,25,12,12,12,14
6,0,8,13,40,46,72,89,113,113,127,124,120,133,133,143,131,117,92,85,60,62,57,27,14,11
63,50,23,58,67,68,102,121,138,145,143,139,133,150,160,154,152,150,136,117,100,88,75,60,52,40
55,14,23,54,64,82,115,142,162,181,177,169,152,156,170,173,166,154,146,133,109,87,72,64,54,30
56,25,52,61,63,87,123,147,164,183,179,183,149,147,163,167,171,163,148,139,121,88,71,59,55,42
60,45,52,62,63,89,130,157,163,170,170,167,141,127,149,145,160,157,149,140,126,98,69,60,56,27
57,50,51,62,63,100,132,147,160,169,163,142,122,114,128,128,151,147,141,131,128,106,75,59,52,25
53,31,50,59,64,99,132,134,137,145,150,130,122,107,113,116,129,126,127,123,115,111,84,61,54,18
53,14,43,54,63,91,120,133,137,133,121,109,103,88,96,104,114,116,112,111,113,101,85,60,51,34
50,20,42,55,66,93,113,118,128,127,123,106,89,76,84,98,106,113,111,113,100,103,80,64,43,17
35,12,19,53,60,76,94,107,113,109,112,92,83,71,73,76,81,93,97,93,100,98,79,62,42,23
13,7,15,41,51,64,86,95,94,93,89,71,69,63,64,67,68,79,89,94,83,81,72,55,26,13
8,9,11,14,50,59,77,86,84,80,75,63,62,57,61,62,62,64,70,75,76,66,69,55,28,12
11,6,10,12,22,54,68,73,73,69,65,55,56,51,56,58,56,64,61,65,61,61,58,52,14,12
7,5,0,10,12,40,59,69,66,45,51,53,51,35,53,56,55,56,56,60,60,54,32,50,12,6
8,5,7,9,12,11,57,74,70,58,59,55,58,55,61,65,62,67,72,76,66,60,51,20,13,8
12,0,7,12,6,23,70,123,104,86,87,72,70,83,95,81,85,79,83,83,78,61,52,18,18,11
15,6,10,36,10,11,73,124,116,119,179,117,101,95,123,98,90,86,83,83,74,63,55,36,14,13
9,0,8,11,6,13,97,107,113,109,126,105,85,74,85,77,69,70,63,62,56,50,38,14,12,13
6,4,8,6,8,51,107,131,110,120,86,66,61,58,59,62,61,62,54,58,50,18,19,8,13,10
7,6,8,7,17,61,92,106,103,86,66,54,57,56,56,61,65,60,64,60,50,57,21,8,12,8
16,11,11,14,53,51,98,84,67,58,57,52,53,52,62,66,62,60,68,129,56,64,50,12,9,6
0,0,0,0,6,6,10,13,14,17,13,27,12,9,43,34,31,17,11,14,13,10,8,0,5,8
0,0,0,0,7,0,12,13,11,12,37,12,12,9,21,31,32,13,0,14,10,10,11,5,0,6
0,0,0,5,4,0,11,13,13,9,8,11,10,7,13,13,12,11,8,0,0,10,10,0,4,5
0,0,0,4,0,0,9,15,14,9,0,7,13,6,14,17,8,6,8,10,0,5,11,7,4,5
5,0,0,5,0,0,11,11,15,25,9,8,12,7,12,26,12,5,11,11,13,9,10,6,0,5
0,0,0,0,0,0,8,12,25,27,15,7,9,7,15,36,12,6,0,13,11,12,10,6,0,0
5,0,0,0,0,0,14,25,32,39,17,12,11,11,14,30,22,6,10,13,14,14,11,0,7,6
0,0,0,0,0,6,11,12,28,21,19,11,12,8,13,36,13,0,7,11,11,8,8,0,5,9
0,0,0,0,0,0,11,15,22,33,25,18,14,6,13,40,14,6,10,13,9,8,0,5,6,7
0,0,0,6,0,0,0,9,25,27,14,19,14,8,14,25,11,11,6,9,7,9,6,0,5,0
0,0,0,0,0,0,10,13,34,19,17,25,11,11,25,40,11,10,10,8,10,10,5,0,4,6
0,0,0,0,0,0,10,14,14,22,12,18,8,10,25,45,0,10,6,11,10,5,0,6,5,0
4,0,0,0,0,0,12,37,51,55,17,14,13,16,21,63,8,11,0,14,10,9,0,7,0,4
5,0,0,0,0,0,13,60,25,62,63,11,30,19,25,63,12,5,13,33,13,12,8,9,7,6
8,0,0,5,0,8,19,35,54,40,62,32,52,23,55,58,30,20,50,51,20,11,12,10,9,7
7,0,0,7,9,8,16,34,13,58,50,45,51,50,70,58,28,27,52,43,24,12,18,10,9,8
7,0,0,8,6,6,28,60,72,67,60,20,53,30,63,66,56,83,64,58,14,20,13,7,8,8
5,0,0,0,0,11,45,63,65,64,72,62,74,82,85,76,70,77,70,42,13,12,8,5,7,11
0,0,8,10,11,19,57,71,79,89,84,85,95,104,95,80,72,78,73,45,55,27,12,12,12,14
6,0,8,13,40,46,72,90,113,113,128,125,120,133,133,143,131,117,92,85,60,62,57,27,14,11
63,50,23,58,68,68,102,121,138,145,143,139,134,151,160,154,152,150,136,117,100,89,75,60,52,40
55,14,25,54,65,82,115,142,162,180,177,169,152,156,170,173,166,154,146,133,108,87,71,65,55,30
55,28,52,61,64,87,123,147,164,183,179,183,149,147,163,167,172,163,148,139,121,88,71,58,54,40
60,47,52,62,63,89,130,158,163,170,171,167,141,127,149,145,160,157,149,140,126,98,69,60,56,27
56,50,51,62,63,100,132,147,160,169,163,142,122,114,128,128,151,147,141,131,128,106,76,58,52,25
53,31,50,59,64,99,132,134,137,145,150,130,122,107,113,116,129,126,127,123,115,111,84,61,54,18
53,14,43,55,64,91,120,133,137,132,121,109,104,88,96,104,114,116,112,111,112,101,85,60,51,35
50,20,44,55,67,93,113,118,129,127,123,106,89,76,84,98,106,113,111,113,100,102,80,64,42,16
37,12,21,53,60,76,94,107,113,109,112,92,83,71,73,76,81,93,97,94,100,98,79,62,42,25
13,7,15,41,52,64,86,95,94,93,90,71,69,63,64,67,68,79,89,94,83,81,72,55,27,13
8,9,12,14,50,59,77,86,84,80,75,63,62,57,61,62,62,64,70,76,76,66,70,55,30,12
11,7,10,12,25,55,69,73,73,69,66,55,56,51,56,58,57,64,61,66,62,61,58,52,15,12
7,5,0,10,12,43,59,69,66,45,51,53,52,37,53,56,55,56,57,61,60,54,32,50,12,6
8,5,7,9,12,11,58,74,70,58,60,55,58,55,61,65,63,67,73,77,66,61,51,20,13,8
12,6,7,12,6,22,71,123,104,87,87,73,70,83,95,81,86,80,83,84,78,61,52,19,18,11
16,7,10,36,11,11,73,124,116,119,180,117,101,94,123,98,91,87,84,84,74,64,56,36,14,13
9,0,8,11,6,12,98,108,113,109,127,105,85,74,85,77,69,70,63,62,56,50,38,15,12,13
6,4,8,6,8,51,107,132,111,120,87,66,61,58,60,62,61,63,55,58,50,18,19,8,13,10
7,6,8,7,19,61,92,106,103,87,66,54,57,56,56,61,65,60,64,60,50,57,21,8,12,8
16,11,11,14,53,51,99,85,68,59,58,53,53,52,62,66,62,60,68,129,56,64,51,12,9,6
0,0,0,0,6,6,10,13,14,15,13,25,12,10,43,34,31,15,11,14,14,9,8,0,5,8
0,0,0,0,7,0,12,13,11,12,40,12,12,9,19,31,33,13,0,14,10,10,11,5,0,6
0,0,0,5,4,0,11,13,13,9,8,11,10,7,13,13,12,11,8,0,0,10,9,0,4,5
0,0,0,4,0,0,9,14,14,9,0,7,13,6,14,15,8,6,7,10,0,5,11,7,4,5
0,0,0,5,0,5,10,12,15,22,10,8,12,6,12,25,12,5,12,11,13,9,10,6,0,5
0,0,0,0,0,0,9,12,25,25,17,7,9,6,15,36,12,6,0,13,11,12,10,6,0,0
5,0,0,0,0,0,14,25,32,39,18,12,10,10,13,30,20,6,10,13,14,14,12,0,7,6
0,0,0,0,0,6,11,12,26,21,19,11,12,8,13,36,13,0,7,11,11,8,8,0,5,9
0,0,0,0,0,0,11,14,22,33,25,17,14,6,13,40,14,6,10,13,9,8,0,5,6,7
0,0,0,6,0,0,0,9,25,27,14,17,14,8,14,25,11,11,0,9,7,9,6,0,5,0
0,0,0,0,0,0,10,13,31,19,17,25,11,11,23,40,11,10,10,8,10,10,5,0,4,6
0,0,0,0,0,0,10,14,14,23,12,18,8,10,23,45,0,10,7,11,10,5,0,6,5,0
4,0,0,0,0,0,12,37,51,55,17,13,13,16,21,63,8,11,0,14,10,9,0,7,0,4
5,0,0,0,0,0,14,60,25,62,63,11,33,17,23,63,12,5,13,33,13,11,8,9,7,6
8,0,0,5,0,8,19,32,54,40,63,30,52,23,55,59,31,20,51,50,20,11,12,10,9,7
7,0,0,7,9,9,16,37,13,58,51,45,51,50,70,58,28,32,52,44,25,12,18,10,9,8
7,0,0,8,6,6,28,61,72,67,61,19,54,30,63,67,56,83,64,58,14,20,13,7,8,9
5,0,0,0,0,11,45,63,65,64,72,62,75,82,86,76,70,78,70,41,13,12,8,5,7,11
0,0,9,10,11,19,57,71,79,89,85,85,95,105,95,80,73,78,74,45,55,30,11,12,12,14
6,0,8,13,42,50,72,90,113,114,128,125,120,133,133,143,131,117,93,85,60,62,57,27,14,11
63,50,23,58,67,68,103,121,138,145,144,139,134,150,160,154,152,150,136,117,100,88,75,60,52,40
55,14,27,54,65,82,115,142,162,180,177,169,152,156,170,173,167,155,146,133,109,87,71,64,55,31
55,28,52,61,64,87,123,147,164,183,180,183,149,147,162,168,172,163,148,139,121,88,71,59,54,42
60,47,52,62,63,89,130,158,163,170,171,167,141,127,149,145,160,157,149,140,125,98,70,60,56,28
56,50,51,62,63,100,132,147,160,169,163,142,122,114,128,128,151,147,141,131,128,106,75,59,52,26
53,32,50,59,64,99,132,134,137,145,151,130,123,107,113,116,129,126,127,123,115,110,84,61,54,19
52,14,43,54,64,91,120,133,137,132,122,109,103,88,96,104,114,116,113,111,112,101,86,60,51,37
50,20,44,55,67,92,113,118,128,127,123,106,89,77,84,98,106,113,111,113,100,102,80,64,42,16
35,12,19,53,61,76,94,107,113,109,112,92,83,71,73,76,81,93,97,94,100,98,79,62,44,26
13,7,15,43,52,64,86,95,94,93,90,71,70,63,64,67,68,79,89,95,83,81,72,55,28,13
8,9,12,14,51,59,77,86,84,80,75,63,62,57,61,62,63,64,70,75,75,66,70,55,31,12
10,7,10,12,27,55,69,73,73,69,66,55,57,50,56,58,57,64,62,66,62,61,58,53,16,12
6,5,0,10,12,46,59,70,66,45,52,53,52,37,53,56,55,57,57,61,60,55,34,50,12,6
8,5,7,9,13,11,57,75,71,59,60,55,59,55,61,65,63,68,73,77,66,61,51,20,13,9
12,6,7,12,6,25,71,123,105,88,87,73,70,83,96,82,86,80,84,84,78,62,52,19,19,11
14,7,10,36,11,12,74,125,116,120,180,117,101,94,123,98,91,87,85,85,75,64,56,36,14,13
9,0,8,11,6,12,98,108,114,109,127,105,86,75,86,78,69,71,64,63,57,51,38,15,12,13
6,4,8,7,9,51,107,132,111,121,87,66,61,58,60,63,61,63,55,58,50,18,18,8,13,10
6,6,8,7,20,62,93,106,103,88,67,54,58,56,56,61,65,61,65,60,50,57,21,8,12,9
16,11,11,14,54,51,99,85,68,59,58,53,53,52,62,67,62,60,68,129,56,64,50,12,9,6
0,0,0,0,6,6,10,13,14,17,13,25,12,10,43,34,31,17,11,14,14,9,8,0,5,8
0,0,0,0,7,0,12,13,11,12,37,12,12,9,19,31,33,13,0,14,10,10,11,5,0,6
0,0,0,5,5,0,11,13,13,9,8,11,9,7,13,13,12,11,7,0,0,10,9,0,4,5
0,0,0,4,0,0,9,14,14,10,0,7,13,6,14,15,9,6,7,10,0,5,11,7,4,5
0,0,0,5,0,6,11,11,15,25,10,8,12,6,12,25,12,5,12,11,13,9,10,7,0,5
0,0,0,0,0,0,9,12,23,27,17,7,9,7,15,36,11,6,0,13,11,12,10,6,0,0
5,0,0,0,0,0,15,23,32,40,18,12,10,10,13,30,20,6,10,13,14,14,12,0,7,6
0,0,0,0,0,6,11,11,26,21,19,11,12,8,13,38,13,0,7,11,11,8,8,0,5,9
0,0,0,0,0,0,11,14,22,33,27,17,14,5,13,40,14,6,10,13,9,8,0,5,6,7
0,0,0,6,0,0,0,9,23,27,15,16,14,8,14,28,11,11,0,9,7,9,6,0,5,0
0,0,0,0,0,0,10,12,31,19,19,23,10,10,21,40,11,10,10,8,10,10,5,0,4,6
0,0,0,0,0,0,10,13,14,23,12,18,8,10,23,42,0,10,7,11,10,5,0,6,5,0
4,0,0,0,0,0,12,37,50,55,20,13,13,16,21,63,8,11,0,14,10,9,0,7,0,4
5,0,0,0,0,0,14,58,25,62,63,10,33,17,23,64,12,5,13,33,13,11,8,9,8,6
8,0,0,5,0,8,19,32,55,40,63,30,53,23,55,59,31,21,51,51,20,11,12,10,9,7
7,0,0,7,9,9,16,37,13,59,52,45,52,50,71,58,28,35,52,44,25,12,17,10,9,8
7,0,0,8,6,6,28,60,72,68,62,20,54,32,63,67,56,83,64,58,14,20,13,7,8,8
5,0,0,0,0,12,46,63,65,64,72,62,75,83,86,76,71,78,71,42,13,12,8,5,7,11
0,0,9,10,11,21,57,71,79,89,86,86,96,105,95,80,73,78,74,45,55,30,11,12,12,14
6,0,8,13,42,50,72,90,114,114,128,125,120,133,134,144,131,118,93,85,60,62,58,27,14,11
63,50,23,58,68,68,103,121,138,145,144,140,135,151,160,154,152,150,136,117,100,89,75,60,52,40
55,14,27,54,65,83,116,142,162,181,178,169,152,156,170,173,167,155,146,134,109,87,71,65,55,31
55,28,52,61,64,87,124,147,164,183,180,183,149,147,162,168,172,164,148,139,121,88,72,58,55,42
60,47,52,62,63,89,131,157,163,171,171,167,141,127,150,145,160,158,149,140,126,98,70,60,56,28
56,50,51,62,63,100,132,147,160,169,163,142,122,114,128,129,151,147,141,131,128,106,75,59,53,26
53,32,51,59,64,99,132,134,137,146,151,130,123,107,113,116,129,127,127,123,115,110,84,61,54,20
52,14,43,54,64,91,120,133,137,132,122,109,104,87,96,104,114,117,112,111,112,101,86,60,52,37
50,20,44,55,67,92,113,117,128,127,124,106,89,77,84,97,106,113,110,112,100,102,80,65,42,16
37,12,21,53,61,77,94,107,113,109,112,92,83,71,73,77,81,93,97,94,100,98,79,62,44,26
13,7,15,43,52,64,86,95,94,94,91,71,70,63,64,67,68,79,89,95,83,81,72,55,29,13
8,9,12,14,51,60,77,86,84,80,75,63,63,57,61,62,63,64,70,76,75,66,70,55,32,12
11,7,10,13,27,55,70,73,73,70,67,55,57,51,56,58,57,65,62,66,63,61,59,53,16,12
6,5,0,10,12,46,60,70,66,46,52,53,52,40,53,57,56,57,58,61,61,55,32,51,12,6
8,5,7,9,12,12,58,75,71,59,60,55,59,55,62,65,63,68,73,78,66,62,51,21,14,9
12,6,7,12,6,28,72,124,105,88,88,73,70,84,96,82,86,81,84,85,78,62,52,20,19,11
15,7,10,36,11,12,74,125,116,120,181,117,102,95,124,98,91,88,85,86,76,64,56,38,14,13
9,0,8,11,6,12,100,108,114,110,127,105,86,75,86,78,70,71,64,63,57,52,39,15,12,13
6,5,8,7,9,51,107,132,111,121,88,67,62,58,60,63,62,63,56,58,50,17,18,8,13,10
6,6,8,7,20,62,94,106,104,89,67,54,58,57,57,62,66,61,65,60,50,57,20,8,12,9
16,11,11,14,54,51,100,85,69,59,59,53,53,53,63,67,62,60,68,129,56,64,50,12,9,6
0,0,0,0,6,6,10,13,14,17,13,22,12,10,43,34,30,17,11,14,14,8,8,0,5,8
0,0,0,0,7,0,13,13,11,12,40,12,12,9,19,31,32,13,0,14,10,10,11,5,0,6
0,0,0,5,5,0,11,13,13,9,8,11,9,7,13,13,12,11,7,0,0,10,9,0,4,5
0,0,0,4,0,0,9,14,14,10,0,7,12,6,14,15,9,6,7,10,0,5,11,7,4,5
0,0,0,5,0,6,11,11,15,25,10,8,12,6,12,25,12,5,12,11,13,9,10,6,0,5
0,0,0,0,0,0,9,12,23,25,17,7,9,6,15,36,11,5,0,13,10,12,10,6,0,0
5,0,0,0,0,0,15,23,32,40,20,12,10,10,14,30,20,6,10,12,13,14,12,0,7,6
0,0,0,0,0,6,11,11,25,21,19,11,12,8,13,38,13,0,7,11,11,8,8,0,5,9
0,0,0,0,0,0,11,14,22,33,27,15,14,5,13,40,14,6,10,13,10,8,0,5,6,7
0,0,0,6,0,0,0,9,25,27,17,16,14,7,14,25,12,11,0,9,7,9,6,0,5,0
0,0,0,0,0,0,10,12,34,19,21,23,10,10,19,40,11,10,10,8,10,10,5,0,4,6
0,0,0,0,0,0,10,14,14,25,12,16,8,10,23,42,0,10,6,11,10,5,0,6,5,0
4,0,0,0,0,0,12,37,50,55,20,13,13,16,21,63,8,11,0,14,10,9,0,7,0,4
5,0,0,0,0,0,14,60,28,62,65,11,33,17,23,64,12,5,13,33,13,11,8,9,8,6
8,0,0,5,0,9,19,28,56,43,65,30,53,23,56,59,32,22,52,51,20,11,12,10,9,7
7,0,0,7,9,9,16,40,13,61,52,45,52,50,71,58,28,40,53,44,25,12,18,10,9,8
7,0,6,8,6,6,28,60,72,68,63,20,55,30,63,67,56,84,64,58,14,18,13,7,8,9
5,0,0,0,0,12,47,64,65,65,73,62,75,83,86,77,71,78,70,42,13,12,8,5,7,11
0,0,9,10,11,21,57,71,80,90,86,86,96,106,95,81,73,79,74,45,55,30,12,12,12,14
6,0,8,13,42,51,72,90,114,114,128,125,120,133,134,144,131,118,93,86,60,62,58,29,14,12
63,50,23,58,67,68,103,121,138,146,144,140,135,151,160,154,152,151,136,117,100,89,76,60,52,41
55,14,27,55,66,83,116,142,162,181,178,169,152,156,170,173,167,156,146,134,109,87,71,65,55,31
55,28,52,62,64,88,123,148,164,183,180,183,150,147,162,168,172,164,148,139,120,88,72,58,55,40
60,47,52,62,63,89,130,157,163,171,172,167,141,127,150,145,160,158,149,140,126,98,70,60,57,28
56,50,51,62,63,100,132,147,160,169,164,142,122,114,128,129,151,147,141,131,128,106,75,59,53,26
53,33,50,60,64,99,132,134,137,146,150,130,123,107,113,116,129,127,127,123,115,110,84,61,54,20
53,14,44,55,64,91,120,133,137,132,122,109,104,87,95,104,114,117,112,111,112,101,85,60,52,39
50,20,46,55,67,93,113,117,128,127,124,106,89,77,84,97,106,113,110,112,100,102,80,65,43,16
37,12,21,53,61,77,95,107,113,109,112,92,83,71,73,77,81,93,97,94,100,97,79,62,44,26
13,7,14,43,53,65,86,95,94,95,91,71,70,63,64,67,68,79,89,95,83,81,72,55,29,13
8,9,12,15,51,60,77,86,84,81,75,63,63,57,61,63,63,65,70,76,75,66,70,55,34,12
11,7,10,13,29,56,70,73,74,70,67,56,57,51,56,58,57,65,62,67,63,61,59,53,18,12
6,5,0,10,12,50,60,70,67,46,52,53,52,40,54,57,56,57,58,62,61,55,34,51,13,6
8,5,7,9,13,12,58,75,71,59,61,55,59,56,62,66,64,69,74,78,67,62,51,23,14,9
12,6,8,12,6,31,72,124,105,88,88,73,71,84,96,82,87,81,84,85,79,62,52,20,19,11
15,7,10,36,11,11,74,125,117,120,181,117,101,95,124,98,92,88,85,87,76,64,56,39,14,13
9,0,8,11,7,12,100,109,114,110,128,105,86,75,87,78,70,71,65,63,57,52,39,15,12,13
6,5,8,7,9,52,108,132,111,122,89,67,62,59,61,63,62,64,56,59,50,17,17,8,14,11
6,6,8,7,21,63,95,106,104,89,68,55,58,57,57,62,66,61,65,60,50,57,20,9,12,9
16,11,11,14,54,51,100,85,69,60,59,53,53,53,63,67,62,60,67,129,56,64,51,12,9,6
0,0,0,0,6,6,10,13,14,17,13,22,12,10,43,34,30,17,10,14,14,8,7,0,5,8
0,0,0,0,7,0,13,13,11,12,40,12,12,9,19,29,32,13,0,14,10,10,11,5,0,6
0,0,0,6,5,0,11,13,13,10,7,11,9,7,13,13,12,11,7,0,0,10,9,0,4,5
0,0,0,4,0,0,9,14,14,10,6,7,12,6,14,17,9,6,7,9,0,5,10,7,4,5
0,0,0,5,0,6,11,11,15,25,10,8,12,6,12,25,12,5,12,11,13,9,10,7,0,5
0,0,0,0,0,0,9,12,23,25,17,7,9,6,14,37,12,5,0,12,11,12,9,6,0,0
5,0,0,0,0,0,15,23,32,40,21,11,10,10,14,31,20,6,10,12,13,14,12,0,7,5
0,0,0,0,0,6,11,11,25,21,19,11,11,8,13,36,13,0,7,11,11,8,8,0,5,9
0,0,0,0,0,0,11,14,22,33,27,15,14,5,13,40,14,6,10,12,9,8,0,5,6,7
0,0,0,6,0,0,0,9,25,27,17,15,14,7,14,28,12,11,0,9,7,9,6,0,5,0
0,0,0,0,0,0,10,13,34,19,21,23,10,10,19,40,11,10,10,8,10,10,5,0,4,6
0,0,0,0,0,0,10,13,14,25,12,15,8,10,23,42,0,10,6,11,10,5,0,6,5,0
4,0,0,0,0,0,12,41,52,55,20,13,13,16,23,64,8,11,5,14,10,9,0,7,0,4
5,0,0,0,0,0,14,58,28,62,63,11,33,17,25,64,12,6,13,33,13,11,8,9,8,6
8,0,0,5,0,9,19,28,56,43,66,30,53,23,56,59,34,23,52,50,22,11,12,10,9,7
7,0,0,7,9,9,15,40,13,62,53,45,52,50,72,59,28,45,53,43,26,12,18,10,9,8
7,0,6,8,6,6,28,60,72,69,64,22,55,30,63,67,56,85,64,58,14,18,13,7,8,9
5,0,0,0,0,12,47,64,66,65,74,63,75,83,86,77,71,80,71,41,13,12,8,5,7,11
0,0,9,10,11,19,57,71,80,90,86,86,96,106,96,81,73,79,74,45,55,32,12,12,12,14
6,0,8,13,40,51,73,90,114,114,129,125,120,133,134,144,131,118,93,85,60,62,58,29,14,11
63,51,23,58,67,68,103,121,138,146,144,140,135,151,160,154,152,151,136,117,100,89,76,60,52,40
55,14,25,55,66,83,116,142,162,182,179,169,152,156,170,173,167,156,147,134,109,87,71,65,55,31
55,28,52,62,64,88,123,148,165,183,180,183,149,146,163,168,172,164,148,139,120,88,71,58,55,42
60,47,52,62,63,89,130,157,163,171,172,167,141,127,150,145,161,158,149,140,126,98,70,60,56,29
57,50,51,62,63,100,132,146,160,169,164,142,122,113,128,129,151,147,141,131,128,106,75,59,53,26
53,32,50,60,64,99,132,134,137,146,150,130,122,106,113,116,129,127,127,123,114,110,84,62,54,21
53,14,44,54,64,91,120,133,137,133,123,109,104,87,96,104,114,117,112,111,112,101,85,60,52,39
50,21,46,55,67,93,113,117,128,128,124,107,89,77,84,97,106,114,110,112,100,102,80,65,44,17
37,12,19,54,61,77,95,107,113,109,112,92,84,71,73,77,81,94,97,93,100,97,79,63,45,27
13,7,15,45,53,65,86,95,95,95,91,71,70,63,64,67,68,80,89,95,84,81,72,55,31,13
8,9,12,15,51,60,77,86,85,81,76,63,63,57,62,63,63,65,71,75,75,66,71,55,35,12
11,7,10,13,31,56,70,73,74,70,67,56,57,51,57,58,57,66,62,66,63,61,59,54,20,12
6,6,0,10,12,50,60,70,67,48,52,53,52,40,54,57,56,57,58,62,61,55,36,51,13,6
8,5,7,10,13,12,58,75,72,59,61,55,59,56,62,66,64,70,74,78,67,63,51,25,14,9
13,6,8,12,6,34,72,124,105,88,88,73,71,84,97,82,87,81,84,85,79,63,52,21,20,11
15,7,10,36,11,11,75,125,117,120,181,117,101,95,124,98,92,89,85,87,76,64,57,40,15,13
9,0,9,11,7,12,100,109,114,110,128,105,86,76,87,79,70,72,65,63,57,52,39,16,12,13
6,5,8,7,10,53,108,132,111,122,89,67,62,59,61,64,62,64,57,59,50,17,17,8,14,10
7,6,8,8,20,63,95,106,104,90,68,55,58,57,57,62,66,62,65,60,50,57,18,9,12,9
16,11,11,15,54,52,100,86,70,60,60,54,53,53,63,67,62,61,68,128,56,64,50,12,9,6
0,0,0,0,6,6,10,13,14,20,13,25,12,10,43,33,30,17,10,14,14,8,7,0,5,8
0,0,0,0,7,0,13,13,11,12,40,12,12,9,19,29,30,13,0,14,10,10,11,5,0,6
0,0,0,5,5,0,11,13,13,10,7,11,9,7,13,13,13,11,7,0,0,10,9,0,4,5
0,0,0,4,0,0,9,14,14,10,6,7,12,6,14,17,9,6,7,9,0,5,11,7,4,5
5,0,0,5,0,6,11,11,17,27,10,8,12,6,12,26,12,5,11,11,13,9,10,7,0,0
0,0,0,0,0,0,9,12,25,25,17,7,9,6,15,37,11,5,0,13,11,12,10,6,0,0
6,0,0,0,0,0,15,23,32,42,22,11,9,10,14,31,20,6,10,13,13,14,12,0,7,5
0,0,0,0,0,6,11,11,26,21,21,11,11,8,13,36,13,0,7,11,11,8,8,0,5,9
0,0,0,0,0,0,11,14,22,33,29,15,14,5,13,40,14,6,10,12,9,8,0,5,6,7
0,0,0,6,0,0,0,9,25,30,19,16,14,7,14,25,12,11,6,9,7,9,6,0,5,0
0,0,0,0,0,0,10,13,37,19,23,25,10,10,21,40,11,10,10,8,10,10,6,0,5,6
0,0,0,0,0,0,10,13,14,25,12,16,8,10,21,42,0,11,6,11,10,5,0,6,5,0
4,0,0,0,0,0,12,37,54,56,22,14,13,16,23,63,8,11,0,14,10,9,0,7,0,4
6,0,0,0,0,0,13,60,31,62,63,11,33,17,27,64,12,6,13,33,13,11,8,9,8,6
8,0,0,5,0,9,19,28,58,46,66,32,53,25,57,59,34,23,52,51,22,11,12,11,9,7
7,0,0,7,9,9,15,43,14,63,53,46,52,50,72,59,28,45,53,43,25,12,19,11,9,8
7,0,6,8,6,6,31,60,72,71,63,22,55,32,63,68,56,85,64,58,14,16,13,7,8,8
5,0,0,0,0,12,48,64,66,66,74,63,75,83,86,78,72,80,71,42,13,12,8,5,8,11
0,0,9,10,11,21,57,71,80,91,86,87,96,106,96,81,73,79,74,45,55,30,12,12,12,14
6,0,8,14,40,51,73,90,114,114,128,125,120,133,134,144,131,119,93,86,60,61,58,29,14,12
63,50,23,58,68,68,103,121,138,146,144,140,134,151,160,154,153,151,136,118,100,89,77,60,52,40
55,14,27,55,65,83,116,142,162,182,179,170,152,156,170,173,167,156,146,134,108,87,72,66,55,31
56,31,53,62,64,88,123,148,165,184,180,183,149,146,163,167,171,164,148,139,120,88,72,58,55,40
60,47,52,62,63,89,130,157,163,172,172,167,141,127,150,145,161,158,149,140,126,98,70,60,56,28
57,50,51,62,63,101,132,146,160,170,164,142,122,113,128,129,151,147,141,131,128,106,76,59,53,26
53,32,50,60,64,99,132,135,137,146,150,130,122,106,113,116,129,127,127,123,114,110,84,62,54,20
53,13,46,55,64,92,120,134,137,133,123,109,104,87,96,104,114,117,112,111,112,101,85,60,52,37
50,21,46,55,67,93,114,117,129,128,124,107,89,77,84,97,106,113,110,112,100,102,80,65,46,16
39,12,19,54,61,78,95,106,114,109,112,92,83,71,74,77,81,94,97,94,100,97,79,63,45,27
13,7,15,43,52,65,86,95,95,95,90,71,70,63,65,67,68,80,89,95,84,81,73,56,31,13
8,9,12,15,51,60,78,86,85,81,75,64,63,58,62,63,63,65,70,75,76,66,71,55,35,12
11,7,10,13,31,56,70,74,74,70,68,56,57,51,57,59,57,66,62,67,63,61,59,54,21,12
7,6,0,10,12,50,60,70,67,50,52,54,52,45,54,57,56,57,58,63,62,55,36,51,13,6
9,6,7,10,13,12,59,75,72,60,61,56,59,56,62,66,64,70,74,78,67,63,52,27,14,10
13,6,8,12,6,34,72,124,105,88,88,73,72,84,97,82,88,82,85,86,80,63,52,21,21,11
18,7,11,36,12,11,75,125,117,121,181,117,101,95,125,98,92,89,85,87,77,65,57,40,15,14
9,0,9,11,7,13,100,109,114,110,127,106,86,76,88,79,71,72,65,63,58,53,40,16,12,13
6,5,8,7,10,53,108,132,112,123,90,67,62,59,61,64,62,65,57,59,50,17,17,9,14,10
7,6,8,8,20,64,95,106,105,90,68,56,58,57,57,62,66,62,65,60,50,57,20,9,12,9
17,11,11,15,54,52,100,86,70,60,60,54,54,53,63,67,62,61,67,128,56,64,51,12,10,6
0,0,0,0,6,6,10,13,14,17,13,25,12,10,41,34,30,15,10,14,14,8,7,0,5,8
0,0,0,0,7,0,13,13,11,12,40,12,12,9,19,29,32,13,0,14,10,10,11,5,0,6
0,0,0,5,5,0,11,13,13,10,7,11,9,7,13,13,12,11,7,0,0,10,9,0,4,5
0,0,0,4,0,0,9,14,14,10,7,7,12,6,14,17,9,6,7,9,0,5,11,7,4,5
0,0,0,5,0,6,11,11,17,25,10,8,12,6,12,28,12,5,11,11,13,9,10,7,0,5
0,0,0,0,0,0,9,12,25,23,17,7,9,6,14,37,12,5,0,12,10,12,10,6,0,0
6,0,0,0,0,0,14,25,32,40,22,11,9,10,14,31,20,6,10,13,13,14,12,0,7,5
0,0,0,0,0,5,11,12,25,21,19,11,11,8,13,38,13,0,7,11,11,8,8,0,5,9
0,0,0,0,0,0,11,14,20,30,25,14,14,5,13,40,14,6,10,12,9,8,0,5,6,7
0,0,0,6,0,0,0,9,25,27,19,16,13,7,14,25,12,11,6,9,7,9,6,0,5,0
0,0,0,0,0,0,10,12,34,17,23,25,10,10,19,40,12,10,10,8,10,10,6,0,4,6
0,0,0,0,0,0,10,14,14,25,12,15,9,10,19,45,0,11,6,11,10,5,0,6,5,0
4,0,0,0,0,0,12,41,54,56,20,14,13,16,23,63,8,11,5,14,10,9,0,7,0,4
6,0,0,0,0,0,13,60,34,62,65,11,33,17,27,64,12,6,13,33,13,11,8,9,8,6
8,0,0,5,0,9,19,28,58,46,66,33,53,25,57,59,32,23,53,51,22,11,12,11,9,7
7,0,0,7,9,9,15,40,14,63,53,46,52,50,73,59,28,47,54,44,26,12,20,11,9,9
7,0,6,8,6,6,31,60,72,70,63,23,55,32,62,68,57,85,64,58,14,16,13,7,8,9
5,0,0,0,0,12,50,64,66,65,75,63,75,83,86,78,72,80,71,42,13,12,8,5,8,11
0,0,9,10,11,21,57,72,80,91,86,87,96,107,96,82,73,79,74,47,55,30,12,12,12,14
6,0,8,13,42,50,73,90,114,114,128,125,120,133,134,144,131,119,93,86,60,61,58,29,14,12
63,50,25,59,68,68,103,121,138,146,144,140,134,151,160,154,153,151,136,118,100,89,77,61,52,40
55,14,27,55,66,83,116,142,162,182,178,170,152,156,171,174,167,156,147,134,109,87,73,66,55,33
56,31,52,62,64,87,123,148,165,184,180,183,149,146,163,168,171,164,148,139,120,88,72,59,55,40
60,47,52,62,63,89,130,157,163,171,172,168,141,127,150,145,161,158,149,140,125,98,70,60,56,28
57,50,51,62,64,100,132,147,160,169,164,142,122,113,128,129,151,147,141,131,128,106,76,59,53,26
53,33,50,60,64,99,132,135,137,146,150,130,122,106,113,116,129,127,127,123,115,110,84,62,54,20
53,13,46,55,64,91,120,133,137,133,123,109,104,87,96,104,114,117,112,111,112,101,85,60,52,37
50,22,46,55,68,92,113,118,129,128,124,107,89,76,84,97,106,114,110,112,100,102,80,64,46,16
37,12,21,54,62,78,95,107,114,109,112,92,83,71,74,77,81,93,97,93,100,97,79,62,45,27
13,7,17,45,52,65,86,95,95,94,90,71,70,63,65,67,68,79,89,95,84,81,73,56,30,13
8,9,12,15,51,60,77,87,85,81,75,64,63,58,62,63,63,65,70,75,76,66,71,56,36,12
11,7,10,13,33,56,70,74,75,70,68,56,57,51,58,59,57,66,62,67,63,61,59,54,21,12
6,6,0,10,12,50,60,70,67,50,53,54,52,45,54,57,56,57,58,62,62,55,38,51,13,7
9,6,7,10,13,12,59,76,72,60,61,56,59,56,62,66,64,70,75,78,68,63,52,27,14,10
13,6,8,12,6,37,72,124,105,88,88,74,72,84,97,83,88,82,85,86,80,64,53,21,22,12
20,7,11,36,12,11,76,125,118,121,181,117,101,95,125,99,92,89,86,88,77,65,57,40,16,13
9,0,9,11,7,13,100,109,114,110,128,106,86,76,88,79,71,72,65,64,58,53,40,16,12,13
6,5,8,7,10,53,108,132,112,123,90,67,62,59,61,64,62,65,57,58,50,16,17,9,14,10
8,6,8,8,21,64,95,107,105,90,69,56,59,57,57,62,66,62,65,60,50,56,21,9,12,9
17,11,11,16,54,52,101,86,70,60,60,54,54,53,63,68,63,61,67,128,56,63,51,12,10,7
0,0,0,0,6,6,10,13,14,20,13,27,12,10,39,34,31,17,10,14,14,8,7,0,5,8
0,0,0,0,7,0,13,13,11,12,37,12,12,9,19,29,32,13,0,14,10,10,10,5,0,6
0,0,0,5,5,0,11,13,13,10,8,11,9,7,13,13,12,11,7,0,0,10,9,0,4,5
0,0,0,4,0,0,9,14,14,10,7,7,12,6,14,17,9,6,7,9,0,5,10,7,4,5
5,0,0,5,0,6,11,11,17,25,10,8,12,6,12,26,12,5,12,11,13,9,10,7,0,5
0,0,0,0,0,0,9,12,23,23,17,7,9,6,14,36,12,5,0,12,10,12,9,6,0,0
6,0,0,0,0,0,14,25,32,40,21,11,9,10,14,31,20,6,11,13,13,14,12,0,7,6
0,0,0,0,0,5,11,12,26,20,19,11,11,8,13,36,13,0,7,11,11,8,8,0,5,9
0,0,0,0,0,0,11,14,20,27,25,14,14,4,13,40,14,6,10,12,9,7,0,5,6,7
0,0,0,6,0,0,0,9,25,27,17,16,13,7,13,28,12,11,6,9,7,9,6,0,5,0
0,0,0,0,0,0,10,13,34,17,23,25,10,10,21,37,12,10,10,8,10,9,6,0,5,6
0,0,0,0,0,0,10,14,14,23,12,15,9,10,19,42,0,11,7,11,10,6,0,6,5,0
4,0,0,0,0,0,12,41,55,55,22,14,13,18,25,63,8,12,6,14,10,9,0,7,0,4
6,0,0,0,0,0,13,60,37,62,65,11,33,16,30,65,12,6,13,33,13,11,8,9,7,6
8,0,0,5,0,9,19,28,59,43,66,32,53,25,57,60,34,23,53,51,22,11,12,11,9,7
7,0,0,7,9,9,14,43,14,63,53,46,53,50,73,60,28,47,54,44,26,12,19,11,9,9
7,0,6,8,5,6,31,61,73,70,63,23,55,34,63,68,58,86,64,58,15,20,13,7,9,9
5,0,0,0,0,12,50,64,67,65,75,63,76,86,87,78,73,80,72,44,13,13,8,6,8,12
0,0,9,10,11,21,58,72,80,91,87,87,97,108,98,84,76,82,76,51,56,45,12,13,13,18
6,0,8,13,42,50,73,91,115,114,128,125,120,133,135,145,133,121,97,89,62,63,59,33,14,12
63,50,25,59,69,68,103,122,139,146,144,140,134,152,160,155,153,152,137,119,101,89,77,61,54,44
55,14,27,54,66,84,116,142,162,182,178,170,152,157,171,174,168,156,147,134,109,87,73,66,55,33
56,34,52,62,65,87,124,148,165,184,181,184,149,147,163,168,172,164,149,139,120,87,72,59,55,43
60,47,52,62,63,89,131,157,163,172,172,167,141,127,150,146,161,158,149,139,125,98,70,60,56,29
57,50,51,62,64,100,132,147,161,169,164,142,122,113,127,129,151,147,141,131,128,105,75,59,52,28
53,33,50,60,64,99,132,135,137,146,150,130,122,106,113,116,129,127,127,122,114,110,83,62,54,20
53,13,44,55,64,91,120,133,137,133,123,109,103,87,96,104,113,117,112,110,112,101,85,60,51,35
50,21,46,55,68,92,114,118,129,127,124,106,89,76,84,97,106,113,110,112,100,102,80,64,43,17
37,12,19,54,62,77,95,107,113,109,112,92,83,71,74,77,81,93,97,93,100,97,78,62,42,25
14,8,19,45,53,65,86,95,95,94,90,71,70,63,65,67,68,79,89,95,84,81,72,55,27,13
8,9,12,15,52,60,78,87,85,81,75,64,63,59,62,63,63,65,70,75,75,66,70,56,32,12
11,7,10,13,33,56,70,74,75,70,68,56,57,51,58,59,58,66,62,67,63,61,59,53,15,12
7,6,0,10,12,50,61,71,67,50,53,54,52,45,54,57,56,58,58,62,61,55,38,51,13,6
9,6,7,10,13,12,59,76,73,61,61,56,59,56,63,67,65,70,75,78,68,62,51,27,14,10
13,6,8,12,6,37,73,124,105,88,88,74,72,85,98,84,88,82,85,86,80,63,53,20,20,12
18,7,11,34,12,11,76,126,118,121,182,117,102,95,126,99,92,90,86,88,77,64,56,39,15,13
9,0,9,10,7,13,101,109,114,110,128,106,87,77,88,79,71,72,65,64,58,52,40,16,12,13
6,5,8,7,10,53,108,133,112,123,90,68,62,59,62,64,62,65,57,58,50,17,17,9,13,10
7,6,8,8,21,64,96,107,106,91,69,56,59,57,58,62,66,62,65,60,50,57,18,8,12,9
17,11,12,16,54,52,101,86,71,61,60,54,54,53,63,68,63,61,67,127,56,63,50,11,9,6
0,0,0,0,7,6,10,13,14,20,13,29,13,10,45,37,32,15,10,14,13,7,7,0,5,9
0,0,0,0,7,0,12,13,11,12,37,12,12,9,23,32,33,12,0,14,10,10,10,5,0,7
0,0,0,6,4,0,10,13,13,11,8,11,9,7,13,13,13,11,7,0,0,9,9,0,4,5
0,0,0,4,0,0,8,14,14,10,6,7,12,6,14,15,9,6,7,9,0,5,10,7,5,5
0,0,0,4,0,0,10,11,15,20,10,8,12,6,12,22,12,5,11,9,12,8,9,6,0,5
0,0,0,0,0,0,8,12,21,21,14,7,9,6,15,33,11,0,0,11,8,11,9,6,0,0
6,0,0,0,0,0,14,21,31,40,21,11,8,11,14,30,20,5,10,12,12,13,11,0,7,6
0,0,0,0,0,4,11,11,24,20,17,11,11,8,13,36,13,0,6,10,10,8,8,0,5,9
0,0,0,0,0,0,10,14,20,27,27,15,14,5,13,42,14,5,10,11,10,7,0,4,6,7
0,0,0,6,0,0,5,10,25,27,23,19,14,7,14,31,11,10,0,9,8,8,6,0,5,0
0,0,0,0,0,0,9,13,34,21,27,25,11,9,25,34,11,10,10,9,10,8,6,0,4,6
0,0,0,0,0,0,10,12,14,23,14,18,9,10,23,37,6,11,8,11,9,6,0,6,5,0
4,0,0,0,0,0,12,37,46,58,35,15,14,20,33,64,10,13,7,14,11,9,0,7,0,5
6,0,0,0,0,0,13,60,50,62,68,12,44,20,44,67,12,7,14,33,13,11,8,9,7,6
8,0,0,5,0,8,15,23,63,54,70,33,56,30,60,61,40,25,53,52,20,11,12,11,9,7
8,0,0,8,10,9,14,51,27,67,62,51,57,56,79,64,48,51,57,47,27,13,19,11,10,9
8,0,6,9,7,8,40,66,81,79,77,40,62,59,72,77,70,98,70,60,21,26,13,8,10,11
6,0,0,0,6,14,55,70,79,79,97,78,88,104,103,88,84,92,79,53,19,13,9,7,9,13
6,0,10,12,13,50,64,84,102,108,108,104,112,124,112,101,92,99,87,60,61,52,14,16,14,29
8,0,9,15,52,55,82,103,123,123,136,135,135,146,148,157,142,130,108,99,71,66,63,47,22,14
65,51,37,61,73,72,107,127,143,152,153,150,148,166,170,164,160,158,141,124,105,93,80,63,55,50
56,16,36,60,73,88,117,144,168,188,185,179,162,165,177,179,173,161,148,136,112,90,76,65,55,43
58,50,56,62,68,91,126,149,170,189,187,193,157,153,169,173,176,166,150,139,121,87,72,60,55,48
60,47,52,63,64,89,131,158,165,174,177,177,145,130,154,149,164,158,148,139,124,97,69,60,55,33
56,46,50,61,64,98,130,146,161,170,167,146,124,114,129,130,152,147,140,129,126,104,74,58,50,36
53,31,50,59,63,96,127,131,135,144,150,131,121,105,112,115,129,126,126,119,112,107,81,61,54,22
53,13,42,54,63,87,114,128,131,128,119,105,100,85,94,101,111,113,109,107,108,97,81,58,50,34
50,17,36,54,65,85,107,111,120,118,117,99,84,74,81,93,102,109,106,108,95,96,75,60,36,18
32,12,15,52,59,71,89,100,104,101,106,86,79,69,72,74,79,90,93,89,94,90,72,59,35,20
13,7,14,37,51,60,81,88,87,87,83,69,68,62,64,66,67,76,84,89,78,75,67,51,19,13
8,9,11,14,50,58,72,81,79,77,72,63,62,58,61,62,62,63,67,71,71,62,64,51,21,12
11,7,10,12,25,54,66,70,71,67,68,57,57,51,58,59,57,64,60,63,58,58,55,50,13,11
7,5,0,10,12,37,57,68,65,46,53,55,53,42,53,56,56,56,56,58,57,51,26,30,11,6
9,6,7,9,13,12,56,73,71,60,61,58,59,56,62,66,64,68,71,72,61,56,45,14,13,9
13,6,8,12,7,23,68,118,103,86,88,73,71,83,95,80,84,78,77,77,71,56,46,15,14,11
18,7,10,36,13,10,71,118,114,117,173,117,99,91,119,92,86,83,78,77,69,59,51,31,13,12
9,0,9,10,7,13,94,105,111,108,127,106,85,74,84,74,69,68,61,60,53,50,32,14,12,13
6,5,8,7,9,51,105,128,108,119,87,68,61,58,59,61,60,61,53,55,41,14,14,8,13,11
7,6,8,7,18,60,89,104,101,85,66,54,57,54,55,61,65,55,59,54,41,42,13,8,11,9
14,10,10,13,52,48,92,80,66,57,56,52,52,50,59,65,65,57,58,102,43,54,30,10,8,7
0,0,0,0,7,7,10,13,14,22,13,33,13,10,43,34,31,14,9,13,13,7,7,0,5,9
0,0,0,0,7,0,12,13,11,13,31,12,12,9,21,28,33,12,0,12,9,10,9,4,0,7
0,0,0,6,5,0,10,13,14,12,7,11,9,7,12,12,12,10,6,0,0,9,8,0,4,5
0,0,0,4,0,0,8,14,14,11,6,7,12,6,14,14,9,5,6,8,0,5,9,7,4,5
0,0,0,4,0,5,9,11,15,20,10,9,11,6,12,17,12,4,10,8,11,7,9,5,0,5
0,0,0,0,0,0,7,12,21,23,14,7,8,6,14,29,11,0,0,10,7,10,8,5,0,0
6,0,0,0,0,0,14,18,31,39,22,11,0,11,13,28,17,0,9,10,10,11,10,0,6,6
0,0,0,0,0,0,11,10,22,21,19,11,11,8,13,31,13,0,0,9,9,6,7,0,5,9
0,0,0,0,0,0,10,14,20,30,27,17,14,5,13,37,14,5,10,10,9,6,0,0,5,7
0,0,0,6,0,0,8,11,28,30,27,23,14,7,14,25,12,10,0,9,7,8,5,0,5,0
0,0,0,0,0,0,9,14,34,25,31,27,11,8,27,25,11,9,10,8,9,7,6,0,4,6
0,0,0,0,0,0,10,13,17,25,14,20,9,10,30,30,7,11,9,11,8,7,0,6,5,0
4,0,0,0,0,0,12,45,37,61,45,23,14,18,41,64,13,14,9,14,11,8,0,7,0,5
6,0,0,0,0,0,14,60,55,66,72,14,52,20,53,71,14,9,19,33,13,12,9,10,8,6
9,0,0,6,0,9,15,23,68,65,76,39,61,35,65,63,50,36,59,56,25,11,12,12,10,8
8,0,0,8,11,9,14,54,47,72,67,54,59,57,79,64,52,53,58,43,26,12,18,11,10,9
10,6,7,10,9,9,46,69,84,82,82,51,64,64,74,78,72,100,68,58,17,26,13,8,10,11
8,0,5,0,7,19,58,72,82,84,102,85,93,109,107,91,89,95,77,53,20,13,8,7,9,14
10,0,11,13,22,54,69,92,110,116,116,112,118,131,117,106,99,104,90,63,61,52,15,23,14,33
10,5,10,23,56,60,90,110,131,129,141,140,142,152,153,161,144,132,110,98,72,66,63,50,22,14
67,54,50,62,76,77,112,132,148,160,162,159,155,170,172,164,161,158,140,121,104,91,79,63,55,51
58,28,50,64,81,94,120,148,174,195,192,188,169,167,176,177,173,159,146,131,108,86,73,63,53,43
60,53,59,65,71,97,129,155,175,193,192,205,164,155,168,170,175,163,146,134,113,82,70,60,53,47
61,50,54,64,66,94,134,162,169,178,182,186,149,131,153,147,162,155,143,132,116,91,67,59,53,35
57,46,51,60,66,102,131,148,163,173,171,151,126,113,126,127,149,144,135,123,118,97,71,57,45,36
54,30,50,59,65,98,128,131,136,146,153,133,122,104,110,112,125,122,121,112,106,100,76,58,52,21
52,13,40,53,64,87,113,126,130,129,119,106,100,83,91,97,107,109,104,102,102,91,76,56,46,31
46,14,30,54,65,84,103,109,117,116,116,98,83,72,78,89,98,104,100,103,89,89,71,57,28,17
26,11,14,51,58,68,86,96,101,98,102,82,75,67,69,71,75,86,89,84,89,82,66,54,28,14
12,7,14,33,50,58,77,82,83,83,79,67,65,60,62,64,65,72,80,83,72,69,61,42,13,12
8,8,11,13,35,57,66,76,75,74,70,62,60,56,59,60,60,61,64,66,65,58,58,38,13,11
10,7,9,12,17,53,62,66,68,63,66,57,56,50,56,56,54,60,56,59,54,53,50,26,12,10
6,5,0,9,12,23,53,65,62,43,53,55,52,27,51,54,53,54,53,54,53,27,15,14,9,5
9,5,7,9,13,11,53,70,69,60,61,58,59,55,61,64,62,65,66,66,55,48,29,13,12,7
12,0,7,12,8,14,58,111,101,83,87,72,69,79,90,76,80,73,71,69,63,51,21,13,13,10
14,6,10,32,13,8,64,111,111,113,161,117,95,86,112,86,79,77,70,68,61,54,35,25,12,11
9,0,9,10,8,12,86,102,108,106,126,107,83,72,78,70,66,65,58,57,30,34,28,13,11,12
5,4,7,7,8,50,102,125,103,117,86,69,61,58,57,59,58,59,53,52,32,12,14,8,12,11
6,6,7,7,15,56,83,101,94,80,64,54,55,52,54,59,63,54,65,50,29,21,12,8,10,9
13,9,10,12,50,40,85,76,63,54,54,51,50,48,57,63,73,65,56,82,30,31,17,9,7,7
0,0,0,0,8,7,11,13,13,17,13,31,13,10,43,33,31,14,9,13,12,6,6,0,5,9
4,0,0,0,6,0,12,12,10,13,23,12,12,9,19,26,32,12,0,12,8,9,8,0,0,7
0,0,0,5,4,0,10,11,12,13,7,10,9,7,12,12,12,10,6,0,0,8,8,0,4,5
0,0,0,5,0,0,8,14,13,11,7,7,12,6,14,13,9,5,6,7,0,5,8,7,4,0
5,0,0,4,0,0,9,10,13,17,10,8,11,6,11,14,12,0,10,7,11,6,9,5,0,5
0,0,0,0,0,0,6,11,15,14,14,6,8,0,13,26,11,0,0,10,0,9,7,5,0,0
7,0,0,0,0,0,12,13,20,27,17,11,0,11,13,26,16,0,9,9,9,10,9,0,6,6
0,0,0,0,0,0,11,11,19,20,14,11,10,8,13,30,13,0,0,9,9,5,7,0,5,8
5,0,0,0,0,0,10,14,15,22,17,16,14,5,13,32,15,5,10,10,8,5,0,0,5,7
6,0,0,6,0,0,10,12,21,18,19,18,13,7,13,23,12,9,0,9,6,8,4,0,5,0
0,0,0,0,0,0,9,14,31,34,31,23,11,8,36,23,11,9,10,8,8,7,6,0,4,6
4,0,0,0,0,0,11,14,20,27,14,16,9,11,38,30,9,12,10,11,8,8,5,5,5,0
9,0,6,0,7,0,13,37,25,63,45,14,14,14,50,64,25,15,10,14,11,8,5,7,0,5
50,14,14,6,6,7,25,65,60,73,77,19,56,25,61,75,23,11,35,41,14,12,9,10,8,7
69,68,54,12,9,12,40,51,74,77,86,50,69,44,72,66,58,51,66,63,34,12,13,13,11,9
13,9,9,10,13,12,15,61,55,73,72,57,64,58,81,66,55,55,60,41,25,12,18,12,10,9
13,10,10,12,10,13,54,75,86,84,88,56,66,70,77,81,74,101,69,56,17,28,13,8,11,12
11,7,9,0,11,33,62,76,87,90,105,90,97,114,111,96,94,100,77,54,25,13,8,7,10,14
14,8,14,27,50,59,73,101,117,124,125,120,125,139,124,113,106,109,93,67,62,53,20,31,21,38
13,8,12,39,61,67,98,115,136,134,146,145,148,160,161,167,148,136,113,100,74,65,63,50,23,16
69,58,55,63,80,83,115,135,150,164,167,166,162,176,175,165,163,160,141,122,104,91,79,63,55,52
60,53,56,70,86,98,122,149,175,198,195,192,173,170,177,176,173,159,145,128,105,83,72,60,52,43
62,58,64,66,75,102,132,157,177,195,194,212,167,156,169,169,173,161,144,130,108,79,68,60,53,46
62,53,56,65,68,98,135,164,170,179,184,192,151,132,153,147,160,152,140,127,110,86,65,58,52,37
58,51,52,60,68,106,133,148,163,173,173,156,127,113,125,126,147,141,130,118,112,91,69,55,40,38
55,36,51,59,67,100,128,131,135,146,153,135,123,103,108,109,122,120,118,106,101,94,73,56,51,19
53,14,46,53,66,89,112,125,128,128,119,106,100,81,88,94,104,105,101,98,97,86,72,54,40,26
50,18,34,53,66,85,101,106,114,114,114,95,81,70,75,85,94,99,96,100,83,82,66,53,21,15
29,11,15,51,57,67,84,93,97,94,98,78,72,64,66,68,73,82,85,80,83,75,60,50,22,13
12,7,14,29,50,56,73,77,78,78,75,65,63,59,60,61,63,69,76,78,67,62,55,30,11,11
8,9,11,12,30,56,62,70,70,71,66,61,59,55,58,58,58,59,61,62,60,54,53,20,11,10
10,7,10,11,14,52,58,62,63,60,65,56,55,45,54,55,53,58,53,56,50,50,35,13,10,9
6,5,0,9,12,17,47,60,58,40,52,56,51,18,50,52,52,52,51,51,45,14,13,11,6,4
9,6,8,8,13,11,51,65,66,59,60,58,58,54,59,62,61,63,63,61,50,25,14,11,11,6
12,6,7,11,8,13,47,104,96,80,86,69,67,76,86,72,76,68,64,61,55,27,12,12,11,9
14,6,10,26,13,8,58,104,107,108,150,118,91,81,105,80,73,71,64,60,54,43,16,16,10,10
9,0,10,9,8,13,78,99,105,104,126,109,82,71,73,66,64,63,56,54,13,14,23,13,10,12
6,6,8,6,9,50,99,122,100,116,88,70,61,57,55,58,57,58,53,50,23,11,13,8,12,11
7,6,7,6,14,54,78,97,88,79,64,54,54,51,53,58,61,53,70,47,14,12,10,8,10,8
14,10,10,12,50,36,79,73,60,52,52,50,46,45,55,61,82,74,54,63,21,12,12,8,6,7
0,0,0,0,9,8,11,12,12,14,13,31,13,10,43,33,30,13,8,12,12,5,6,0,5,9
5,0,0,0,5,0,11,11,8,12,14,13,12,9,17,25,32,12,0,11,8,9,8,0,0,7
0,0,0,5,4,0,9,9,11,14,7,10,8,7,12,12,12,10,6,0,0,7,7,0,0,5
0,0,0,5,4,0,8,13,13,12,7,7,12,6,13,13,9,5,6,6,0,5,7,7,4,5
6,0,0,4,0,0,8,9,12,14,10,8,11,6,11,14,11,0,10,6,10,6,8,0,0,5
0,0,0,0,0,0,6,9,13,13,13,6,7,0,13,25,10,0,0,9,0,9,6,4,0,0
8,0,0,0,0,0,11,11,13,14,14,10,0,10,12,23,15,0,8,8,8,9,8,0,6,6
5,0,0,0,0,0,11,11,16,18,13,11,9,7,12,28,13,0,0,8,8,4,6,0,5,8
8,4,0,0,0,7,11,14,14,15,13,15,14,5,13,32,17,5,10,9,7,5,0,0,6,7
9,0,0,5,0,0,13,12,14,14,14,14,12,7,13,21,12,9,0,8,5,7,4,0,6,0
0,0,0,0,4,0,9,16,28,40,31,21,12,8,41,21,12,9,10,8,8,7,7,0,4,6
8,0,0,0,0,0,13,17,25,25,13,14,9,11,47,27,10,13,10,11,8,9,6,6,5,0
14,17,13,7,9,0,15,29,15,65,45,13,13,13,53,66,39,28,11,14,12,8,6,7,0,6
77,93,95,10,10,11,51,72,66,80,83,30,60,32,69,79,39,13,51,47,14,13,10,10,8,7
107,115,104,53,14,21,58,62,81,91,97,55,77,52,77,68,65,61,74,70,46,13,13,14,12,10
55,20,13,13,20,14,19,68,61,75,77,60,68,61,82,68,58,57,62,38,25,12,19,12,10,9
25,14,13,20,12,22,61,80,88,84,94,62,68,76,78,83,76,102,70,56,16,23,13,8,11,12
14,11,12,9,18,50,67,80,91,95,109,96,101,119,116,100,98,101,76,54,28,13,8,7,10,14
51,13,47,50,56,66,79,106,124,131,133,127,131,145,129,117,111,113,95,69,62,51,21,31,21,37
38,11,20,52,65,73,104,120,141,140,150,151,158,168,167,172,152,138,115,99,75,63,63,50,20,14
72,63,59,64,86,89,118,138,154,168,172,174,170,180,178,166,164,161,140,120,103,91,77,62,54,51
63,61,62,77,92,101,124,151,177,201,197,196,177,172,177,174,173,158,144,125,101,80,71,58,51,43
64,63,68,68,80,106,134,159,179,196,196,219,171,158,168,168,173,159,141,126,103,76,67,60,51,43
64,56,59,66,69,102,137,165,171,179,186,198,153,133,153,146,159,149,137,123,104,82,64,57,50,38
59,52,55,60,70,109,134,148,163,175,175,160,129,114,124,125,145,139,126,114,107,86,66,54,38,38
56,40,52,59,70,103,128,130,135,146,154,137,124,103,107,107,120,117,115,101,97,88,69,54,50,17
54,20,50,53,69,91,111,123,126,127,119,107,99,80,86,92,101,102,97,94,92,82,68,53,39,25
50,22,38,53,68,86,100,104,111,111,113,94,80,68,73,81,91,95,91,96,78,76,63,50,15,14
32,12,19,51,58,66,83,90,94,91,94,76,69,62,64,66,70,78,80,76,78,69,55,38,18,13
13,8,14,27,50,56,71,73,75,74,71,64,60,57,59,60,61,66,72,72,62,57,50,21,10,10
9,10,11,12,27,56,58,66,66,67,63,60,57,54,57,57,56,57,58,58,56,51,46,13,9,9
10,8,10,11,14,52,55,58,60,56,64,56,54,39,54,53,52,55,50,53,35,34,21,11,10,8
7,6,0,8,12,14,27,57,54,37,51,56,50,14,38,51,51,51,46,40,27,12,11,10,5,3
9,6,8,8,14,11,45,60,62,59,60,58,57,52,57,61,59,61,59,56,29,13,13,10,11,0
11,7,7,11,8,13,14,95,92,77,84,68,65,71,81,68,71,64,59,54,44,14,9,11,11,9
14,7,10,17,14,7,51,97,104,103,141,118,87,76,98,74,66,65,57,53,46,23,13,14,9,9
10,0,11,9,9,13,71,95,102,102,127,111,81,69,67,63,62,60,53,52,10,12,20,12,9,11
7,7,9,6,9,50,92,120,95,115,90,72,60,56,54,56,56,56,53,38,18,9,13,7,12,11
8,7,8,6,14,52,73,94,82,79,63,53,52,48,53,57,59,53,75,39,11,7,8,8,10,8
15,11,10,12,48,33,74,71,57,50,50,48,41,42,53,59,88,81,52,42,14,5,10,8,6,8
0,0,0,6,9,8,11,12,12,13,12,27,13,10,39,29,28,13,8,12,12,5,6,0,5,9
6,0,0,0,5,0,12,10,7,13,13,12,12,9,14,20,28,11,0,10,8,9,8,0,0,7
0,0,0,0,3,0,9,8,10,14,8,9,8,7,11,11,12,10,6,0,0,7,7,0,0,5
0,0,0,6,4,0,9,12,12,11,9,6,11,6,13,13,9,5,6,7,0,4,7,7,4,5
7,0,0,5,0,0,9,8,11,14,11,7,10,6,11,14,11,0,11,6,10,6,8,4,0,5
0,0,0,0,0,0,7,8,13,11,14,6,7,0,12,25,10,0,0,9,0,8,6,4,0,0
9,0,0,0,0,0,10,10,10,12,12,10,0,9,12,20,14,0,8,8,8,8,8,0,6,5
7,0,6,0,0,5,12,12,15,15,13,10,7,6,12,26,13,0,0,8,8,0,6,0,4,8
11,6,5,0,0,8,12,14,14,14,12,14,13,5,13,27,16,6,12,9,6,5,0,0,6,7
12,0,6,4,0,5,14,13,13,12,12,12,10,6,13,15,12,9,0,8,0,7,4,0,6,0
9,0,0,0,5,0,10,16,25,43,27,17,12,9,47,21,12,9,10,7,7,7,7,0,4,6
12,9,9,0,0,0,15,43,31,23,11,13,9,12,50,30,10,14,10,10,8,9,7,6,5,0
60,76,60,9,11,0,46,23,15,66,32,11,12,12,55,66,43,21,10,14,11,8,6,8,0,6
102,112,113,14,13,14,64,80,66,86,84,28,58,32,71,80,48,13,55,50,15,13,11,11,9,8
133,139,120,80,55,58,72,77,85,97,101,60,81,56,81,70,68,68,80,76,55,14,14,19,13,10
70,67,51,18,40,39,32,72,59,73,73,60,68,58,78,64,54,59,62,36,23,12,20,12,10,9
35,23,21,34,12,38,65,80,82,77,87,60,62,67,72,76,66,100,66,53,13,18,12,8,10,11
28,15,23,11,30,51,67,78,85,87,103,86,93,113,110,94,92,96,70,50,20,12,7,7,9,14
54,27,53,52,57,67,78,105,118,127,127,121,123,137,123,111,104,107,88,64,57,45,16,27,20,30
51,13,40,53,66,76,105,118,137,136,145,146,148,157,158,164,146,133,108,90,68,59,60,43,14,13
72,67,61,63,88,92,118,137,150,164,167,166,160,171,171,158,158,156,137,116,99,87,75,60,52,50
64,68,66,77,90,101,125,150,175,195,193,191,171,166,172,169,167,154,141,119,94,75,69,57,50,35
64,66,70,70,81,108,134,159,178,193,192,213,167,153,163,162,168,155,138,121,96,72,66,58,51,36
66,60,61,67,70,105,138,166,171,178,183,194,150,131,149,142,155,147,134,118,99,78,62,57,48,35
61,56,58,61,73,114,137,151,164,175,173,159,128,113,122,122,142,137,124,110,103,81,65,54,35,31
57,47,53,60,74,109,133,133,137,147,156,138,125,103,106,105,118,116,113,98,94,85,67,52,50,15
55,30,51,54,73,99,118,127,131,130,123,111,102,80,86,91,99,101,97,92,91,81,67,53,38,22
51,38,50,55,73,95,105,108,117,118,119,98,83,68,73,81,90,95,91,96,77,75,62,48,15,14
40,13,30,51,61,72,86,95,101,96,100,79,69,61,64,66,69,78,81,75,78,69,55,36,17,12
14,9,21,35,52,60,74,76,79,77,75,65,59,57,59,60,61,65,72,71,62,57,51,21,9,10
10,11,11,13,40,58,60,68,69,68,64,59,57,53,57,56,56,57,58,58,55,50,50,14,8,9
11,8,11,11,20,54,57,59,60,56,63,56,52,33,53,53,51,55,50,52,33,30,22,11,9,8
7,7,0,8,12,19,36,56,53,37,51,55,50,13,36,50,50,50,45,43,30,12,11,10,4,3
8,6,9,8,13,11,50,59,62,59,60,58,56,51,57,60,58,61,59,57,40,13,13,10,10,0
11,7,8,10,6,13,13,95,91,77,83,67,64,69,81,68,71,64,61,56,50,14,8,11,10,9
15,8,11,14,14,9,50,98,105,103,140,119,87,75,99,75,67,66,59,56,50,23,13,14,10,9
10,5,11,8,9,14,72,98,104,103,128,114,82,70,68,64,62,61,54,53,10,11,25,11,9,11
9,8,10,7,10,52,95,123,99,119,95,74,62,57,55,57,56,58,57,43,20,8,13,8,12,11
9,9,9,7,15,54,75,97,87,84,65,54,53,51,55,57,58,59,83,47,10,6,8,8,10,7
21,13,12,13,51,41,77,74,60,52,53,50,46,47,55,60,91,92,59,48,16,5,11,9,7,7
0,0,0,7,9,8,12,11,11,12,11,22,12,10,41,31,30,13,9,12,12,5,6,0,5,9
7,0,0,0,4,6,12,9,6,13,12,12,11,9,15,23,30,11,0,11,8,9,8,0,0,7
0,0,5,0,0,0,9,6,9,14,8,8,7,7,12,12,12,10,6,0,0,7,7,0,0,5
0,0,6,6,4,0,9,11,12,11,10,6,11,6,13,13,9,5,7,7,0,5,8,6,4,5
8,0,0,6,0,0,9,6,9,13,11,7,10,6,11,14,11,0,12,6,10,6,8,0,0,5
0,0,0,0,0,0,8,6,12,10,13,6,7,0,13,26,11,0,0,9,6,9,6,4,0,0
10,0,7,0,0,0,9,8,8,9,11,9,0,9,13,20,16,0,9,9,9,8,8,0,6,5
9,7,8,0,0,6,12,14,14,14,12,10,7,6,13,30,13,0,0,9,8,0,7,0,5,8
15,9,7,0,0,10,13,13,13,12,10,14,13,5,13,30,17,6,12,10,7,5,0,0,6,7
14,9,8,0,0,6,14,12,12,11,11,10,9,5,13,17,12,9,0,8,0,7,4,0,6,0
12,10,9,0,5,8,11,14,25,46,25,14,12,10,50,25,13,9,10,8,8,7,7,0,5,6
45,15,13,7,0,7,25,51,31,20,10,11,9,12,51,35,11,14,11,11,8,10,8,6,5,0
73,102,83,11,12,8,56,17,15,65,22,9,12,11,57,67,43,21,11,15,12,8,6,7,0,6
117,125,128,46,31,52,73,85,66,88,87,30,58,40,73,81,50,13,58,52,18,13,11,11,9,8
164,171,136,101,80,76,85,87,87,100,102,63,86,59,83,71,68,70,82,78,56,14,14,19,13,11
84,92,70,40,55,57,46,74,58,70,73,60,69,58,80,65,55,60,63,37,25,12,21,12,10,9
45,34,37,50,13,52,69,81,81,75,87,60,64,69,73,78,68,101,68,55,14,20,12,8,10,11
50,41,50,15,45,55,69,79,87,89,103,86,94,114,111,95,94,98,73,52,25,13,8,7,10,14
55,51,57,55,59,69,80,105,118,126,127,121,124,139,124,113,105,108,91,66,58,47,20,27,21,31
53,25,51,56,67,79,105,116,135,135,144,146,149,158,160,165,148,135,111,93,70,60,61,43,15,14
72,68,62,62,89,94,117,135,149,159,163,164,160,173,173,160,160,158,139,118,100,88,75,60,52,50
66,74,69,79,88,100,123,148,171,190,187,185,169,166,172,170,169,155,143,122,97,76,69,57,50,36
66,67,71,71,81,108,133,155,174,190,188,206,163,152,164,163,170,156,140,123,98,73,66,59,51,38
67,61,63,68,70,104,137,164,168,175,180,190,149,131,149,143,156,148,136,120,100,79,62,57,48,36
62,57,59,63,73,114,136,149,162,172,171,157,127,114,123,122,143,137,125,111,104,82,65,54,35,34
56,50,53,60,75,110,133,132,136,146,154,138,125,103,107,106,118,116,114,98,96,86,68,52,50,15
56,40,53,55,75,101,119,127,130,129,123,110,101,80,86,92,100,100,97,93,91,82,67,53,40,22
53,51,52,55,76,97,107,108,117,118,119,98,83,68,73,81,91,95,91,96,77,76,63,50,15,14
50,16,40,52,63,75,88,96,101,96,101,80,70,60,64,67,70,78,81,76,79,69,55,36,18,13
27,10,27,39,54,62,76,78,80,77,76,65,60,57,59,60,62,66,73,72,62,58,51,22,9,10
11,12,11,14,50,59,62,69,70,69,64,59,57,54,57,57,57,58,59,59,57,51,50,14,9,9
11,9,12,12,27,55,57,60,60,57,63,56,53,33,54,53,52,55,51,53,37,34,22,11,10,8
8,7,0,8,12,25,44,55,53,39,51,55,50,13,38,50,51,51,48,45,35,12,11,9,4,3
8,7,10,8,13,12,51,58,62,59,60,58,56,52,57,60,59,61,60,57,43,13,13,9,11,0
12,9,9,10,6,17,13,93,91,76,84,67,64,70,82,69,71,65,61,57,51,14,8,11,11,9
23,11,12,14,16,11,50,100,106,104,141,120,88,76,100,76,68,67,60,57,51,21,14,14,10,9
11,7,12,8,10,20,74,99,105,104,129,115,83,71,69,65,63,61,55,54,11,11,25,11,10,11
10,10,12,7,11,54,97,123,101,121,98,75,62,58,55,58,57,58,57,45,20,8,12,8,12,11
10,10,10,8,18,55,76,99,91,88,67,54,54,51,55,58,58,59,81,48,10,6,8,8,10,7
30,15,13,13,52,43,80,76,62,54,54,50,50,48,55,60,90,90,59,49,18,6,11,9,7,8
0,0,0,7,9,8,12,10,11,12,11,25,12,10,41,31,30,13,9,12,12,5,6,0,4,9
7,0,0,0,4,6,12,9,6,13,12,13,11,9,17,22,30,11,0,11,8,9,8,0,0,7
0,0,4,0,0,0,9,6,8,15,8,8,7,6,12,12,12,10,6,0,0,7,7,0,0,5
0,0,6,6,4,0,9,10,11,10,11,6,11,6,13,13,9,5,7,7,0,4,8,6,4,5
8,4,0,6,0,0,9,0,9,13,11,7,10,5,11,14,11,0,12,6,11,6,9,4,0,5
0,0,0,0,0,0,8,6,12,10,13,6,7,0,13,26,10,0,0,9,6,9,6,5,0,0
10,0,7,0,0,0,9,8,8,9,11,9,0,8,12,20,15,0,9,9,9,8,8,0,6,6
10,7,8,0,0,6,12,14,15,14,12,10,7,6,13,28,13,0,0,9,8,0,7,0,5,8
15,9,7,0,0,10,13,13,14,12,10,14,13,5,13,32,17,6,12,10,7,5,0,0,6,7
14,9,8,0,0,6,14,12,12,11,11,10,9,5,13,17,12,9,0,8,0,7,4,0,6,0
13,10,9,0,5,9,12,15,25,46,27,16,13,9,50,25,13,9,10,8,8,7,7,0,5,6
45,16,13,7,0,7,25,51,34,16,10,11,8,12,51,32,11,14,11,11,8,10,8,6,5,0
72,102,82,11,13,9,56,17,15,63,22,10,12,10,57,68,43,21,11,14,12,8,6,7,0,6
117,125,128,50,34,53,75,85,66,87,89,30,58,37,73,81,50,13,58,52,20,13,11,11,9,8
164,172,136,101,81,78,85,88,87,100,102,63,86,58,83,71,68,70,83,77,56,14,14,17,13,11
84,92,71,40,56,58,46,74,59,70,75,60,69,58,80,65,55,60,64,37,25,12,21,12,10,10
46,36,39,51,13,53,70,81,80,75,88,61,64,69,74,79,68,101,68,55,14,20,12,8,10,12
51,47,51,18,50,56,70,80,88,90,104,86,95,114,111,96,94,98,73,52,26,12,8,7,10,14
55,54,57,56,60,69,81,105,118,126,127,121,124,139,125,113,106,109,92,66,59,50,20,29,21,33
53,33,51,57,68,80,106,116,136,135,145,146,149,159,160,166,148,136,111,93,70,60,61,45,15,14
72,69,62,62,90,94,117,135,149,159,164,165,161,173,173,160,159,157,138,118,100,88,76,60,52,50
66,75,69,79,88,100,123,147,171,190,187,185,169,166,172,170,169,155,143,122,98,75,69,57,50,38
66,69,71,72,82,109,133,155,174,190,188,205,163,152,164,163,169,156,140,123,98,73,66,59,51,39
67,62,63,69,70,104,137,164,168,175,180,190,149,131,149,143,156,147,135,119,100,78,62,57,47,36
61,57,59,63,73,114,136,149,162,172,171,158,127,114,123,122,141,137,124,110,104,82,65,53,35,34
56,48,53,60,75,110,133,132,136,145,154,138,125,103,107,105,118,116,113,98,95,86,67,52,50,15
56,40,52,56,75,101,119,127,131,129,123,110,102,80,86,92,101,100,97,93,91,82,68,53,39,22
53,51,52,56,77,98,108,108,117,118,119,99,83,68,73,81,92,95,91,96,77,75,63,50,15,14
50,19,40,53,64,76,89,96,101,96,101,80,71,60,64,67,71,78,80,75,79,68,55,36,18,13
27,10,23,43,55,63,76,79,81,78,76,65,59,57,60,60,62,65,73,71,62,57,51,22,9,10
10,12,11,18,50,60,62,70,71,69,65,59,58,54,58,57,57,58,59,59,57,51,50,14,9,9
11,9,11,12,31,55,58,61,60,58,63,56,53,33,54,53,50,55,51,53,37,32,22,11,10,9
8,7,0,8,12,31,50,56,53,40,52,55,50,13,38,50,50,50,48,45,35,12,11,10,4,3
7,7,10,8,13,12,51,58,62,59,60,58,56,52,57,60,58,61,60,57,43,13,13,9,11,0
12,9,9,10,6,19,13,95,92,76,84,68,64,69,82,69,71,65,61,58,51,14,8,11,11,9
23,11,12,13,16,11,50,100,106,104,141,120,88,76,101,76,69,67,60,57,51,21,14,14,10,9
11,7,12,8,10,21,75,100,105,105,129,116,84,71,69,65,62,61,55,54,11,11,25,12,10,12
10,10,12,7,11,54,99,124,102,121,100,76,63,58,55,58,57,58,57,45,20,8,12,8,12,11
10,10,10,8,18,55,77,100,93,89,68,55,55,51,56,57,58,58,78,46,10,6,9,8,10,8
30,15,13,14,52,43,81,76,63,54,55,51,50,48,55,60,87,88,58,49,18,5,11,9,7,8
0,0,0,7,9,8,11,11,11,12,11,22,13,10,41,31,30,13,9,12,12,5,6,0,5,9
7,0,0,0,4,6,11,9,6,14,12,13,11,9,17,23,30,11,0,11,8,9,9,0,0,7
0,0,4,0,0,0,9,6,8,17,8,8,7,7,12,12,12,10,6,0,0,7,7,0,0,5
0,0,6,6,4,0,9,10,11,10,11,5,11,6,14,13,9,5,7,7,0,4,8,7,4,5
7,4,0,6,0,0,9,0,9,12,11,7,10,5,11,14,11,0,12,6,10,6,9,0,0,5
0,0,0,0,0,0,8,6,12,10,13,6,7,0,13,26,10,0,0,9,6,9,6,5,0,0
10,0,7,0,0,0,9,8,9,9,11,10,0,8,13,20,16,0,9,9,9,8,8,0,6,5
10,7,8,0,0,6,12,14,16,15,12,10,7,6,12,28,13,0,0,9,8,0,7,0,5,8
15,9,7,0,0,10,13,13,14,12,10,14,13,5,14,32,17,6,12,10,7,5,0,0,6,7
14,9,8,0,0,6,14,12,12,11,11,10,9,5,13,17,11,9,0,8,0,7,4,0,6,0
13,10,10,0,5,9,12,15,28,46,29,17,13,10,50,28,13,9,10,8,8,7,7,0,5,6
45,17,13,7,0,7,28,50,37,15,10,11,9,12,52,35,11,14,11,11,8,10,8,6,5,0
72,102,82,12,13,9,56,19,17,65,22,10,12,10,57,68,42,25,11,14,12,8,6,7,0,6
117,125,128,50,34,56,75,85,66,87,90,32,58,40,75,81,50,13,58,52,20,13,11,11,8,8
164,173,136,101,81,78,86,88,89,100,102,63,87,59,84,71,69,70,83,77,57,14,14,17,13,11
84,93,71,40,56,58,46,74,59,72,75,61,69,58,80,66,55,60,65,38,25,12,21,12,10,10
46,36,39,52,14,53,71,81,80,76,89,61,64,69,75,79,69,101,69,55,14,20,12,8,10,11
51,50,52,20,50,56,70,80,88,90,104,88,96,115,112,96,95,99,74,52,25,13,8,7,10,14
55,54,57,56,60,69,82,105,119,127,128,122,125,139,125,114,106,109,93,66,59,50,21,29,21,33
54,41,51,57,69,80,106,116,136,135,145,147,150,159,160,167,148,136,111,93,70,60,61,43,14,13
72,69,63,62,91,95,118,135,149,159,164,165,162,173,173,160,159,157,138,118,100,88,76,60,52,50
67,76,69,79,88,100,124,147,171,190,188,186,169,166,173,170,169,155,143,122,98,75,70,56,50,38
66,69,72,72,82,109,133,155,174,190,188,205,163,152,164,163,169,155,139,122,97,72,66,59,51,39
67,62,63,69,70,104,137,164,168,175,180,190,149,131,149,143,156,147,135,119,100,78,62,57,47,36
61,57,59,63,73,115,137,149,163,172,171,158,127,114,123,122,141,136,124,110,104,82,65,53,34,35
56,47,53,60,75,111,133,132,136,146,154,138,125,103,107,105,118,116,113,98,95,85,67,52,50,16
56,40,53,56,75,102,120,127,131,130,123,110,102,80,86,92,100,100,97,93,91,81,68,52,39,21
53,51,52,56,78,98,108,109,117,118,119,98,83,68,74,81,91,95,90,96,77,75,63,50,14,14
50,19,42,53,65,77,89,97,102,97,101,80,71,60,65,67,70,78,80,75,79,68,55,35,18,13
25,10,23,45,55,63,76,79,81,78,76,65,60,57,60,60,62,65,72,71,62,57,51,22,9,10
10,12,11,21,51,60,63,70,71,69,65,59,58,54,58,57,57,58,59,59,57,51,50,14,8,9
11,9,11,12,31,55,58,61,61,58,63,56,53,35,54,53,50,55,51,52,37,32,23,11,10,8
8,7,0,8,12,37,50,56,53,42,52,55,50,13,40,50,50,50,48,45,32,12,11,9,4,3
7,7,10,8,14,12,51,58,63,59,60,58,56,52,57,60,58,61,60,57,40,13,13,9,10,0
12,9,10,10,6,19,13,95,92,77,85,68,64,69,83,69,71,65,61,58,51,14,8,11,11,9
23,11,12,13,17,11,51,101,107,105,141,121,88,76,101,76,69,67,60,57,50,20,14,13,10,9
12,7,12,8,10,23,76,100,106,105,129,116,84,71,69,65,62,61,55,54,11,11,25,12,10,11
10,10,12,7,11,55,100,124,103,122,100,76,63,58,55,58,57,58,57,45,20,8,13,8,12,11
10,10,10,8,19,55,78,100,93,90,68,55,55,51,56,57,58,58,77,46,10,6,8,8,10,8
30,15,13,14,52,43,81,76,63,55,55,51,50,48,55,60,86,87,59,49,19,5,11,9,7,8
0,0,0,7,9,8,11,12,11,12,11,22,12,10,41,31,30,13,9,12,12,5,6,0,5,9
7,0,0,0,4,6,12,10,6,14,12,13,11,9,17,23,30,11,0,11,8,9,9,0,0,7
0,0,4,0,0,6,9,6,8,20,8,8,7,7,11,12,12,10,6,0,0,7,7,0,0,5
0,0,6,6,4,0,9,9,11,10,11,6,11,6,13,13,9,5,7,7,0,4,8,6,4,5
7,4,0,6,0,0,9,0,9,12,11,7,10,5,11,14,11,0,12,6,10,6,9,0,0,5
5,0,0,0,0,0,8,5,12,10,13,6,7,0,13,25,10,0,0,9,6,9,7,5,0,0
10,0,7,0,0,0,9,8,9,9,11,10,0,8,12,20,16,0,9,9,9,8,8,0,6,5
10,7,8,0,0,6,11,14,16,16,12,10,7,6,12,28,14,0,0,9,8,0,7,0,4,8
15,9,7,0,0,10,13,13,14,12,10,14,13,5,14,32,17,6,12,10,7,5,0,0,6,7
14,9,8,0,0,6,15,12,12,11,11,10,8,5,12,17,11,9,0,8,0,7,4,0,6,0
13,10,10,0,5,9,12,15,28,43,31,17,13,10,50,28,13,9,10,8,8,7,8,0,5,7
40,17,13,7,0,7,28,51,40,14,10,12,9,12,51,35,11,14,11,11,8,10,8,6,5,0
71,102,83,12,13,9,56,21,17,65,22,10,12,10,57,68,42,25,11,14,12,8,6,7,0,6
117,125,128,50,37,56,75,85,67,87,90,32,57,37,73,81,48,13,58,55,20,13,11,11,8,8
164,174,136,101,81,78,87,90,90,98,102,63,88,60,83,71,69,70,84,78,57,14,14,17,13,10
83,93,72,43,56,58,46,74,60,72,75,61,69,59,80,66,56,60,66,38,24,12,21,12,10,10
46,36,40,52,14,54,71,81,81,77,89,61,65,69,75,79,69,101,70,56,14,20,12,8,10,11
51,50,52,20,51,57,70,81,89,91,104,88,97,115,112,96,96,99,75,53,26,13,8,7,10,14
56,55,57,56,61,70,82,105,119,127,128,122,125,140,126,114,107,109,93,66,60,50,21,29,21,33
54,44,52,58,69,81,106,116,137,136,146,147,151,160,161,167,148,136,111,93,70,60,62,43,14,13
72,69,63,62,91,95,118,135,150,160,165,166,162,174,173,160,160,157,138,118,100,88,76,60,52,50
66,76,69,79,88,100,124,148,172,191,188,186,170,167,173,170,169,154,143,122,98,75,70,56,50,38
67,69,72,73,82,109,133,156,175,190,188,205,164,153,164,163,168,155,139,122,98,72,66,59,51,40
67,62,63,69,70,105,138,164,169,175,180,191,149,131,149,143,156,147,135,118,100,78,62,57,46,37
61,57,59,64,73,115,137,149,163,172,172,158,128,114,122,122,141,136,124,110,104,82,65,53,34,35
55,47,53,60,74,111,133,132,136,146,154,138,125,103,106,105,118,115,113,98,95,85,67,52,50,16
56,38,53,56,76,102,120,127,131,130,123,110,102,80,85,91,100,99,96,93,91,81,67,52,38,21
53,51,52,56,78,98,108,109,117,118,119,99,83,68,73,81,91,94,90,95,77,75,63,50,14,14
50,19,42,53,66,77,89,97,102,97,101,81,71,61,64,67,70,78,80,75,79,67,55,35,20,13
25,10,23,45,55,63,76,79,81,78,76,65,60,57,59,60,63,65,72,71,62,57,51,22,9,10
11,12,11,25,51,60,63,70,71,69,65,59,58,54,57,57,57,58,59,59,56,51,50,14,8,9
11,9,11,12,31,56,58,61,61,58,64,56,53,35,54,53,50,55,51,52,37,32,22,11,9,8
8,7,0,8,13,37,50,56,54,42,53,55,50,13,38,50,50,50,48,45,32,12,11,9,4,0
7,7,10,9,14,12,51,58,63,59,60,58,57,52,57,60,58,61,60,57,43,13,13,9,10,0
12,9,10,10,7,19,13,95,93,77,85,68,65,70,82,69,71,65,61,58,51,14,8,11,11,9
23,11,12,13,18,11,51,101,107,105,142,121,88,76,100,76,69,67,60,57,50,20,14,13,10,9
12,7,12,8,10,25,76,100,106,105,129,116,84,72,69,65,62,61,55,54,11,11,25,12,10,11
10,10,12,7,11,55,100,124,103,122,100,76,63,58,55,58,57,58,57,43,19,8,12,8,12,11
10,10,10,8,20,56,78,100,94,90,68,55,55,51,56,57,58,58,77,46,11,6,8,8,10,7
30,15,13,14,52,45,81,76,63,55,55,50,50,49,55,60,86,86,58,49,20,5,11,9,6,8
0,0,0,7,9,8,11,12,11,12,11,22,12,10,41,31,30,13,9,12,12,5,6,0,5,9
6,0,0,0,4,6,12,10,6,15,11,13,12,9,17,23,32,11,0,11,8,9,9,0,0,7
0,0,4,0,0,6,9,6,8,20,8,8,8,7,11,12,12,10,6,0,0,7,7,0,0,5
0,0,6,6,4,0,9,9,11,10,11,5,12,6,13,13,9,5,7,7,0,5,7,7,4,5
7,4,0,6,0,0,9,0,9,12,11,7,10,5,11,14,11,0,12,6,10,6,8,4,0,5
5,0,0,0,0,0,8,6,13,10,14,6,7,0,13,25,10,0,0,9,6,9,7,5,0,0
10,0,7,0,0,0,9,8,9,9,11,10,0,8,12,22,16,0,9,9,9,8,8,0,6,5
10,7,8,0,0,6,11,14,17,16,12,10,7,6,12,28,13,0,0,9,8,0,7,0,5,8
15,9,8,0,0,10,13,13,14,12,9,14,13,5,14,32,17,6,12,10,7,5,0,0,6,7
14,9,8,4,0,6,15,12,12,11,11,10,8,5,13,15,11,9,0,8,0,7,4,0,6,0
13,11,10,0,6,9,12,15,28,43,31,17,13,10,50,28,13,9,10,8,8,7,8,0,4,7
40,17,13,7,0,7,28,51,40,14,9,12,9,12,51,32,11,14,11,11,8,10,8,6,5,0
71,102,83,12,13,9,56,23,17,66,22,10,12,11,57,68,40,28,11,14,12,8,6,8,0,6
116,125,129,50,34,56,76,87,67,87,92,32,57,37,73,81,48,13,58,55,20,13,11,11,8,8
164,174,136,101,81,79,87,91,90,98,102,63,89,61,83,71,69,68,84,78,57,14,14,17,13,10
83,93,72,43,56,60,50,75,61,73,75,61,70,59,80,66,56,59,65,40,24,12,21,12,10,10
45,36,42,53,14,54,72,82,81,77,89,62,65,70,75,80,70,101,70,56,14,20,12,8,11,11
51,50,53,21,51,57,70,81,90,91,105,88,97,115,112,97,96,100,75,52,26,13,8,7,10,14
56,55,58,57,61,70,83,106,120,127,128,122,126,140,126,114,107,110,93,67,60,50,21,29,21,33
54,47,52,58,69,82,107,117,137,136,146,147,151,161,161,167,148,136,111,94,70,61,61,45,14,13
72,70,64,62,91,95,118,135,150,161,165,167,163,174,173,161,159,157,138,118,100,88,76,60,52,50
66,76,69,79,89,100,124,148,172,191,188,187,170,167,173,170,168,154,142,122,98,75,70,57,50,40
67,69,72,73,83,109,133,156,175,191,188,205,164,153,164,163,168,155,139,122,97,72,66,58,51,40
67,62,64,69,70,105,138,164,169,175,180,192,149,131,149,143,156,147,135,118,100,78,62,57,46,36
60,56,60,64,73,115,137,149,163,172,172,158,128,113,122,122,141,136,124,110,103,82,65,53,34,35
56,50,53,60,74,111,133,133,136,146,155,138,125,103,106,105,118,115,112,98,95,85,67,52,50,15
56,40,53,56,76,102,120,127,131,130,123,110,102,80,85,91,100,100,96,93,91,81,67,52,38,21
53,51,52,56,78,98,108,109,117,118,119,98,83,68,73,81,91,94,90,95,77,74,63,50,14,14
50,19,42,53,66,77,89,97,102,97,101,81,71,61,64,67,70,77,80,75,78,67,55,35,20,13
20,10,23,47,55,63,76,80,81,78,76,65,60,57,59,60,63,65,71,70,62,56,51,22,9,10
11,12,11,27,51,60,63,70,71,69,65,59,58,54,57,57,57,58,59,59,56,51,50,14,8,9
11,9,11,12,31,56,58,61,61,59,64,56,53,37,54,54,50,55,51,53,37,32,23,11,9,8
8,7,0,9,13,40,50,56,53,42,53,56,50,14,38,50,50,50,48,43,32,12,11,9,4,0
7,7,10,9,14,13,51,58,63,59,60,58,57,52,57,61,58,61,60,57,43,13,13,10,10,0
12,10,10,10,7,19,13,95,93,77,85,68,65,70,82,69,71,65,61,58,51,14,8,11,11,9
21,11,13,13,18,12,51,101,107,105,142,121,88,77,100,77,69,67,60,57,50,20,14,13,10,9
12,7,12,8,10,25,76,100,106,105,129,116,84,71,69,65,62,61,55,54,11,11,25,12,10,11
10,10,12,7,11,55,100,125,103,122,100,76,63,58,55,58,56,58,57,43,19,8,13,8,12,11
10,10,11,8,20,56,78,100,94,90,68,55,55,51,56,57,58,58,76,44,11,6,8,8,10,8
30,16,13,14,52,46,82,77,63,55,55,50,50,49,55,60,86,86,58,49,20,5,11,9,7,8
0,0,0,7,9,8,12,12,11,12,11,22,12,10,41,30,30,13,9,12,12,5,6,0,5,9
7,0,0,0,4,7,12,11,7,15,11,13,12,9,15,22,32,11,0,11,8,9,9,0,0,7
0,0,4,0,0,6,9,6,8,20,8,8,8,7,11,12,12,10,6,0,0,7,7,0,0,5
0,4,6,7,4,0,9,9,11,10,11,6,12,6,13,13,9,5,6,7,0,5,7,6,4,5
7,4,0,6,0,0,9,0,9,12,11,7,10,6,11,14,11,0,12,6,10,6,8,0,0,5
5,0,0,0,0,0,8,6,13,9,14,6,7,0,13,25,10,0,0,9,6,9,7,5,0,0
10,0,7,0,0,0,9,8,9,9,10,10,0,8,12,22,16,0,9,9,9,8,8,0,6,5
10,7,8,0,0,6,11,14,17,16,12,10,7,6,12,28,14,0,0,9,8,0,7,0,5,8
15,9,8,0,0,10,14,13,14,12,9,14,13,5,13,32,19,6,12,10,7,5,0,0,6,7
14,10,8,4,0,6,15,13,12,11,11,10,8,5,13,15,11,9,0,8,0,7,4,0,6,0
13,11,10,0,6,9,13,16,31,46,31,17,13,10,50,28,14,9,10,8,8,7,8,0,4,7
40,19,14,7,0,7,32,52,43,14,9,12,9,12,51,35,11,14,11,11,8,10,8,6,5,0
70,102,84,12,13,10,58,25,17,66,25,10,12,11,57,67,40,31,11,14,12,8,7,8,0,6
116,125,129,50,34,57,76,87,68,88,90,33,57,42,73,81,50,13,59,55,20,14,11,11,9,8
163,175,137,101,81,79,89,93,90,98,102,62,89,62,82,71,69,70,84,80,56,14,14,17,13,10
83,94,72,43,56,60,51,75,61,73,75,61,70,60,79,66,57,60,65,40,25,12,21,12,10,9
45,36,43,53,14,54,73,83,81,78,90,62,66,71,75,80,70,101,70,56,14,21,12,8,11,11
52,50,54,23,51,58,71,82,90,92,105,89,97,116,112,97,96,100,75,53,26,13,8,7,10,14
56,56,59,58,61,71,83,106,120,128,128,123,126,141,126,115,107,110,93,67,60,50,21,29,21,34
54,50,52,58,69,82,107,117,137,137,146,148,152,162,161,167,148,136,111,94,70,61,61,45,15,13
72,70,64,62,91,96,118,135,150,161,165,167,163,175,173,161,160,157,138,118,100,88,76,60,52,50
66,76,70,79,89,100,125,148,172,191,188,187,171,167,173,170,168,154,142,122,97,75,70,56,50,40
67,69,72,73,82,109,134,157,175,191,188,206,164,153,164,163,168,155,139,122,97,72,66,58,51,40
67,62,64,69,70,105,139,165,170,176,180,192,149,131,149,142,155,147,134,118,100,78,62,57,46,36
60,56,60,64,73,115,137,150,164,172,172,159,128,114,122,122,142,136,124,110,103,82,65,53,35,35
56,50,53,60,74,111,134,133,136,146,155,138,125,103,106,105,118,115,112,98,95,85,67,52,50,15
56,40,53,56,76,102,120,128,131,130,123,111,102,81,85,91,99,100,96,93,90,81,67,52,38,21
53,51,52,57,78,98,108,109,117,118,119,99,83,68,73,81,90,94,90,95,77,74,63,50,14,14
50,19,42,53,66,77,89,97,102,97,101,81,71,61,64,67,69,77,80,75,78,67,55,35,20,13
25,10,23,47,55,63,77,80,81,78,76,65,60,57,59,60,62,65,71,70,62,57,50,22,9,10
11,12,12,27,51,60,64,71,71,69,65,60,58,54,57,57,57,58,59,59,55,51,50,14,8,9
11,9,12,12,31,56,58,61,61,59,63,57,53,37,54,53,52,55,51,53,35,32,23,11,9,8
8,7,0,9,13,40,51,56,54,42,53,56,50,14,38,50,51,50,46,43,32,12,11,9,4,0
7,7,10,9,14,13,51,58,63,59,60,59,57,53,57,61,59,61,60,58,43,14,13,10,10,0
12,10,10,10,7,19,14,95,93,77,85,68,65,71,82,69,71,65,61,58,51,14,8,11,11,9
21,11,13,14,20,12,52,101,108,105,141,121,88,77,100,77,69,67,60,57,50,21,14,13,10,9
12,7,12,8,10,25,77,101,106,106,129,116,84,72,70,65,63,61,55,54,10,11,25,12,10,11
10,10,12,7,11,55,100,125,103,122,100,76,63,58,55,58,57,58,57,43,18,8,13,8,12,11
10,10,11,8,20,56,79,100,94,91,68,55,55,51,56,57,58,58,76,44,10,6,8,8,10,8
30,16,13,14,53,46,82,77,63,55,55,51,50,50,55,60,86,86,58,48,20,5,11,9,7,8
0,0,0,7,9,8,12,12,11,12,11,25,12,10,43,30,30,13,9,12,12,5,6,0,5,9
7,0,0,0,4,7,12,11,7,19,11,13,12,9,17,23,32,11,0,11,8,9,9,0,0,7
0,0,4,0,0,6,9,6,8,22,8,8,8,7,11,12,12,10,6,0,0,7,7,0,0,5
0,4,6,6,4,0,9,10,11,9,11,6,12,6,13,13,9,5,6,7,0,5,7,6,4,5
7,5,0,6,0,0,9,0,9,12,11,7,10,6,11,14,11,0,12,6,10,6,8,4,0,5
6,0,0,0,0,0,8,6,13,10,14,6,7,0,13,25,10,0,0,9,6,9,7,5,0,0
10,0,7,0,0,0,9,8,9,9,10,10,0,8,12,20,15,0,9,9,9,8,8,0,6,5
10,7,8,0,0,6,11,14,17,16,12,10,7,6,12,28,13,0,0,9,8,0,7,0,5,8
15,9,8,0,0,10,13,13,14,12,9,14,13,5,14,32,19,6,12,10,7,5,0,0,6,7
14,10,8,4,0,6,17,13,12,11,11,10,8,5,13,14,11,9,0,8,0,7,4,0,6,0
13,11,10,0,6,10,13,16,31,46,31,18,13,10,50,25,14,9,10,8,8,7,8,0,4,7
40,19,14,7,0,7,32,52,43,14,9,12,9,12,51,35,11,14,11,11,8,10,8,6,5,0
70,102,84,12,13,10,59,29,20,68,25,10,12,12,58,67,40,34,11,15,12,9,7,8,0,5
116,125,129,50,34,56,76,88,70,88,90,35,58,45,73,81,50,14,59,55,20,14,11,11,8,8
163,175,137,101,81,79,89,94,90,98,102,62,89,63,83,72,69,70,84,80,56,14,14,17,13,10
83,94,72,43,57,60,50,76,61,74,75,61,71,60,79,66,57,59,64,40,25,12,21,12,10,9
46,37,43,53,15,54,73,83,82,79,90,62,66,71,76,80,70,101,71,56,14,21,12,8,11,11
52,51,54,23,52,58,71,82,91,92,105,89,97,117,113,97,96,100,76,53,28,13,8,7,10,14
56,56,59,58,61,71,84,107,120,128,129,123,127,142,126,115,107,110,93,67,60,50,21,31,23,33
55,50,53,58,70,82,107,117,137,137,146,148,153,163,162,167,148,136,112,94,71,62,61,45,15,13
72,70,64,63,91,96,118,136,150,162,166,168,164,175,174,161,160,157,138,118,100,89,76,60,52,50
66,76,70,80,89,101,125,148,173,192,188,188,171,168,173,170,168,154,142,122,98,75,70,56,50,40
67,70,72,73,83,109,134,157,176,191,188,207,164,154,164,162,168,154,138,122,97,72,66,58,51,40
67,62,64,69,70,105,139,165,170,176,180,193,149,132,149,142,155,147,134,118,100,78,61,56,46,36
60,55,60,64,73,115,137,150,164,173,172,160,128,114,122,121,142,136,123,110,103,82,65,53,35,34
56,50,54,60,75,111,134,133,136,146,155,138,125,103,106,105,118,115,113,98,95,85,67,52,50,15
56,42,53,56,77,102,120,128,131,130,123,111,102,81,85,91,99,100,96,93,91,81,67,52,38,21
53,51,52,57,78,98,108,109,117,118,119,99,83,68,73,81,90,93,90,95,77,74,63,50,14,14
50,20,42,53,66,77,89,97,102,98,101,81,71,61,64,66,69,77,80,75,78,67,54,34,20,13
25,10,23,47,55,63,77,80,82,78,76,65,60,57,59,60,62,65,71,70,62,57,50,22,9,10
11,12,12,27,51,60,64,71,71,69,65,60,58,54,57,57,57,58,59,59,55,51,50,14,8,9
11,9,12,13,31,56,58,61,62,59,63,57,54,39,54,53,52,55,51,53,37,34,23,11,9,8
8,8,0,9,13,40,51,56,54,43,53,56,51,14,38,50,51,50,46,43,32,12,11,9,4,0
7,7,10,9,14,13,51,58,63,59,61,58,57,53,57,61,59,61,60,58,43,14,14,9,10,0
12,10,10,10,7,19,13,96,93,77,85,68,65,71,82,69,71,65,61,58,51,14,8,11,11,9
21,11,13,14,18,12,52,101,108,105,142,121,88,77,100,77,69,67,60,56,50,21,14,13,10,9
12,8,12,8,10,25,77,101,106,106,129,116,84,72,70,65,63,61,55,54,10,11,25,12,10,11
10,10,12,7,11,55,100,125,103,122,100,76,63,58,55,58,57,58,57,43,18,8,13,8,12,11
10,10,11,8,20,56,79,100,95,91,68,55,55,52,56,57,58,57,76,44,10,6,8,8,10,8
30,16,13,14,53,45,82,77,64,56,55,51,50,50,55,60,86,86,58,49,21,6,11,9,7,8
0,0,0,7,9,8,12,12,11,12,11,25,12,10,43,31,30,13,9,12,12,5,6,0,5,9
7,0,0,0,4,7,12,11,7,19,11,13,12,9,17,23,32,12,0,11,8,9,9,0,0,7
0,0,4,0,0,6,9,6,8,22,8,8,8,7,12,12,12,10,6,0,0,7,7,0,0,5
0,4,6,6,4,0,9,10,11,8,11,6,12,6,13,13,9,5,6,7,0,5,7,7,4,5
7,5,0,6,0,0,9,0,9,12,11,7,10,6,11,14,11,0,12,6,10,6,8,0,0,5
6,0,0,0,0,0,8,6,13,10,14,6,7,0,13,25,10,0,0,9,6,9,7,5,0,0
10,0,7,0,0,0,9,8,9,9,11,10,0,8,13,22,15,0,9,9,9,8,8,0,6,6
10,7,8,0,0,6,11,14,17,16,12,10,7,6,13,28,14,0,0,9,8,0,7,0,5,8
15,9,8,0,0,10,13,13,14,12,9,14,13,5,13,32,19,6,12,10,7,5,0,0,6,7
14,9,8,4,0,6,15,13,12,11,11,10,8,5,13,14,11,9,0,8,0,7,4,0,6,0
13,11,10,0,5,10,13,18,31,46,31,18,13,10,50,28,14,9,10,8,8,7,8,0,4,7
40,19,14,8,0,7,32,52,43,14,9,12,9,12,51,35,12,14,11,11,8,10,8,6,5,0
70,101,84,12,13,10,59,33,20,68,27,11,13,12,58,67,40,37,12,15,12,8,7,8,0,6
116,125,129,50,34,57,76,88,70,88,90,35,60,45,73,82,50,14,61,55,20,14,11,11,8,8
163,175,137,101,81,79,90,94,90,100,102,62,89,63,83,72,70,70,84,80,57,14,14,17,13,10
83,94,72,43,59,61,50,76,62,74,76,61,71,60,79,67,57,59,64,41,25,12,21,12,10,9
46,38,43,53,15,54,73,84,83,79,90,62,66,71,76,80,71,101,71,56,14,23,12,8,11,12
52,51,54,23,52,59,72,82,91,93,106,89,98,117,113,97,96,100,76,53,26,13,8,7,10,14
56,56,59,58,61,72,84,107,121,129,129,124,127,142,127,115,108,110,93,67,60,50,23,29,23,34
55,50,53,58,70,82,107,118,138,137,146,149,154,163,162,168,148,135,112,94,71,62,61,47,15,13
72,70,65,63,91,96,119,136,150,162,166,169,165,176,174,162,160,157,139,118,100,89,76,60,52,50
66,76,69,80,90,101,125,149,173,192,189,188,171,168,173,170,168,154,142,122,98,75,70,56,50,40
67,69,72,73,83,110,134,157,176,191,188,207,165,154,164,162,168,154,138,122,97,72,66,58,51,40
67,62,64,69,71,105,139,166,170,176,180,193,149,132,149,142,154,146,134,118,100,78,61,56,46,37
60,55,60,64,73,115,137,150,164,173,172,160,128,114,122,121,142,136,123,110,103,82,65,53,35,34
56,50,54,60,75,111,134,133,136,146,155,139,125,103,106,105,118,115,113,98,95,85,67,52,50,15
56,42,53,56,76,102,120,128,131,130,123,111,102,81,85,91,99,100,96,93,90,81,67,52,38,21
53,51,52,57,78,98,108,109,117,118,119,99,84,68,73,81,90,93,90,95,76,74,63,50,14,14
50,20,42,54,66,77,89,98,102,97,101,81,71,61,64,66,69,77,80,75,78,67,54,34,20,13
25,10,21,47,55,63,77,80,82,78,76,65,60,57,59,60,62,65,71,70,62,57,50,22,9,10
11,12,11,27,51,61,64,71,71,69,65,60,58,54,58,57,57,58,59,59,55,51,50,14,8,9
11,9,12,13,31,56,59,61,62,59,64,57,54,39,54,54,52,55,51,53,37,34,23,11,9,8
8,8,0,9,13,40,51,57,54,43,53,56,51,14,38,50,51,50,48,43,32,12,11,9,4,0
7,7,10,9,14,13,51,58,63,59,61,58,57,53,57,60,59,61,60,57,43,13,14,9,10,0
12,10,10,10,7,20,13,96,93,77,85,69,65,71,82,69,71,65,61,58,51,14,8,11,11,9
21,11,13,14,20,12,52,101,108,105,142,121,88,77,101,77,69,68,60,57,50,21,14,13,10,9
12,7,13,8,10,25,78,101,106,106,129,116,84,72,70,66,64,61,55,54,10,11,25,12,10,12
10,10,12,7,11,56,101,125,103,123,99,76,63,58,55,58,57,58,57,43,19,8,13,8,12,11
11,10,11,8,20,56,79,100,95,91,68,55,55,52,56,58,58,57,76,44,10,6,8,8,10,8
30,16,13,14,53,45,83,77,64,56,55,51,50,50,55,60,86,86,58,49,21,6,11,9,6,8
0,0,0,7,9,8,12,12,12,13,11,25,12,10,43,30,30,13,9,12,12,5,6,0,5,9
7,0,0,0,4,7,12,11,7,19,11,13,12,9,17,23,32,11,0,11,8,9,9,0,0,7
0,0,4,0,0,6,9,6,8,25,8,8,7,7,12,12,13,10,6,0,0,7,7,0,0,5
0,4,6,6,4,0,9,10,11,8,11,6,13,6,13,13,9,5,6,7,0,5,7,7,4,5
7,5,0,6,0,0,9,0,9,12,12,7,10,6,11,14,11,0,12,6,10,6,8,0,0,5
6,0,0,0,0,0,8,6,13,10,15,7,7,0,13,25,10,0,0,9,6,9,7,5,0,0
10,0,7,0,0,0,9,8,9,9,11,10,0,8,13,20,15,0,9,9,9,8,8,0,6,6
10,7,8,0,0,6,11,14,18,18,12,10,7,6,13,28,14,0,0,9,8,0,7,0,5,8
15,9,9,0,0,10,14,13,14,12,9,14,13,5,14,35,19,6,12,10,7,5,0,0,6,7
14,9,9,4,0,6,15,13,12,11,11,10,8,5,13,15,11,9,0,8,0,8,4,0,6,0
13,11,11,0,5,10,13,18,34,46,34,18,13,10,50,28,14,9,10,8,8,7,8,0,5,7
40,20,14,8,0,8,32,52,46,14,9,12,9,12,51,37,12,14,11,11,8,10,8,6,5,0
70,101,85,12,14,10,59,33,20,69,27,11,13,12,60,68,36,37,12,15,12,9,7,8,0,6
116,125,129,50,34,57,76,88,70,88,92,37,61,47,73,82,50,14,61,55,20,14,11,11,8,8
162,175,137,102,81,80,90,94,90,98,102,63,90,63,84,72,70,70,86,80,57,14,14,16,13,10
83,94,72,43,59,61,50,76,62,74,76,62,71,61,79,67,58,60,64,41,26,12,21,12,10,9
46,38,45,53,16,55,73,84,83,80,92,62,66,71,76,81,70,101,71,56,14,23,12,8,11,12
52,51,54,25,52,59,72,83,91,94,106,90,98,117,114,97,97,100,76,53,28,13,8,7,10,14
56,56,59,58,61,72,84,107,121,129,130,124,128,142,127,116,107,111,94,67,60,50,23,31,23,34
55,51,53,58,70,82,107,118,138,137,146,149,154,164,162,168,149,136,112,94,71,62,61,47,15,13
72,70,65,62,91,97,119,136,150,162,167,170,165,176,174,162,159,157,138,118,100,89,76,60,52,50
67,76,69,81,90,101,125,149,173,193,189,188,172,169,173,170,170,154,142,122,98,75,70,56,50,40
67,70,73,73,83,110,134,157,176,192,189,207,165,154,164,162,168,155,138,122,98,72,66,59,51,40
67,63,64,69,71,105,139,166,170,176,181,193,150,132,150,142,156,146,134,118,100,78,61,56,46,37
60,55,60,64,73,115,137,150,164,173,172,160,128,114,122,121,142,135,123,110,103,82,65,53,35,34
56,50,54,60,75,111,134,133,136,146,154,139,125,103,106,105,118,115,113,98,95,85,67,52,50,15
56,42,53,56,77,102,120,128,131,130,123,111,102,81,85,91,99,99,96,93,91,81,67,52,38,21
53,51,52,57,78,98,108,109,117,118,119,99,84,68,73,81,90,93,89,95,76,74,63,50,14,14
50,20,44,54,66,77,89,98,101,98,101,81,71,61,65,67,69,77,79,75,78,67,54,35,20,13
27,10,23,47,55,64,76,80,82,78,77,65,60,57,60,60,61,65,71,70,62,57,50,22,9,10
11,12,12,27,51,61,64,71,71,69,65,60,58,54,58,57,57,58,59,59,56,51,50,14,8,9
11,9,12,13,31,56,59,61,62,60,64,57,55,39,54,53,53,55,51,53,37,34,23,11,10,8
8,8,0,9,13,43,51,57,54,43,53,56,51,14,38,50,51,50,48,43,32,12,11,9,4,0
8,7,10,9,14,13,51,58,63,60,61,58,57,53,58,60,59,61,60,57,43,14,13,9,10,0
12,10,10,10,7,20,13,96,93,77,86,69,65,71,82,69,70,65,61,58,51,14,8,11,11,9
23,12,13,14,20,12,52,102,108,105,142,121,88,77,101,77,69,68,61,57,50,21,14,13,10,9
12,8,13,8,10,28,78,101,107,106,129,118,84,72,70,66,64,61,55,54,10,11,26,12,10,11
10,11,12,7,11,55,100,126,104,123,100,77,63,58,55,58,58,58,57,43,19,8,13,8,12,11
10,10,10,8,20,56,79,101,95,91,68,55,56,52,56,58,57,58,76,44,11,6,8,8,10,8
30,16,13,14,53,45,83,78,64,56,55,52,50,50,55,60,85,85,58,49,21,5,11,9,6,8
