6,11,13,13,50,55,61,58,60,70,80,94,99,86,86,94,90,90,80,80,66,58,53,52,14,13
11,6,12,23,52,67,64,68,67,73,80,94,114,98,94,95,95,101,96,81,60,58,56,40,14,14
13,13,11,29,41,56,60,63,55,65,91,99,105,96,87,84,92,95,109,92,66,54,52,51,23,16
6,10,12,19,39,52,35,9,56,70,88,98,95,89,81,86,101,104,105,92,60,52,50,51,20,12
9,0,9,15,29,13,55,55,52,71,87,91,80,91,102,92,86,94,95,85,61,51,50,85,58,14
0,0,0,0,11,57,59,53,15,67,75,75,75,81,83,77,83,87,85,81,61,47,25,58,55,9
0,0,0,10,11,53,70,51,12,60,83,86,87,88,81,80,87,88,89,82,59,36,19,50,50,10
0,0,0,8,41,68,61,11,0,65,87,91,86,95,86,86,87,90,90,83,59,30,30,47,27,13
0,0,8,17,63,60,51,0,12,63,80,83,89,96,82,84,86,95,85,71,55,21,17,30,30,36
0,0,9,13,60,52,14,46,56,54,78,86,91,92,82,81,84,85,82,77,52,17,13,17,51,47
0,0,0,11,34,17,11,10,0,43,67,75,84,84,70,65,69,74,69,62,40,9,7,12,11,13
0,0,0,8,13,11,12,10,0,51,60,74,77,71,62,61,65,67,63,54,10,8,8,8,10,13
0,0,0,0,0,10,7,10,11,52,61,66,71,67,63,60,62,65,60,52,13,7,0,0,7,0
0,0,0,0,0,0,0,8,8,34,55,61,53,53,52,38,42,52,31,9,0,0,0,0,0,0
0,0,0,0,0,7,17,13,23,51,62,71,63,62,70,60,61,75,59,52,15,11,10,0,8,0
0,0,0,0,0,9,11,13,39,57,72,79,70,72,78,71,66,74,62,57,35,10,10,6,0,6
6,8,6,0,9,12,10,15,52,63,80,93,83,86,84,85,74,83,72,62,50,14,12,12,8,7
9,9,0,6,8,10,33,52,57,76,89,114,98,94,89,91,92,93,81,70,55,31,14,19,14,10
11,8,8,14,33,38,53,55,63,80,97,113,125,109,98,108,110,100,88,78,59,48,20,14,13,13
12,13,9,11,18,53,55,58,71,87,115,129,128,133,108,114,120,116,94,87,63,55,51,43,32,18
12,8,10,23,30,51,57,59,71,87,110,125,120,119,110,110,116,115,97,88,65,57,55,52,33,14
13,8,13,26,33,52,57,58,67,86,103,114,118,116,94,112,112,102,97,76,60,50,48,33,9,6
8,11,16,26,20,37,52,52,59,74,94,116,112,98,80,103,103,95,90,67,52,40,33,31,31,17
0,0,11,11,16,14,38,50,61,73,84,85,81,75,69,72,84,80,80,65,52,30,14,14,10,11
7,0,7,7,6,9,14,45,54,64,71,73,66,63,61,60,69,75,64,58,50,14,12,13,7,0
0,0,0,7,9,11,25,32,51,61,66,70,62,59,58,58,61,73,64,58,37,11,8,11,6,0
0,0,0,8,9,12,14,12,46,56,62,67,60,56,55,56,57,66,65,57,25,11,8,9,0,0
0,0,0,6,8,11,8,14,31,55,63,63,57,52,52,52,57,60,59,57,23,8,7,8,0,0
0,0,0,6,7,0,8,11,14,53,61,61,57,52,40,47,56,59,57,52,11,0,0,7,0,0
0,0,0,0,0,0,0,9,12,50,57,59,52,50,50,25,53,57,55,51,0,0,0,0,5,0
0,0,0,0,0,0,8,8,12,40,53,55,52,38,40,10,50,54,53,50,0,0,0,7,0,0
0,0,0,0,0,0,5,7,8,21,51,50,30,38,25,8,30,36,34,25,0,0,0,0,0,0
0,0,0,0,0,0,0,10,10,25,42,47,40,41,14,11,34,41,42,30,7,0,0,0,0,0
0,0,0,0,0,0,7,9,9,27,53,52,50,47,10,8,22,50,30,17,0,0,0,0,0,0
0,0,0,0,0,0,0,6,9,25,51,51,45,14,7,0,12,27,50,27,7,0,0,0,0,0
0,0,0,0,0,0,8,6,8,14,53,54,51,40,10,7,14,50,51,36,9,0,6,0,0,0
0,0,0,0,6,0,0,0,8,15,53,54,51,23,7,10,27,37,51,39,10,8,0,0,0,0
0,5,0,0,0,0,0,0,7,17,50,52,39,12,11,12,14,35,48,37,12,8,6,6,0,0
0,0,0,0,0,0,0,0,9,18,53,55,51,29,13,11,13,50,50,44,14,8,7,8,0,0
0,0,0,0,0,0,0,8,6,23,51,55,52,39,26,18,29,51,52,51,19,10,10,8,6,0
7,11,13,13,50,55,62,59,60,70,80,95,100,85,85,94,90,90,80,80,66,58,53,52,14,13
11,7,12,24,52,66,63,68,68,73,79,93,115,98,94,95,95,101,96,81,60,58,56,36,14,13
13,13,11,29,39,56,60,64,54,64,91,99,106,97,86,84,91,95,109,93,66,54,52,51,27,15
6,10,12,19,36,52,39,9,56,70,88,98,95,89,81,86,101,104,105,92,61,52,50,52,20,11
9,0,9,20,27,13,56,55,52,71,86,91,80,91,101,92,87,94,95,86,61,51,50,84,58,14
4,0,0,0,11,57,59,53,14,67,75,75,75,82,82,77,83,87,85,81,61,47,28,58,54,9
0,0,0,11,11,53,70,52,13,60,83,85,87,88,81,80,87,88,89,82,59,38,19,50,50,10
0,7,0,8,41,69,60,11,0,63,87,90,87,95,86,87,87,90,90,83,59,32,27,41,27,13
0,0,8,17,62,59,52,0,11,62,80,83,89,96,83,83,85,95,85,71,55,21,19,30,30,36
0,0,9,13,60,52,14,43,56,54,78,86,92,92,82,81,84,86,82,77,52,17,12,17,51,44
0,0,0,11,34,20,11,9,0,40,67,75,85,84,70,65,69,75,69,62,40,9,7,11,11,13
0,0,0,8,13,11,12,11,0,51,60,74,78,71,62,61,65,67,64,54,10,8,8,8,10,13
0,0,0,0,0,10,7,10,11,51,61,66,71,67,63,60,62,66,60,52,13,7,0,0,8,0
0,0,0,0,0,0,0,9,8,32,55,61,54,53,53,38,42,52,33,9,0,0,0,0,0,0
0,0,0,0,0,7,16,13,23,51,62,72,63,62,69,60,61,75,59,52,15,10,10,0,8,0
0,0,0,0,0,9,11,13,37,57,73,79,70,72,78,71,66,74,61,57,32,9,10,6,0,6
6,8,6,0,9,12,10,14,52,63,80,92,83,86,84,85,74,83,72,62,51,17,12,12,9,7
9,9,0,6,8,11,33,52,57,76,89,114,98,94,89,91,92,93,81,70,55,31,13,19,14,9
11,8,8,14,35,34,52,55,63,79,97,113,126,109,98,109,111,101,88,79,60,50,20,14,13,13
13,13,9,11,16,52,56,58,71,87,114,129,129,133,109,114,121,116,94,87,63,55,51,43,32,17
13,8,10,23,30,52,56,60,71,86,110,125,121,119,109,111,115,116,97,88,65,58,55,52,33,14
14,8,13,28,35,53,57,58,67,85,103,113,119,116,93,112,112,102,97,76,60,50,46,37,9,6
9,11,17,26,20,37,52,52,59,73,94,115,114,97,80,104,103,95,90,68,52,40,33,31,30,15
0,0,11,11,16,14,38,50,61,73,84,85,82,75,69,72,84,80,80,66,52,33,14,14,10,10
8,0,7,7,6,9,14,45,54,64,70,73,67,63,61,61,69,75,64,59,50,15,12,13,7,0
0,0,0,7,8,11,29,32,51,61,66,69,62,60,58,58,61,73,63,58,37,11,9,11,6,0
0,0,0,8,9,12,15,12,48,56,62,66,61,55,55,56,57,66,65,58,29,11,8,9,0,0
0,0,0,6,8,12,7,14,33,54,63,63,57,52,52,53,57,60,59,57,23,8,7,8,0,0
0,0,0,6,6,0,8,11,14,52,61,61,57,52,38,50,56,59,57,52,11,0,0,7,0,0
0,0,0,0,0,0,0,9,12,50,57,59,53,50,50,25,53,57,55,51,0,0,0,0,5,0
0,0,0,0,0,0,8,8,12,38,54,55,52,38,38,11,50,54,53,50,0,0,0,6,0,0
0,0,0,0,0,0,6,7,8,21,51,50,33,38,25,8,29,37,33,25,0,0,0,0,0,0
0,0,0,0,0,0,0,9,10,23,41,46,43,40,14,12,32,42,43,30,7,0,0,0,0,0
0,0,0,0,0,0,7,9,9,27,52,52,50,50,10,9,20,50,30,19,5,0,0,0,0,0
0,0,0,0,0,0,0,6,9,25,52,51,50,14,0,6,12,27,50,30,7,0,0,0,0,0
0,0,0,0,0,0,8,6,8,13,53,53,51,37,10,7,14,50,51,36,8,0,6,0,0,0
0,0,0,0,6,0,0,0,8,15,53,54,52,23,7,10,25,39,51,43,11,7,0,0,0,0
0,5,0,0,0,0,0,0,7,17,50,51,42,13,11,12,14,36,48,40,12,8,6,6,0,0
0,0,0,0,0,0,0,0,8,16,53,54,51,30,13,11,13,50,50,45,14,8,7,8,0,0
0,0,0,0,0,0,0,8,6,23,51,54,53,40,26,19,28,51,52,51,22,10,10,8,6,0
6,11,12,12,50,55,62,59,60,70,80,95,100,85,85,94,89,90,80,80,66,58,53,52,14,13
11,7,12,24,52,66,63,69,68,73,79,93,115,99,94,96,95,102,95,82,61,58,57,36,14,14
13,13,11,29,41,56,60,64,54,65,91,99,106,96,86,85,91,95,109,93,66,54,52,51,27,14
6,10,12,22,34,52,37,9,56,70,88,98,96,89,81,86,100,104,105,92,61,52,50,51,19,11
10,0,9,16,25,13,56,54,52,71,87,91,80,91,101,93,86,94,94,87,61,51,50,84,57,14
0,0,0,0,11,57,59,53,14,67,75,75,75,82,83,78,83,87,84,81,61,47,25,58,54,9
0,0,0,11,11,53,69,53,13,60,82,85,87,88,81,80,87,88,89,82,59,38,19,50,50,10
0,7,0,8,41,68,61,11,0,63,86,89,87,95,86,87,86,90,90,83,58,30,23,44,27,12
0,7,8,17,62,59,51,0,11,62,79,82,89,96,83,84,85,95,84,72,55,21,19,33,36,36
0,0,9,14,60,53,14,40,56,55,77,85,93,92,82,82,83,86,82,77,53,15,12,17,51,47
0,0,0,11,34,22,11,9,0,40,68,74,85,85,70,65,70,75,68,62,40,9,0,11,11,13
0,0,0,8,13,11,13,11,0,51,60,74,78,71,62,62,65,68,63,55,10,8,8,8,10,13
0,0,0,0,0,10,7,10,11,51,61,67,71,67,63,61,62,66,60,52,13,7,0,0,8,0
0,0,0,0,0,0,0,8,8,34,55,61,54,52,52,38,40,53,31,9,0,0,0,0,0,0
0,0,0,0,0,7,15,13,23,51,61,72,63,61,69,60,61,75,59,52,16,10,10,0,8,0
0,0,0,0,0,10,11,13,37,56,72,79,71,72,78,71,66,73,61,57,30,9,10,6,6,0
7,8,6,0,9,11,10,15,53,63,80,92,83,86,84,85,73,84,72,62,51,14,12,12,8,6
9,9,0,0,8,11,31,52,57,76,89,114,99,94,89,91,92,93,81,71,55,29,14,19,14,9
11,8,8,14,33,36,52,55,63,79,97,113,126,109,98,109,111,102,87,79,60,50,18,14,13,13
13,13,9,11,15,53,56,58,71,88,115,129,130,133,109,115,121,116,93,88,63,55,51,43,32,16
13,8,10,23,30,52,56,60,70,86,110,125,121,119,109,111,115,115,97,88,66,57,55,52,32,14
14,8,13,28,31,53,57,58,67,86,103,112,119,116,93,112,112,102,97,76,60,50,48,35,9,5
9,11,17,26,21,38,52,52,59,73,94,116,115,98,79,105,102,95,90,68,52,41,33,31,32,14
0,0,11,11,15,14,39,50,61,73,83,85,82,75,69,72,84,80,80,66,52,32,14,14,10,10
8,0,7,7,6,9,14,45,54,64,71,73,67,63,61,61,69,75,64,59,50,15,12,13,7,0
0,0,0,7,8,11,27,32,51,61,66,69,63,60,58,58,61,72,63,58,39,11,9,11,6,0
0,0,0,8,9,12,14,12,48,56,62,66,61,56,55,56,57,66,64,57,29,11,8,8,0,0
0,0,0,6,8,12,8,14,33,54,63,63,57,52,52,53,56,60,58,57,25,8,7,8,0,0
0,0,0,6,6,0,8,11,14,53,61,61,58,52,38,50,56,59,57,52,11,0,0,7,0,0
0,0,0,0,0,0,0,9,13,50,57,60,53,50,50,25,53,57,55,51,0,0,0,0,5,0
0,0,0,0,0,0,8,8,12,36,53,54,52,40,40,12,50,54,53,50,0,0,0,7,5,0
0,0,0,0,0,0,6,7,8,23,50,51,35,40,25,9,29,37,34,26,0,0,0,0,0,0
0,0,0,0,0,0,0,10,10,25,41,47,43,40,14,12,31,42,39,32,7,0,0,0,0,0
0,0,0,0,0,0,7,9,10,27,52,52,50,50,9,9,15,50,27,19,0,0,0,0,0,0
0,0,0,0,0,0,0,7,9,27,51,51,50,14,0,6,12,25,50,30,7,0,0,0,0,0
0,0,0,0,0,0,8,6,8,13,52,53,52,37,10,7,14,50,51,44,9,0,5,0,0,0
0,0,0,0,6,0,0,0,8,15,52,54,52,23,7,10,25,41,51,45,11,7,0,0,0,0
0,6,0,0,0,0,0,0,7,19,50,51,43,13,11,13,14,36,46,40,12,8,6,6,0,0
0,0,0,0,0,0,0,0,9,16,52,55,52,30,13,12,12,50,50,47,14,8,7,8,0,0
0,0,0,0,0,0,0,8,6,23,51,54,53,40,27,19,25,51,52,51,22,10,10,8,6,0
6,11,12,12,50,55,62,59,60,70,80,94,100,86,85,93,90,90,80,80,66,58,53,52,15,13
11,6,12,25,52,66,63,69,68,73,79,93,114,99,94,95,95,102,96,82,61,58,57,34,14,14
14,13,11,30,39,56,59,64,54,65,91,99,106,97,86,85,92,95,109,93,66,54,52,51,27,14
6,10,12,20,34,52,37,9,56,71,88,98,96,89,81,86,101,104,106,92,61,52,50,51,22,11
10,0,9,18,25,13,56,55,53,72,86,91,81,91,101,92,86,94,94,86,61,51,50,84,57,14
0,0,0,0,11,57,59,52,14,66,75,76,75,82,83,78,83,88,85,81,61,47,25,58,54,9
0,0,0,10,11,52,69,52,13,60,82,85,87,88,81,80,87,88,89,82,60,33,17,50,50,10
0,7,0,8,41,68,61,11,0,63,87,89,87,96,86,87,87,90,90,83,58,30,23,44,27,12
0,7,8,15,62,59,50,0,11,61,80,82,89,96,83,84,84,95,84,72,55,21,19,27,36,36
0,0,9,14,60,53,15,31,56,55,77,85,92,92,82,82,84,86,82,77,53,17,12,17,51,47
0,0,0,12,34,22,11,8,0,40,68,75,84,85,71,65,69,75,68,62,40,9,0,10,11,13
0,0,0,8,13,11,12,10,0,51,60,74,79,71,63,62,65,68,63,55,10,8,8,8,10,13
0,0,0,0,0,9,7,10,12,51,61,67,71,67,63,61,62,66,60,52,13,7,0,0,8,0
0,0,0,0,0,0,0,8,8,32,55,61,54,53,52,40,42,52,30,9,0,0,0,0,0,0
0,0,0,0,0,7,15,13,26,51,61,71,63,62,69,61,61,75,59,52,15,11,10,0,8,0
0,0,0,0,0,9,11,13,37,56,72,79,71,73,78,71,66,73,61,57,30,9,10,6,6,6
7,8,6,0,9,11,10,15,53,63,80,92,84,86,84,86,73,84,72,62,51,14,12,12,8,6
9,8,0,0,8,11,31,52,57,76,89,114,99,94,89,91,93,93,81,71,55,34,13,19,14,9
12,8,8,15,33,36,52,55,63,79,96,113,126,110,98,109,110,101,88,79,59,50,18,14,13,13
13,13,9,11,15,52,56,58,71,88,114,129,130,133,109,116,121,116,93,88,63,55,50,43,30,18
13,8,10,23,32,52,56,59,70,86,110,125,121,119,108,110,116,115,97,88,66,57,55,53,33,15
14,8,13,30,31,52,57,58,68,86,103,112,119,117,93,112,112,102,97,76,60,50,42,35,8,6
9,11,17,26,22,39,51,52,59,73,94,117,115,98,79,105,102,95,90,68,52,40,33,31,32,15
0,0,11,12,16,14,40,50,61,73,84,85,82,75,69,72,85,80,80,66,52,32,14,14,10,10
7,0,8,7,6,9,14,43,54,64,70,73,67,63,61,61,69,75,65,59,50,15,12,13,7,0
0,0,0,7,8,11,29,33,51,61,65,69,63,59,58,58,61,72,62,58,37,11,9,11,6,0
0,0,0,7,9,12,15,12,50,56,62,66,61,56,55,56,57,66,64,57,27,11,8,8,0,0
0,0,0,6,8,11,8,14,33,54,63,63,57,53,52,53,57,60,58,57,25,8,6,8,0,0
0,0,0,6,6,0,8,11,16,53,60,61,57,52,38,50,56,59,56,53,10,0,0,7,0,0
0,0,0,0,0,0,0,9,13,50,57,60,53,51,50,25,53,57,55,51,0,7,0,0,5,0
0,0,0,0,0,0,8,9,12,34,53,54,52,38,40,12,50,54,53,50,0,0,0,7,5,0
0,0,0,0,0,0,6,7,9,21,50,50,35,40,23,8,30,37,33,27,0,0,0,0,0,0
0,0,0,0,0,0,0,10,10,23,41,48,43,39,15,13,33,42,39,34,7,0,0,0,0,0
0,0,0,0,0,0,7,9,10,25,53,52,51,50,9,9,17,50,25,19,0,0,0,0,0,0
0,0,0,0,0,0,0,7,9,25,51,51,50,14,0,6,12,27,45,32,7,0,0,0,0,0
0,0,0,0,0,0,8,6,8,13,52,53,51,37,10,8,14,50,50,47,8,0,5,0,0,0
0,0,0,0,6,0,0,0,9,14,53,54,52,23,7,10,25,41,51,50,11,7,0,0,0,0
0,5,0,0,0,0,0,0,7,19,50,51,43,13,11,13,14,36,45,42,12,8,6,6,0,0
0,0,0,0,0,0,0,0,9,16,52,55,52,30,13,12,12,51,50,47,14,8,7,8,0,0
0,0,0,0,0,0,0,8,7,25,51,55,53,40,27,19,25,51,52,51,20,10,10,8,6,0
6,11,13,13,50,55,62,59,60,70,80,95,100,86,85,93,89,90,80,80,66,57,53,52,16,13
11,6,13,25,52,66,63,69,68,73,79,93,114,99,94,96,95,104,95,81,61,57,56,31,14,13
14,13,11,30,41,56,59,64,54,65,92,99,106,97,86,85,91,95,109,93,66,53,52,51,27,14
6,10,12,20,35,51,37,9,56,70,88,98,96,90,81,86,101,105,105,91,61,51,51,51,22,11
10,0,9,18,25,13,56,55,53,72,86,92,80,91,101,93,87,94,94,86,61,50,50,83,57,14
0,0,0,0,11,58,58,53,14,66,75,76,75,83,82,79,82,88,85,81,61,41,28,58,54,9
0,0,0,10,11,52,69,52,12,60,81,86,87,88,81,79,88,88,88,82,60,27,15,50,50,9
0,7,0,8,41,67,61,10,0,62,87,90,87,96,86,87,87,90,90,82,58,22,25,47,27,11
0,7,7,17,62,60,51,0,11,63,79,83,89,95,83,83,84,95,84,72,55,19,21,27,38,33
0,0,9,14,60,53,15,28,55,56,76,86,91,92,82,82,84,86,81,77,53,14,12,15,51,44
0,0,0,12,37,22,11,7,0,37,67,75,84,85,70,66,70,75,68,62,35,8,0,11,11,13
0,0,0,8,13,11,12,10,0,51,60,75,79,71,63,62,66,69,62,55,10,7,8,8,10,13
0,0,0,0,0,10,7,10,11,51,61,68,71,68,63,61,61,66,60,53,13,6,0,0,8,0
0,0,0,0,0,0,0,8,8,32,55,61,54,53,52,38,40,52,30,9,0,0,0,0,0,0
0,0,0,0,0,7,14,13,23,51,61,72,63,62,69,61,61,75,59,53,14,10,10,0,8,0
0,0,0,0,0,10,11,13,35,56,72,79,70,73,78,71,67,74,62,57,30,8,10,6,6,0
7,7,6,0,9,12,10,17,52,63,80,92,84,86,84,86,74,83,72,62,51,14,12,12,9,6
9,8,0,0,8,11,31,51,56,76,89,115,99,94,90,91,92,93,81,71,55,31,14,16,15,9
11,8,8,15,35,38,52,55,63,79,96,114,126,111,98,109,110,101,88,79,59,46,18,14,13,13
13,13,9,11,15,52,56,58,71,88,115,130,130,133,109,115,122,116,92,88,63,54,50,43,32,18
13,8,10,23,36,52,56,59,70,86,110,126,122,120,109,111,116,116,97,88,65,56,55,53,33,14
15,8,13,30,33,52,57,58,67,86,103,114,119,117,93,113,112,103,97,76,60,44,42,35,8,6
8,11,17,26,22,39,51,52,58,73,94,117,115,98,80,105,102,95,89,68,52,39,33,31,32,14
0,0,10,11,15,14,40,50,61,73,84,85,82,75,69,72,85,80,80,66,52,26,14,14,10,10
7,0,7,7,6,9,14,41,54,64,70,74,67,63,61,61,69,75,64,59,50,14,13,13,7,0
0,0,0,7,8,11,27,33,51,61,65,70,63,60,58,58,61,72,62,58,37,10,9,11,6,0
0,0,0,8,9,12,14,12,48,56,62,67,61,56,55,56,57,66,64,58,27,10,8,8,0,0
0,0,0,6,8,11,8,14,33,54,63,64,57,53,52,53,57,61,57,57,25,7,7,8,0,0
0,0,0,6,7,0,8,11,14,53,61,61,57,52,36,50,56,59,56,53,10,0,0,7,0,0
0,0,0,0,0,0,0,9,12,51,57,61,53,51,51,27,52,57,54,51,0,0,0,0,6,0
0,0,0,0,0,0,8,9,12,34,54,55,52,36,38,12,50,55,52,50,0,0,0,7,0,0
0,0,0,0,0,0,6,7,9,21,50,51,33,41,23,8,29,37,33,27,0,0,0,0,0,0
0,0,0,0,0,0,0,10,10,23,40,50,42,40,15,13,33,43,38,32,7,0,0,0,0,0
0,0,0,0,0,0,7,8,10,22,52,52,51,50,9,9,17,51,25,19,0,0,0,0,0,0
0,0,0,0,0,0,0,7,9,25,51,52,47,14,0,0,12,30,45,32,7,0,0,0,0,0
0,0,0,0,0,0,8,6,8,13,52,54,52,40,10,7,14,50,50,47,9,0,5,0,0,0
0,0,0,0,6,0,0,0,8,15,53,55,52,23,7,10,27,41,51,45,11,7,0,0,0,0
0,5,0,0,0,0,0,0,7,19,50,51,43,13,11,13,14,38,45,40,12,7,6,6,0,0
0,0,0,0,0,0,0,0,9,16,52,56,51,30,13,12,12,51,50,47,14,7,7,8,0,0
0,0,0,0,0,0,0,8,6,25,51,55,53,40,29,19,26,52,52,51,20,10,10,8,6,0
7,11,13,13,50,55,62,58,60,70,80,95,100,86,85,93,90,90,80,80,66,57,53,53,16,13
11,6,13,23,52,65,63,69,68,74,79,93,114,99,94,96,96,104,96,82,61,57,56,34,14,13
13,13,11,30,45,56,59,64,54,65,92,100,105,97,86,85,93,96,109,93,66,53,52,51,23,15
6,11,13,17,36,52,33,9,56,71,88,98,96,90,82,86,101,105,106,91,60,51,51,51,23,11
9,0,9,20,29,13,56,55,53,72,86,91,81,92,100,92,88,94,94,85,61,50,50,82,56,13
0,0,0,0,11,57,58,52,14,67,75,76,75,83,82,79,83,88,84,82,60,44,25,57,54,8
0,0,0,10,11,51,69,51,12,59,83,86,87,88,82,79,88,89,89,82,59,25,14,50,50,9
0,7,0,8,44,67,59,10,0,62,87,90,86,96,86,87,88,91,89,81,59,17,27,50,27,12
0,0,7,14,62,60,50,0,10,62,80,83,89,96,82,83,85,95,84,72,54,19,21,25,38,30
0,0,9,14,61,52,20,20,56,55,77,86,91,92,82,83,85,86,81,76,53,14,13,14,51,38
0,0,0,11,37,22,11,0,0,34,67,75,84,85,69,65,70,75,68,62,37,8,7,11,11,13
0,0,0,8,13,11,11,10,0,50,61,75,78,70,63,62,66,69,63,54,10,7,8,7,10,12
0,0,0,0,0,10,7,9,11,50,61,67,71,68,63,61,62,66,59,52,12,6,0,0,8,0
0,0,0,0,0,0,0,8,8,34,54,62,55,53,52,36,40,52,29,9,0,0,0,0,0,0
0,0,0,0,0,7,16,13,25,50,60,72,63,62,69,60,61,75,57,53,14,10,10,6,8,0
0,0,0,0,0,10,11,13,37,57,72,79,70,73,77,71,68,74,62,57,35,8,9,6,0,0
7,8,6,0,9,11,10,19,52,63,79,92,84,87,84,85,74,84,71,62,50,14,12,12,9,7
9,8,0,6,8,10,33,51,56,76,89,117,98,94,89,91,93,94,80,70,55,29,13,15,14,9
12,7,8,15,37,40,52,55,63,79,97,114,126,111,98,109,111,102,88,79,59,43,20,14,14,12
13,13,9,11,14,52,55,58,71,88,115,131,130,132,108,115,122,117,93,87,63,54,50,43,30,20
13,8,10,28,38,52,56,59,71,87,110,126,122,120,110,110,117,116,97,88,65,56,55,53,35,14
14,8,13,33,35,52,57,57,67,86,104,114,119,117,94,113,113,103,97,76,60,48,46,35,8,6
8,11,16,26,22,39,51,52,59,75,94,116,115,98,81,103,104,95,90,67,53,40,34,31,31,16
0,0,11,12,16,14,42,50,61,73,84,86,82,75,69,72,86,81,80,66,52,21,13,14,10,10
7,0,7,7,7,8,14,41,53,64,70,74,66,63,61,60,69,75,64,59,50,14,13,13,7,0
0,0,0,7,9,11,27,32,50,61,66,70,63,60,58,58,62,73,62,58,37,10,9,11,6,0
0,0,0,8,9,12,14,12,45,55,62,66,60,56,55,56,57,66,64,57,23,9,8,9,0,0
0,0,0,6,9,11,8,14,33,55,63,65,57,53,52,53,57,61,58,57,28,7,6,8,0,0
0,0,0,6,6,0,8,12,14,53,61,61,56,52,36,50,57,60,57,52,11,0,0,7,0,0
0,0,0,0,0,0,0,8,12,50,57,60,52,51,51,27,53,57,54,51,0,0,0,0,6,0
0,0,0,0,0,0,7,9,12,36,53,56,52,38,43,11,51,55,53,50,0,0,0,7,0,0
0,0,0,0,0,0,6,7,9,21,51,51,33,38,23,8,31,37,32,27,0,0,0,0,0,0
0,0,0,0,0,0,0,9,11,23,41,50,42,40,13,11,35,42,38,31,7,0,0,0,0,0
0,0,0,0,0,0,7,8,10,22,53,52,51,50,9,8,25,50,30,19,5,0,0,0,0,0
0,0,0,0,0,0,0,7,9,25,51,53,50,14,0,0,12,30,43,32,7,0,0,0,0,0
0,0,0,0,0,0,8,6,8,14,52,54,51,42,10,7,14,50,50,41,10,0,5,0,0,0
0,0,0,0,6,0,0,0,8,14,53,55,51,23,6,10,25,42,51,41,10,7,0,0,0,0
0,5,0,0,0,0,0,0,7,20,50,51,40,13,10,13,14,39,46,40,13,6,5,6,0,0
0,0,0,0,0,0,0,0,9,20,52,56,51,29,13,12,13,51,50,44,14,7,7,8,0,0
0,0,0,0,0,0,0,8,6,25,52,55,53,39,27,18,28,51,52,50,19,10,10,8,6,0
7,11,13,13,50,55,62,58,60,70,80,95,100,86,85,93,90,90,80,80,66,57,53,53,16,13
11,6,13,23,52,65,63,69,68,74,79,93,114,99,94,96,96,104,96,82,61,57,56,34,14,13
13,13,11,30,45,56,59,64,54,65,92,100,105,97,86,85,93,96,109,93,66,53,52,51,23,15
6,11,13,17,36,52,33,9,56,71,88,98,96,90,82,86,101,105,106,91,60,51,51,51,23,11
9,0,9,20,29,13,56,55,53,72,86,91,81,92,100,92,88,94,94,85,61,50,50,82,56,13
0,0,0,0,11,57,58,52,14,67,75,76,75,83,82,79,83,88,84,82,60,44,25,57,54,8
0,0,0,10,11,51,69,51,12,59,83,86,87,88,82,79,88,89,89,82,59,25,14,50,50,9
0,7,0,8,44,67,59,10,0,62,87,90,86,96,86,87,88,91,89,81,59,17,27,50,27,12
0,0,7,14,62,60,50,0,10,62,80,83,89,96,82,83,85,95,84,72,54,19,21,25,38,30
0,0,9,14,61,52,20,20,56,55,77,86,91,92,82,83,85,86,81,76,53,14,13,14,51,38
0,0,0,11,37,22,11,0,0,34,67,75,84,85,69,65,70,75,68,62,37,8,7,11,11,13
0,0,0,8,13,11,11,10,0,50,61,75,78,70,63,62,66,69,63,54,10,7,8,7,10,12
0,0,0,0,0,10,7,9,11,50,61,67,71,68,63,61,62,66,59,52,12,6,0,0,8,0
0,0,0,0,0,0,0,8,8,34,54,62,55,53,52,36,40,52,29,9,0,0,0,0,0,0
0,0,0,0,0,7,16,13,25,50,60,72,63,62,69,60,61,75,57,53,14,10,10,6,8,0
0,0,0,0,0,10,11,13,37,57,72,79,70,73,77,71,68,74,62,57,35,8,9,6,0,0
7,8,6,0,9,11,10,19,52,63,79,92,84,87,84,85,74,84,71,62,50,14,12,12,9,7
9,8,0,6,8,10,33,51,56,76,89,117,98,94,89,91,93,94,80,70,55,29,13,15,14,9
12,7,8,15,37,40,52,55,63,79,97,114,126,111,98,109,111,102,88,79,59,43,20,14,14,12
13,13,9,11,14,52,55,58,71,88,115,131,130,132,108,115,122,117,93,87,63,54,50,43,30,20
13,8,10,28,38,52,56,59,71,87,110,126,122,120,110,110,117,116,97,88,65,56,55,53,35,14
14,8,13,33,35,52,57,57,67,86,104,114,119,117,94,113,113,103,97,76,60,48,46,35,8,6
8,11,16,26,22,39,51,52,59,75,94,116,115,98,81,103,104,95,90,67,53,40,34,31,31,16
0,0,11,12,16,14,42,50,61,73,84,86,82,75,69,72,86,81,80,66,52,21,13,14,10,10
7,0,7,7,7,8,14,41,53,64,70,74,66,63,61,60,69,75,64,59,50,14,13,13,7,0
0,0,0,7,9,11,27,32,50,61,66,70,63,60,58,58,62,73,62,58,37,10,9,11,6,0
0,0,0,8,9,12,14,12,45,55,62,66,60,56,55,56,57,66,64,57,23,9,8,9,0,0
0,0,0,6,9,11,8,14,33,55,63,65,57,53,52,53,57,61,58,57,28,7,6,8,0,0
0,0,0,6,6,0,8,12,14,53,61,61,56,52,36,50,57,60,57,52,11,0,0,7,0,0
0,0,0,0,0,0,0,8,12,50,57,60,52,51,51,27,53,57,54,51,0,0,0,0,6,0
0,0,0,0,0,0,7,9,12,36,53,56,52,38,43,11,51,55,53,50,0,0,0,7,0,0
0,0,0,0,0,0,6,7,9,21,51,51,33,38,23,8,31,37,32,27,0,0,0,0,0,0
0,0,0,0,0,0,0,9,11,23,41,50,42,40,13,11,35,42,38,31,7,0,0,0,0,0
0,0,0,0,0,0,7,8,10,22,53,52,51,50,9,8,25,50,30,19,5,0,0,0,0,0
0,0,0,0,0,0,0,7,9,25,51,53,50,14,0,0,12,30,43,32,7,0,0,0,0,0
0,0,0,0,0,0,8,6,8,14,52,54,51,42,10,7,14,50,50,41,10,0,5,0,0,0
0,0,0,0,6,0,0,0,8,14,53,55,51,23,6,10,25,42,51,41,10,7,0,0,0,0
0,5,0,0,0,0,0,0,7,20,50,51,40,13,10,13,14,39,46,40,13,6,5,6,0,0
0,0,0,0,0,0,0,0,9,20,52,56,51,29,13,12,13,51,50,44,14,7,7,8,0,0
0,0,0,0,0,0,0,8,6,25,52,55,53,39,27,18,28,51,52,50,19,10,10,8,6,0
7,11,13,13,50,55,62,58,61,70,80,95,101,85,85,94,90,89,80,80,66,57,54,53,16,13
11,6,13,23,53,66,64,69,67,74,79,93,114,99,94,95,96,102,95,83,61,57,56,31,14,15
13,13,11,32,45,56,59,64,54,65,91,99,105,97,86,85,93,96,109,92,66,53,52,51,23,18
6,11,13,19,36,52,33,9,56,71,88,98,95,89,81,86,102,105,106,91,61,51,50,52,25,11
9,0,9,23,25,13,56,55,52,71,86,91,82,91,100,92,87,94,94,85,61,50,50,82,56,13
0,0,0,7,11,57,59,52,13,66,75,76,75,82,82,78,83,87,84,81,61,50,25,56,53,9
0,0,0,11,10,52,69,51,12,60,83,86,87,88,82,78,87,88,88,81,59,33,15,51,50,9
0,8,0,9,38,68,59,10,0,61,87,90,86,96,86,87,88,90,89,82,60,22,25,47,30,13
0,0,7,14,62,58,52,0,10,62,80,82,89,97,82,83,85,94,84,72,54,21,19,30,30,30
0,0,9,14,60,52,22,22,55,55,76,86,94,92,81,83,86,85,82,76,52,14,13,15,51,41
0,0,0,12,37,22,12,0,0,40,66,76,85,84,69,65,70,75,68,62,37,8,7,12,11,13
0,0,0,8,13,11,11,10,0,50,61,76,78,71,63,61,65,68,63,54,10,8,8,8,10,12
0,0,0,0,0,10,7,10,11,51,61,67,72,68,63,61,63,65,59,52,13,7,0,0,8,0
0,0,0,0,0,0,0,8,8,35,54,61,55,52,52,37,42,52,30,9,0,0,0,0,0,0
0,0,0,0,0,7,17,13,22,51,61,70,63,62,70,60,61,74,58,52,15,11,10,0,8,0
0,0,0,0,0,9,11,13,37,57,72,80,70,73,77,71,67,73,62,58,35,9,9,6,0,0
7,8,6,0,9,11,10,17,52,63,79,91,84,87,83,85,75,83,71,62,51,17,12,12,8,7
9,8,0,7,7,10,35,51,56,76,89,117,99,94,89,91,93,92,80,70,55,27,14,15,13,9
12,8,7,16,33,38,52,55,63,80,97,114,126,110,98,108,111,102,87,78,60,46,18,13,13,12
13,13,9,12,15,52,56,58,71,88,115,130,130,132,109,115,122,117,93,87,64,54,50,43,28,17
13,9,10,26,34,52,57,59,70,88,110,126,121,120,110,110,117,116,97,87,66,57,55,53,35,14
13,8,13,35,33,52,57,57,67,86,105,114,119,117,94,112,113,102,97,76,60,50,50,33,9,6
9,11,16,26,21,39,51,52,59,74,94,117,114,98,80,103,104,95,90,67,54,40,34,31,30,17
0,0,11,12,15,14,43,50,61,73,84,86,83,75,69,71,86,80,79,65,53,23,14,14,10,10
8,0,7,7,7,9,14,41,53,64,71,74,67,63,61,60,70,75,64,59,50,14,12,13,7,0
0,0,0,7,8,11,29,33,50,61,66,70,63,60,58,58,61,72,63,58,39,11,9,11,6,0
0,0,0,8,9,12,16,12,43,56,63,67,61,56,55,56,57,66,64,56,27,10,8,9,0,0
0,0,0,6,9,11,7,13,30,55,63,64,58,53,52,53,57,61,58,57,32,7,6,8,0,0
0,0,0,6,6,0,8,12,14,53,61,62,57,52,36,50,57,59,57,52,11,0,0,7,0,0
0,0,0,0,0,0,0,9,12,50,58,60,52,51,50,27,53,57,54,51,0,7,0,0,0,0
0,0,0,0,0,0,8,8,12,43,53,56,53,38,43,12,51,54,53,50,0,0,0,7,0,0
0,0,0,0,0,0,6,7,8,23,51,51,32,38,21,8,30,37,31,25,0,0,0,0,0,0
0,0,0,0,0,0,0,10,11,26,40,46,45,41,13,11,36,41,39,31,7,0,0,0,0,0
0,0,0,0,0,0,7,8,9,25,53,52,50,50,9,8,25,50,32,19,5,0,0,0,0,0
0,0,0,0,0,0,0,7,9,30,51,52,50,14,7,0,13,25,47,32,8,0,0,0,0,0
0,0,0,0,0,0,8,6,8,14,52,54,51,42,10,7,14,50,50,41,10,0,6,0,0,0
0,0,0,0,6,0,0,0,8,15,52,55,52,23,6,10,25,41,51,43,11,7,0,0,0,0
0,6,0,0,0,0,0,0,7,22,50,51,43,12,11,13,18,38,46,42,13,7,6,6,0,0
0,0,0,0,0,0,0,0,9,21,52,55,51,28,13,12,14,51,50,41,15,8,7,8,0,0
0,0,0,0,0,0,0,9,6,25,51,55,53,39,29,20,26,51,52,51,22,10,10,8,5,0
7,11,13,13,50,55,62,58,61,70,80,95,101,85,85,94,90,89,80,80,66,57,54,53,16,13
11,6,13,23,53,66,64,69,67,74,79,93,114,99,94,95,96,102,95,83,61,57,56,31,14,15
13,13,11,32,45,56,59,64,54,65,91,99,105,97,86,85,93,96,109,92,66,53,52,51,23,18
6,11,13,19,36,52,33,9,56,71,88,98,95,89,81,86,102,105,106,91,61,51,50,52,25,11
9,0,9,23,25,13,56,55,52,71,86,91,82,91,100,92,87,94,94,85,61,50,50,82,56,13
0,0,0,7,11,57,59,52,13,66,75,76,75,82,82,78,83,87,84,81,61,50,25,56,53,9
0,0,0,11,10,52,69,51,12,60,83,86,87,88,82,78,87,88,88,81,59,33,15,51,50,9
0,8,0,9,38,68,59,10,0,61,87,90,86,96,86,87,88,90,89,82,60,22,25,47,30,13
0,0,7,14,62,58,52,0,10,62,80,82,89,97,82,83,85,94,84,72,54,21,19,30,30,30
0,0,9,14,60,52,22,22,55,55,76,86,94,92,81,83,86,85,82,76,52,14,13,15,51,41
0,0,0,12,37,22,12,0,0,40,66,76,85,84,69,65,70,75,68,62,37,8,7,12,11,13
0,0,0,8,13,11,11,10,0,50,61,76,78,71,63,61,65,68,63,54,10,8,8,8,10,12
0,0,0,0,0,10,7,10,11,51,61,67,72,68,63,61,63,65,59,52,13,7,0,0,8,0
0,0,0,0,0,0,0,8,8,35,54,61,55,52,52,37,42,52,30,9,0,0,0,0,0,0
0,0,0,0,0,7,17,13,22,51,61,70,63,62,70,60,61,74,58,52,15,11,10,0,8,0
0,0,0,0,0,9,11,13,37,57,72,80,70,73,77,71,67,73,62,58,35,9,9,6,0,0
7,8,6,0,9,11,10,17,52,63,79,91,84,87,83,85,75,83,71,62,51,17,12,12,8,7
9,8,0,7,7,10,35,51,56,76,89,117,99,94,89,91,93,92,80,70,55,27,14,15,13,9
12,8,7,16,33,38,52,55,63,80,97,114,126,110,98,108,111,102,87,78,60,46,18,13,13,12
13,13,9,12,15,52,56,58,71,88,115,130,130,132,109,115,122,117,93,87,64,54,50,43,28,17
13,9,10,26,34,52,57,59,70,88,110,126,121,120,110,110,117,116,97,87,66,57,55,53,35,14
13,8,13,35,33,52,57,57,67,86,105,114,119,117,94,112,113,102,97,76,60,50,50,33,9,6
9,11,16,26,21,39,51,52,59,74,94,117,114,98,80,103,104,95,90,67,54,40,34,31,30,17
0,0,11,12,15,14,43,50,61,73,84,86,83,75,69,71,86,80,79,65,53,23,14,14,10,10
8,0,7,7,7,9,14,41,53,64,71,74,67,63,61,60,70,75,64,59,50,14,12,13,7,0
0,0,0,7,8,11,29,33,50,61,66,70,63,60,58,58,61,72,63,58,39,11,9,11,6,0
0,0,0,8,9,12,16,12,43,56,63,67,61,56,55,56,57,66,64,56,27,10,8,9,0,0
0,0,0,6,9,11,7,13,30,55,63,64,58,53,52,53,57,61,58,57,32,7,6,8,0,0
0,0,0,6,6,0,8,12,14,53,61,62,57,52,36,50,57,59,57,52,11,0,0,7,0,0
0,0,0,0,0,0,0,9,12,50,58,60,52,51,50,27,53,57,54,51,0,7,0,0,0,0
0,0,0,0,0,0,8,8,12,43,53,56,53,38,43,12,51,54,53,50,0,0,0,7,0,0
0,0,0,0,0,0,6,7,8,23,51,51,32,38,21,8,30,37,31,25,0,0,0,0,0,0
0,0,0,0,0,0,0,10,11,26,40,46,45,41,13,11,36,41,39,31,7,0,0,0,0,0
0,0,0,0,0,0,7,8,9,25,53,52,50,50,9,8,25,50,32,19,5,0,0,0,0,0
0,0,0,0,0,0,0,7,9,30,51,52,50,14,7,0,13,25,47,32,8,0,0,0,0,0
0,0,0,0,0,0,8,6,8,14,52,54,51,42,10,7,14,50,50,41,10,0,6,0,0,0
0,0,0,0,6,0,0,0,8,15,52,55,52,23,6,10,25,41,51,43,11,7,0,0,0,0
0,6,0,0,0,0,0,0,7,22,50,51,43,12,11,13,18,38,46,42,13,7,6,6,0,0
0,0,0,0,0,0,0,0,9,21,52,55,51,28,13,12,14,51,50,41,15,8,7,8,0,0
0,0,0,0,0,0,0,9,6,25,51,55,53,39,29,20,26,51,52,51,22,10,10,8,5,0
7,11,12,13,50,55,62,58,61,70,80,95,101,86,85,94,89,89,80,80,66,57,54,52,16,13
11,6,13,23,52,67,64,68,68,74,79,94,115,99,94,95,96,102,95,83,60,57,56,36,13,19
14,12,11,32,39,56,59,63,55,66,91,99,105,97,87,85,92,96,109,92,66,54,52,51,25,16
6,10,13,20,39,53,35,9,56,71,87,97,96,89,81,87,101,104,106,91,61,51,50,52,23,11
9,0,9,23,25,13,56,54,53,71,86,91,81,91,100,92,87,93,94,85,61,51,50,81,56,13
0,0,0,7,11,57,59,52,14,66,76,76,75,83,82,77,82,87,84,81,61,50,28,57,53,10
6,0,0,10,11,52,70,52,12,61,82,86,88,88,82,78,87,88,88,81,59,33,17,50,50,10
0,7,0,9,38,67,59,9,0,62,87,90,88,96,86,87,88,90,89,82,58,30,25,41,30,13
0,7,7,15,63,58,52,0,10,62,81,83,90,96,83,85,86,94,84,72,54,21,17,33,27,38
0,0,10,14,60,51,22,22,55,55,76,87,94,92,81,83,85,84,81,76,52,15,13,14,51,44
0,0,0,12,37,22,12,0,0,46,66,76,86,84,69,65,70,74,68,61,35,9,7,12,11,13
0,0,0,8,13,11,12,10,0,51,61,75,78,72,63,61,65,68,62,54,10,8,8,8,10,12
0,0,0,0,0,9,7,10,12,52,61,67,72,68,63,62,63,65,59,52,13,7,0,0,8,0
0,0,0,0,0,0,0,8,8,34,54,61,55,52,51,40,39,52,30,10,0,0,0,0,0,0
0,0,0,0,0,7,16,14,22,51,62,69,64,62,69,60,61,74,59,51,15,11,10,0,8,0
0,0,0,0,0,8,12,13,35,57,71,80,70,72,77,71,67,72,62,57,32,10,9,6,0,6
7,8,6,0,9,12,10,15,52,63,79,91,85,87,83,85,74,82,71,62,50,19,12,12,9,7
10,8,0,7,7,10,35,51,56,77,90,115,99,94,89,91,92,92,80,71,55,29,13,14,14,10
11,8,7,16,29,34,52,56,63,80,97,113,126,111,98,109,111,101,87,78,60,48,17,14,13,12
13,13,9,12,18,52,56,58,71,88,115,130,131,133,109,116,122,116,93,87,63,55,50,41,32,18
13,8,10,26,38,52,56,60,70,87,110,126,122,119,109,111,116,116,97,88,66,57,55,54,35,15
13,8,13,35,33,52,57,57,66,86,103,114,120,117,94,112,112,103,97,76,60,46,50,35,9,7
9,10,17,26,21,40,51,52,59,74,94,117,115,98,79,104,104,95,90,67,52,41,34,30,30,18
0,0,10,11,15,14,42,50,61,73,84,86,83,75,69,71,85,79,79,65,52,29,15,14,11,10
8,0,7,7,7,9,14,41,53,64,71,74,67,64,61,60,69,75,64,59,50,14,13,14,7,0
0,0,0,7,8,11,27,33,51,61,65,69,63,60,57,58,60,72,63,58,37,12,9,11,6,0
0,0,0,8,9,12,20,13,46,56,63,67,62,56,55,55,56,66,64,57,29,10,8,8,0,0
0,0,0,6,9,11,7,13,30,55,63,64,58,54,51,54,57,60,57,57,28,7,6,8,0,0
0,0,0,6,6,0,8,11,15,53,61,61,58,51,40,50,56,59,56,52,11,0,0,7,0,0
0,0,0,0,0,0,0,9,13,50,57,60,52,51,50,27,53,57,54,51,0,7,0,0,0,0
0,0,0,0,0,0,8,8,12,45,53,56,53,36,38,12,51,54,53,50,0,0,0,7,0,0
0,0,0,0,0,0,6,8,8,21,50,51,33,40,21,8,30,37,31,25,0,0,0,0,0,0
0,0,0,0,0,0,0,10,11,27,42,47,45,43,14,12,36,40,38,31,7,0,0,0,0,0
0,0,0,0,0,0,7,8,10,25,52,52,50,50,9,8,20,50,25,23,6,0,0,0,0,0
0,0,0,0,0,0,0,7,10,32,51,52,50,14,6,0,12,25,50,25,8,0,0,0,0,0
0,0,0,0,0,0,8,6,8,14,51,54,51,40,10,7,14,47,50,41,10,0,5,0,0,0
0,0,0,0,6,0,0,0,8,19,53,55,52,29,6,10,27,41,51,45,11,7,0,0,0,0
0,5,0,0,0,0,0,0,7,25,50,51,44,12,11,12,14,36,46,42,12,8,6,6,0,0
0,0,0,0,0,0,0,0,9,23,52,55,52,29,12,12,14,51,50,42,14,8,7,8,0,0
0,0,0,0,0,0,0,9,6,26,51,55,53,40,29,21,26,51,52,51,22,10,10,8,6,0
7,11,12,13,50,54,61,58,60,70,80,95,99,86,85,94,89,90,80,79,66,57,53,52,15,13
11,6,13,23,52,67,64,69,68,74,79,94,114,98,94,94,96,102,95,83,60,57,56,36,14,14
14,12,11,30,37,56,59,63,55,65,92,99,105,96,86,85,91,96,110,91,66,53,52,51,25,16
6,10,13,20,39,53,35,9,56,71,88,98,96,88,81,87,101,104,105,91,61,51,50,51,23,11
9,0,9,21,27,13,55,54,53,71,87,91,80,90,100,92,87,93,94,85,61,51,50,81,56,13
0,0,0,7,11,57,60,53,13,67,76,76,75,83,82,77,82,87,84,81,61,50,25,57,53,9
6,0,0,10,12,53,69,53,12,61,83,86,87,88,82,78,87,88,88,81,59,33,15,50,50,10
0,7,0,8,38,68,58,9,0,62,87,90,87,95,86,86,88,90,88,82,59,32,25,44,30,13
0,7,7,17,63,59,52,0,10,63,82,82,91,96,83,85,86,94,84,72,55,21,19,30,33,36
0,0,9,14,60,52,22,15,55,56,77,87,93,92,81,83,85,84,81,76,53,17,13,14,51,38
0,0,0,12,37,28,12,0,0,46,67,75,86,84,69,65,70,75,67,61,37,9,7,12,11,13
0,0,0,8,13,11,13,10,0,52,61,74,78,71,63,62,65,68,62,54,11,8,8,8,11,12
0,0,0,0,0,10,7,10,12,51,61,67,71,68,63,62,63,65,60,53,13,7,0,0,9,0
0,0,0,0,0,0,0,8,8,32,54,61,55,52,52,37,38,52,30,10,0,0,0,0,0,0
0,0,0,0,0,7,17,14,22,51,62,69,63,62,69,60,61,74,59,51,16,11,10,0,9,0
0,0,0,0,0,8,11,13,35,57,72,80,69,72,77,71,67,72,62,57,35,10,9,6,0,6
7,7,6,0,9,12,10,15,52,63,80,91,85,86,83,85,73,82,72,62,51,17,12,11,9,6
10,8,0,6,8,11,35,51,56,77,90,115,99,94,89,91,92,93,80,71,55,31,13,14,14,9
11,8,8,15,31,34,52,55,63,81,97,113,126,111,98,109,111,101,88,78,60,46,20,13,14,12
13,13,9,12,18,52,57,58,71,89,115,131,131,133,108,116,122,116,93,88,63,55,50,39,32,17
13,8,10,25,36,52,56,60,70,88,111,126,121,120,110,111,117,115,97,88,66,57,55,54,33,15
13,8,13,31,33,52,57,58,66,86,103,114,120,118,94,112,113,102,97,76,60,48,46,35,9,7
8,10,16,26,22,40,51,52,59,75,95,117,115,97,79,104,104,94,90,67,53,40,33,31,30,17
0,0,11,11,15,14,40,50,61,73,84,86,83,74,69,71,85,80,79,65,52,30,14,14,11,10
8,0,7,7,7,9,14,41,53,65,71,73,67,64,61,60,69,75,64,59,50,15,12,13,7,0
0,0,0,6,9,11,27,33,51,61,65,70,63,60,57,58,61,72,63,58,39,12,9,11,6,0
0,0,0,8,9,12,16,13,46,57,63,67,62,56,55,55,57,66,64,58,31,10,8,8,0,0
0,0,0,6,9,12,7,14,31,55,63,64,57,54,52,53,57,60,57,57,28,7,6,8,0,0
0,0,0,6,6,0,8,11,15,53,62,61,57,51,43,50,56,59,57,52,11,0,0,6,0,0
0,0,0,0,0,0,0,9,12,50,58,60,53,51,50,25,53,57,54,52,0,7,0,0,0,0
0,0,0,0,0,0,8,9,12,43,53,55,53,36,40,12,51,54,53,50,0,0,0,7,0,0
0,0,0,0,0,0,6,7,9,21,51,51,32,40,25,8,33,36,31,26,0,0,0,0,0,0
0,0,0,0,0,0,0,10,11,26,44,47,45,41,14,12,34,40,38,31,7,0,0,0,0,0
0,0,0,0,0,0,7,8,9,25,52,52,51,50,9,8,22,50,27,23,6,0,0,0,0,0
0,0,0,0,0,0,0,7,10,32,52,52,50,14,6,0,12,25,47,27,7,0,0,0,0,0
0,0,0,0,0,0,8,6,8,14,52,54,51,40,10,7,14,47,50,38,10,0,5,0,0,0
0,0,0,0,6,0,0,0,8,19,53,55,52,29,6,10,30,41,51,45,11,7,0,0,0,0
0,5,0,0,0,0,0,0,7,26,50,51,42,13,11,12,14,36,46,40,12,8,6,6,0,0
0,0,0,0,0,0,0,0,9,23,52,55,52,30,13,12,14,51,50,42,14,8,7,8,0,0
0,0,0,0,0,0,0,8,6,25,51,55,53,40,29,20,25,51,52,51,22,10,10,7,6,0
7,11,12,12,50,53,61,59,60,70,80,95,99,85,85,94,89,90,80,79,66,57,53,52,16,13
11,6,13,23,52,66,64,68,68,73,80,93,112,98,93,95,96,101,95,82,60,57,56,38,14,15
13,12,11,30,37,56,59,63,55,65,92,98,104,97,86,84,91,95,110,91,66,53,52,51,25,14
6,10,13,17,38,53,39,9,56,70,88,97,96,88,81,87,100,104,105,91,61,51,50,51,23,11
9,0,9,18,29,13,54,54,53,71,86,91,80,91,100,92,86,92,94,85,61,51,51,80,56,13
0,0,0,0,11,57,60,53,14,67,76,76,75,83,82,78,82,87,83,81,61,47,25,57,53,9
0,0,0,10,12,53,69,53,12,61,83,86,87,88,81,78,87,88,88,81,59,30,17,50,50,10
0,7,0,8,41,67,59,9,0,63,87,90,87,95,85,87,87,90,88,82,59,30,25,44,32,13
0,0,7,15,63,60,52,0,10,62,82,82,90,96,83,85,85,94,84,72,55,21,21,27,33,38
0,0,9,14,60,52,20,15,54,56,77,86,93,92,81,82,84,85,81,75,53,15,13,14,51,38
0,0,0,12,40,31,12,0,0,40,68,75,86,85,70,65,70,75,67,61,40,9,7,12,11,13
0,0,0,8,13,11,13,10,0,52,61,74,78,71,63,62,65,69,62,54,11,8,8,8,11,12
0,0,0,0,0,10,7,10,11,51,61,67,71,68,63,62,62,65,60,52,14,7,0,0,9,0
0,0,0,0,0,0,0,8,8,30,54,61,55,52,52,38,39,52,31,10,0,0,0,0,0,0
0,0,0,0,0,7,16,14,23,51,61,70,63,62,69,60,61,74,58,51,16,11,10,0,9,0
0,0,0,0,0,8,11,12,35,57,72,79,70,72,77,71,67,72,62,57,32,10,9,7,0,0
7,7,6,0,9,12,10,17,52,63,80,91,85,87,84,85,74,82,72,62,51,14,12,12,9,7
10,8,0,6,8,11,37,52,56,76,89,115,99,95,89,91,92,93,80,70,55,31,13,15,14,10
11,8,8,14,35,36,52,56,63,80,97,114,126,110,98,109,111,101,88,78,60,46,18,12,14,12
13,13,9,11,16,53,56,58,71,88,115,130,130,134,108,116,122,116,93,88,63,55,50,39,35,17
13,8,11,25,36,51,56,60,70,87,111,125,122,120,110,110,117,115,97,88,65,57,55,53,35,16
13,8,14,33,33,52,57,57,66,86,103,114,120,118,93,112,113,103,96,76,60,46,46,35,9,7
8,10,17,26,22,40,51,52,59,75,95,116,115,98,79,104,103,94,89,67,53,41,33,30,32,17
0,0,10,12,15,14,40,50,61,73,84,85,83,74,69,71,85,80,79,65,52,29,15,14,11,10
8,0,8,7,7,9,13,41,53,64,71,73,67,64,60,61,69,75,64,59,50,15,13,13,7,0
0,0,0,6,8,11,25,33,51,61,65,69,64,60,57,59,61,72,63,58,43,12,9,11,6,0
0,0,0,8,9,12,16,13,46,56,63,66,62,56,55,55,57,66,63,58,33,10,8,8,0,0
0,0,0,6,9,12,8,14,31,55,63,63,57,54,51,53,57,60,57,57,30,7,6,7,0,0
0,0,0,6,6,0,8,11,15,53,61,60,58,52,40,50,56,59,56,52,11,0,0,6,0,0
0,0,0,0,0,0,0,9,12,50,57,60,52,51,50,27,53,57,54,52,7,7,0,0,5,0
0,0,0,0,0,0,8,9,12,38,53,54,53,36,40,11,51,54,53,50,0,0,0,7,5,0
0,0,0,0,0,0,6,7,9,21,51,51,32,41,23,8,33,37,31,26,0,0,0,0,0,0
0,0,0,0,0,0,0,9,11,25,43,46,45,42,14,12,33,40,37,31,8,0,0,0,0,0
0,0,0,0,0,0,8,9,9,25,52,51,50,50,9,8,20,50,25,23,6,0,0,0,0,0
0,0,0,0,0,0,0,7,10,27,52,51,50,14,0,0,12,25,47,25,7,0,0,0,0,0
0,0,0,0,0,0,8,6,8,14,52,54,51,40,10,7,13,47,50,36,10,0,5,0,0,0
0,0,0,0,6,5,0,0,8,19,53,54,52,31,7,10,27,39,51,45,11,7,0,0,0,0
0,5,0,0,0,0,0,0,7,23,50,51,40,13,11,12,14,36,46,39,13,8,6,6,0,0
0,0,0,0,0,0,0,0,9,21,52,55,52,31,12,12,14,51,50,41,14,8,7,8,0,0
0,0,0,0,0,0,0,8,6,23,51,55,53,42,26,20,25,51,52,51,23,10,10,7,6,0
