6,11,11,11,31,40,51,57,62,66,73,86,93,89,88,92,84,75,72,80,73,62,59,56,50,43
9,6,12,13,34,53,54,63,66,67,66,85,107,101,96,91,85,82,80,80,69,60,60,53,51,51
11,12,13,14,9,14,44,58,50,52,64,84,104,108,96,85,82,80,88,84,71,57,55,53,51,34
0,9,9,6,5,11,10,9,51,55,59,74,93,92,87,89,89,85,81,77,60,54,53,45,33,18
0,0,6,0,0,0,9,52,31,54,55,66,74,90,99,91,76,75,73,67,58,52,44,54,40,14
0,0,0,0,0,6,13,52,47,50,31,54,69,79,88,82,80,77,74,71,62,52,34,35,36,15
0,0,0,0,0,0,28,56,20,19,56,74,89,99,92,87,83,75,72,68,66,52,47,11,11,13
0,0,0,0,0,0,14,41,17,14,53,72,79,93,91,91,85,76,80,78,77,55,45,38,30,9
0,0,0,0,12,12,25,55,44,32,58,73,94,107,108,105,101,93,97,87,98,67,55,52,51,15
8,0,0,7,8,11,43,58,54,52,56,76,95,111,109,103,98,90,90,84,79,66,55,47,40,38
0,0,0,8,8,8,20,50,51,51,52,68,89,102,91,78,81,78,75,70,62,56,50,33,22,14
0,0,0,6,0,7,13,52,53,51,54,69,79,84,77,76,78,72,73,70,69,63,58,54,50,31
0,0,0,0,0,9,17,51,52,31,50,61,71,81,75,74,75,71,73,66,60,58,52,11,13,12
0,0,0,0,0,0,0,14,26,10,28,54,57,65,62,60,65,62,62,56,50,25,13,9,8,0
6,0,0,0,9,6,22,50,54,38,34,58,68,76,79,79,81,84,77,67,62,58,54,45,33,25
7,0,0,0,0,0,6,37,55,38,51,64,73,95,83,85,86,86,80,89,65,62,65,51,50,34
6,0,0,6,8,9,12,23,55,55,58,65,76,97,96,91,79,78,77,73,65,59,61,53,50,31
5,7,0,7,6,14,20,42,53,61,59,68,87,92,89,92,83,80,75,76,68,60,59,54,50,36
0,0,0,7,12,12,25,50,56,65,62,76,86,88,92,90,85,83,82,77,64,59,60,54,52,43
10,0,6,12,11,13,38,50,61,72,77,92,96,115,108,96,92,86,83,79,68,65,65,63,56,52
0,0,0,9,10,15,35,53,59,67,72,81,87,94,89,83,86,88,91,77,69,70,70,67,60,54
0,0,7,12,13,23,51,53,57,73,68,83,87,94,90,88,82,84,79,67,63,63,66,60,57,52
8,0,10,17,19,28,41,42,45,56,60,78,95,94,90,90,75,74,65,57,53,57,63,57,57,52
9,0,10,9,14,23,27,35,45,55,58,77,89,94,90,80,76,65,64,61,58,59,62,63,60,50
8,0,7,9,10,12,13,13,27,54,60,79,81,84,79,70,68,65,60,60,57,55,62,60,57,53
0,0,0,8,9,7,9,10,30,51,66,76,79,84,75,70,66,64,61,58,56,54,63,61,63,58
0,0,0,8,5,8,10,11,14,32,58,72,79,79,77,72,68,61,57,54,55,57,55,55,56,53
0,0,0,0,0,8,10,10,7,13,55,69,74,77,70,65,63,58,57,52,50,51,52,53,55,53
0,0,0,0,0,0,6,6,8,13,55,65,70,73,66,62,58,55,53,51,50,50,50,51,54,51
0,0,0,0,0,0,0,0,9,14,54,67,74,71,64,61,59,55,53,51,50,50,47,34,51,57
0,0,0,0,0,0,0,0,0,10,51,64,69,65,58,57,55,52,51,50,38,31,31,29,19,27
0,0,0,0,0,0,0,0,0,18,58,78,67,58,54,53,52,20,15,28,20,15,18,16,16,15
0,0,0,0,0,0,0,11,11,13,57,79,63,56,52,52,53,45,20,30,28,14,17,18,14,19
0,0,0,0,0,0,0,10,50,9,51,61,61,57,45,32,45,10,8,10,10,8,9,7,7,9
0,0,0,0,0,0,0,0,13,9,20,53,54,52,42,42,50,12,0,0,8,9,7,6,6,0
0,0,0,0,0,0,0,6,7,9,14,44,51,30,13,20,21,9,6,8,0,7,7,0,0,6
0,0,0,0,0,0,0,0,0,8,10,14,25,14,10,10,10,10,9,0,0,0,0,0,0,0
0,0,0,0,0,0,0,0,0,0,8,12,12,11,8,11,12,9,8,5,0,5,0,0,0,5
0,0,0,0,0,0,0,0,0,0,0,14,22,8,6,8,10,12,11,6,8,0,6,7,7,6
0,0,0,0,0,0,0,0,0,5,10,25,22,14,13,0,14,14,13,8,8,8,9,6,7,6
5,11,11,11,29,40,51,57,61,67,74,86,94,90,87,92,83,75,72,80,73,62,59,56,50,39
8,7,12,14,32,53,54,63,65,67,67,85,107,101,95,91,85,83,80,81,69,61,60,53,51,50
11,12,13,14,9,14,44,58,50,52,65,84,104,108,96,85,82,80,88,83,71,56,55,53,51,31
0,8,9,7,5,11,9,10,50,56,59,74,94,93,87,88,89,85,81,78,60,54,53,45,37,17
4,0,6,0,0,0,8,52,25,54,55,66,75,90,99,91,75,75,73,67,58,52,46,54,43,13
0,0,0,0,0,6,13,52,44,47,28,54,70,79,88,82,80,77,75,71,62,52,34,37,36,14
0,0,0,0,0,0,35,56,20,15,57,74,89,98,92,87,82,75,72,68,66,53,47,11,12,13
0,0,0,0,0,0,14,41,14,14,54,71,79,93,91,91,84,76,80,79,77,55,50,38,30,8
0,0,0,0,12,12,28,55,38,28,58,73,94,107,108,105,100,93,97,87,97,66,55,52,51,15
7,0,0,7,8,11,43,57,54,53,56,76,96,111,109,103,97,90,90,83,78,65,55,47,40,36
0,0,6,8,7,9,21,51,50,51,52,68,89,102,90,78,81,78,75,70,62,56,50,33,25,13
0,0,0,6,0,6,13,52,52,51,54,69,80,84,76,76,78,72,73,70,69,63,58,53,50,33
0,0,0,0,0,9,17,51,52,25,50,60,71,81,76,74,74,71,73,66,60,58,51,11,13,12
0,0,0,0,0,0,0,15,26,11,27,53,57,65,61,60,65,62,61,56,48,29,13,8,8,0
6,0,0,0,8,0,22,48,53,37,34,57,68,77,78,79,81,83,78,66,63,58,54,45,35,23
6,0,0,0,0,0,6,37,54,40,51,64,73,95,83,84,86,85,80,89,65,62,65,51,50,34
0,0,0,6,8,10,12,23,55,55,58,65,76,97,96,91,78,78,77,73,65,60,61,53,50,31
5,8,0,7,6,14,20,42,52,61,59,68,87,93,89,92,83,80,75,76,68,61,59,54,50,36
0,0,0,7,12,13,25,50,55,65,62,76,86,88,92,90,85,83,82,77,64,59,60,55,52,43
10,0,6,12,11,13,38,51,61,71,77,91,96,115,107,95,91,85,83,80,68,65,65,63,56,52
0,0,0,9,10,15,33,52,59,67,72,81,87,93,89,83,86,88,91,77,69,70,70,67,60,53
0,0,7,12,13,27,51,53,56,73,68,83,88,94,90,89,81,85,79,68,63,64,66,61,57,52
8,0,10,17,17,30,41,42,45,56,60,77,96,95,89,89,76,73,65,57,53,57,63,57,57,51
9,0,9,9,14,22,27,38,43,55,58,77,88,93,89,80,76,64,64,62,58,59,62,63,60,49
8,0,7,9,10,12,13,13,27,53,60,78,81,84,78,70,68,65,60,60,57,56,62,60,57,53
0,0,0,8,9,7,8,10,26,51,66,76,79,84,75,69,66,64,61,58,56,54,62,61,63,58
0,0,0,8,0,8,10,11,14,30,58,72,79,79,77,72,67,60,56,54,55,57,55,56,56,52
6,0,0,0,0,8,9,11,7,12,56,69,75,76,70,65,62,58,56,52,50,51,52,53,55,52
0,0,0,0,0,0,5,7,8,13,55,65,71,72,66,62,58,55,53,51,50,50,50,51,54,51
0,0,0,0,0,0,0,0,8,14,54,66,74,71,64,61,58,55,53,51,50,50,43,34,52,57
0,0,0,0,0,0,0,0,0,10,51,64,70,65,58,56,55,52,50,50,38,34,35,27,21,25
0,0,0,0,0,0,0,0,0,18,58,77,67,58,54,53,51,20,14,29,19,16,18,15,16,14
0,0,0,0,0,0,0,11,11,13,57,79,64,56,52,52,52,43,20,30,26,13,17,20,14,17
0,0,0,0,0,0,0,10,50,9,51,61,61,57,45,27,40,10,7,9,10,8,10,7,7,9
0,0,0,0,0,0,0,0,12,9,22,52,54,52,37,42,47,12,0,0,7,9,7,5,7,6
0,0,0,0,0,0,0,6,7,9,14,44,51,32,13,17,19,9,6,7,0,7,7,0,0,6
0,0,0,0,0,0,0,0,0,8,10,14,27,14,9,10,10,10,9,0,0,0,0,0,0,0
0,0,0,0,0,0,0,0,0,0,8,12,12,11,8,11,11,10,8,0,0,5,4,0,0,5
0,0,0,0,0,0,0,0,0,0,0,13,22,8,6,8,10,11,12,6,8,0,6,7,7,6
0,0,0,0,0,0,0,0,0,5,10,25,23,14,12,0,14,14,13,8,7,9,9,7,7,6
6,11,11,11,26,39,51,57,62,66,74,86,94,91,87,92,83,74,72,80,73,62,59,57,50,39
8,7,12,14,32,54,54,63,65,67,67,85,107,102,95,91,85,82,80,80,69,61,60,52,51,50
11,12,13,14,9,14,47,58,50,52,65,84,104,108,96,86,82,80,88,84,71,57,55,53,51,23
0,8,10,6,6,12,9,10,50,55,60,73,94,95,88,89,89,84,81,78,60,54,53,47,31,18
4,0,6,0,0,0,8,52,27,54,55,66,74,91,100,91,76,74,73,67,57,52,48,54,40,13
0,0,0,0,0,7,13,52,44,44,28,53,70,80,89,82,80,77,75,71,62,52,37,40,34,14
0,0,0,0,0,0,25,56,25,17,57,74,89,100,92,87,82,74,72,68,66,53,47,12,12,12
0,0,0,0,0,0,14,38,17,14,54,70,79,95,92,91,83,75,80,78,77,55,45,44,27,9
0,0,0,0,12,12,28,54,38,32,57,73,94,107,108,104,100,91,97,88,97,66,55,53,51,15
7,0,0,7,8,11,43,56,54,53,56,75,97,111,109,103,97,89,90,82,78,65,55,50,35,30
0,0,0,8,8,9,23,50,50,50,52,68,89,102,91,78,81,76,75,69,62,56,50,30,25,13
0,0,0,6,0,7,13,52,52,51,54,68,79,83,76,75,78,71,73,70,68,63,58,53,45,35
0,0,0,0,0,10,17,51,51,25,50,60,70,80,75,73,74,71,73,66,60,57,51,11,13,12
0,0,0,0,0,0,0,14,25,10,27,53,57,65,61,60,65,61,61,56,44,29,13,8,8,0
6,0,0,0,8,0,19,47,54,33,35,57,68,77,79,78,80,82,77,67,62,58,54,46,34,23
6,0,0,0,0,0,6,35,54,38,51,64,73,96,83,85,86,84,80,89,65,62,65,52,50,25
6,0,0,6,8,10,12,23,55,55,58,65,75,98,96,91,79,77,78,74,65,60,61,54,50,31
5,8,0,7,0,14,20,44,52,61,59,68,87,94,90,92,84,79,75,76,68,61,60,54,50,35
0,0,0,7,12,13,25,50,56,65,62,75,86,88,92,90,85,83,82,77,64,59,60,55,52,41
11,0,6,12,11,13,38,50,61,71,77,90,96,115,107,95,91,85,83,79,67,65,65,63,56,51
0,5,0,9,10,15,33,53,59,67,72,81,87,94,89,83,86,87,91,76,69,70,70,67,60,53
0,0,7,11,13,27,50,53,56,72,68,83,87,95,90,88,81,85,79,68,62,64,66,61,58,52
7,0,11,19,16,29,40,42,45,57,60,76,96,96,89,89,75,72,65,57,53,58,63,57,57,51
9,0,9,9,14,25,26,38,44,55,58,77,89,93,90,80,76,64,64,61,57,59,62,63,59,47
8,0,7,9,10,12,13,13,27,53,60,78,81,85,79,71,67,64,61,60,56,56,63,60,57,53
0,0,0,9,9,7,9,10,25,51,67,76,79,85,75,69,66,63,61,59,56,54,62,60,62,58
0,0,0,8,0,8,9,11,14,28,57,71,78,79,77,72,68,59,57,54,54,57,55,56,56,51
6,0,0,0,0,8,9,10,8,12,56,68,74,77,70,65,63,57,56,51,50,51,52,53,54,53
0,0,0,0,0,0,6,7,8,13,55,65,71,74,66,62,58,55,53,51,50,50,51,51,53,51
0,0,0,0,0,0,0,0,9,14,54,66,74,72,64,61,58,54,53,50,47,50,45,36,51,56
0,0,0,0,0,0,0,0,0,10,51,63,70,66,58,57,56,52,50,45,38,34,35,29,19,27
0,0,0,0,0,0,0,0,0,16,58,77,67,60,55,53,51,15,14,28,18,17,18,16,15,14
0,0,0,0,0,0,0,11,10,13,57,78,63,57,52,52,52,36,18,30,26,13,19,20,15,17
0,0,0,0,0,0,0,10,47,9,51,60,62,57,45,27,40,9,8,9,10,8,9,7,7,8
0,0,0,0,0,0,0,0,12,9,22,51,54,53,40,42,44,12,0,0,7,9,8,6,6,0
0,0,0,0,0,0,0,6,6,8,14,41,51,40,13,20,19,8,6,7,0,7,7,0,0,6
0,0,0,0,0,0,0,0,0,8,10,13,25,14,10,10,10,10,9,0,0,0,0,0,0,0
0,0,0,0,0,0,0,0,0,0,9,12,12,12,8,11,11,9,8,0,0,5,4,0,0,0
0,0,0,0,0,0,0,0,0,0,0,13,23,8,6,8,10,10,12,6,8,0,6,7,7,6
0,0,0,0,0,0,0,5,0,5,10,22,23,14,12,0,14,14,13,7,7,8,9,7,7,6
6,11,11,11,28,42,50,57,62,66,74,85,95,90,88,93,82,75,73,80,73,62,59,57,50,31
8,7,12,13,30,54,53,63,65,67,67,85,107,103,95,91,86,83,80,81,69,61,60,52,51,47
11,12,13,14,9,14,44,58,50,52,65,84,105,107,96,86,82,81,88,84,71,57,55,53,51,21
0,8,9,6,6,11,9,10,51,55,60,72,93,95,88,90,89,84,81,77,59,54,52,47,33,14
4,0,5,0,0,0,8,52,29,54,55,66,74,90,99,91,76,74,72,68,57,52,41,54,43,12
0,0,0,0,0,7,13,53,47,44,31,52,70,79,88,82,79,76,75,71,62,53,37,40,34,13
0,0,0,0,0,0,21,56,25,19,57,73,89,100,92,87,81,74,72,68,65,53,41,12,11,12
0,0,0,0,0,0,14,38,21,14,54,70,79,94,91,92,83,76,80,78,76,55,45,44,25,9
0,0,0,0,12,12,31,54,36,32,57,73,95,107,108,104,100,92,97,88,96,66,56,52,50,13
7,0,0,7,8,11,43,56,54,52,56,74,97,111,109,104,98,89,90,83,78,66,55,50,40,21
0,0,0,8,8,9,21,52,51,50,53,67,90,102,90,79,82,77,76,69,62,56,50,30,30,12
0,0,0,7,0,7,13,52,52,51,54,68,80,84,75,76,77,71,73,70,68,63,58,53,47,31
0,0,0,0,0,9,19,51,52,25,50,59,71,81,75,74,74,71,74,66,60,58,51,12,14,11
0,0,0,0,0,0,0,15,25,10,27,52,57,66,61,61,65,61,61,56,44,33,13,8,8,0
6,0,0,0,8,6,17,47,53,35,36,56,68,77,78,79,80,83,78,67,62,58,54,46,35,19
6,0,0,0,0,0,6,35,54,38,50,63,73,96,83,85,86,84,81,89,65,62,65,52,50,20
0,0,0,7,8,10,11,21,55,55,58,65,75,97,95,91,79,77,78,74,65,60,61,53,50,27
5,7,0,7,6,14,18,44,53,61,58,67,87,94,88,92,83,79,75,76,68,60,59,54,50,31
0,0,0,7,12,13,25,50,56,64,62,75,86,88,92,91,84,83,82,77,64,59,60,55,52,38
10,0,6,12,11,13,38,50,61,71,77,90,96,115,106,95,92,85,84,79,67,65,65,63,56,50
0,5,0,9,10,17,31,52,60,67,73,81,87,94,89,83,86,87,91,76,69,69,69,67,60,52
0,0,7,11,13,25,50,53,56,72,68,83,87,95,89,88,81,85,79,68,62,64,66,61,57,51
7,0,10,18,18,29,39,42,46,57,60,76,96,96,89,90,75,72,65,56,53,58,62,57,56,50
9,0,9,10,14,25,23,36,46,55,58,76,89,94,89,79,76,64,63,61,57,59,62,64,59,46
8,0,7,9,10,12,13,13,29,53,60,78,81,85,78,71,68,64,61,60,57,56,62,60,57,52
0,0,0,9,9,7,9,11,30,51,67,75,80,84,75,69,65,63,62,59,55,54,63,61,62,58
0,0,0,8,0,8,9,11,14,28,57,71,78,80,76,72,67,59,57,54,54,57,55,56,56,51
6,0,0,0,0,8,9,11,8,12,56,68,74,76,70,65,63,57,56,52,50,51,52,53,54,52
0,0,0,0,0,0,6,6,8,12,55,65,71,73,66,62,58,54,53,51,50,50,51,51,54,50
0,0,0,0,0,0,0,0,9,14,54,65,74,72,63,61,57,53,53,51,45,50,43,38,51,56
0,0,0,0,0,0,0,0,0,10,51,63,70,66,58,57,56,52,50,45,38,31,35,29,19,21
0,0,0,0,0,0,0,0,0,18,57,76,67,60,55,53,50,14,14,28,18,18,18,17,14,13
0,0,0,0,0,0,0,11,11,13,57,78,64,57,52,53,52,36,18,30,25,14,16,22,15,14
0,0,0,0,0,0,0,10,50,9,52,60,62,57,45,32,35,9,8,9,9,8,9,7,7,8
0,0,0,0,0,0,0,0,12,10,22,51,54,53,35,45,41,11,0,0,7,9,8,6,6,0
0,0,0,0,0,0,0,6,7,8,14,41,51,40,12,20,15,8,6,8,0,7,7,0,0,6
0,0,0,0,0,0,0,0,0,8,10,13,25,14,10,10,10,9,9,0,0,0,0,0,0,0
0,0,0,0,0,0,0,0,0,0,9,12,12,11,8,12,12,9,8,0,0,6,4,0,0,0
0,0,0,0,0,0,0,0,0,0,0,13,23,8,6,8,10,10,12,6,8,0,0,7,6,5
0,0,0,0,0,0,0,5,0,5,11,22,26,14,12,0,13,13,12,7,7,8,9,6,7,5
6,11,11,11,28,40,50,56,62,67,74,85,95,90,88,92,82,75,73,80,73,61,58,57,50,29
8,7,11,13,32,54,54,63,64,67,67,85,107,104,96,91,86,83,80,81,69,61,60,52,51,45
11,12,12,14,8,14,44,58,51,52,64,84,105,108,96,86,82,81,88,84,70,58,55,53,51,23
0,8,10,6,6,12,9,9,51,55,60,73,93,96,88,90,89,84,81,77,59,54,52,47,35,14
0,0,5,5,0,0,8,52,29,54,56,66,74,91,100,91,75,75,72,67,56,53,41,54,43,12
0,0,0,0,0,7,13,53,44,41,31,52,70,80,88,82,79,76,75,70,62,53,37,40,34,12
0,0,0,0,0,0,19,56,27,21,57,74,88,99,93,86,82,75,72,67,65,53,44,12,11,12
0,0,0,0,0,0,14,41,17,14,55,70,79,95,92,91,83,76,80,79,75,55,42,44,25,9
0,7,0,0,12,12,31,54,36,28,57,72,95,108,108,104,100,93,97,87,95,65,56,52,50,13
7,0,0,7,8,11,37,57,54,53,56,73,96,111,109,104,97,89,90,83,78,65,55,50,40,21
0,0,0,8,7,10,21,51,50,50,53,67,89,103,90,79,81,78,76,68,62,56,50,27,30,12
0,0,0,7,0,7,13,52,52,51,54,67,79,84,74,76,77,71,73,70,68,63,58,53,50,31
0,0,0,0,0,9,15,50,51,25,50,60,70,81,74,73,73,71,74,66,59,57,51,13,14,11
0,0,0,0,0,0,0,14,23,11,28,52,57,66,61,60,65,61,62,56,39,35,13,8,8,0
6,0,0,0,8,6,19,47,53,33,34,56,67,77,78,78,80,83,78,67,61,58,54,46,35,22
6,0,0,0,0,0,6,37,54,40,50,64,73,96,83,84,85,84,81,89,64,62,64,52,50,20
0,0,0,7,8,11,11,19,55,55,58,64,75,97,95,90,78,78,78,73,64,60,60,54,50,25
5,7,0,7,6,14,20,50,53,61,58,67,86,94,88,91,83,79,75,76,67,60,59,54,50,30
0,0,0,7,12,13,23,50,56,65,62,75,86,89,92,90,84,83,83,77,64,60,60,55,52,38
10,0,6,12,11,14,40,50,61,71,77,90,96,115,107,95,92,85,84,79,67,65,64,64,56,50
0,6,0,9,11,15,31,52,60,67,72,81,87,94,89,82,87,87,91,76,69,69,69,67,60,53
0,0,7,12,13,25,51,52,56,72,67,82,88,95,89,88,81,85,79,68,62,64,65,61,57,51
7,0,11,19,17,28,39,43,46,56,60,76,96,96,88,89,74,72,65,57,52,58,62,57,56,50
9,0,9,10,14,26,23,36,46,55,58,76,89,94,89,78,76,64,64,61,57,59,61,63,59,47
8,0,7,9,10,12,13,13,27,53,60,78,81,85,78,71,68,64,61,60,57,56,62,60,57,53
0,0,0,9,9,7,8,11,32,51,68,75,80,85,75,69,65,63,61,59,55,54,62,61,62,58
0,0,0,8,0,8,9,11,14,28,57,71,78,80,77,71,66,59,57,54,54,57,54,56,56,51
0,0,0,0,0,8,9,10,8,12,56,67,74,76,70,65,62,58,56,51,50,51,52,53,54,51
0,0,0,0,0,0,6,6,8,12,56,64,71,73,66,62,58,55,54,51,50,47,51,51,54,50
0,0,0,0,0,0,0,0,9,14,54,65,74,72,63,60,57,53,53,51,41,50,40,38,51,56
0,0,0,0,0,0,0,0,0,10,51,63,70,66,58,56,56,51,50,42,38,34,35,31,19,23
0,0,0,0,0,0,0,0,0,18,58,77,67,60,55,52,50,14,13,26,17,16,18,18,14,12
0,0,0,0,0,0,0,11,11,14,57,78,64,57,52,52,51,35,18,28,25,13,16,21,16,16
0,0,0,0,0,0,0,10,45,8,52,60,62,58,45,27,30,9,8,8,9,8,9,7,7,8
0,0,0,0,0,0,0,0,12,10,22,51,55,53,32,42,41,12,0,0,6,9,7,6,6,0
0,0,0,0,0,0,0,5,7,8,14,44,51,42,13,17,14,8,6,7,0,7,7,0,0,6
0,0,0,0,0,0,0,0,0,8,10,12,23,14,10,10,10,9,9,0,0,0,0,0,0,0
0,0,0,0,0,0,0,0,0,0,9,11,12,11,8,11,11,9,8,0,0,6,0,0,0,0
0,0,0,0,0,0,0,0,0,0,0,13,22,8,6,8,10,11,12,6,7,0,0,7,7,5
0,0,0,0,0,0,0,5,0,0,11,22,26,16,12,0,13,13,12,7,6,8,9,6,7,5
6,11,11,12,26,39,50,56,62,67,73,85,94,90,88,92,84,75,73,80,73,62,58,57,50,33
9,7,11,13,32,54,53,64,65,67,66,85,107,104,96,91,86,83,80,80,69,61,60,53,51,47
11,13,12,14,9,14,47,58,51,52,64,84,105,108,96,86,82,81,88,84,71,58,55,54,51,25
5,8,10,6,6,12,9,9,51,55,59,72,93,95,89,90,89,84,82,77,59,54,52,50,33,17
0,0,5,5,0,0,9,52,35,54,56,66,74,91,100,91,75,75,72,67,57,53,39,54,38,12
0,0,0,0,0,7,13,53,47,47,34,52,70,80,89,82,79,76,74,71,62,52,37,42,34,13
0,0,0,0,0,0,21,56,30,23,57,73,88,100,94,87,83,75,73,67,65,53,44,13,11,13
0,0,0,0,0,0,14,41,17,14,55,69,79,95,92,92,84,77,80,79,75,55,42,50,25,10
0,7,0,0,11,12,31,55,38,28,57,72,95,108,109,104,100,93,97,87,97,66,56,53,50,13
7,0,0,7,8,11,37,57,54,54,56,73,95,111,110,104,97,89,90,84,78,66,55,51,42,21
0,0,0,8,7,10,21,50,51,50,52,66,89,103,91,79,82,78,77,69,62,56,51,30,35,13
0,0,0,7,0,7,14,52,52,51,53,67,79,84,75,76,77,71,72,69,68,63,57,53,50,31
0,0,0,0,0,9,15,50,51,27,50,60,70,81,74,73,74,70,74,66,59,57,51,13,13,11
0,0,0,0,0,0,0,14,25,11,26,52,57,65,61,61,66,61,62,56,41,31,13,9,8,0
5,0,0,0,8,6,19,47,53,35,32,56,67,76,79,78,81,83,78,68,61,58,54,47,34,23
7,0,0,0,0,0,6,37,55,40,47,63,73,96,83,85,86,84,81,89,65,62,64,52,50,23
0,0,0,7,9,11,12,19,55,56,58,64,75,97,95,91,79,77,78,73,64,59,60,54,47,33
5,7,0,7,6,14,21,50,53,61,58,66,86,94,88,92,83,79,75,76,67,60,59,54,50,36
0,0,0,7,12,12,23,50,57,65,62,76,85,89,92,90,84,83,83,76,64,59,60,55,52,40
10,0,6,12,11,14,40,47,61,71,76,90,95,116,107,95,92,85,84,79,67,65,64,64,56,51
0,6,0,9,10,15,33,52,59,67,72,81,86,94,90,82,87,87,91,75,69,70,69,67,60,53
0,0,6,12,12,22,51,52,56,72,67,82,87,95,89,87,81,85,80,67,62,64,65,62,57,52
8,0,11,19,19,26,40,42,47,56,60,76,96,95,88,90,74,73,64,57,53,58,63,57,56,51
9,0,9,9,14,26,23,36,47,55,58,76,90,94,89,78,76,64,63,61,57,60,61,63,59,48
8,0,7,9,10,12,14,13,27,53,60,78,80,85,78,71,67,64,61,59,56,56,61,60,57,53
0,0,0,9,9,7,8,11,33,51,67,75,80,85,75,69,65,63,61,59,55,54,63,61,62,58
0,0,0,8,0,8,9,11,15,30,57,70,78,80,77,71,67,59,57,54,54,57,54,56,56,52
0,0,0,0,0,8,9,10,8,12,56,67,74,76,70,65,61,58,57,51,50,51,51,53,54,52
0,0,0,0,0,0,6,6,8,13,56,64,70,73,66,62,58,54,54,51,50,47,50,51,54,50
0,0,0,0,0,0,0,0,9,14,55,66,73,72,63,60,57,53,53,51,41,50,40,43,51,56
0,0,0,0,0,0,0,0,0,10,51,63,69,65,58,57,56,51,51,42,36,34,33,36,19,25
0,0,0,0,0,0,0,0,0,20,57,77,67,60,55,52,50,14,14,25,17,15,17,21,14,13
0,0,0,0,0,0,0,10,11,14,56,78,63,57,52,53,51,35,16,27,25,13,15,20,16,16
0,0,0,0,0,0,0,10,45,8,51,60,62,57,47,32,30,9,8,9,9,8,9,8,8,8
0,0,0,0,0,0,0,0,13,9,20,51,54,53,35,45,44,11,0,0,6,9,7,6,6,6
0,0,0,0,0,0,0,5,8,8,14,44,51,42,14,20,14,8,6,8,0,7,7,0,0,6
0,0,0,0,0,0,0,0,0,8,10,12,21,14,10,10,10,9,9,0,0,0,0,0,0,0
0,0,0,0,0,0,0,0,0,0,9,11,12,11,8,11,11,8,8,0,0,6,0,0,0,0
0,0,0,0,0,0,0,0,0,0,0,13,21,8,6,8,10,12,11,6,7,0,0,7,7,6
0,0,0,0,0,0,0,5,0,0,11,23,23,15,13,0,13,14,12,7,6,8,9,6,7,5
6,11,11,12,26,36,51,56,62,66,73,86,93,90,88,92,85,75,73,80,73,63,58,57,50,37
9,7,12,13,32,53,54,64,65,68,67,85,106,102,97,90,86,82,80,82,68,60,61,53,51,50
11,12,12,14,9,14,47,58,51,52,64,85,104,108,96,85,82,81,88,85,71,58,55,54,51,40
5,8,9,7,6,11,9,9,51,55,58,74,94,95,89,89,90,85,82,78,60,54,53,50,37,16
4,0,6,5,0,0,9,53,35,54,56,66,74,91,100,91,75,76,72,68,57,52,37,55,40,13
0,0,0,0,0,7,13,52,44,38,34,54,70,80,89,81,78,77,73,71,62,53,40,40,38,14
0,0,0,0,0,0,28,56,30,15,56,74,88,100,93,86,83,75,73,67,65,53,44,13,12,14
0,0,0,0,0,0,15,47,15,14,55,70,80,95,92,90,84,77,81,80,76,55,50,41,30,10
0,7,0,0,12,12,34,55,41,25,57,72,94,108,108,104,101,92,97,88,97,65,55,53,51,14
7,0,0,7,8,11,37,56,54,53,56,74,93,111,110,103,98,89,91,84,78,66,54,51,45,30
0,0,6,8,8,9,21,50,51,50,52,67,88,103,91,78,81,78,76,68,61,56,51,33,32,14
0,0,0,6,0,6,14,53,52,50,53,68,78,84,76,75,77,72,72,70,67,63,57,52,50,35
0,0,0,0,0,9,17,51,50,22,48,61,70,82,75,73,74,70,73,65,59,57,50,13,14,11
0,0,0,0,0,0,0,14,27,11,25,52,57,65,61,60,67,61,61,57,39,29,13,9,9,0
6,0,0,0,8,0,22,48,54,31,30,57,66,76,80,78,81,83,78,68,61,58,54,48,34,26
7,0,0,0,0,0,6,37,54,34,45,64,72,94,83,84,86,84,80,89,64,63,64,52,50,28
0,0,0,7,8,10,11,19,55,55,58,64,75,97,94,90,79,77,78,73,63,59,60,53,50,33
6,8,0,7,6,13,20,48,53,60,58,67,85,93,88,91,83,79,74,77,67,60,59,54,50,36
0,0,0,7,12,12,25,50,56,64,62,76,85,87,92,89,84,83,81,76,64,59,60,55,52,41
10,0,6,12,11,13,38,50,60,71,76,90,95,114,108,94,91,85,83,79,66,65,64,64,56,52
0,6,0,9,11,14,37,52,59,66,71,80,85,94,89,82,86,88,90,76,69,70,69,66,61,54
0,0,7,12,13,22,50,52,55,71,67,83,88,94,89,87,81,84,80,67,61,64,65,62,57,52
8,0,11,20,20,26,41,42,46,55,60,76,95,95,89,89,75,73,64,58,52,58,62,58,58,51
9,0,9,9,14,26,26,35,44,54,57,77,89,93,89,77,75,65,63,61,57,59,61,63,59,48
8,0,7,9,10,12,14,13,25,53,59,79,79,84,79,70,66,64,60,60,55,56,61,60,57,53
0,0,0,9,9,6,8,11,28,50,67,76,80,84,75,69,64,63,60,59,56,55,62,61,62,59
0,0,0,8,0,8,9,11,15,28,57,70,78,79,76,70,66,59,58,54,54,56,54,56,56,52
0,0,0,0,0,8,10,10,8,11,55,68,74,76,70,64,60,59,56,51,50,51,51,53,55,52
0,0,0,0,0,0,5,6,9,12,55,65,70,73,65,60,58,54,54,50,50,47,50,51,54,51
0,0,0,0,0,0,0,0,9,14,54,67,73,71,63,60,57,54,52,50,41,50,43,43,51,56
0,0,0,0,0,0,0,0,0,9,51,64,69,65,58,57,55,51,50,47,40,34,33,36,21,25
0,0,0,0,0,0,0,0,0,15,57,78,66,59,54,52,50,14,13,25,20,17,18,17,18,14
0,0,0,0,0,0,0,11,12,13,56,78,63,57,52,52,51,37,14,27,21,13,16,17,16,17
0,0,0,0,0,0,0,10,45,7,50,61,61,57,45,25,27,8,7,9,10,8,10,8,8,8
0,0,0,0,0,0,0,0,13,8,22,52,54,53,35,40,47,11,0,0,0,9,7,6,7,6
0,0,0,0,0,0,0,6,7,8,14,47,51,42,14,15,13,8,5,8,0,7,7,0,0,6
0,0,0,0,0,0,0,0,0,8,10,13,21,14,10,9,10,9,9,0,0,0,0,0,0,0
0,0,0,0,0,0,0,0,0,0,9,11,11,11,8,10,11,8,7,0,0,5,0,0,0,5
0,0,0,0,0,0,0,0,0,0,6,14,19,8,6,8,11,11,11,6,7,0,0,8,7,7
0,0,0,0,0,0,0,0,0,0,11,27,22,14,13,0,13,14,12,8,7,8,9,7,7,5
6,11,11,12,26,36,51,56,62,66,73,86,93,90,88,92,85,75,73,80,73,63,58,57,50,37
9,7,12,13,32,53,54,64,65,68,67,85,106,102,97,90,86,82,80,82,68,60,61,53,51,50
11,12,12,14,9,14,47,58,51,52,64,85,104,108,96,85,82,81,88,85,71,58,55,54,51,40
5,8,9,7,6,11,9,9,51,55,58,74,94,95,89,89,90,85,82,78,60,54,53,50,37,16
4,0,6,5,0,0,9,53,35,54,56,66,74,91,100,91,75,76,72,68,57,52,37,55,40,13
0,0,0,0,0,7,13,52,44,38,34,54,70,80,89,81,78,77,73,71,62,53,40,40,38,14
0,0,0,0,0,0,28,56,30,15,56,74,88,100,93,86,83,75,73,67,65,53,44,13,12,14
0,0,0,0,0,0,15,47,15,14,55,70,80,95,92,90,84,77,81,80,76,55,50,41,30,10
0,7,0,0,12,12,34,55,41,25,57,72,94,108,108,104,101,92,97,88,97,65,55,53,51,14
7,0,0,7,8,11,37,56,54,53,56,74,93,111,110,103,98,89,91,84,78,66,54,51,45,30
0,0,6,8,8,9,21,50,51,50,52,67,88,103,91,78,81,78,76,68,61,56,51,33,32,14
0,0,0,6,0,6,14,53,52,50,53,68,78,84,76,75,77,72,72,70,67,63,57,52,50,35
0,0,0,0,0,9,17,51,50,22,48,61,70,82,75,73,74,70,73,65,59,57,50,13,14,11
0,0,0,0,0,0,0,14,27,11,25,52,57,65,61,60,67,61,61,57,39,29,13,9,9,0
6,0,0,0,8,0,22,48,54,31,30,57,66,76,80,78,81,83,78,68,61,58,54,48,34,26
7,0,0,0,0,0,6,37,54,34,45,64,72,94,83,84,86,84,80,89,64,63,64,52,50,28
0,0,0,7,8,10,11,19,55,55,58,64,75,97,94,90,79,77,78,73,63,59,60,53,50,33
6,8,0,7,6,13,20,48,53,60,58,67,85,93,88,91,83,79,74,77,67,60,59,54,50,36
0,0,0,7,12,12,25,50,56,64,62,76,85,87,92,89,84,83,81,76,64,59,60,55,52,41
10,0,6,12,11,13,38,50,60,71,76,90,95,114,108,94,91,85,83,79,66,65,64,64,56,52
0,6,0,9,11,14,37,52,59,66,71,80,85,94,89,82,86,88,90,76,69,70,69,66,61,54
0,0,7,12,13,22,50,52,55,71,67,83,88,94,89,87,81,84,80,67,61,64,65,62,57,52
8,0,11,20,20,26,41,42,46,55,60,76,95,95,89,89,75,73,64,58,52,58,62,58,58,51
9,0,9,9,14,26,26,35,44,54,57,77,89,93,89,77,75,65,63,61,57,59,61,63,59,48
8,0,7,9,10,12,14,13,25,53,59,79,79,84,79,70,66,64,60,60,55,56,61,60,57,53
0,0,0,9,9,6,8,11,28,50,67,76,80,84,75,69,64,63,60,59,56,55,62,61,62,59
0,0,0,8,0,8,9,11,15,28,57,70,78,79,76,70,66,59,58,54,54,56,54,56,56,52
0,0,0,0,0,8,10,10,8,11,55,68,74,76,70,64,60,59,56,51,50,51,51,53,55,52
0,0,0,0,0,0,5,6,9,12,55,65,70,73,65,60,58,54,54,50,50,47,50,51,54,51
0,0,0,0,0,0,0,0,9,14,54,67,73,71,63,60,57,54,52,50,41,50,43,43,51,56
0,0,0,0,0,0,0,0,0,9,51,64,69,65,58,57,55,51,50,47,40,34,33,36,21,25
0,0,0,0,0,0,0,0,0,15,57,78,66,59,54,52,50,14,13,25,20,17,18,17,18,14
0,0,0,0,0,0,0,11,12,13,56,78,63,57,52,52,51,37,14,27,21,13,16,17,16,17
0,0,0,0,0,0,0,10,45,7,50,61,61,57,45,25,27,8,7,9,10,8,10,8,8,8
0,0,0,0,0,0,0,0,13,8,22,52,54,53,35,40,47,11,0,0,0,9,7,6,7,6
0,0,0,0,0,0,0,6,7,8,14,47,51,42,14,15,13,8,5,8,0,7,7,0,0,6
0,0,0,0,0,0,0,0,0,8,10,13,21,14,10,9,10,9,9,0,0,0,0,0,0,0
0,0,0,0,0,0,0,0,0,0,9,11,11,11,8,10,11,8,7,0,0,5,0,0,0,5
0,0,0,0,0,0,0,0,0,0,6,14,19,8,6,8,11,11,11,6,7,0,0,8,7,7
0,0,0,0,0,0,0,0,0,0,11,27,22,14,13,0,13,14,12,8,7,8,9,7,7,5
6,11,11,12,29,40,50,57,62,65,73,86,93,90,88,92,84,76,73,80,73,63,59,56,45,37
9,7,12,13,32,53,54,63,66,67,66,85,107,102,97,90,86,83,80,83,69,61,61,54,51,45
11,11,12,14,9,13,47,58,51,52,64,85,104,108,97,85,82,81,88,85,71,57,55,54,51,38
5,8,9,7,6,11,9,9,51,54,58,75,93,95,89,90,91,86,82,79,60,54,53,50,35,16
0,0,6,5,0,0,9,53,35,53,55,65,74,91,101,92,76,76,73,68,57,52,39,55,45,13
0,0,0,0,0,6,13,52,47,38,37,53,70,80,89,82,79,77,74,71,61,53,43,37,38,14
0,0,0,0,0,0,25,57,25,15,56,74,88,101,93,87,82,75,73,68,65,53,44,12,12,14
0,0,0,0,0,0,19,41,19,14,53,70,80,95,93,90,84,76,81,80,76,55,50,36,30,11
0,7,0,0,12,11,28,56,38,19,57,72,94,108,109,105,101,92,98,89,97,65,56,53,51,14
7,0,0,7,8,11,43,56,53,53,55,74,94,112,110,104,99,89,91,84,77,65,55,51,40,25
0,0,6,8,8,9,21,47,50,50,51,68,87,102,91,78,81,78,76,68,62,56,51,30,25,13
0,0,0,6,0,7,13,53,53,51,54,69,77,83,75,75,77,72,72,71,68,63,57,52,47,33
0,0,0,0,0,9,17,51,50,20,46,61,69,81,75,73,74,70,73,65,59,58,50,12,14,11
0,0,0,0,0,0,0,14,25,10,25,52,56,65,61,60,65,62,61,57,39,35,13,8,8,0
5,0,0,0,8,0,20,48,54,31,30,57,65,76,79,78,81,83,77,68,61,57,54,46,32,26
7,0,0,0,0,0,6,35,54,31,40,64,72,94,83,84,86,84,80,89,65,63,65,52,50,26
0,0,0,6,9,9,11,21,55,55,58,64,74,96,95,90,78,77,78,73,63,59,59,53,50,22
6,8,0,7,7,13,18,44,53,60,58,67,84,92,88,91,83,79,74,76,67,60,60,55,50,33
0,0,0,7,12,12,25,50,56,64,60,76,85,86,92,89,84,83,81,77,63,59,60,55,52,41
10,0,6,12,11,13,40,50,61,71,76,90,94,113,108,94,91,85,83,79,66,65,64,63,56,51
0,5,0,9,10,14,33,52,59,66,71,81,85,93,89,82,85,88,90,76,69,70,69,66,60,53
0,0,7,12,13,19,50,52,56,71,66,82,87,93,89,87,80,84,79,67,62,64,65,61,57,51
8,0,11,20,20,26,41,42,46,55,59,76,95,94,89,89,74,73,64,58,52,58,62,58,57,51
10,0,8,9,14,23,28,34,44,54,57,77,88,93,88,77,75,65,63,61,57,59,62,63,59,48
8,0,6,8,10,11,14,13,27,52,59,79,79,84,78,70,66,64,61,59,55,55,62,60,57,53
6,0,0,9,9,7,8,10,25,50,68,76,79,83,75,68,64,63,60,58,55,55,61,61,62,58
0,0,0,8,0,8,9,11,14,28,56,71,78,79,76,70,66,59,57,55,54,56,55,56,56,52
0,0,0,0,0,7,9,10,7,11,55,68,74,76,70,64,61,58,56,51,50,51,52,53,54,51
0,0,0,0,0,0,0,6,9,12,55,65,70,74,66,60,58,55,54,50,45,50,51,51,54,52
0,0,0,0,0,0,0,0,9,13,54,67,73,70,63,60,57,54,53,50,39,50,40,38,51,56
0,0,0,0,0,0,0,0,0,9,51,64,68,65,58,57,55,51,50,47,36,27,35,36,21,21
0,0,0,0,0,0,0,0,0,14,57,78,66,58,54,51,50,14,13,28,22,18,18,16,18,13
0,0,0,0,0,0,0,12,12,13,56,79,63,57,52,51,51,36,14,27,20,15,17,15,14,17
0,0,0,0,0,0,0,9,45,7,51,61,61,57,43,27,25,7,7,9,10,8,10,8,8,8
0,0,0,0,0,0,0,0,12,8,20,52,54,52,37,40,38,11,0,0,6,9,8,6,7,6
0,0,0,0,0,0,0,6,6,7,14,50,50,40,14,14,13,8,6,8,0,7,7,0,0,6
0,0,0,0,0,0,0,0,0,8,10,13,19,14,10,10,10,9,9,0,0,0,0,0,0,0
0,0,0,0,0,0,0,0,0,0,8,11,12,11,7,11,11,9,7,0,0,5,4,0,0,0
0,0,0,0,0,0,0,0,0,0,0,13,20,8,6,9,11,11,11,6,7,0,0,7,7,7
0,0,0,0,0,0,0,5,0,0,10,26,22,14,13,0,13,14,12,8,8,9,9,7,7,5
6,11,11,12,29,40,50,56,62,66,74,86,93,89,88,92,84,76,73,79,73,63,59,57,43,39
9,7,12,13,34,53,53,63,66,67,66,85,107,102,97,90,86,83,80,82,69,61,60,54,51,47
11,12,12,14,9,13,50,58,51,52,64,85,105,108,97,85,82,81,88,85,71,58,56,54,51,38
5,8,9,7,6,11,9,9,51,55,59,74,94,94,90,90,90,86,82,79,60,54,53,51,35,20
0,0,6,5,0,0,9,53,37,53,55,65,73,91,101,92,76,76,73,68,57,52,39,55,43,14
0,0,0,0,0,6,13,52,50,41,31,53,70,80,90,82,79,77,74,72,61,52,40,42,36,14
0,0,0,0,0,0,21,57,22,17,56,74,89,100,94,87,83,75,73,68,65,53,44,12,12,13
0,0,0,0,0,0,17,36,15,14,53,70,80,95,93,91,85,75,81,80,76,55,50,38,30,11
0,7,0,0,12,11,25,55,41,17,57,72,94,107,110,106,101,93,99,88,97,65,56,53,51,14
7,0,0,7,8,11,43,56,54,53,55,73,94,111,110,104,99,89,91,84,78,65,55,51,40,25
0,0,6,7,7,9,23,47,51,50,51,68,88,102,91,79,82,77,76,68,61,56,51,30,25,13
0,0,0,6,0,0,13,53,53,51,54,69,78,83,75,75,77,72,71,71,68,63,57,52,45,31
0,0,0,0,0,9,17,51,51,22,46,60,69,80,75,73,74,69,72,66,59,57,51,12,14,11
0,0,0,0,0,0,0,14,27,10,25,51,55,65,61,60,65,61,61,56,37,35,14,8,8,0
6,0,0,0,8,0,19,50,54,31,31,57,67,75,79,78,80,83,77,68,62,57,54,47,31,26
7,0,0,0,0,0,6,32,54,34,40,63,72,93,83,85,85,84,80,89,65,62,65,52,50,26
0,0,0,6,9,9,12,23,55,55,58,64,74,96,95,90,78,77,78,73,64,59,60,53,50,25
6,8,0,7,7,14,16,46,53,61,58,66,84,92,88,91,82,79,74,76,67,60,60,55,50,31
0,0,0,7,12,12,25,50,57,65,60,76,85,86,92,90,84,83,81,76,63,59,60,55,52,45
10,0,6,12,11,12,43,50,61,71,75,90,94,113,108,94,91,85,83,79,67,65,64,63,56,51
0,5,0,9,10,14,31,52,59,67,71,80,84,93,90,82,85,87,90,76,69,69,69,67,60,53
0,0,7,11,12,19,50,52,55,71,66,82,87,93,89,87,81,84,79,67,62,63,66,61,57,52
8,0,10,20,19,25,41,42,46,55,59,76,94,94,89,89,74,73,64,57,52,57,62,58,57,51
9,0,8,9,14,23,28,34,46,54,57,77,88,93,88,77,75,65,63,60,57,59,62,63,59,49
8,0,6,9,9,11,14,13,25,52,59,78,79,84,78,70,66,63,61,59,55,56,62,60,57,53
0,0,0,9,9,7,8,10,26,51,68,76,79,83,75,68,64,63,60,58,55,55,61,61,62,59
0,0,0,8,0,8,9,11,14,30,56,71,78,79,77,69,66,59,57,54,54,57,54,56,55,52
0,0,0,0,0,7,9,11,8,12,56,68,74,76,71,65,61,58,56,51,51,51,51,53,54,52
0,0,0,0,0,0,0,6,8,12,55,65,70,73,66,60,58,55,53,50,45,50,51,51,54,52
0,0,0,0,0,0,0,0,9,13,54,67,74,70,63,60,57,53,52,51,39,50,38,36,51,57
0,0,0,0,0,0,0,0,0,9,51,64,69,65,58,57,55,51,50,45,40,25,35,38,19,25
0,0,0,0,0,0,0,0,0,14,57,78,66,58,54,51,50,14,13,27,23,17,19,18,16,13
0,0,0,0,0,0,0,11,12,13,56,78,63,56,53,51,51,33,14,26,23,14,17,16,14,19
0,0,0,0,0,0,0,9,47,7,51,60,60,57,45,27,22,7,7,9,9,8,9,8,7,8
0,0,0,0,0,0,0,0,12,8,20,52,54,52,42,45,36,11,0,0,7,9,8,6,7,6
0,0,0,0,0,0,0,6,7,7,15,44,50,32,14,15,13,8,6,8,0,7,7,0,0,6
0,0,0,0,0,0,0,0,0,8,10,13,17,14,10,10,10,9,9,0,0,0,0,0,0,0
0,0,0,0,0,0,0,0,0,0,8,11,12,11,8,11,11,9,7,0,0,5,4,0,0,0
0,0,0,0,0,0,0,0,0,0,6,13,20,8,7,9,11,12,11,6,7,0,0,7,7,6
0,0,0,0,0,0,0,5,0,0,10,23,20,14,13,0,13,13,12,8,8,9,9,6,7,5
6,11,11,12,28,42,50,56,62,66,74,86,94,89,88,93,84,76,72,80,74,63,59,56,45,35
9,7,11,13,36,53,53,63,65,67,66,85,107,102,97,91,85,83,81,82,69,61,60,53,51,45
11,12,12,14,9,13,47,58,51,52,64,85,106,107,97,86,82,81,89,85,71,58,56,53,51,36
5,9,9,7,6,11,9,9,51,55,59,74,93,94,90,91,90,86,82,78,60,54,53,50,35,20
0,0,6,5,0,0,9,53,33,54,55,65,74,90,101,92,76,76,73,68,57,53,42,55,43,13
0,0,0,0,0,6,13,52,47,44,31,53,70,80,89,83,80,77,74,72,61,52,43,42,36,14
0,0,0,0,0,0,21,57,20,19,56,74,88,99,94,88,82,76,74,69,66,53,44,12,11,12
0,0,0,0,0,0,17,33,14,14,53,70,80,95,93,92,85,76,81,80,77,55,50,38,27,11
0,7,0,0,12,11,28,56,38,19,57,72,94,107,109,106,100,94,100,89,98,66,56,53,51,14
7,0,0,7,8,11,43,56,54,54,56,73,95,111,110,104,99,89,91,84,78,65,55,52,37,23
0,0,6,7,8,9,20,44,50,50,52,68,87,102,91,79,82,78,76,69,61,57,52,23,22,13
0,0,0,6,0,6,13,52,53,52,54,68,78,82,75,76,77,71,71,71,68,63,58,53,47,31
0,0,0,0,0,9,15,51,51,25,46,61,68,81,75,74,74,70,72,66,59,57,51,13,14,11
0,0,0,0,0,0,0,14,23,11,23,51,55,65,61,61,64,62,62,56,41,31,13,9,8,0
6,0,0,0,9,0,19,50,53,33,30,57,67,75,78,78,80,83,78,67,63,57,53,46,31,23
7,0,0,0,0,0,6,27,54,38,42,63,72,94,83,85,85,85,81,89,65,63,65,52,50,28
0,0,0,6,9,9,12,23,55,55,57,64,75,96,96,91,78,77,78,72,64,59,60,54,47,22
5,7,0,8,7,13,16,44,53,61,58,66,84,91,88,91,82,79,75,76,67,60,60,55,50,33
0,0,0,7,11,12,27,50,56,65,60,76,85,86,92,90,84,83,82,76,64,59,61,55,52,43
10,0,6,12,11,13,40,50,61,71,75,90,94,113,107,94,91,85,83,79,67,64,64,63,56,51
0,5,0,9,10,14,29,52,59,67,71,80,85,93,89,82,85,87,90,76,69,69,69,67,60,53
0,0,7,11,12,19,50,52,55,71,66,82,86,93,89,87,80,84,79,67,62,64,65,61,58,52
8,0,11,20,18,26,41,42,45,56,59,76,95,93,89,89,73,73,64,57,51,57,62,57,57,51
9,0,8,9,14,23,28,36,45,55,57,76,88,92,88,77,75,66,63,61,57,58,62,63,59,48
7,0,6,9,9,11,14,13,23,53,60,78,79,83,78,70,66,64,61,59,55,55,62,60,57,53
6,0,0,9,9,7,8,10,28,51,68,75,79,83,75,69,64,63,60,58,55,55,62,61,62,58
0,0,0,8,0,8,9,11,14,28,57,71,77,78,77,70,66,60,57,54,54,57,54,56,55,52
0,0,0,0,0,7,9,11,8,12,56,68,74,76,71,65,61,58,56,52,51,50,51,53,54,51
0,0,0,0,0,0,6,7,8,12,55,65,71,73,66,61,57,55,53,50,47,50,51,51,54,51
0,0,0,0,0,0,0,0,9,14,53,66,74,70,63,60,57,53,52,51,39,50,38,36,51,57
0,0,0,0,0,0,0,0,0,10,51,64,69,64,58,57,55,52,50,45,36,22,35,36,19,23
0,0,0,0,0,0,0,0,0,15,57,78,66,58,54,51,48,16,14,27,21,16,19,17,16,13
0,0,0,0,0,0,0,11,11,13,56,78,63,56,52,51,50,35,14,27,23,14,17,16,14,18
0,0,0,0,0,0,0,9,42,8,51,61,61,57,45,32,20,8,7,9,9,8,9,8,7,8
0,0,0,0,0,0,0,0,12,9,17,52,54,52,45,50,36,12,0,0,7,9,8,6,7,6
0,0,0,0,0,0,0,6,7,8,14,44,50,30,14,17,13,8,6,7,0,7,7,0,0,6
0,0,0,0,0,0,0,0,0,8,10,13,19,14,10,10,10,10,9,0,0,0,0,0,0,0
0,0,0,0,0,0,0,0,0,0,8,11,12,11,8,12,11,9,8,0,0,5,5,0,0,0
0,0,0,0,0,0,0,0,0,0,0,13,20,8,6,8,10,12,11,6,7,0,0,7,7,6
0,0,0,0,0,0,0,5,0,0,10,23,20,14,13,0,12,14,12,8,8,9,9,7,7,5
6,11,11,12,28,39,50,56,62,67,75,87,94,89,88,93,84,76,73,80,74,63,59,57,50,35
9,7,11,13,32,53,53,63,65,67,66,85,107,102,97,92,85,83,81,82,68,61,60,53,52,43
11,12,12,14,9,13,47,58,51,52,64,85,105,108,97,86,82,80,89,86,71,58,56,53,51,38
5,8,9,6,6,11,9,8,51,55,60,75,93,94,90,91,90,86,82,79,60,54,53,50,37,18
4,0,6,5,0,0,9,53,33,54,56,66,75,91,101,92,76,76,74,68,57,53,42,55,43,13
0,0,0,0,0,6,14,52,50,44,28,54,70,81,89,82,80,77,75,73,61,52,46,42,38,14
0,0,0,0,0,0,23,56,20,19,57,74,88,99,94,88,82,76,74,69,65,53,44,12,12,12
0,0,0,0,0,0,15,33,14,14,53,71,80,95,93,92,86,76,82,81,77,55,50,38,27,11
0,0,0,0,12,12,28,56,38,19,57,73,94,108,109,106,101,93,99,89,98,66,56,53,51,14
7,0,0,7,8,11,37,56,54,54,56,73,95,111,110,104,97,89,91,84,78,66,55,51,42,23
0,0,0,7,7,9,20,50,50,50,52,68,87,101,91,79,81,77,76,69,61,57,51,25,27,13
0,0,0,6,0,6,14,52,53,51,54,68,78,82,75,74,77,71,71,71,68,63,58,52,47,29
0,0,0,0,0,9,15,50,51,27,48,62,69,81,75,73,73,69,72,66,59,57,51,12,14,11
0,0,0,0,0,0,0,14,26,11,25,51,55,64,60,61,65,61,62,56,39,33,13,8,8,0
6,0,0,0,8,0,20,51,53,35,31,57,67,75,78,78,80,83,78,68,62,57,53,46,31,23
6,0,0,0,0,0,6,30,53,40,47,64,73,93,83,86,86,84,80,89,64,63,65,52,50,28
6,0,0,6,8,9,12,27,55,55,57,64,74,96,96,90,78,77,78,73,63,59,60,53,50,20
5,7,0,8,7,13,15,44,53,61,58,67,85,91,89,90,82,79,74,76,67,60,60,54,50,30
0,0,0,6,11,12,25,47,57,65,61,76,85,86,92,90,84,83,82,76,64,59,60,55,52,43
11,0,6,12,11,13,38,50,61,71,75,90,94,113,107,94,91,85,83,79,67,65,64,63,56,52
0,5,0,8,10,14,31,52,59,67,71,80,85,93,89,82,85,87,90,76,69,69,69,67,60,53
0,0,7,11,12,20,50,52,55,71,67,82,87,93,88,87,81,84,79,67,62,63,65,60,58,52
8,0,11,20,18,27,39,41,46,56,60,77,95,93,89,89,73,73,64,57,51,57,62,57,57,51
9,0,8,9,14,23,28,35,46,55,58,76,88,92,88,76,75,66,63,61,57,58,62,63,59,48
7,0,6,9,9,11,14,13,21,53,60,79,79,83,77,69,66,64,61,60,56,55,62,60,57,53
0,0,0,9,8,7,8,10,30,51,67,76,79,84,75,68,63,63,60,58,55,55,62,61,62,58
0,0,0,8,0,8,9,11,14,28,57,71,78,78,77,69,65,60,57,54,54,56,54,56,55,52
0,0,0,0,0,7,9,10,8,12,56,68,74,76,70,65,61,58,56,52,51,51,51,53,55,51
0,0,0,0,0,0,6,7,8,12,55,65,71,73,66,61,58,55,53,51,45,50,51,51,54,51
0,0,0,0,0,0,0,0,9,14,54,67,73,70,63,60,56,53,52,51,41,50,40,40,51,57
0,0,0,0,0,0,0,0,0,10,51,65,69,64,58,57,55,51,50,45,34,25,35,34,21,23
0,0,0,0,0,0,0,0,0,15,58,78,66,58,54,51,50,15,14,28,21,18,17,17,18,13
0,0,0,0,0,0,0,11,11,13,56,79,63,56,52,51,50,33,13,28,25,14,16,16,15,18
0,0,0,0,0,0,0,9,40,8,51,61,61,57,43,30,22,7,7,9,9,8,9,7,7,8
0,0,0,0,0,0,0,0,12,9,17,52,53,52,42,45,36,12,0,0,6,9,8,6,7,0
0,0,0,0,0,0,0,6,7,8,14,47,50,32,14,15,12,7,6,7,0,6,7,0,0,6
0,0,0,0,0,0,0,0,0,8,10,14,21,14,10,10,10,10,9,0,0,0,0,0,0,0
0,0,0,0,0,0,0,0,0,0,9,12,12,11,8,12,11,9,8,0,0,5,4,0,0,0
0,0,0,0,0,0,0,0,0,0,6,14,19,8,6,8,10,12,11,6,6,0,5,7,7,6
0,0,0,0,0,0,0,5,0,0,11,26,20,14,13,0,13,13,12,8,8,9,9,6,7,5
6,10,11,12,28,40,50,56,62,67,75,87,95,88,89,93,84,75,72,81,74,63,59,57,50,35
9,7,12,13,32,53,53,63,66,67,66,85,108,102,97,92,85,83,81,82,69,61,60,53,52,43
11,12,12,13,9,14,47,58,51,52,65,85,106,107,96,86,82,81,89,86,71,58,56,53,51,36
5,8,9,7,6,12,9,9,51,55,59,74,94,94,90,91,90,86,82,78,60,55,53,50,37,16
4,0,6,5,0,0,9,53,35,54,56,66,75,91,101,92,75,75,73,68,57,53,44,54,36,13
0,0,0,0,0,6,13,52,50,44,25,54,70,80,89,82,80,76,74,72,61,53,46,42,40,13
0,0,0,0,0,0,21,56,22,19,57,74,88,98,94,88,81,76,73,69,65,53,47,12,12,12
0,0,0,0,0,0,15,33,14,14,53,70,80,94,92,91,86,76,81,81,77,56,50,38,30,10
0,7,0,0,13,12,28,56,41,23,57,73,94,107,109,107,101,93,99,90,98,67,56,53,51,14
7,0,0,7,8,11,37,56,54,53,56,74,95,111,110,104,98,89,92,85,78,66,55,51,45,23
0,0,0,7,7,9,20,50,51,50,52,67,89,101,91,80,81,78,75,70,61,57,51,30,30,13
0,0,0,6,0,6,14,52,53,51,54,68,78,82,75,75,77,71,71,71,69,63,58,53,47,27
0,0,0,0,0,8,15,51,51,29,48,62,69,80,75,73,74,70,72,67,59,57,51,14,14,10
0,0,0,0,0,0,0,14,27,10,26,51,56,64,60,61,65,62,62,57,41,29,13,9,8,0
6,0,0,0,8,0,20,50,53,33,31,57,67,75,78,79,80,83,78,68,62,57,53,47,32,22
7,0,0,0,0,0,5,27,54,40,47,63,73,94,83,86,86,85,81,90,64,62,64,52,50,26
6,0,0,6,8,9,12,25,55,55,57,64,74,95,95,91,79,77,78,72,63,59,60,54,50,20
5,7,0,8,6,13,15,44,53,60,57,67,85,91,88,90,82,79,75,76,67,60,59,54,50,30
0,0,0,7,11,12,23,47,57,65,61,75,85,86,91,89,84,83,82,76,64,58,60,55,52,40
11,0,6,12,11,13,36,50,61,71,75,90,94,113,106,94,91,85,82,79,67,65,64,63,56,51
0,0,0,8,10,14,31,51,59,67,71,80,85,93,89,82,85,87,90,76,69,69,69,67,60,53
0,0,7,12,12,20,50,52,55,71,66,82,87,93,88,87,80,84,79,67,62,63,66,61,58,52
8,0,11,19,19,27,38,40,46,55,60,76,95,93,88,88,73,73,64,57,52,57,62,57,57,50
9,0,9,9,14,25,28,38,46,54,57,76,89,91,88,76,75,66,63,62,57,58,62,63,59,48
7,0,6,9,9,12,14,13,21,53,60,79,80,83,77,69,66,64,60,59,56,55,62,60,57,53
0,0,0,9,8,7,8,10,28,51,67,76,80,83,75,69,63,63,60,58,55,55,62,61,62,58
0,0,0,8,0,8,8,11,14,26,57,71,78,78,76,69,65,60,56,54,54,57,54,56,55,52
0,0,0,0,0,7,9,10,8,12,56,68,74,75,70,64,61,58,56,52,50,50,52,53,55,51
0,0,0,0,0,0,6,7,8,13,55,64,71,72,66,61,58,55,53,51,47,50,51,51,53,51
0,0,0,0,0,0,0,0,9,14,54,67,74,70,63,60,57,53,52,51,43,50,40,40,51,56
0,0,0,0,0,0,0,0,0,10,51,65,69,64,58,57,55,51,50,47,34,27,37,36,21,21
0,0,0,0,0,0,0,0,0,16,57,78,66,58,55,51,50,15,13,27,20,20,18,17,18,13
0,0,0,0,0,0,0,11,11,13,56,79,63,56,52,51,50,31,13,27,25,14,16,18,16,15
0,0,0,0,0,0,0,9,40,8,51,61,61,57,43,35,22,7,7,9,9,8,9,7,7,8
0,0,0,0,0,0,0,0,12,9,17,52,54,52,42,42,38,12,0,0,6,9,8,6,7,0
0,0,0,0,0,0,0,6,7,8,14,44,51,35,14,14,12,8,5,7,0,6,7,0,0,5
0,0,0,0,0,0,0,0,0,8,10,14,23,14,10,10,10,10,9,0,0,0,0,0,0,0
0,0,0,0,0,0,0,0,0,0,9,12,12,11,8,11,11,9,8,0,0,5,4,0,0,0
0,0,0,0,0,0,0,0,0,0,0,14,20,8,6,8,9,12,11,7,7,0,6,7,7,6
0,0,0,0,0,0,0,5,0,0,11,25,22,14,13,0,13,14,13,8,8,8,9,6,7,5
5,10,11,11,26,38,50,56,62,67,74,87,95,89,88,93,84,75,73,82,74,63,59,57,50,33
9,7,12,13,30,53,53,63,65,67,66,85,108,103,97,92,85,83,81,82,69,61,60,53,51,41
10,12,12,13,9,14,44,58,51,53,64,86,106,108,96,86,82,81,89,86,72,58,56,53,51,34
5,8,9,6,5,12,9,8,51,55,60,75,94,95,90,91,90,85,82,79,60,54,53,50,39,15
4,0,6,5,0,0,9,53,37,54,55,66,75,91,101,92,75,75,73,68,58,53,44,54,38,13
0,0,0,0,0,0,13,52,50,44,23,54,70,80,89,82,80,77,74,72,62,53,43,37,40,13
0,0,0,0,0,0,23,56,22,19,56,74,87,99,94,87,82,75,73,69,66,53,47,12,12,12
0,0,0,0,0,0,15,36,14,15,53,70,79,95,92,90,85,76,81,81,77,56,50,36,32,9
0,7,0,0,12,12,31,55,41,25,57,73,94,108,109,107,101,93,99,90,99,67,56,53,52,13
7,0,0,7,8,11,37,56,54,53,55,74,95,111,109,104,98,89,92,85,78,66,55,51,47,23
0,0,0,7,7,9,20,50,51,50,52,67,88,102,90,79,81,77,75,70,61,57,51,33,32,12
0,0,0,6,0,7,13,52,53,51,54,68,78,83,75,75,77,71,72,71,69,63,58,53,50,27
0,0,0,0,0,9,15,51,51,27,46,62,69,81,75,73,74,70,73,67,59,57,51,14,14,10
0,0,0,0,0,0,0,14,26,10,25,53,57,65,60,61,65,62,62,57,42,31,13,8,8,0
6,0,0,0,9,0,22,50,54,33,28,57,66,76,78,79,80,83,78,68,61,58,54,47,32,22
7,0,0,0,0,0,5,27,54,40,47,64,73,94,83,85,86,85,80,91,64,62,64,52,50,25
6,0,0,6,8,10,12,27,54,55,57,64,74,95,94,90,79,77,78,72,63,59,61,53,50,19
5,7,0,7,6,13,15,44,53,61,57,67,85,91,88,89,82,79,75,76,67,60,59,54,50,28
0,0,0,7,12,12,23,47,57,65,61,75,85,86,91,89,84,83,82,76,64,59,60,55,52,38
11,0,6,12,11,13,36,50,61,71,75,89,95,113,106,94,91,85,82,79,66,64,64,63,56,51
0,0,0,8,10,14,33,52,59,66,71,80,85,93,89,81,85,87,90,76,69,69,69,67,61,52
0,0,7,12,12,19,50,52,55,71,66,82,88,93,88,87,81,85,79,67,62,64,65,61,58,51
8,0,11,19,18,28,37,41,46,55,59,76,95,93,88,88,73,73,64,58,52,57,62,57,57,50
9,0,9,9,14,26,28,38,46,54,58,76,89,92,88,76,75,66,63,62,58,59,62,63,59,47
8,0,6,9,9,12,13,12,21,53,59,79,80,84,77,70,66,64,60,60,55,55,62,59,57,53
0,0,0,9,8,7,8,10,26,51,67,76,80,83,74,69,63,63,60,58,55,54,62,61,62,58
0,0,0,8,0,8,8,11,14,26,57,71,78,78,76,69,65,59,56,54,54,57,54,55,55,51
0,0,0,0,0,7,9,10,7,12,55,68,73,76,70,64,61,58,56,52,50,50,51,53,55,51
0,0,0,0,0,0,6,7,8,12,55,64,71,73,65,61,58,54,53,51,50,50,51,50,54,51
0,0,0,0,0,0,0,0,9,14,54,67,74,71,63,60,57,53,53,51,45,50,45,38,52,56
0,0,0,0,0,0,0,0,0,10,51,65,69,65,58,57,55,51,50,47,31,29,37,34,25,18
0,0,0,0,0,0,0,0,0,15,57,78,66,59,55,51,50,14,13,27,19,20,17,15,18,14
0,0,0,0,0,0,0,11,12,13,56,79,63,57,52,50,50,31,13,30,25,13,16,17,16,14
0,0,0,0,0,0,0,10,40,8,51,61,61,57,38,32,22,7,7,9,9,8,9,7,7,8
0,0,0,0,0,0,0,0,12,9,15,52,54,53,42,37,41,12,0,0,6,9,7,6,7,0
0,0,0,0,0,0,0,6,7,8,14,47,51,40,13,13,12,8,5,8,0,0,7,0,0,5
0,0,0,0,0,0,0,0,0,8,10,14,25,14,9,9,10,10,9,0,0,0,0,0,0,0
0,0,0,0,0,0,0,0,0,0,9,12,12,11,8,11,11,9,8,0,0,5,4,0,0,0
0,0,0,0,0,0,0,0,0,0,0,14,20,8,6,8,10,12,12,7,7,0,5,7,7,6
0,0,0,0,0,0,0,5,0,0,11,26,23,14,13,0,13,13,13,8,7,8,9,6,7,5
5,10,11,11,26,38,50,56,61,67,74,87,94,89,88,92,84,75,73,82,74,63,59,57,50,35
9,7,12,13,28,53,54,63,66,67,66,86,108,104,97,92,85,83,81,81,70,61,60,54,52,45
10,12,12,13,9,14,44,58,51,52,64,85,105,108,97,86,82,80,89,86,72,58,56,54,52,36
5,8,9,6,5,12,9,8,51,55,59,75,94,95,89,91,90,85,82,79,60,55,53,50,39,15
4,0,5,5,0,0,9,53,39,54,55,66,75,92,100,92,75,75,73,68,58,52,46,54,40,13
0,0,0,0,0,0,13,52,50,47,19,53,70,80,89,82,79,77,75,72,62,53,40,37,38,14
0,0,0,0,0,0,25,56,25,19,56,74,88,100,93,87,83,75,73,69,65,53,44,12,12,13
0,0,0,0,0,0,15,36,15,15,54,70,79,95,92,90,86,76,81,82,76,55,50,38,32,10
0,0,0,0,12,12,31,55,44,25,56,73,94,108,109,107,101,93,98,90,99,67,56,53,52,14
7,0,0,7,8,11,31,57,54,53,55,74,95,111,109,104,99,89,92,86,79,66,55,51,50,23
0,0,0,8,7,9,21,51,51,50,52,67,89,102,90,79,81,77,75,70,61,57,51,36,32,13
0,0,0,6,0,7,13,52,53,50,54,68,78,83,75,75,77,71,72,71,69,63,58,52,47,25
0,0,0,0,0,9,15,51,51,22,45,61,69,81,75,73,74,71,73,67,60,57,51,13,14,10
0,0,0,0,0,0,0,14,27,10,25,53,57,65,60,61,65,62,61,57,44,33,13,8,8,0
0,0,0,0,8,0,20,50,54,31,30,57,66,76,78,79,81,82,78,68,61,58,54,47,32,25
6,0,0,0,0,0,5,30,55,38,45,64,72,94,83,85,86,85,80,91,64,62,64,52,50,28
0,0,0,6,8,10,12,27,55,54,57,65,74,96,94,90,79,77,77,72,63,59,61,53,50,20
6,7,0,7,6,13,15,42,53,60,57,67,85,91,88,89,82,79,75,76,67,59,59,54,50,31
0,0,0,8,12,12,21,47,56,65,61,76,85,87,90,89,83,83,81,76,63,58,60,55,52,40
11,0,6,12,10,13,34,50,61,71,75,90,95,114,105,95,91,84,83,79,67,64,64,62,56,52
0,0,0,9,10,14,33,51,59,66,71,80,85,93,89,81,85,87,90,76,68,69,69,66,61,53
0,0,6,12,12,20,50,52,55,71,66,81,88,94,88,87,80,84,79,67,62,63,65,61,58,51
7,0,11,20,18,28,37,40,45,55,59,76,94,93,87,88,73,72,63,58,53,57,62,57,57,50
9,0,10,9,14,23,28,36,46,54,58,76,88,93,88,76,75,65,63,62,58,58,62,63,59,48
8,0,6,9,9,12,13,12,23,53,59,79,80,84,77,70,66,64,60,59,55,55,62,59,57,53
0,0,0,9,8,7,8,10,26,51,67,76,80,83,74,68,64,62,60,58,55,54,62,61,62,58
0,0,0,8,0,8,8,11,14,28,57,71,79,79,75,69,65,59,57,54,55,57,54,56,56,52
0,0,0,0,0,7,9,10,7,12,55,68,74,76,69,64,61,57,56,52,50,51,51,53,55,51
0,0,0,0,0,0,6,7,8,13,55,65,70,74,65,61,58,54,53,51,50,50,50,50,53,51
0,0,0,0,0,0,0,0,9,14,54,67,74,71,63,60,57,53,53,51,45,50,43,38,52,56
0,0,0,0,0,0,0,0,0,10,51,64,69,65,58,56,55,51,50,45,34,31,37,34,25,21
0,0,0,0,0,0,0,0,0,15,57,78,67,59,55,51,50,14,13,28,20,20,16,15,16,14
0,0,0,0,0,0,0,11,11,13,56,79,63,57,52,51,50,30,13,28,23,14,16,16,17,15
0,0,0,0,0,0,0,10,42,8,51,61,61,57,38,35,22,7,7,9,9,8,9,7,7,8
0,0,0,0,0,0,0,0,12,8,15,52,54,53,37,37,41,12,0,0,6,9,7,6,7,0
0,0,0,0,0,0,0,5,7,8,14,47,51,40,14,13,12,8,5,8,0,0,7,0,0,6
0,0,0,0,0,0,0,0,0,8,10,14,25,14,9,9,9,10,9,0,0,0,0,0,0,0
0,0,0,0,0,0,0,0,0,0,9,12,12,12,8,11,11,9,8,0,0,5,5,0,0,0
0,0,0,0,0,0,0,0,0,0,0,14,21,8,6,8,10,12,11,7,7,0,5,7,7,6
0,0,0,0,0,0,0,5,0,0,10,25,23,14,13,0,13,14,13,9,7,9,8,6,7,6
5,10,11,11,26,39,50,56,62,67,73,86,95,89,87,92,84,75,73,82,74,63,59,56,50,33
9,7,12,13,28,53,53,63,66,67,66,86,108,103,98,91,85,83,80,81,70,61,60,54,51,47
10,11,12,13,9,14,44,58,51,53,65,84,105,108,96,86,81,81,88,85,72,58,56,53,51,34
5,8,9,6,6,12,9,9,51,55,59,74,94,95,89,90,90,85,82,79,61,54,53,50,37,15
4,0,5,5,0,0,9,52,37,54,54,66,75,91,101,92,76,76,73,67,58,52,46,53,43,13
0,0,0,0,0,6,13,52,47,47,19,53,70,79,89,83,80,76,74,72,62,53,40,40,36,13
0,0,0,0,0,0,23,55,25,17,56,74,88,100,94,87,83,75,73,69,65,53,38,12,12,13
0,0,0,0,0,0,15,36,17,19,53,70,80,95,92,90,86,76,81,81,76,55,51,36,30,10
0,7,0,0,11,12,31,55,41,25,57,72,95,107,109,107,101,93,98,89,99,67,56,53,52,13
7,0,0,7,8,11,37,58,54,53,55,73,95,111,109,104,99,90,92,86,79,66,54,51,47,25
0,0,0,8,7,10,21,51,50,50,51,66,89,103,90,79,82,77,74,70,61,57,51,36,30,13
0,0,0,0,0,7,13,53,52,50,53,67,78,83,76,76,77,72,72,71,70,63,58,52,47,25
0,0,0,0,0,9,15,51,51,25,45,61,69,80,75,73,75,71,73,66,60,57,51,13,14,10
0,0,0,0,0,0,0,14,26,10,25,52,57,64,61,61,65,62,61,57,46,33,13,8,8,0
5,0,0,0,8,0,19,50,54,31,27,57,66,76,78,79,81,83,78,68,62,58,54,46,32,23
7,0,0,0,0,0,5,27,55,38,42,63,72,95,83,84,86,85,80,91,64,62,64,52,50,28
6,0,0,6,8,10,11,25,55,55,57,64,74,95,94,90,79,77,77,72,64,59,61,53,50,20
6,7,0,7,6,13,15,42,53,60,56,67,85,91,87,90,83,79,75,76,67,60,59,54,50,31
0,0,0,8,12,12,21,50,56,65,60,76,85,86,90,89,84,83,81,76,63,58,60,55,51,40
11,0,0,12,11,13,34,50,61,71,75,89,95,113,104,94,91,85,83,79,67,64,64,63,56,51
0,0,0,9,10,14,29,52,59,66,70,80,85,93,88,81,85,87,90,75,69,69,69,66,60,53
0,0,7,12,12,22,50,52,55,71,66,81,88,94,88,87,80,84,78,66,62,63,65,61,57,51
7,0,11,20,17,27,37,41,45,55,58,75,94,93,87,88,73,72,63,58,53,57,61,56,57,50
9,0,10,9,14,23,26,34,45,54,57,76,89,92,87,77,75,65,63,62,58,58,62,63,59,48
8,0,6,9,9,12,13,12,23,53,59,78,80,84,77,70,67,64,60,59,55,55,61,59,57,53
6,0,0,9,8,7,8,10,28,51,67,76,80,83,74,68,64,62,60,58,55,54,61,61,62,58
0,0,0,8,0,9,8,11,14,30,56,71,78,78,75,70,66,59,56,54,55,57,54,56,55,51
0,0,0,0,0,8,9,10,7,12,56,68,74,75,69,64,61,57,56,51,50,51,51,53,55,51
0,0,0,0,0,0,6,7,8,13,54,65,70,73,65,61,58,54,53,50,50,50,51,51,53,51
0,0,0,0,0,0,0,0,9,14,54,67,74,71,63,60,58,53,53,51,47,50,40,34,51,56
0,0,0,0,0,0,0,0,0,10,51,64,69,65,58,57,55,51,50,47,38,31,35,31,23,21
0,0,0,0,0,0,0,0,0,18,57,76,67,59,54,51,50,13,13,28,20,17,17,14,14,13
0,0,0,0,0,0,0,11,12,14,56,78,63,56,52,50,50,28,14,28,21,13,16,15,16,15
0,0,0,0,0,0,0,10,42,8,51,60,61,57,38,32,22,7,7,9,9,8,9,7,7,8
0,0,0,0,0,0,0,0,12,9,15,52,54,53,32,40,41,12,0,0,7,9,7,6,6,0
0,0,0,0,0,0,0,5,7,8,13,44,51,37,14,13,12,8,5,8,0,0,7,0,0,6
0,0,0,0,0,0,0,0,0,8,10,14,25,14,9,10,9,10,8,0,0,0,0,0,0,0
0,0,0,0,0,0,0,0,0,0,8,12,12,11,7,11,11,9,8,0,0,5,5,0,0,0
0,0,0,0,0,0,0,0,0,0,0,14,23,8,6,9,10,12,11,7,7,0,5,7,7,6
0,0,0,0,0,0,0,5,0,0,10,23,25,14,12,0,13,14,13,8,7,8,8,6,7,6
5,11,11,11,25,39,50,57,63,66,73,86,95,90,88,92,84,76,73,81,74,63,59,56,50,35
9,7,12,13,32,53,53,63,65,67,66,85,108,103,97,92,85,82,80,81,70,61,61,54,51,50
10,11,12,14,9,14,44,58,51,53,64,84,105,108,96,86,82,81,88,85,72,58,56,53,51,36
5,8,9,7,6,11,10,9,51,56,59,74,94,95,89,91,90,85,82,79,61,55,53,50,37,16
0,0,5,0,0,0,9,53,37,54,54,67,75,92,101,92,76,76,73,68,58,52,46,53,43,13
0,0,0,0,0,6,13,52,47,44,19,53,70,80,89,83,80,77,75,72,62,53,40,40,34,13
0,0,0,0,0,0,25,55,22,17,55,73,88,100,93,87,83,75,73,69,65,53,41,13,12,13
0,0,0,0,0,0,15,36,17,19,54,71,79,95,93,90,86,76,81,80,77,55,50,38,25,10
0,7,0,0,11,12,31,54,38,23,57,71,95,108,109,106,101,93,98,89,99,66,55,52,52,13
7,0,0,7,8,11,34,59,54,53,55,72,95,111,109,104,99,90,91,86,79,66,54,50,45,27
0,0,0,7,7,10,21,51,50,50,52,67,89,103,90,79,82,77,76,70,62,57,51,36,30,13
0,0,0,0,0,7,13,52,52,51,53,67,78,83,76,75,77,71,72,71,69,63,58,52,50,27
0,0,0,0,0,9,15,50,51,22,46,61,69,80,74,73,75,71,72,66,60,57,51,13,14,11
0,0,0,0,0,0,0,14,25,10,22,52,57,65,61,61,65,62,61,56,46,37,13,8,8,0
5,0,0,0,8,0,20,50,54,31,28,57,66,75,78,79,81,83,78,68,62,58,54,46,34,25
7,0,0,0,0,0,6,30,55,38,47,63,71,94,83,85,86,85,80,91,64,62,64,52,50,28
6,0,0,6,9,10,12,23,55,55,57,64,74,96,94,89,78,78,77,72,64,59,61,53,50,20
6,7,0,7,0,13,15,42,53,60,57,67,85,91,87,90,83,79,75,76,67,60,59,54,50,30
0,0,0,7,11,12,21,50,56,65,60,75,85,86,91,89,84,83,81,76,63,58,60,54,52,41
11,0,6,12,11,13,36,50,61,71,75,89,95,113,105,94,91,85,83,79,67,64,64,63,56,51
0,0,0,9,10,14,31,52,59,66,70,80,85,92,88,80,85,87,90,75,69,69,69,66,60,53
0,0,7,11,12,22,50,51,54,71,66,81,87,93,88,87,80,84,78,67,62,63,65,60,57,52
6,0,11,20,17,26,38,40,46,56,58,76,94,93,87,88,73,72,63,58,53,57,61,56,58,51
9,0,9,9,14,23,27,32,45,54,57,76,88,92,87,77,75,64,63,62,58,58,62,63,59,48
8,0,6,9,9,12,13,12,23,53,59,78,80,84,77,70,67,64,60,59,55,55,61,59,57,53
6,0,0,9,9,7,8,10,30,51,67,76,80,83,74,68,64,62,60,58,55,54,62,61,62,58
0,0,0,8,0,8,9,11,14,32,56,71,78,78,75,70,66,59,56,54,54,57,54,55,55,52
0,0,0,0,0,7,9,10,7,12,56,68,74,76,69,64,61,57,56,51,50,51,51,53,55,52
0,0,0,0,0,0,6,6,8,13,54,65,70,73,65,61,58,54,53,51,50,47,50,51,54,51
0,0,0,0,0,0,0,0,9,14,54,67,74,71,63,60,58,53,52,51,43,50,40,36,51,57
0,0,0,0,0,0,0,0,0,10,51,64,69,65,58,56,55,51,50,50,38,31,33,31,23,23
0,0,0,0,0,0,0,0,0,18,57,76,67,58,54,51,50,14,13,28,21,16,16,14,14,14
0,0,0,0,0,0,0,11,12,14,56,78,63,56,51,51,50,30,14,30,23,13,15,15,14,17
0,0,0,0,0,0,0,10,42,8,51,60,61,57,38,30,20,7,7,9,9,8,9,7,7,8
0,0,0,0,0,0,0,0,12,9,17,52,54,52,32,40,41,12,0,0,7,9,7,6,6,0
0,0,0,0,0,0,0,0,8,8,13,44,51,37,13,13,12,7,6,8,0,6,6,0,0,6
0,0,0,0,0,0,0,0,0,9,10,14,27,14,9,10,9,10,8,0,0,0,0,0,0,0
0,0,0,0,0,0,0,0,0,0,8,12,12,11,7,11,11,9,8,0,0,5,4,0,0,0
0,0,0,0,0,0,0,0,0,0,0,14,23,8,6,9,11,12,11,7,7,0,5,7,7,6
0,0,0,0,0,0,0,5,0,0,10,23,25,14,12,0,13,14,12,8,7,9,8,6,7,6
5,11,11,11,25,40,50,56,62,67,73,86,95,89,88,92,83,75,73,81,74,63,58,57,50,37
8,7,12,13,34,53,53,63,65,67,65,85,108,102,97,91,85,82,80,81,69,61,60,54,51,47
10,11,12,13,8,14,41,58,51,52,64,84,105,107,96,86,81,81,88,85,71,58,56,53,51,34
5,8,9,6,6,11,10,9,51,56,58,74,94,94,89,90,90,86,82,78,60,55,52,50,37,14
4,0,6,0,0,0,9,52,33,54,54,67,75,91,101,92,76,76,73,68,58,52,44,54,43,13
0,0,0,0,0,6,13,52,47,44,21,54,70,80,89,83,80,76,74,72,62,53,46,42,34,13
0,0,0,0,0,0,25,55,22,15,56,73,88,100,94,88,83,75,73,69,64,53,38,13,12,13
0,0,0,0,0,0,14,36,15,15,53,71,80,95,93,91,86,76,80,80,77,55,50,41,25,10
0,0,0,0,12,12,31,54,41,21,57,72,95,108,109,106,100,93,97,89,99,67,55,52,52,13
0,0,0,7,8,11,37,58,54,53,56,73,96,111,109,104,98,90,91,86,79,66,54,50,47,23
0,0,0,8,7,10,21,50,50,50,52,68,89,103,91,79,82,78,76,70,62,57,51,38,30,13
0,0,0,0,0,7,13,51,52,51,53,67,78,83,76,76,77,72,72,71,69,63,57,52,50,27
0,0,0,0,0,10,15,50,51,25,46,61,70,80,75,73,74,71,72,66,60,57,51,13,14,10
0,0,0,0,0,0,0,14,23,10,22,51,57,64,61,61,66,62,61,56,44,33,13,8,9,0
0,0,0,0,8,0,17,47,53,31,30,57,67,75,79,79,81,83,78,68,62,58,54,46,34,25
7,0,0,0,0,0,6,32,55,34,45,63,72,94,83,84,86,85,80,90,65,62,64,51,50,28
0,0,0,6,9,10,12,19,55,55,57,64,74,95,94,90,78,77,77,72,64,59,60,53,50,20
6,7,0,7,6,13,16,42,53,60,57,67,85,91,88,90,83,79,75,76,67,60,59,54,50,30
0,0,0,7,11,12,20,50,56,65,60,75,85,86,91,89,84,83,81,76,63,58,60,54,52,40
10,0,6,12,11,13,36,50,61,71,74,89,95,113,105,94,91,85,83,79,67,64,64,63,56,51
0,0,0,9,10,14,31,51,59,66,70,80,85,92,88,81,85,87,90,76,69,69,69,66,60,53
0,0,8,11,12,22,50,52,55,71,66,81,87,94,88,87,79,84,79,66,62,63,65,61,57,52
6,0,10,19,18,26,39,39,45,56,58,76,94,93,87,88,73,72,64,58,53,58,61,56,57,50
9,0,9,8,14,22,27,31,45,54,57,76,88,91,88,77,75,65,63,61,58,58,62,63,59,48
7,0,7,9,9,12,13,12,23,53,59,78,80,84,77,69,66,64,60,59,56,55,62,60,57,53
6,0,0,9,8,7,7,10,30,51,67,76,80,83,74,68,64,62,60,58,55,54,61,61,62,58
0,0,0,7,0,8,9,11,14,32,56,71,78,78,75,70,66,59,56,54,54,57,54,56,55,52
0,0,0,0,0,7,9,10,8,13,56,68,74,75,69,64,61,57,56,51,50,51,51,53,54,52
0,0,0,0,0,0,6,6,8,13,54,65,71,73,66,60,58,55,53,51,50,47,50,51,53,51
0,0,0,0,0,0,0,0,9,14,54,67,74,71,63,60,57,54,52,51,43,50,40,38,51,57
0,0,0,0,0,0,0,0,0,10,51,64,69,65,58,56,55,51,50,50,40,31,29,31,23,23
0,0,0,0,0,0,0,0,0,18,57,76,67,58,54,51,50,14,13,29,21,16,15,16,14,14
0,0,0,0,0,0,0,11,11,14,56,78,64,56,52,51,50,30,14,30,23,14,14,15,14,17
0,0,0,0,0,0,0,10,40,8,51,60,61,57,43,30,17,7,7,9,9,8,9,8,7,8
0,0,0,0,0,0,0,0,12,9,15,52,54,52,32,40,38,12,0,0,7,8,7,6,6,0
0,0,0,0,0,0,0,0,8,8,14,47,51,37,13,13,12,7,6,8,0,7,6,0,0,6
0,0,0,0,0,0,0,0,0,9,10,13,27,14,9,9,9,10,8,0,0,0,0,0,0,0
0,0,0,0,0,0,0,0,0,0,8,11,12,11,7,11,11,9,8,0,0,5,0,0,0,0
0,0,0,0,0,0,0,0,0,0,0,14,23,8,6,9,10,12,11,6,7,0,0,7,7,6
0,0,0,0,0,0,0,0,0,0,10,25,25,14,12,0,13,14,12,8,7,9,8,7,8,6
5,11,12,11,26,38,50,56,63,66,73,85,95,89,88,91,83,76,72,81,74,63,58,57,50,39
9,7,11,13,36,53,53,62,65,67,66,85,108,102,97,90,85,83,80,81,70,61,61,54,51,50
10,11,12,13,8,14,38,58,50,52,64,84,105,108,96,85,81,81,88,85,71,58,56,53,51,38
5,8,9,7,6,11,10,9,51,56,59,74,94,94,89,90,90,86,82,78,61,54,52,50,35,15
4,0,6,5,0,0,8,52,31,54,55,66,74,91,102,92,76,76,73,67,58,52,44,54,43,14
0,0,0,0,0,6,13,52,50,44,21,54,70,81,89,83,80,76,73,72,62,53,46,42,36,13
0,0,0,0,0,0,21,55,25,15,57,74,87,100,94,87,83,75,74,69,65,53,44,12,12,13
0,0,0,0,0,0,15,36,17,17,53,70,79,95,93,91,86,76,80,80,77,56,50,38,30,11
0,7,0,0,12,11,28,53,38,23,57,72,95,108,109,106,101,93,96,88,99,67,55,52,52,14
7,0,0,6,8,11,40,57,54,53,55,73,95,111,110,103,98,91,91,85,79,66,54,51,45,27
0,0,0,7,8,9,21,50,50,50,52,68,88,102,91,79,82,77,75,70,62,57,51,38,27,13
0,0,0,0,0,7,13,51,52,52,53,67,77,83,76,75,77,71,72,71,69,63,57,53,50,31
0,0,0,0,0,9,14,51,52,27,50,61,69,81,75,73,74,70,72,66,60,57,51,13,15,11
0,0,0,0,0,0,0,13,23,10,22,51,57,65,61,60,65,62,61,56,41,33,13,9,8,0
5,0,0,0,8,0,16,46,53,32,28,57,67,75,78,78,80,83,77,68,62,58,54,46,35,25
7,0,0,0,0,0,6,35,55,36,45,63,72,93,83,84,86,85,79,90,65,62,64,52,50,30
0,0,0,6,9,10,12,17,55,55,57,63,74,95,94,89,79,77,77,73,64,59,60,53,50,23
6,7,0,7,0,13,16,42,53,60,57,67,85,91,88,90,83,79,74,75,67,60,59,54,50,31
0,0,0,7,11,13,21,50,57,64,60,74,85,85,91,89,85,82,81,76,63,58,60,54,51,41
10,0,6,11,11,13,36,50,61,71,75,89,94,113,106,93,90,85,82,79,67,65,64,63,56,51
0,0,0,9,10,14,31,51,59,66,70,80,84,93,88,81,85,87,90,75,69,69,69,65,60,53
0,0,8,11,12,20,50,51,55,71,66,81,86,94,88,86,80,84,78,67,62,63,65,61,57,52
6,0,10,17,18,25,38,39,46,55,59,76,95,94,87,88,73,72,63,58,53,58,61,56,58,51
9,0,9,9,14,22,27,31,45,55,57,76,89,92,88,77,75,65,62,61,57,59,62,63,59,50
7,0,7,9,10,12,14,12,21,53,59,78,80,84,77,69,66,64,60,59,56,55,62,60,57,53
0,0,0,9,8,6,7,10,28,51,67,76,80,83,74,68,63,62,60,58,55,54,61,61,62,58
0,0,0,7,0,8,9,11,14,32,57,70,78,78,75,69,66,59,56,54,54,57,54,55,55,52
0,0,0,0,0,8,9,9,7,13,56,68,74,75,69,63,61,57,55,52,51,50,51,53,55,52
0,0,0,0,0,0,6,6,8,13,54,64,70,73,66,60,58,55,53,50,50,47,50,51,53,51
0,0,0,0,0,0,0,0,9,14,54,68,73,71,63,60,57,53,52,51,43,50,40,38,51,56
0,0,0,0,0,0,0,0,0,10,51,64,69,65,59,56,55,51,45,50,40,29,31,31,21,25
0,0,0,0,0,0,0,0,0,18,57,76,67,58,55,50,50,14,13,28,20,16,16,16,15,15
0,0,0,0,0,0,0,11,12,14,56,78,63,56,52,51,50,28,14,27,25,13,14,15,14,19
0,0,0,0,0,0,0,9,37,8,51,60,61,57,43,25,15,7,6,8,10,8,9,7,7,8
0,0,0,0,0,0,0,0,12,9,15,51,54,52,37,37,38,12,0,0,7,9,7,6,6,0
0,0,0,0,0,0,0,0,8,8,14,50,51,37,14,13,12,7,5,8,0,7,7,0,0,6
0,0,0,0,0,0,0,0,0,9,10,14,25,14,9,9,9,10,8,0,0,0,0,0,0,0
0,0,0,0,0,0,0,0,0,0,8,11,12,11,8,11,11,9,7,0,0,5,4,0,0,0
0,0,0,0,0,0,0,0,0,0,0,14,22,8,6,8,10,12,11,6,7,0,0,7,7,6
0,0,0,0,0,0,0,0,0,0,10,25,25,14,12,0,13,14,12,8,8,8,8,7,8,6
5,11,11,11,28,35,50,56,62,67,73,86,94,89,89,91,82,76,72,81,74,63,58,57,47,39
9,7,11,13,36,53,53,62,65,67,65,85,108,101,98,91,85,82,80,81,70,61,60,54,51,47
10,11,12,13,9,14,41,58,51,52,64,84,105,107,96,85,81,80,89,85,71,57,56,53,51,43
5,8,9,7,6,11,10,9,51,56,59,74,94,94,89,90,90,86,81,78,60,54,52,50,35,16
4,0,6,5,0,0,8,52,31,54,55,66,74,91,102,92,76,76,73,67,58,52,41,54,43,14
0,0,0,0,0,6,12,52,47,44,23,54,70,81,89,82,80,76,73,72,62,53,46,47,34,14
0,0,0,0,0,0,21,56,25,19,56,74,88,100,94,88,83,75,73,68,65,53,44,12,12,13
0,0,0,0,0,0,15,33,15,17,54,70,80,95,94,91,85,75,80,79,77,56,47,41,27,10
0,7,0,0,12,11,25,53,41,25,56,72,95,108,110,105,101,93,97,88,99,67,55,52,52,14
7,0,0,7,8,11,37,56,54,53,55,74,96,112,110,103,97,90,91,84,79,66,55,51,50,27
0,0,0,7,8,9,21,50,50,51,52,69,88,103,92,79,81,78,75,68,62,56,51,41,30,13
0,0,0,0,0,6,13,51,52,52,54,67,77,84,76,75,77,72,72,70,69,63,57,53,47,31
0,0,0,0,0,9,14,51,51,25,50,61,69,80,75,73,74,70,73,66,60,58,51,13,14,12
0,0,0,0,0,0,0,14,22,10,22,51,56,64,61,60,65,62,61,56,39,31,14,9,8,0
0,0,0,0,8,0,17,46,53,32,28,56,67,75,79,78,80,83,78,68,62,58,54,46,36,26
7,0,0,0,0,0,6,37,55,34,45,63,73,94,83,84,85,85,79,89,64,62,64,52,50,32
0,0,0,6,9,10,12,19,55,55,57,63,74,95,94,89,78,77,77,73,64,59,59,53,50,25
6,7,0,7,0,13,18,42,53,60,57,67,84,91,88,90,82,79,74,75,67,60,58,54,50,30
0,0,0,7,11,13,23,50,56,65,60,75,85,86,91,89,84,83,81,75,63,58,60,54,51,43
10,0,6,11,11,13,38,50,61,72,75,89,94,114,106,93,90,85,82,79,67,65,64,63,56,51
0,0,0,9,10,14,31,51,59,66,70,80,84,93,89,81,85,87,90,75,69,70,69,66,60,54
0,0,8,11,12,19,50,52,55,71,66,81,87,94,88,85,79,84,78,66,62,63,65,60,57,52
6,0,10,18,19,25,39,39,45,55,59,76,95,94,87,88,73,72,63,57,53,58,61,57,57,51
8,0,9,8,14,22,28,32,44,55,57,76,88,92,88,77,74,65,62,60,57,58,61,63,59,50
7,0,7,9,10,11,14,12,20,53,59,78,80,84,77,69,66,63,60,58,56,56,61,60,57,54
0,0,0,9,8,6,8,10,26,51,67,76,80,83,74,68,63,62,60,58,55,54,62,61,62,59
0,0,0,7,0,8,9,11,14,32,57,70,79,79,75,69,66,59,56,54,54,57,54,56,55,52
0,0,0,0,0,7,9,9,8,13,56,68,74,76,69,63,61,57,55,52,51,50,51,53,54,52
0,0,0,0,0,0,6,6,8,13,55,64,71,73,66,60,58,55,53,50,47,47,50,51,53,51
0,0,0,0,0,0,0,0,9,14,54,68,73,71,63,60,57,53,52,50,43,50,40,43,51,56
0,0,0,0,0,0,0,0,0,10,51,64,69,65,59,56,55,51,45,50,38,29,31,36,21,27
0,0,0,0,0,0,0,0,0,16,57,77,66,58,55,51,50,14,13,27,20,16,16,16,15,15
0,0,0,0,0,0,0,11,11,13,56,78,63,56,52,51,49,28,14,26,26,14,15,16,14,19
0,0,0,0,0,0,0,10,32,8,51,60,61,57,43,27,14,6,6,8,9,8,9,8,7,8
0,0,0,0,0,0,0,0,12,9,20,52,54,52,40,35,36,12,0,0,7,9,7,6,6,0
0,0,0,0,0,0,0,0,7,9,14,50,51,40,14,13,12,8,5,7,0,7,6,0,0,6
0,0,0,0,0,0,0,0,0,8,10,14,23,14,10,8,9,10,8,0,0,0,0,0,0,0
0,0,0,0,0,0,0,0,0,0,9,11,12,11,8,11,11,9,7,0,0,5,4,0,0,0
0,0,0,0,0,0,0,0,0,0,0,14,22,8,6,8,10,12,11,6,7,0,0,7,7,6
0,0,0,0,0,0,0,0,0,0,10,23,23,14,12,0,13,14,12,8,8,9,9,7,7,6
5,11,11,11,28,35,50,56,62,66,73,85,95,89,88,91,82,75,72,81,73,62,58,57,50,37
9,7,11,13,32,53,53,63,65,67,65,85,109,102,98,90,85,83,80,81,69,61,60,54,51,45
10,11,12,13,8,14,38,58,52,52,65,84,105,107,96,86,81,80,89,85,71,57,56,53,51,38
5,9,8,7,6,11,9,9,50,56,59,74,94,95,90,90,90,85,81,78,60,53,52,50,37,15
4,0,5,5,0,0,9,52,29,54,55,65,75,92,101,92,75,75,73,67,58,52,42,54,43,14
0,0,0,0,0,0,12,52,47,44,23,54,70,81,90,82,79,76,74,72,62,52,50,47,34,14
0,0,0,0,0,0,19,56,22,21,56,74,88,100,94,87,82,75,73,68,65,52,41,12,12,12
0,0,0,0,0,0,15,33,15,17,54,70,80,96,94,91,85,75,80,79,77,55,47,38,27,10
0,7,0,0,12,11,22,54,38,28,57,72,95,108,110,106,100,93,97,88,98,67,55,52,51,14
7,0,0,7,8,11,37,56,54,53,55,74,95,112,110,103,97,89,91,84,78,65,55,51,50,25
0,0,0,7,8,9,21,50,50,51,52,67,88,102,92,79,80,78,75,68,62,56,50,38,30,13
0,0,0,0,0,6,13,51,52,52,54,67,78,83,75,75,76,71,72,70,69,63,58,52,45,31
0,0,0,0,0,9,14,51,51,25,50,61,68,81,75,73,73,70,73,66,59,57,51,13,14,11
0,0,0,0,0,0,0,14,21,10,22,51,55,64,61,60,64,62,61,56,39,27,13,8,8,0
0,0,0,0,8,0,17,46,53,33,27,57,67,75,79,78,80,83,78,68,61,58,54,46,35,25
6,0,0,0,0,0,6,37,54,38,45,63,73,94,83,83,85,85,79,89,64,62,64,52,50,28
0,0,0,6,9,9,12,21,54,56,57,64,74,95,94,90,77,77,77,73,64,59,60,53,50,25
6,8,0,7,0,13,16,42,53,60,57,67,84,92,89,90,82,79,74,75,67,60,59,54,48,26
0,0,0,7,11,13,23,50,56,65,60,74,84,86,91,89,84,82,81,76,63,59,60,54,51,43
10,0,6,11,11,13,34,50,60,72,75,90,94,114,106,93,89,85,82,79,67,64,64,63,55,51
0,0,0,9,10,14,33,51,59,66,70,80,84,93,89,81,85,87,90,75,68,70,69,66,60,53
0,0,8,11,12,19,50,52,55,71,66,81,87,94,88,85,79,84,78,66,62,63,65,60,57,51
7,0,10,18,19,25,37,38,44,56,58,76,95,94,87,88,72,72,63,56,53,58,61,57,57,51
8,0,8,9,14,20,26,35,44,56,57,76,88,92,89,76,74,65,62,60,57,58,61,63,60,50
7,0,6,8,10,11,14,12,20,53,59,78,79,84,78,69,65,63,60,58,55,56,61,60,57,53
6,0,0,9,8,6,8,10,26,51,67,76,80,83,75,68,63,62,60,58,55,54,61,61,62,58
0,0,0,7,0,7,8,11,14,32,57,70,78,79,75,68,66,59,56,54,54,56,55,56,55,52
0,0,0,0,0,7,9,10,8,12,56,68,73,76,70,63,60,57,55,52,51,50,51,52,54,51
0,0,0,0,0,0,6,6,8,13,55,64,71,73,66,60,57,54,53,50,47,45,50,51,53,51
0,0,0,0,0,0,0,0,8,14,54,67,74,71,63,60,57,53,52,50,41,50,40,40,52,56
0,0,0,0,0,0,0,0,0,10,51,64,69,65,59,56,55,50,45,50,36,29,33,36,19,25
0,0,0,0,0,0,0,0,0,16,57,78,67,58,55,51,50,14,13,27,20,16,17,15,15,13
0,0,0,0,0,0,0,11,11,14,56,78,63,56,52,50,47,27,13,26,26,14,15,15,15,16
0,0,0,0,0,0,0,10,30,8,51,60,61,57,47,27,14,6,6,9,10,7,9,7,7,8
0,0,0,0,0,0,0,0,11,9,17,52,54,52,40,37,33,11,0,0,6,9,7,6,6,0
0,0,0,0,0,0,0,0,7,8,14,50,51,42,13,13,12,8,5,7,0,7,6,0,0,6
0,0,0,0,0,0,0,0,0,8,10,14,23,15,10,8,9,10,8,0,0,0,0,0,0,0
0,0,0,0,0,0,0,0,0,0,9,11,12,11,8,11,10,8,7,0,0,5,4,0,0,0
0,0,0,0,0,0,0,0,0,0,0,14,22,8,7,8,10,12,11,6,7,0,0,7,7,6
0,0,0,0,0,0,0,0,0,5,10,25,25,15,13,0,12,14,12,8,7,8,9,7,7,6
5,11,11,11,29,32,50,55,61,66,74,85,94,89,88,91,82,75,73,81,73,62,59,57,50,35
9,7,11,12,28,53,52,62,64,67,65,85,109,101,98,91,85,83,80,81,69,60,60,54,51,45
10,11,12,12,9,13,36,57,52,52,65,84,104,107,96,85,82,80,88,84,71,57,56,53,51,40
5,9,8,7,6,11,9,8,50,55,59,74,93,95,89,90,90,85,81,78,60,53,52,50,37,16
0,0,0,0,0,0,9,52,29,54,55,65,74,92,101,92,76,75,72,67,58,52,42,54,40,14
0,0,0,0,0,0,13,52,47,41,25,54,70,81,90,82,79,76,74,72,62,52,43,45,34,15
0,0,0,0,0,0,19,56,20,17,56,74,88,100,94,86,82,76,74,69,65,53,44,12,12,12
0,0,0,0,0,0,15,27,14,17,54,70,79,96,94,91,85,75,80,79,76,55,47,36,30,9
0,8,0,0,12,11,22,54,41,32,57,72,94,108,110,105,101,93,98,89,98,66,55,53,51,14
8,0,0,8,9,10,40,56,53,53,56,73,95,112,110,103,97,89,92,85,78,65,55,51,50,27
0,0,6,7,9,9,21,50,50,51,52,68,88,102,92,79,81,78,76,68,61,56,51,33,27,13
0,0,0,0,0,6,13,52,52,52,54,67,77,83,75,76,76,71,71,71,68,63,58,52,45,31
0,0,0,0,0,8,14,51,51,25,50,61,68,81,75,72,73,70,73,66,59,57,51,13,14,12
0,0,0,0,0,0,0,14,22,10,23,51,55,65,61,60,64,62,62,56,39,27,13,9,8,0
5,0,0,0,9,0,19,47,54,33,28,57,66,75,79,78,80,82,78,68,62,58,54,45,34,25
7,0,0,0,0,0,6,35,54,40,47,63,73,93,83,84,85,84,79,89,64,61,64,52,50,28
0,0,0,6,9,9,12,25,55,55,57,63,74,95,94,90,77,77,78,73,64,59,60,52,50,23
6,8,0,7,0,13,16,42,53,60,57,66,84,91,89,89,82,79,74,75,66,59,59,54,48,25
0,0,0,7,12,13,25,45,56,65,60,74,85,86,91,88,83,82,81,75,63,59,60,54,51,43
10,0,6,11,11,13,36,50,61,71,75,90,94,113,105,93,89,84,82,79,66,64,65,63,55,51
0,0,0,8,10,14,29,51,59,66,70,79,84,93,89,81,84,86,90,75,68,69,69,66,60,53
0,0,8,11,12,19,50,52,55,71,66,80,87,93,88,85,80,84,78,66,61,63,65,60,57,51
8,0,11,18,19,26,37,39,45,55,59,75,95,94,87,87,72,72,63,56,52,57,61,57,57,51
8,0,9,9,14,22,26,35,45,55,57,75,88,92,88,76,74,65,62,60,57,58,62,63,60,50
8,0,6,8,10,11,14,12,21,53,59,78,79,84,78,69,65,63,61,58,55,55,61,60,56,53
6,0,0,9,8,6,8,10,25,51,67,76,80,83,75,68,63,62,61,58,56,54,62,61,62,58
0,0,0,7,0,8,9,11,14,30,57,69,78,79,75,68,65,59,56,54,54,56,55,55,55,52
0,0,0,0,0,7,9,9,8,12,56,68,73,76,70,64,60,57,55,52,51,50,52,52,54,52
0,0,0,0,0,0,6,6,8,13,55,64,70,73,66,60,57,54,53,50,47,43,50,51,53,51
0,0,0,0,0,0,0,0,8,14,54,67,73,71,63,60,57,53,52,51,37,50,43,40,52,56
0,0,0,0,0,0,0,0,0,10,51,64,69,65,59,56,55,50,47,50,31,27,37,34,19,21
0,0,0,0,0,0,0,0,0,15,57,78,67,59,55,51,50,14,13,27,19,15,17,15,14,13
0,0,0,0,0,0,0,10,11,13,56,78,63,56,52,50,47,26,13,25,25,13,14,15,15,16
0,0,0,0,0,0,0,9,30,8,51,60,61,57,45,27,14,6,6,9,9,7,9,7,7,9
0,0,0,0,0,0,0,0,11,9,17,52,53,52,37,37,30,11,0,0,6,8,7,6,0,0
0,0,0,0,0,0,0,0,7,8,14,44,51,40,13,13,11,8,5,7,0,6,7,0,0,6
0,0,0,0,0,0,0,0,0,8,10,14,25,17,10,9,9,10,9,0,0,0,0,0,0,0
0,0,0,0,0,0,0,0,0,0,9,11,12,11,8,11,11,8,7,0,0,5,0,0,0,0
0,0,0,0,0,0,0,0,0,0,0,14,21,9,7,8,10,12,11,6,7,0,0,7,7,6
0,0,0,0,0,0,0,0,0,0,10,23,25,14,13,0,13,14,12,8,7,8,9,7,7,6
6,11,11,13,53,53,61,67,67,72,77,86,95,95,87,90,81,74,73,79,71,61,58,56,50,31
10,9,13,23,55,84,86,75,71,71,67,83,103,97,95,89,83,82,80,79,67,59,59,53,50,37
11,14,14,17,50,64,69,64,54,54,64,81,99,102,93,83,80,80,87,82,68,56,54,53,51,36
6,11,10,11,12,28,17,8,50,54,58,71,90,92,86,87,88,84,81,76,60,53,52,50,37,15
5,0,7,6,0,0,11,50,15,52,54,63,72,89,97,88,75,75,72,66,57,51,37,54,40,13
0,0,0,0,0,8,16,51,14,30,14,50,68,78,86,81,78,76,74,71,60,52,37,45,34,14
0,0,0,0,0,0,35,53,11,13,53,69,85,95,90,84,81,76,74,69,65,54,41,12,11,11
0,0,0,0,0,7,21,21,11,13,51,66,78,93,91,91,86,78,84,81,77,56,50,38,30,8
0,0,0,0,12,14,31,53,19,15,51,66,92,106,109,107,103,99,103,92,98,66,56,54,52,13
0,0,0,6,9,12,50,55,50,44,51,66,98,111,110,107,104,96,100,91,81,66,56,51,50,30
0,0,0,0,10,10,20,44,27,37,20,61,87,101,93,85,88,84,84,75,64,58,52,30,35,13
0,0,0,0,0,8,14,50,50,50,38,62,77,83,76,81,82,75,76,75,71,65,59,52,47,27
0,0,0,0,0,9,19,50,30,17,37,58,69,81,77,77,79,74,79,71,62,60,53,14,14,11
0,0,0,0,0,0,0,14,18,9,25,51,58,67,66,67,72,68,71,64,54,50,16,9,9,0
6,0,0,0,10,9,30,43,50,30,32,57,70,80,85,86,89,91,87,73,68,64,55,47,36,23
6,0,0,0,0,0,8,25,52,47,50,63,74,98,89,92,94,94,87,98,71,68,67,52,51,30
0,0,6,8,10,12,15,35,54,56,58,64,76,101,102,97,85,84,85,80,71,66,63,53,51,23
6,9,0,0,7,16,37,50,53,60,58,66,87,97,94,97,90,87,84,83,73,66,61,54,51,23
0,0,0,8,15,25,50,51,57,65,61,73,87,92,96,96,91,92,91,83,70,63,63,55,52,43
11,0,7,13,14,27,51,51,61,71,75,90,95,118,111,98,96,92,89,83,70,66,66,63,56,51
0,7,0,10,12,36,50,53,59,66,70,79,85,95,91,84,89,92,94,79,71,71,70,67,60,52
0,6,9,12,14,40,52,53,54,69,65,79,87,94,90,88,83,87,83,70,64,65,65,60,57,51
8,0,13,21,23,35,47,41,46,55,57,73,95,95,89,90,75,75,68,59,54,58,62,56,57,51
9,0,10,10,23,34,35,38,41,54,56,74,88,92,89,77,76,66,65,62,58,59,62,62,60,48
8,0,8,9,11,13,23,13,21,52,58,76,79,85,78,70,66,65,62,58,55,56,61,59,56,53
7,6,0,9,11,9,10,10,21,51,64,73,79,83,74,68,64,63,63,58,56,54,61,61,62,58
0,0,0,8,6,9,11,11,13,26,55,67,76,78,75,68,65,59,57,54,53,56,54,55,55,51
0,0,0,0,0,8,10,10,7,12,53,65,72,74,69,63,60,57,56,52,50,50,51,51,54,51
0,0,0,0,0,0,8,7,8,13,53,62,69,71,66,60,58,55,53,50,45,43,50,50,53,51
0,0,0,0,0,0,0,0,8,13,52,64,71,68,62,60,57,53,53,51,35,50,36,27,52,56
0,0,0,0,0,0,0,0,0,9,50,61,66,63,58,56,55,51,50,50,25,22,29,27,15,16
0,0,0,0,0,0,0,0,0,11,53,72,64,57,54,51,50,21,18,28,18,14,15,13,14,12
0,0,0,0,0,0,0,10,10,10,53,72,61,55,51,50,50,33,23,28,21,13,14,13,14,14
0,0,0,0,0,0,0,10,25,7,40,58,58,56,43,30,22,9,10,10,9,9,8,6,7,8
0,0,0,0,0,0,0,0,10,8,13,50,52,51,27,35,36,12,7,0,6,8,7,0,0,0
0,0,0,0,0,0,0,0,0,7,12,20,47,35,13,13,12,9,6,8,0,6,7,0,0,5
0,0,0,0,0,0,0,0,0,6,8,10,17,13,9,10,10,11,10,0,0,0,0,0,0,0
0,0,0,0,0,0,4,0,0,0,8,10,11,10,7,11,12,9,8,0,0,5,0,0,0,0
0,0,0,0,0,0,0,0,0,0,0,12,15,8,0,8,11,13,12,6,7,0,0,7,6,5
0,0,0,0,0,0,0,0,0,0,9,14,19,14,12,0,13,14,13,8,7,8,9,6,7,5
10,14,14,52,73,95,87,79,60,60,65,72,80,84,90,89,76,74,72,76,74,97,161,91,57,51
14,16,45,59,99,148,129,78,65,63,62,75,90,97,101,91,79,78,78,77,75,127,258,85,58,55
26,41,46,53,126,359,136,81,57,50,60,80,96,110,96,81,76,78,84,85,76,85,90,68,58,55
12,21,28,53,69,116,122,58,50,50,55,68,84,85,82,78,78,80,74,67,59,60,66,56,52,23
8,10,10,12,11,21,75,65,13,9,34,58,67,77,86,65,59,61,61,55,53,54,56,56,29,10
0,0,0,0,9,36,46,51,0,6,0,10,55,59,62,60,60,62,59,55,41,50,51,15,14,7
0,0,0,7,9,23,42,13,7,0,11,58,68,74,72,67,62,62,61,58,53,53,52,22,13,8
0,0,0,0,10,47,31,9,10,9,11,57,68,77,76,70,65,66,65,61,60,54,53,23,13,0
0,0,0,0,12,44,17,12,9,12,7,51,74,84,81,75,67,69,66,63,68,55,54,23,11,7
0,0,0,0,9,20,14,13,0,10,11,14,73,87,80,70,66,64,67,60,57,54,52,15,11,9
0,0,0,0,8,7,10,11,0,7,7,25,67,76,67,64,61,63,62,56,50,50,50,11,10,6
0,0,0,0,0,12,8,10,0,8,0,27,62,70,64,63,63,58,59,53,51,52,50,10,9,0
0,0,0,0,0,12,12,9,0,8,12,52,67,68,64,64,63,62,62,55,52,53,51,13,12,0
0,0,0,0,0,0,0,6,0,0,0,34,57,57,56,57,59,57,56,50,30,23,23,8,0,0
5,0,0,0,0,12,10,7,0,0,11,54,66,72,74,75,77,78,72,66,59,61,58,51,30,13
0,0,0,0,12,10,6,9,0,14,13,61,74,90,85,88,90,86,96,83,72,79,68,54,50,14
0,0,0,9,13,27,14,14,30,51,53,63,82,96,98,91,80,81,82,77,71,79,66,56,51,20
5,9,0,0,7,41,41,28,19,54,53,63,94,97,91,96,86,86,87,85,78,79,69,58,51,33
0,0,0,8,43,52,45,51,54,60,59,72,95,98,101,100,98,102,102,88,79,76,75,59,56,50
11,0,8,19,40,52,50,51,58,65,73,90,102,119,111,103,109,103,98,85,75,76,77,67,58,53
0,10,8,13,30,53,53,51,59,61,64,78,90,98,98,88,100,111,105,85,79,81,80,70,62,54
0,6,8,14,35,54,55,36,53,62,61,77,96,101,95,91,89,97,92,80,74,74,76,66,59,52
9,0,15,24,32,51,52,39,35,54,51,75,106,106,96,93,79,89,82,67,66,71,76,65,61,51
9,0,10,11,34,51,48,31,27,46,54,78,97,104,98,82,80,70,66,62,67,71,73,70,61,48
9,0,9,10,11,43,45,22,14,47,56,77,91,96,88,74,70,64,61,60,64,67,73,66,59,53
7,6,0,10,13,14,13,8,10,40,56,77,91,97,86,74,65,63,61,59,60,65,73,69,64,57
0,6,0,8,11,20,13,10,9,9,39,71,87,90,85,73,62,56,55,54,57,64,65,61,57,50
0,5,0,6,0,9,7,7,7,9,50,67,81,86,80,69,60,55,53,52,53,59,62,58,55,50
0,0,0,6,0,9,10,8,7,10,19,62,77,82,83,68,59,56,52,50,54,58,62,60,56,43
0,0,0,0,7,13,8,0,8,9,25,61,73,80,84,71,58,56,52,50,53,58,61,56,53,52
0,0,0,0,7,8,0,6,6,7,13,53,66,77,78,66,57,52,50,37,51,54,57,53,47,20
0,0,0,0,6,5,8,0,7,9,13,53,68,76,72,62,52,38,37,25,26,42,54,41,41,16
8,0,0,0,0,9,9,17,12,14,29,58,88,105,80,61,54,50,40,38,32,52,64,53,50,22
5,4,0,0,0,0,12,12,37,10,14,54,71,78,63,56,51,15,14,10,10,19,53,30,14,9
0,5,0,0,0,9,7,8,10,8,10,21,57,60,56,51,25,14,7,7,9,13,30,12,9,0
0,0,0,0,0,8,7,0,0,0,9,13,53,53,47,13,10,8,9,6,0,9,11,8,0,0
0,0,0,0,4,5,0,0,0,0,0,7,21,35,27,6,8,6,6,0,0,0,10,0,0,0
0,6,0,0,0,0,5,0,0,0,0,7,13,20,12,10,11,10,5,5,6,8,9,7,5,0
0,0,3,0,0,0,0,0,0,0,0,8,13,23,22,13,10,6,9,6,6,9,13,10,9,5
0,0,0,0,0,0,0,0,0,0,0,9,22,38,30,16,10,8,12,5,6,11,12,9,8,5
