8,7,12,21,31,47,55,61,74,88,92,99,110,101,118,133,116,107,87,63,60,60,66,56,16,14
15,5,11,15,20,55,58,68,92,96,88,97,123,108,119,132,115,107,84,63,58,60,70,54,27,14
12,11,10,22,12,55,55,69,74,83,102,106,117,106,97,108,106,101,84,63,58,58,57,50,21,10
6,7,7,11,15,45,41,54,82,101,98,99,107,88,84,89,99,101,82,62,56,57,55,35,10,13
4,10,0,11,0,0,27,61,78,91,92,89,80,80,78,80,90,95,79,61,57,56,53,45,12,6
5,0,0,0,0,10,53,62,74,82,82,73,73,70,70,68,71,84,81,71,60,55,52,13,0,0
7,0,0,9,0,15,57,74,81,87,94,86,82,71,68,71,67,83,98,81,65,55,52,22,12,7
0,0,0,0,7,13,54,69,88,99,97,89,77,75,72,71,66,70,95,80,58,57,54,50,13,0
8,0,0,7,9,14,55,79,100,107,103,75,74,75,75,75,61,63,65,67,64,61,56,52,17,0
0,8,8,11,13,32,63,101,117,117,121,102,102,87,83,87,78,76,85,78,70,71,75,59,50,13
0,0,12,15,14,51,67,96,113,133,142,134,118,104,104,98,93,91,79,67,64,73,74,57,51,14
10,7,11,23,37,50,62,83,102,121,146,145,123,111,100,97,85,80,78,69,70,78,72,64,60,54
8,12,0,0,13,50,60,75,95,114,135,149,129,124,107,103,88,79,77,70,75,82,72,63,54,14
7,9,7,0,0,15,52,71,93,126,140,135,135,117,102,96,87,77,67,60,72,76,71,60,38,8
26,12,18,30,30,54,62,81,92,113,131,142,132,126,118,106,88,93,85,74,80,86,78,64,50,23
12,21,25,36,17,35,57,68,90,104,133,142,127,117,113,99,81,76,78,77,79,79,72,60,51,13
11,13,9,13,12,23,54,68,72,95,102,122,99,89,84,97,72,72,80,76,74,72,66,55,38,13
9,9,7,11,7,16,51,55,74,75,91,93,92,82,77,82,79,68,68,80,73,77,65,55,31,10
0,7,6,0,10,12,32,54,66,78,80,84,88,77,75,77,78,76,66,71,76,63,57,42,25,9
9,7,0,11,10,9,25,56,62,78,74,84,86,77,74,70,76,76,68,64,74,65,55,41,20,11
7,0,0,7,8,13,25,52,66,63,66,71,71,69,71,69,69,70,67,62,78,68,57,44,11,0
0,5,5,5,6,12,50,43,54,59,62,70,76,67,66,68,62,63,57,58,68,63,53,20,11,6
5,0,0,0,10,13,29,35,50,53,55,67,70,59,61,67,55,55,56,52,50,60,44,37,27,11
0,0,7,10,7,11,16,31,54,57,60,62,65,63,64,62,61,57,56,54,55,59,52,36,54,16
6,0,5,6,5,6,10,15,51,54,57,57,57,56,57,57,47,56,53,53,55,55,39,14,12,9
0,0,0,6,0,0,9,21,52,54,56,56,55,54,57,56,53,33,56,31,54,58,53,12,7,0
0,0,0,6,0,0,7,18,50,51,50,50,51,50,53,55,50,50,53,12,15,14,46,8,0,0
0,0,0,0,0,5,5,12,14,27,13,23,25,31,41,54,37,47,14,15,10,10,12,0,0,0
0,0,0,0,0,0,0,9,18,15,25,23,19,25,50,51,45,31,13,12,0,8,10,0,0,0
0,0,0,0,0,0,0,0,14,27,27,27,10,25,50,51,45,32,17,8,0,0,0,0,0,0
0,0,0,0,0,0,0,8,15,18,17,11,10,17,40,51,50,37,14,7,0,0,8,7,0,0
0,0,0,0,0,0,0,8,13,14,14,9,11,30,35,43,31,30,13,0,0,0,7,6,0,0
0,0,0,0,0,0,0,10,16,20,7,10,20,27,31,42,32,33,23,9,0,0,10,0,0,0
0,4,0,0,0,0,6,9,14,12,6,21,15,22,27,40,40,45,12,9,0,7,9,7,0,0
0,0,0,0,0,0,0,8,12,0,7,12,12,14,13,25,15,14,10,0,0,9,7,0,0,0
0,0,0,0,0,0,0,6,0,0,9,13,12,10,13,13,0,7,10,0,0,0,0,0,0,0
0,0,0,0,0,0,0,0,0,0,12,12,8,8,9,8,7,6,0,0,0,0,0,0,0,0
0,5,0,0,0,0,0,0,0,0,7,6,5,9,10,7,0,6,8,7,0,0,0,0,0,0
0,0,0,0,0,0,0,0,0,0,0,6,0,10,0,10,8,8,11,7,0,0,0,0,0,0
0,0,0,0,0,0,0,0,0,0,7,10,5,0,7,12,7,9,11,0,0,0,6,0,0,0
8,7,12,21,32,46,55,61,75,88,92,99,110,101,117,132,116,107,87,63,60,60,66,55,16,14
15,5,11,14,19,55,58,68,92,96,87,97,123,108,119,131,115,107,84,63,58,60,71,55,29,14
12,11,11,22,12,55,55,69,74,83,102,105,117,106,97,107,106,100,84,63,59,58,57,50,17,11
6,7,7,11,15,45,41,54,82,100,98,98,107,88,84,87,100,100,81,62,56,57,55,39,10,13
4,10,0,10,0,0,25,61,78,90,91,89,79,79,77,79,90,95,78,61,56,56,53,47,12,6
5,0,0,0,0,10,53,63,73,82,81,72,72,70,70,68,71,84,81,71,60,55,51,12,0,0
7,0,0,9,0,15,57,74,81,87,92,85,82,71,69,70,68,82,97,82,65,56,52,27,12,7
0,0,0,0,8,13,53,69,87,99,96,89,77,74,71,70,65,70,95,80,58,58,53,50,13,0
8,0,0,7,9,14,55,79,99,108,103,74,74,75,75,74,61,62,64,66,64,60,56,52,17,0
0,8,8,11,13,32,63,101,117,117,121,101,102,86,83,86,78,77,84,79,71,72,75,59,50,13
0,0,12,14,14,51,66,97,113,133,142,134,119,104,103,98,93,91,79,67,64,74,74,56,51,14
10,8,11,27,31,50,61,84,102,120,146,144,124,112,100,97,85,80,78,69,70,78,72,64,59,53
8,12,0,0,12,50,60,75,96,113,134,149,129,124,107,102,88,79,77,70,75,82,73,63,54,15
7,8,7,0,0,15,52,71,93,126,140,135,135,118,103,96,87,77,67,61,72,76,71,59,41,8
25,12,18,30,30,54,62,81,93,112,131,141,132,127,118,106,88,92,85,73,80,86,78,64,51,25
12,18,26,36,17,35,56,69,90,103,132,141,128,117,113,97,81,76,77,76,79,79,73,60,51,13
10,12,9,14,12,23,54,67,72,94,101,121,98,88,84,96,71,71,80,75,73,72,66,55,40,13
8,9,7,10,7,14,50,55,74,74,91,91,92,81,76,81,78,67,67,80,72,77,65,54,31,10
0,7,7,0,10,12,27,54,66,77,78,83,87,76,75,76,78,75,66,70,76,63,57,39,25,9
9,7,0,11,10,9,25,56,63,78,73,83,85,76,73,69,75,76,67,64,73,65,55,35,17,11
6,0,0,7,8,12,23,52,66,63,66,71,71,68,70,68,68,69,67,61,77,67,57,41,10,0
0,5,5,5,6,12,50,40,54,59,61,69,75,67,66,67,61,62,56,58,67,63,53,20,11,6
5,0,0,0,10,12,29,35,51,53,55,67,69,59,60,66,55,55,56,51,49,60,45,37,27,11
0,0,7,10,8,11,15,29,54,57,60,61,65,63,64,61,61,57,55,54,55,60,52,36,53,16
6,0,5,6,5,6,10,15,51,53,57,57,57,55,57,57,40,55,53,53,55,55,39,14,12,9
0,0,0,6,0,0,9,21,52,54,56,56,55,54,56,55,52,29,55,31,53,58,53,12,8,0
0,0,0,6,0,0,7,18,50,50,50,48,51,50,52,54,45,45,52,11,14,17,48,8,0,0
0,0,0,0,0,5,5,12,14,29,13,19,23,31,39,53,35,45,14,15,10,10,12,0,0,0
0,0,0,0,0,0,0,9,20,14,21,23,21,25,50,51,47,27,12,12,0,8,10,0,0,0
0,0,0,0,0,0,0,0,14,27,25,23,10,22,50,51,40,27,14,8,0,0,0,0,0,0
0,0,0,0,0,0,0,8,15,16,14,10,10,19,40,50,44,32,15,7,0,0,8,7,0,0
0,0,0,0,0,0,0,7,13,14,13,9,11,28,33,36,30,28,13,0,0,0,7,6,0,0
0,0,0,0,0,0,0,10,15,20,0,9,19,28,31,39,32,28,18,9,0,0,10,0,0,0
0,4,0,0,0,0,6,9,14,12,5,19,15,17,20,35,35,42,11,9,0,7,9,7,0,0
0,0,0,0,0,0,0,8,12,0,0,11,12,14,12,17,14,14,9,0,0,9,7,0,0,0
0,0,0,0,0,0,0,6,0,0,8,12,12,9,13,12,0,7,9,0,0,0,0,0,0,0
0,0,0,0,0,0,0,0,0,0,11,12,8,8,9,8,7,6,0,0,0,0,0,0,0,0
0,5,0,0,0,0,0,0,0,0,7,6,5,9,10,6,0,6,7,7,0,0,0,0,0,0
0,0,0,0,0,0,0,0,0,0,0,6,0,10,0,9,8,8,11,7,0,0,0,0,0,0
0,0,0,0,0,0,0,0,0,0,6,10,5,0,7,12,7,9,11,0,0,0,6,0,0,0
8,6,12,19,31,44,55,61,75,88,91,98,109,101,117,132,115,107,86,64,60,60,66,55,14,14
15,5,11,14,16,56,58,68,92,97,87,96,121,108,119,131,114,107,84,62,59,60,71,55,31,15
11,11,11,21,12,55,55,69,75,84,101,104,116,105,96,106,106,100,84,63,58,57,57,50,19,10
6,7,8,11,15,43,41,54,82,99,97,97,107,87,83,87,100,99,81,62,56,56,55,35,11,13
4,9,0,10,0,0,30,62,78,90,91,89,79,80,78,78,89,95,78,61,57,56,54,45,12,6
5,0,0,0,0,10,53,63,73,82,81,72,72,70,69,68,71,83,81,71,60,55,52,13,0,0
7,0,0,9,0,14,57,75,82,86,92,85,81,70,68,71,68,82,97,81,66,56,52,32,13,7
0,0,0,0,8,13,53,69,87,99,96,89,77,73,72,69,66,69,94,79,58,56,54,50,14,0
8,0,0,0,9,14,56,79,100,108,103,74,74,75,74,73,60,62,64,66,65,60,56,52,19,0
0,8,8,11,13,32,64,101,118,118,121,101,102,86,82,86,77,77,84,79,71,71,75,58,50,13
0,0,12,14,14,51,67,97,113,133,142,133,119,104,103,98,93,91,79,68,64,73,75,57,52,14
10,7,10,27,31,50,62,84,102,120,146,144,123,112,100,98,85,81,78,69,70,77,72,64,60,54
7,12,0,0,13,50,61,75,97,112,134,148,128,124,107,102,87,79,77,70,75,82,73,63,54,15
7,8,7,0,0,16,52,72,94,125,140,135,135,118,103,97,87,76,67,61,72,76,71,60,43,8
26,12,18,28,28,53,62,80,92,113,132,141,132,127,118,106,88,92,86,73,80,86,78,63,51,25
12,18,25,36,17,37,57,68,90,104,132,141,127,118,113,97,81,76,78,76,79,78,73,60,51,14
10,12,9,13,12,27,54,66,72,93,100,121,98,88,84,95,71,71,80,75,73,71,66,55,43,13
8,9,7,10,7,14,50,55,73,73,90,91,90,80,76,81,78,67,67,79,72,77,65,54,30,10
0,6,6,0,9,12,30,53,65,76,78,82,86,76,74,76,77,75,66,69,75,63,57,39,22,9
9,7,0,10,10,9,29,56,62,77,73,82,84,76,73,69,74,75,67,63,73,65,55,33,16,11
6,0,0,7,7,12,25,51,65,63,66,70,70,68,70,68,68,68,67,61,77,67,57,42,10,0
0,5,0,0,6,12,50,43,54,59,61,68,75,66,66,67,61,62,56,58,68,63,53,17,11,0
0,0,0,0,10,13,30,35,50,53,55,66,69,59,60,65,54,55,55,51,48,59,44,37,27,11
0,0,7,10,8,10,15,30,54,58,59,61,64,63,63,61,61,57,55,54,55,59,51,36,53,15
6,0,5,6,5,6,9,14,51,53,56,56,57,55,56,56,34,54,53,52,54,55,39,13,12,9
0,0,0,6,0,0,9,21,52,54,55,55,54,54,56,55,51,29,54,29,53,58,53,12,8,0
0,0,0,6,0,0,6,15,50,50,48,46,51,50,52,53,43,41,52,11,17,15,46,8,0,0
0,0,0,0,0,5,5,12,14,27,13,21,23,31,37,53,31,41,13,14,9,10,11,0,0,0
0,0,0,0,0,0,0,9,18,13,21,21,21,27,47,50,42,25,11,11,0,7,10,0,0,0
0,0,0,0,0,0,0,0,14,25,23,21,10,25,45,51,36,25,15,7,0,0,0,0,0,0
0,0,0,0,0,0,0,8,16,18,14,10,9,17,38,50,36,30,14,7,0,0,8,7,0,0
0,0,0,0,0,0,0,7,13,13,13,8,11,28,30,35,30,27,13,0,0,0,7,0,0,0
0,0,0,0,0,0,0,10,16,18,0,9,17,27,29,37,30,27,15,9,0,0,10,0,0,0
0,0,0,0,0,0,6,9,14,11,5,17,17,17,20,30,30,37,10,8,0,7,9,6,0,0
0,0,0,0,0,0,0,8,12,0,0,10,12,14,12,15,14,13,8,0,0,8,6,0,0,0
0,0,0,0,0,0,0,5,0,0,8,11,12,9,12,12,0,6,9,0,0,0,0,0,0,0
0,0,0,0,0,0,0,0,0,0,11,11,9,7,8,8,6,6,0,0,0,0,0,0,0,0
0,5,0,0,0,0,0,0,0,0,6,6,5,9,10,6,0,6,7,6,0,0,0,0,0,0
0,0,0,0,0,0,0,0,0,0,0,6,0,10,0,8,7,7,10,7,0,0,0,0,0,0
0,0,0,0,0,0,0,0,0,0,6,9,5,0,7,11,7,9,11,0,0,0,6,0,0,0
8,6,12,19,32,44,55,61,75,88,91,98,108,101,117,132,115,107,86,64,59,60,66,55,14,14
14,5,11,15,16,56,58,68,92,97,87,96,122,107,118,131,113,106,84,63,59,60,71,54,34,15
11,11,11,21,12,55,56,69,75,83,100,103,115,104,96,106,105,99,84,63,58,57,56,50,23,10
6,6,8,11,15,43,43,54,83,99,97,96,106,87,84,88,99,99,82,62,56,56,55,39,11,13
0,9,0,10,0,0,32,62,77,90,91,89,79,80,77,78,89,94,78,60,57,56,54,45,12,6
5,0,0,0,0,10,53,63,73,82,82,72,72,70,68,67,71,83,81,71,60,55,52,13,0,0
6,0,0,9,0,15,57,75,81,86,93,84,81,70,68,71,67,82,97,82,66,56,52,32,13,7
0,0,0,0,8,14,54,69,87,98,95,89,77,73,71,68,65,69,95,78,58,56,54,50,13,0
8,0,0,7,9,14,56,79,99,107,103,74,74,75,73,73,60,63,65,66,65,60,56,53,17,0
0,8,8,11,13,28,64,101,118,118,122,102,102,86,82,86,77,77,84,79,71,71,75,58,51,13
0,0,12,14,14,51,67,97,113,133,141,134,120,104,103,99,93,90,80,69,65,73,74,57,52,14
10,7,11,25,34,50,63,84,103,120,146,144,124,111,100,98,84,81,78,69,70,78,72,64,61,54
7,12,0,7,13,47,61,75,96,112,134,149,129,123,107,102,87,79,78,70,75,82,74,63,53,14
7,8,7,0,0,14,52,71,94,126,140,135,135,118,104,97,86,76,67,61,72,77,72,60,50,8
26,11,20,32,28,53,63,80,92,113,131,141,131,126,118,106,87,92,86,73,79,86,79,64,51,25
12,15,26,36,17,35,57,68,89,104,131,141,126,117,113,97,80,75,78,77,79,79,73,60,51,13
10,12,9,13,12,23,54,66,72,93,101,120,98,88,83,95,70,70,80,75,73,71,65,56,47,13
8,8,7,10,8,14,50,55,73,73,89,90,89,79,75,80,77,67,67,79,72,77,65,54,28,10
0,6,6,0,9,11,30,53,65,76,77,81,85,75,74,76,77,74,66,69,75,63,57,37,23,9
9,7,0,10,10,9,29,55,62,77,73,81,84,75,73,69,73,75,67,62,73,65,55,33,16,11
6,0,0,6,7,12,23,52,65,62,66,69,70,67,69,67,67,68,67,61,76,67,57,41,10,0
0,5,0,0,6,13,50,47,54,59,61,68,74,66,66,67,60,61,56,58,68,63,53,19,11,0
0,0,0,0,10,12,31,33,50,53,55,66,68,58,59,65,54,55,56,51,48,60,44,36,26,11
0,0,7,10,8,11,14,32,54,57,59,61,64,62,63,61,60,57,55,54,55,60,51,38,54,15
6,0,5,7,0,6,9,14,51,53,56,56,57,55,55,56,31,53,52,53,55,55,39,14,12,9
0,0,0,6,0,0,9,17,52,54,55,55,54,54,55,54,51,29,54,25,53,58,54,12,8,0
0,0,0,6,0,0,7,14,48,50,46,44,50,48,51,53,41,37,51,11,15,17,50,8,0,0
0,0,0,0,0,5,5,12,14,27,13,21,23,29,35,54,27,39,13,14,9,10,11,0,0,0
0,0,0,0,0,0,0,10,15,13,21,21,19,25,45,50,40,23,12,12,0,7,10,0,0,0
0,0,0,0,0,0,0,6,14,23,23,19,10,22,41,51,38,23,17,0,0,0,0,0,0,0
0,0,0,0,0,0,0,9,15,15,14,9,9,14,34,50,30,30,15,7,0,0,8,7,0,0
0,0,0,0,0,0,0,7,12,13,13,8,11,26,25,36,26,27,13,0,0,0,7,6,0,0
0,0,0,0,0,0,0,9,16,16,0,9,17,27,28,38,29,26,16,8,0,0,10,0,0,0
0,0,0,0,0,0,6,9,14,11,5,17,17,15,17,27,25,30,11,8,0,7,9,6,0,0
0,0,0,0,0,0,0,8,12,0,0,10,11,13,12,15,14,13,8,0,0,8,6,0,0,0
0,0,0,0,0,0,0,0,0,0,8,11,12,8,13,12,0,6,9,0,0,0,0,0,0,0
0,0,0,0,0,0,0,0,0,0,11,11,9,7,8,8,6,6,0,0,0,0,0,0,0,0
0,5,0,0,0,0,0,0,0,0,6,6,5,8,9,6,0,5,6,6,0,0,0,0,0,0
0,0,0,0,0,0,0,0,0,0,0,6,0,9,0,8,7,7,11,7,0,0,0,0,0,0
0,0,0,0,0,0,0,0,0,0,5,10,5,0,7,11,7,9,11,0,0,0,6,0,0,0
9,6,12,19,31,42,55,62,75,88,92,99,108,101,116,131,114,107,86,64,59,60,65,55,15,14
14,5,11,15,16,56,59,69,92,97,87,97,122,107,118,130,113,106,84,62,59,59,70,54,36,19
11,11,11,21,12,55,56,70,75,83,100,104,116,104,96,105,105,100,83,62,58,57,56,50,27,10
6,7,8,11,15,43,43,54,83,100,97,97,105,86,84,87,99,99,82,62,56,56,55,41,12,13
0,9,6,10,0,0,35,62,78,91,91,89,79,80,76,78,89,94,78,59,56,56,54,42,13,7
4,0,0,0,0,10,54,63,73,82,81,72,71,70,68,67,70,83,81,71,60,55,52,13,0,0
7,0,0,9,0,14,57,75,81,86,93,84,81,70,69,70,66,82,97,81,65,57,52,32,13,7
0,0,0,0,8,14,54,69,88,98,95,89,77,73,72,67,65,69,94,78,59,57,54,50,13,0
8,0,0,7,9,14,56,80,100,107,103,74,74,75,74,72,60,63,64,66,66,61,56,52,19,0
0,8,8,11,13,28,64,101,118,118,123,102,102,87,82,85,77,77,84,79,71,71,75,58,51,13
0,0,12,14,13,50,68,98,114,133,141,134,120,104,103,99,93,90,79,69,65,74,74,57,52,14
10,7,11,23,37,50,63,84,103,120,145,145,124,111,100,97,84,81,78,69,70,78,72,64,61,53
7,12,0,7,13,44,61,75,96,113,134,150,130,123,107,103,87,79,78,69,74,83,73,63,53,14
6,8,7,0,0,16,52,71,94,127,141,136,136,118,103,96,87,76,67,61,72,77,71,60,50,9
26,11,20,32,31,54,63,81,93,113,131,140,131,126,118,105,88,91,85,73,79,87,79,64,52,25
12,15,28,34,17,37,57,68,89,104,131,142,126,117,113,97,80,76,77,77,79,79,73,60,51,13
10,11,8,13,12,21,54,67,71,93,101,120,98,88,83,94,70,70,79,74,72,70,66,56,50,13
8,8,0,10,7,14,50,56,73,73,89,90,89,79,75,79,77,67,67,79,72,78,65,54,31,10
0,6,0,0,9,11,30,54,65,76,76,81,84,75,73,75,76,74,65,68,75,62,57,37,21,9
8,7,0,10,9,9,29,56,62,77,73,81,84,75,73,68,72,75,66,62,73,65,55,31,15,11
6,0,0,6,7,12,27,52,65,62,65,69,70,67,69,67,67,67,66,60,76,68,57,41,10,0
0,0,0,5,6,12,50,50,54,59,61,68,74,66,65,66,61,61,56,58,68,63,52,17,11,5
0,0,0,0,11,12,31,33,50,53,55,66,68,58,58,64,54,55,56,51,47,60,44,37,26,11
0,0,7,10,7,11,15,33,54,57,59,61,64,62,63,60,60,56,55,55,55,60,51,38,55,15
6,0,5,7,0,6,10,14,51,53,56,56,57,55,55,55,27,53,52,53,55,55,39,13,13,10
0,0,0,6,0,0,9,19,53,54,55,56,54,54,55,54,51,25,54,25,53,58,54,12,8,0
0,0,0,6,0,0,7,14,46,50,48,48,51,48,51,53,41,33,51,11,15,19,48,8,0,0
0,0,0,0,0,5,6,12,13,29,13,25,25,29,37,53,27,37,13,13,9,10,11,0,0,0
0,0,0,0,0,0,0,10,15,13,17,27,15,25,47,47,40,25,12,11,0,7,10,0,0,0
0,0,0,0,0,0,0,7,14,23,23,23,10,25,39,50,38,25,14,0,0,0,0,0,0,0
0,0,0,0,0,0,0,9,15,16,14,10,10,14,29,50,33,32,14,6,0,0,8,6,0,0
0,0,0,0,0,0,0,8,12,13,13,8,11,25,23,35,26,26,13,0,0,0,6,6,0,0
0,0,0,0,0,0,0,9,16,16,0,9,19,26,27,36,30,27,14,7,0,0,9,0,0,0
0,0,0,0,0,0,7,9,14,12,0,23,15,17,15,25,22,30,10,8,0,7,9,6,0,0
0,0,0,0,0,0,0,8,11,0,0,10,11,13,12,14,14,13,8,0,0,8,7,0,0,0
0,0,0,0,0,0,0,0,0,0,9,12,12,8,12,11,0,6,9,0,0,0,0,0,0,0
0,0,0,0,0,0,0,0,0,0,11,11,9,7,8,8,6,6,0,0,0,0,0,0,0,0
0,5,0,0,0,0,0,0,0,0,6,6,5,8,9,0,0,5,6,6,0,0,0,0,0,0
0,0,0,0,0,0,0,0,0,0,0,6,0,9,0,8,7,7,11,7,0,0,0,0,0,0
0,0,0,0,0,0,0,0,0,0,5,10,5,0,7,11,7,9,11,0,0,0,6,0,0,0
9,6,12,15,29,43,55,62,74,87,92,99,108,100,116,130,113,108,86,64,59,60,66,56,16,14
14,5,11,16,17,56,58,69,92,97,87,97,121,107,117,130,114,105,84,63,59,59,70,54,34,17
11,11,10,21,12,55,56,70,74,83,99,103,116,104,96,105,104,100,83,62,58,57,56,50,34,10
6,7,8,10,15,43,43,54,83,100,97,97,106,86,83,87,99,100,81,61,56,57,55,41,12,13
4,10,6,10,0,0,37,62,78,91,91,89,79,80,77,78,89,95,77,59,57,56,53,47,13,6
4,0,0,0,0,11,53,63,74,83,82,73,72,70,69,67,70,83,81,71,59,55,52,13,0,0
7,0,0,9,0,14,56,75,81,85,94,83,81,70,68,69,66,83,97,81,65,56,52,30,13,7
0,0,0,0,7,14,55,69,88,98,95,89,77,72,72,67,65,69,94,77,58,57,54,50,13,0
8,0,0,7,9,15,57,80,100,107,103,74,73,76,74,72,59,63,64,66,65,61,56,52,17,0
0,8,8,11,13,28,64,101,118,119,123,103,102,88,83,85,77,76,84,79,71,72,75,58,51,12
0,0,12,15,13,51,69,98,115,133,142,134,120,104,104,98,93,90,78,70,65,74,74,57,52,14
10,7,10,21,37,50,63,84,103,120,145,144,124,110,100,96,84,81,77,69,70,78,72,64,61,53
7,12,0,7,13,41,62,75,95,113,134,149,129,123,108,103,87,78,77,69,74,83,73,63,53,13
6,8,7,0,0,16,52,71,94,126,140,135,136,118,104,96,87,77,67,61,72,77,72,60,48,9
25,12,20,33,30,54,63,81,93,114,132,140,131,126,119,105,88,91,85,73,79,87,79,64,52,25
12,16,26,32,17,37,57,67,89,104,131,142,125,117,113,97,80,76,77,76,79,79,73,60,51,13
10,11,9,13,12,21,54,67,71,93,101,120,98,88,82,93,70,70,78,73,72,70,66,56,47,13
8,8,0,10,7,13,50,55,72,72,88,89,88,79,75,79,76,67,67,78,72,78,64,54,31,10
0,6,0,0,9,11,30,53,65,76,76,81,83,75,73,75,76,73,65,68,75,62,56,37,21,9
9,7,0,10,10,9,29,56,62,77,73,80,83,75,72,68,72,75,66,62,72,65,55,31,14,11
6,0,0,6,7,12,29,51,65,62,65,69,69,66,68,67,66,67,66,60,76,68,57,42,11,0
0,0,0,5,6,12,50,50,54,59,61,68,74,65,65,65,61,61,55,57,68,63,53,19,11,5
0,0,0,0,10,12,32,33,50,53,54,65,67,58,58,64,54,55,56,50,47,60,43,37,25,11
0,0,7,11,7,11,16,34,54,57,58,61,64,62,63,59,59,57,55,55,54,60,51,36,54,14
6,0,5,7,0,6,9,14,50,53,56,56,56,54,55,55,27,52,52,52,55,56,39,14,12,10
0,0,0,6,0,0,9,17,53,54,55,56,53,54,55,54,51,25,54,29,53,59,54,12,8,0
0,0,0,6,0,0,7,14,45,51,48,48,50,44,51,52,45,33,51,10,15,19,50,9,0,0
0,0,0,0,0,5,6,12,13,25,13,25,25,31,39,52,27,37,12,14,9,10,11,0,0,0
0,0,0,0,0,0,0,9,14,14,19,27,14,23,47,47,37,25,11,11,0,7,10,0,0,0
0,0,0,0,0,0,0,7,14,25,25,23,10,25,37,50,38,27,14,0,0,0,0,0,0,0
0,0,0,0,0,0,0,9,14,15,15,10,9,14,31,44,30,32,14,7,0,0,8,6,0,0
0,0,0,0,0,0,0,8,13,13,13,8,11,25,23,35,25,25,13,0,0,0,6,6,0,0
0,0,0,0,0,0,0,9,16,16,7,9,17,23,28,36,30,27,15,7,0,0,9,0,0,0
0,0,0,0,0,0,7,9,14,11,0,21,14,14,15,25,22,32,10,8,0,8,9,6,0,0
0,0,0,0,0,0,0,8,11,0,0,11,11,13,12,14,14,13,7,0,0,8,7,0,0,0
0,0,0,0,0,0,0,5,0,0,8,12,12,7,13,11,0,6,9,0,0,0,0,0,0,0
0,0,0,0,0,0,0,0,0,0,11,11,8,7,8,8,6,6,0,0,0,0,0,0,0,0
0,5,0,0,0,0,0,0,0,0,6,5,5,8,10,0,0,5,5,6,0,0,0,0,0,0
0,0,0,0,0,0,0,0,0,0,0,6,0,9,0,8,7,8,10,6,0,0,0,0,0,0
0,0,0,0,0,0,0,0,0,0,6,11,5,0,7,11,7,9,11,0,0,0,6,0,0,0
9,6,12,19,28,43,55,62,75,87,93,98,108,100,115,130,113,107,86,64,59,61,66,56,17,14
14,5,10,17,17,56,59,68,93,97,87,97,121,107,116,130,114,105,84,63,58,60,70,54,34,14
11,11,11,21,12,55,56,70,74,83,99,103,115,104,96,105,104,100,83,62,58,58,56,45,38,10
6,7,8,11,14,43,45,54,83,100,97,97,105,86,84,86,98,100,82,61,56,57,56,43,13,13
0,10,6,11,0,0,35,62,78,91,91,89,79,80,76,78,89,94,78,59,57,57,53,45,13,6
4,0,0,0,0,11,54,63,74,83,81,73,72,70,69,66,71,83,81,71,59,55,52,12,0,0
7,0,0,9,0,14,57,76,81,86,93,83,81,70,68,69,66,82,97,81,64,56,52,25,13,8
0,0,0,0,7,14,55,69,88,98,95,89,76,73,72,68,65,68,94,77,58,58,54,50,14,0
8,0,0,8,9,15,57,80,100,108,103,74,73,76,74,72,59,62,64,66,65,62,56,52,19,0
0,8,8,11,13,25,65,101,118,119,124,103,102,88,83,86,77,75,85,79,71,72,75,59,52,13
0,0,12,14,13,50,69,98,115,133,142,134,119,105,104,98,93,90,78,69,65,75,74,57,52,14
11,7,10,21,37,50,63,84,103,120,145,144,123,111,100,96,84,81,78,69,70,79,73,64,61,54
8,12,0,0,13,47,61,75,95,114,134,149,129,123,108,104,87,78,77,69,75,84,73,63,54,13
6,8,7,0,0,15,52,70,94,127,141,136,135,118,104,96,87,77,67,61,71,78,72,60,48,9
23,12,21,35,31,54,63,80,93,113,132,139,130,126,119,105,87,91,84,73,79,87,80,64,51,29
12,16,28,28,17,39,57,67,88,104,131,142,125,117,113,97,80,76,76,76,78,79,74,60,52,14
10,12,8,12,12,20,54,67,71,93,101,119,97,88,83,93,70,70,78,73,72,71,66,56,47,13
8,8,0,10,7,14,50,55,72,73,87,88,87,78,74,80,76,66,66,78,72,78,64,54,33,11
0,0,6,0,9,11,30,53,65,76,76,80,82,74,73,74,75,73,65,69,74,63,56,35,20,10
8,7,0,10,9,9,27,56,62,77,73,80,82,74,72,68,72,74,66,62,72,66,55,27,15,11
6,0,0,6,7,12,27,51,65,62,65,69,69,66,68,67,66,66,66,61,76,69,57,42,10,0
0,0,5,5,6,12,50,50,54,59,60,67,73,65,65,65,60,60,55,57,68,64,53,19,11,6
0,0,0,0,10,11,30,32,50,53,55,65,66,58,58,64,53,54,56,51,47,61,44,36,25,11
0,0,7,11,7,11,16,33,54,56,59,61,64,62,63,59,59,56,55,55,54,61,52,36,55,16
6,0,5,7,0,6,10,15,51,53,56,56,56,54,55,54,25,52,52,52,54,56,39,14,12,10
0,0,0,6,0,0,9,21,53,54,55,56,53,53,55,53,51,23,54,29,53,59,54,12,8,6
0,0,0,6,0,0,7,14,45,51,50,50,50,44,51,53,45,29,50,10,13,23,50,8,0,0
0,0,0,0,0,5,6,12,13,25,13,25,21,33,39,52,27,33,12,14,9,11,12,0,0,0
0,0,0,0,0,0,0,10,14,14,19,25,14,23,50,47,35,23,11,11,0,8,11,0,0,0
0,0,0,0,0,0,0,7,14,27,27,21,10,25,37,50,36,21,14,7,0,0,0,0,0,0
0,0,0,0,0,0,0,9,14,18,20,10,10,14,34,41,27,27,14,6,0,0,8,6,0,0
0,0,0,0,0,0,0,8,13,13,13,8,11,25,23,33,21,21,12,0,0,0,7,6,0,0
0,0,0,0,0,0,0,9,17,18,0,9,15,25,29,37,31,26,15,7,0,0,9,0,0,0
0,0,0,0,0,0,7,9,14,11,0,21,14,15,15,25,22,27,10,8,0,8,9,6,5,0
0,0,0,0,0,0,0,8,11,0,0,10,11,13,12,14,14,12,7,0,0,8,7,0,0,0
0,0,0,0,0,0,0,6,0,0,8,12,11,7,13,11,0,6,9,0,0,0,0,0,0,0
0,0,0,0,0,0,0,0,0,0,11,11,8,7,8,7,6,6,0,0,0,0,0,0,0,0
0,5,0,0,0,0,0,0,0,0,6,5,5,8,10,0,0,0,5,6,0,0,0,0,0,0
0,0,0,0,0,0,0,0,0,0,0,6,0,9,0,8,7,8,10,6,0,0,0,0,0,0
0,0,0,0,0,0,0,0,0,0,6,11,5,0,7,11,7,8,11,0,0,0,6,0,0,0
9,7,12,19,28,44,55,62,75,88,93,98,109,100,115,129,113,106,86,63,60,61,66,56,17,14
14,5,10,16,19,55,59,69,93,97,87,97,120,108,117,128,114,106,84,63,58,60,70,55,31,14
11,11,10,20,12,55,57,70,74,84,101,103,115,105,96,105,104,100,82,62,59,58,56,50,38,11
6,7,8,10,15,45,45,54,83,101,97,97,104,87,83,86,98,100,81,61,57,57,56,43,13,13
0,10,6,10,0,0,35,62,78,91,92,89,78,80,77,78,89,94,78,59,57,56,53,47,14,6
0,0,0,0,0,11,54,63,74,83,81,72,71,71,69,67,71,83,80,70,60,55,52,13,0,0
8,0,0,9,0,14,57,76,80,86,93,83,80,71,69,69,66,82,97,80,65,56,52,27,13,8
0,0,0,0,7,14,55,70,88,98,95,89,76,74,73,67,65,68,94,77,59,58,54,50,14,0
8,0,0,8,9,15,56,81,100,108,103,74,72,77,75,72,60,62,63,65,65,62,56,52,17,0
0,9,8,11,13,28,64,101,118,119,123,102,103,88,84,85,78,75,84,79,71,72,76,59,52,13
0,0,12,14,13,50,69,99,115,134,143,134,118,105,104,98,93,90,78,67,66,75,74,58,52,14
11,6,10,19,37,50,62,84,103,120,146,144,123,111,100,96,85,80,77,68,70,79,72,64,61,54
8,12,0,0,13,50,61,75,96,114,134,148,129,125,109,103,87,78,76,69,75,83,73,63,54,13
6,8,7,0,0,18,53,71,94,127,141,136,135,118,104,96,88,77,66,60,72,77,73,61,46,9
21,12,20,35,31,54,62,80,93,114,132,138,131,126,119,105,88,91,84,72,80,87,80,65,52,30
11,16,28,28,17,39,56,67,89,104,131,141,126,118,113,97,80,76,76,75,79,80,73,61,52,14
10,12,8,12,12,23,54,66,71,93,101,120,96,88,83,93,71,70,78,72,72,72,66,55,43,12
8,8,0,11,7,14,50,55,72,73,86,87,87,78,74,79,76,66,66,77,72,78,64,54,33,10
0,0,0,0,8,11,30,53,65,76,75,79,81,74,73,74,75,73,64,68,74,63,56,37,20,10
9,7,0,10,9,9,25,56,62,77,73,79,81,74,72,68,72,74,65,61,73,66,55,29,14,11
6,0,0,6,6,12,27,52,65,62,65,69,68,66,68,66,67,66,66,61,76,68,57,46,10,0
0,0,0,0,6,12,50,50,54,59,60,67,73,66,64,65,60,60,55,56,68,63,52,19,11,6
0,0,0,0,10,12,30,32,49,53,54,65,65,58,59,64,53,54,56,50,48,60,42,37,25,11
0,0,6,11,8,11,17,31,54,56,59,61,64,62,63,59,59,56,55,55,55,60,51,36,55,17
6,0,5,7,0,6,9,17,51,53,56,56,56,55,55,54,21,52,52,52,54,55,37,14,12,10
0,0,0,6,0,0,9,21,52,54,55,55,53,54,55,54,51,21,54,27,54,58,54,12,8,6
0,0,0,6,0,0,7,14,45,50,50,50,50,48,51,52,47,27,50,10,14,21,50,8,0,0
0,0,0,0,0,5,6,12,14,23,13,27,21,37,41,51,29,33,11,14,9,10,11,0,0,0
0,0,0,0,0,0,0,9,14,15,21,25,14,27,50,47,35,19,11,10,0,8,11,0,0,0
0,0,0,0,0,0,0,7,14,27,30,25,9,27,39,50,34,23,13,0,0,0,0,0,0,0
0,0,0,0,0,0,0,9,14,20,22,11,9,19,36,38,30,25,13,0,0,0,8,6,0,0
0,0,0,0,0,0,0,7,13,13,14,8,11,23,26,31,25,20,12,0,0,0,7,6,0,0
0,0,0,0,0,0,0,10,14,21,0,9,14,26,30,35,32,25,16,6,0,0,9,0,0,0
0,0,0,0,0,0,7,9,14,11,0,19,13,20,17,23,22,27,10,7,0,7,9,6,0,0
0,0,0,0,0,0,0,8,11,0,7,10,11,13,13,13,14,12,7,0,0,8,7,0,0,0
0,0,0,0,0,0,0,6,0,0,8,12,11,8,13,11,0,6,9,0,0,0,0,0,0,0
0,0,0,0,0,0,0,0,0,0,11,11,8,7,9,7,6,6,0,0,0,0,0,0,0,0
0,5,0,0,0,0,0,0,0,0,6,5,4,9,10,0,0,0,5,6,0,0,0,0,0,0
0,0,0,0,0,0,0,0,0,0,0,6,0,10,0,8,8,7,10,6,0,0,0,0,0,0
0,0,0,0,0,0,0,0,0,0,6,10,4,0,7,11,7,9,10,0,0,0,6,0,0,0
9,7,12,19,28,46,54,62,74,88,93,98,109,99,115,131,114,105,85,64,61,60,66,56,17,14
14,5,10,16,19,55,58,68,93,96,87,97,121,107,117,128,113,105,84,63,58,61,70,55,25,14
10,11,11,21,12,56,56,70,74,84,100,102,115,103,96,104,104,99,83,62,59,58,56,50,43,10
6,7,7,10,14,46,45,54,82,100,97,95,104,86,82,86,98,100,81,61,57,57,56,39,13,13
0,10,5,11,0,0,35,62,79,90,92,89,78,79,77,77,89,94,78,59,57,57,53,45,13,6
4,0,0,0,0,11,54,63,74,83,81,71,72,70,68,67,70,83,80,71,60,55,53,12,0,0
7,0,0,9,0,19,58,75,80,87,94,83,80,70,69,69,66,81,98,80,66,56,53,27,15,8
0,0,0,0,8,14,55,69,88,98,97,88,76,73,71,68,65,68,95,77,58,57,54,51,17,0
9,0,0,9,10,15,57,79,100,108,103,74,73,77,74,72,60,61,64,65,65,62,56,52,25,7
0,9,8,11,13,35,65,101,117,119,122,102,103,86,83,85,77,76,84,79,72,72,76,59,51,13
0,0,12,14,13,50,67,98,114,134,143,134,119,105,103,98,93,91,78,67,66,75,75,58,52,18
11,6,10,23,37,50,62,84,101,120,146,143,124,112,100,96,85,80,78,68,69,79,73,64,61,55
7,12,0,0,12,51,61,76,96,114,135,148,130,124,107,103,88,80,76,69,76,83,74,64,55,14
7,8,7,0,0,18,53,71,93,126,141,135,137,118,104,97,88,76,66,60,72,78,72,61,45,8
23,12,20,32,35,54,63,79,92,113,133,138,132,126,118,105,87,91,84,71,81,86,80,64,51,28
11,16,26,34,21,39,56,67,88,103,130,140,126,117,113,98,79,75,76,75,79,80,73,61,52,15
10,12,8,13,11,21,53,66,70,92,100,118,96,87,82,92,70,69,78,72,74,72,66,54,43,13
8,8,0,11,7,14,50,54,71,72,85,86,86,77,74,79,75,66,66,77,72,78,65,55,30,10
0,6,0,0,8,11,27,52,65,75,76,78,81,73,73,74,75,72,64,68,74,63,56,37,23,10
9,7,0,9,9,8,23,55,61,76,72,78,80,73,72,67,71,73,66,61,73,65,55,27,14,12
7,0,0,6,7,13,19,52,64,62,65,68,68,66,67,65,66,65,66,61,76,68,57,44,10,0
0,0,0,0,6,12,50,47,53,59,60,66,72,65,65,65,60,60,55,57,68,63,52,19,10,6
0,0,0,0,10,12,28,32,49,53,55,63,66,57,58,63,53,54,55,50,49,60,42,35,26,10
0,0,6,11,8,11,15,31,54,57,59,60,64,61,61,58,58,56,54,54,55,60,51,38,55,18
6,0,5,7,0,6,9,14,51,54,56,56,56,54,54,54,17,52,52,51,55,56,35,15,12,10
0,0,0,6,0,0,9,19,52,54,56,54,53,54,54,53,50,21,54,25,53,58,53,13,9,6
0,0,0,6,0,0,6,14,40,50,50,42,50,46,51,52,43,27,50,10,13,23,50,8,0,0
0,0,0,0,0,5,6,11,14,23,13,21,20,31,33,52,25,29,12,13,9,10,11,0,0,0
0,0,0,0,0,0,0,9,15,17,25,21,14,23,50,50,30,15,11,10,0,8,10,0,0,0
0,0,0,0,0,0,0,0,13,23,35,23,10,25,41,50,25,23,13,7,0,0,0,0,0,0
0,0,0,0,0,0,0,8,14,20,17,10,10,17,31,44,27,21,13,6,0,0,8,6,0,0
0,0,0,0,0,0,0,7,12,13,14,8,11,23,21,30,23,21,12,0,0,0,6,6,0,0
0,0,0,0,0,0,0,9,14,20,7,9,16,23,28,35,30,22,16,7,0,0,10,0,0,0
0,4,0,0,0,0,7,8,13,11,0,15,13,14,15,17,22,27,10,7,0,7,9,0,0,0
0,0,0,0,0,0,0,8,11,0,7,10,11,13,13,13,13,12,7,0,0,8,6,0,0,0
0,0,0,0,0,0,0,6,0,0,8,12,11,7,12,11,0,6,9,0,0,0,0,0,0,0
0,0,0,0,0,0,0,0,0,0,11,11,8,6,8,7,7,6,0,0,0,0,0,0,0,0
0,5,0,0,0,0,0,0,0,0,6,5,4,8,9,6,0,0,0,6,0,0,0,0,0,0
0,0,0,0,0,0,0,0,0,0,0,5,0,10,0,8,7,7,9,6,0,0,0,0,0,0
0,0,0,0,0,0,0,0,0,0,6,10,4,0,7,11,7,9,10,0,0,0,6,0,0,0
9,7,12,19,28,46,54,62,74,88,93,98,109,99,115,131,114,105,85,64,61,60,66,56,17,14
14,5,10,16,19,55,58,68,93,96,87,97,121,107,117,128,113,105,84,63,58,61,70,55,25,14
10,11,11,21,12,56,56,70,74,84,100,102,115,103,96,104,104,99,83,62,59,58,56,50,43,10
6,7,7,10,14,46,45,54,82,100,97,95,104,86,82,86,98,100,81,61,57,57,56,39,13,13
0,10,5,11,0,0,35,62,79,90,92,89,78,79,77,77,89,94,78,59,57,57,53,45,13,6
4,0,0,0,0,11,54,63,74,83,81,71,72,70,68,67,70,83,80,71,60,55,53,12,0,0
7,0,0,9,0,19,58,75,80,87,94,83,80,70,69,69,66,81,98,80,66,56,53,27,15,8
0,0,0,0,8,14,55,69,88,98,97,88,76,73,71,68,65,68,95,77,58,57,54,51,17,0
9,0,0,9,10,15,57,79,100,108,103,74,73,77,74,72,60,61,64,65,65,62,56,52,25,7
0,9,8,11,13,35,65,101,117,119,122,102,103,86,83,85,77,76,84,79,72,72,76,59,51,13
0,0,12,14,13,50,67,98,114,134,143,134,119,105,103,98,93,91,78,67,66,75,75,58,52,18
11,6,10,23,37,50,62,84,101,120,146,143,124,112,100,96,85,80,78,68,69,79,73,64,61,55
7,12,0,0,12,51,61,76,96,114,135,148,130,124,107,103,88,80,76,69,76,83,74,64,55,14
7,8,7,0,0,18,53,71,93,126,141,135,137,118,104,97,88,76,66,60,72,78,72,61,45,8
23,12,20,32,35,54,63,79,92,113,133,138,132,126,118,105,87,91,84,71,81,86,80,64,51,28
11,16,26,34,21,39,56,67,88,103,130,140,126,117,113,98,79,75,76,75,79,80,73,61,52,15
10,12,8,13,11,21,53,66,70,92,100,118,96,87,82,92,70,69,78,72,74,72,66,54,43,13
8,8,0,11,7,14,50,54,71,72,85,86,86,77,74,79,75,66,66,77,72,78,65,55,30,10
0,6,0,0,8,11,27,52,65,75,76,78,81,73,73,74,75,72,64,68,74,63,56,37,23,10
9,7,0,9,9,8,23,55,61,76,72,78,80,73,72,67,71,73,66,61,73,65,55,27,14,12
7,0,0,6,7,13,19,52,64,62,65,68,68,66,67,65,66,65,66,61,76,68,57,44,10,0
0,0,0,0,6,12,50,47,53,59,60,66,72,65,65,65,60,60,55,57,68,63,52,19,10,6
0,0,0,0,10,12,28,32,49,53,55,63,66,57,58,63,53,54,55,50,49,60,42,35,26,10
0,0,6,11,8,11,15,31,54,57,59,60,64,61,61,58,58,56,54,54,55,60,51,38,55,18
6,0,5,7,0,6,9,14,51,54,56,56,56,54,54,54,17,52,52,51,55,56,35,15,12,10
0,0,0,6,0,0,9,19,52,54,56,54,53,54,54,53,50,21,54,25,53,58,53,13,9,6
0,0,0,6,0,0,6,14,40,50,50,42,50,46,51,52,43,27,50,10,13,23,50,8,0,0
0,0,0,0,0,5,6,11,14,23,13,21,20,31,33,52,25,29,12,13,9,10,11,0,0,0
0,0,0,0,0,0,0,9,15,17,25,21,14,23,50,50,30,15,11,10,0,8,10,0,0,0
0,0,0,0,0,0,0,0,13,23,35,23,10,25,41,50,25,23,13,7,0,0,0,0,0,0
0,0,0,0,0,0,0,8,14,20,17,10,10,17,31,44,27,21,13,6,0,0,8,6,0,0
0,0,0,0,0,0,0,7,12,13,14,8,11,23,21,30,23,21,12,0,0,0,6,6,0,0
0,0,0,0,0,0,0,9,14,20,7,9,16,23,28,35,30,22,16,7,0,0,10,0,0,0
0,4,0,0,0,0,7,8,13,11,0,15,13,14,15,17,22,27,10,7,0,7,9,0,0,0
0,0,0,0,0,0,0,8,11,0,7,10,11,13,13,13,13,12,7,0,0,8,6,0,0,0
0,0,0,0,0,0,0,6,0,0,8,12,11,7,12,11,0,6,9,0,0,0,0,0,0,0
0,0,0,0,0,0,0,0,0,0,11,11,8,6,8,7,7,6,0,0,0,0,0,0,0,0
0,5,0,0,0,0,0,0,0,0,6,5,4,8,9,6,0,0,0,6,0,0,0,0,0,0
0,0,0,0,0,0,0,0,0,0,0,5,0,10,0,8,7,7,9,6,0,0,0,0,0,0
0,0,0,0,0,0,0,0,0,0,6,10,4,0,7,11,7,9,10,0,0,0,6,0,0,0
9,7,12,21,31,43,55,61,73,88,93,98,109,99,115,131,115,106,84,63,60,59,65,56,19,14
14,5,11,15,16,56,58,68,92,97,87,97,121,105,117,127,113,104,84,63,58,60,70,55,25,15
10,11,11,18,11,56,55,70,74,84,100,104,116,102,96,103,104,101,83,62,59,58,56,50,43,11
6,7,7,11,15,45,43,54,82,100,97,95,105,85,82,85,98,101,81,61,57,57,56,35,12,13
4,10,6,11,0,0,32,62,79,91,92,88,78,77,77,76,89,95,77,59,56,56,52,50,14,7
0,0,0,0,0,11,53,63,73,83,81,72,72,70,68,66,69,83,80,71,60,55,52,14,0,0
7,0,0,9,0,17,57,75,79,88,94,84,81,70,68,69,66,82,97,81,65,55,52,30,17,8
0,0,0,0,7,14,55,69,87,100,97,88,78,72,70,67,65,70,95,77,58,56,53,51,14,0
9,0,0,9,9,14,57,79,100,108,103,74,74,76,74,73,59,61,63,66,66,61,56,51,27,7
0,8,8,12,13,32,64,101,117,120,123,102,103,85,82,86,77,77,82,78,72,72,76,59,50,13
0,0,12,15,14,51,67,98,114,134,142,134,119,104,103,98,93,92,78,69,65,75,75,57,53,21
10,7,12,23,31,50,62,84,101,121,146,143,124,111,99,96,84,81,78,68,69,78,72,65,60,54
7,12,0,0,11,50,61,75,96,114,136,148,132,124,107,102,88,80,76,69,75,83,74,64,55,17
6,8,6,0,0,18,53,71,93,128,141,136,138,118,104,97,87,77,66,60,72,77,71,60,38,9
25,12,18,30,33,53,62,79,92,112,132,139,132,126,117,105,86,91,83,72,80,85,79,65,51,29
11,15,23,34,19,35,55,67,88,103,132,140,126,116,112,97,79,75,76,75,79,80,74,60,51,15
9,12,9,13,12,18,53,66,69,91,100,117,96,86,81,90,69,70,77,73,74,70,65,54,40,13
7,8,6,10,7,14,50,55,71,71,85,86,86,76,73,78,75,67,66,77,71,77,65,54,28,10
0,6,0,0,8,10,23,52,64,76,75,78,80,72,71,73,74,73,64,68,74,62,56,35,21,9
9,7,0,10,9,8,21,55,61,76,72,77,80,72,71,66,70,73,65,61,72,64,54,27,14,12
6,0,0,6,7,12,23,51,64,62,65,68,68,65,66,64,65,65,65,60,76,68,57,39,10,0
0,0,0,0,5,12,50,40,53,59,60,66,73,64,64,64,60,60,54,57,68,62,52,17,10,5
0,0,0,0,11,12,29,32,49,53,55,63,66,56,58,63,52,55,55,50,49,60,43,35,26,10
0,0,6,10,7,10,15,31,53,57,59,59,64,60,61,58,57,57,54,54,54,59,51,38,54,18
5,0,5,7,0,6,9,14,51,53,56,56,56,53,54,53,17,51,51,51,55,55,31,14,12,9
0,0,0,6,0,0,9,21,51,54,56,55,54,53,53,53,45,18,53,25,53,58,53,13,8,0
0,0,0,6,0,0,6,14,39,51,50,41,51,44,51,51,39,25,50,10,13,15,50,8,0,0
0,0,0,0,0,5,6,11,13,27,13,15,23,27,29,51,21,27,12,13,8,10,11,0,0,0
0,0,0,0,0,0,0,9,15,22,25,23,15,21,45,47,25,14,11,11,0,7,9,0,0,0
0,0,0,0,0,0,0,0,12,29,35,23,10,15,41,50,21,23,12,7,0,0,0,0,0,0
0,0,0,0,0,0,0,9,14,15,15,9,10,14,27,47,21,21,13,7,0,0,8,6,0,0
0,0,0,0,0,0,0,7,12,13,14,8,12,23,20,28,23,21,12,0,0,0,6,0,0,0
0,0,0,0,0,0,0,9,14,23,0,9,22,20,26,32,28,25,14,7,0,0,9,0,0,0
0,0,0,0,0,0,6,9,12,12,0,15,14,14,15,19,20,30,9,7,0,7,8,6,0,0
0,0,0,0,0,0,0,9,10,0,0,10,11,12,12,13,12,13,6,0,0,7,0,0,0,0
0,0,0,0,0,0,0,5,0,0,8,11,11,6,12,10,0,6,9,0,0,0,0,0,0,0
0,0,0,0,0,0,0,0,0,0,11,10,8,5,8,7,7,6,0,0,0,0,0,0,0,0
0,5,0,0,0,0,0,0,0,0,6,6,4,7,9,0,0,5,0,5,0,0,0,0,0,0
0,0,0,0,0,0,0,0,0,0,0,5,0,9,0,7,6,8,9,6,0,0,0,0,0,0
0,0,0,0,0,0,0,0,0,0,6,10,5,0,7,10,6,9,10,0,0,0,6,0,0,0
9,7,12,21,31,44,54,61,74,88,92,98,108,99,116,131,114,106,85,64,60,59,66,57,19,13
14,6,10,16,16,56,58,68,92,96,87,97,121,104,117,127,112,105,83,63,58,61,71,55,23,14
11,11,11,20,12,55,55,70,74,84,101,103,116,102,95,104,104,102,83,63,59,58,56,51,43,10
6,7,7,11,15,46,41,54,82,100,97,95,105,85,82,86,97,101,81,61,57,57,56,33,12,12
0,10,6,11,0,0,35,62,78,91,92,88,78,78,77,76,89,95,77,60,56,56,53,50,14,7
4,0,0,0,0,11,54,62,73,83,81,72,72,69,68,66,69,83,80,71,60,55,52,14,0,0
8,0,0,9,0,17,57,74,80,87,94,83,82,69,68,69,65,82,96,81,65,56,53,32,14,9
0,0,0,0,8,14,55,69,86,100,98,88,76,71,71,67,64,70,95,77,57,57,54,51,14,0
9,0,0,9,9,15,57,79,100,108,103,74,73,76,74,74,60,61,64,66,65,61,56,52,27,0
0,8,8,11,13,25,64,101,117,120,124,102,103,85,82,86,76,77,84,78,72,72,77,58,50,13
0,0,12,15,14,51,68,98,113,134,142,134,119,104,103,97,93,91,78,70,65,75,75,57,53,16
10,7,11,23,34,50,62,84,102,121,146,144,124,110,99,96,84,81,78,69,70,78,72,64,60,54
8,12,0,7,12,44,61,75,96,114,135,148,131,124,108,103,87,79,77,69,75,83,74,64,55,15
6,8,7,0,0,16,53,70,93,128,142,136,137,118,105,97,87,77,66,60,72,77,72,60,41,8
26,12,20,32,31,53,62,79,92,112,131,139,132,126,118,105,87,91,83,72,80,86,80,65,51,29
11,15,23,32,21,37,55,67,87,103,132,140,126,116,111,97,79,75,76,75,79,80,74,60,51,14
10,12,9,13,11,16,53,65,69,91,100,117,96,86,81,90,69,70,77,73,73,71,66,55,38,13
8,8,6,10,7,14,50,55,70,71,85,85,86,76,73,79,75,66,65,77,70,77,65,54,28,10
0,7,0,0,8,10,21,52,64,75,74,77,79,72,71,73,74,72,64,68,74,62,57,35,20,9
8,7,0,10,8,8,19,55,61,75,72,76,79,72,71,66,70,73,65,61,72,64,55,29,14,11
6,0,0,6,7,13,23,51,64,61,64,68,68,64,66,64,65,65,65,60,76,68,57,39,10,0
0,0,0,0,5,12,50,40,53,59,60,66,72,64,64,64,59,60,54,57,68,62,52,17,10,5
5,0,0,0,10,12,29,32,48,53,55,63,65,56,58,63,52,55,55,50,48,60,43,35,26,10
0,0,6,10,7,10,15,29,53,56,59,59,64,60,61,58,58,57,53,54,54,59,51,38,53,17
6,0,5,7,0,6,8,14,50,53,56,55,56,52,54,53,14,51,51,52,55,54,31,14,12,10
0,0,0,6,0,0,9,21,51,54,55,55,54,53,53,52,41,18,53,25,53,58,53,13,8,0
0,0,0,6,0,0,6,14,39,51,50,39,51,42,51,51,37,20,50,10,13,15,50,8,0,0
0,0,0,0,0,5,6,11,13,25,13,15,25,21,29,51,21,27,12,14,8,10,11,0,0,0
0,0,0,0,0,0,0,9,15,17,23,23,15,21,45,45,23,14,10,11,0,7,10,0,0,0
0,0,0,0,0,0,0,6,12,27,30,23,9,15,41,50,25,21,12,7,0,0,0,0,0,0
0,0,0,0,0,0,0,9,14,14,15,9,10,13,27,47,17,23,13,6,0,0,8,7,0,0
0,0,0,0,0,0,0,7,12,13,14,8,11,21,20,30,19,21,12,0,0,0,7,0,0,0
0,0,0,0,0,0,0,9,13,20,0,8,22,18,27,32,26,26,14,7,0,0,9,0,0,0
0,0,0,0,0,0,6,9,13,11,0,17,14,14,20,19,17,30,9,7,0,7,8,6,0,0
0,0,0,0,0,0,0,9,10,0,0,10,11,11,11,13,12,12,7,0,0,7,0,0,0,0
0,0,0,0,0,0,0,0,0,0,8,11,11,0,12,10,0,6,9,0,0,0,0,0,0,0
0,0,0,0,0,0,0,0,0,0,10,10,8,0,8,7,6,6,0,0,0,0,0,0,0,0
0,5,0,0,0,0,0,0,0,0,6,6,5,7,9,0,0,0,0,6,0,0,0,0,0,0
0,0,0,0,0,0,0,0,0,0,0,5,0,9,0,8,6,8,9,6,0,0,0,0,0,0
0,0,0,0,0,0,0,0,0,0,6,10,5,0,6,10,6,9,10,0,0,0,6,0,0,0
