0,9,13,13,23,51,54,56,65,77,79,80,86,87,112,118,105,100,96,93,73,68,74,60,43,25
7,9,12,18,15,60,64,67,77,71,64,69,81,87,106,103,98,100,98,97,77,71,84,58,38,37
0,10,10,10,10,55,59,67,56,54,59,64,70,80,88,84,87,92,97,97,84,66,59,53,27,13
7,0,10,6,7,13,9,7,45,51,51,53,68,71,75,76,84,91,95,90,79,66,57,50,17,12
7,5,0,7,0,0,0,8,52,50,55,54,59,65,74,75,76,83,88,86,80,68,58,50,15,11
0,0,0,0,0,0,9,10,44,52,51,25,58,59,64,64,67,75,81,83,77,68,59,37,12,10
0,0,0,0,0,6,0,12,33,50,55,62,71,59,60,61,61,64,78,86,84,70,59,50,12,0
0,0,0,0,0,0,0,12,40,53,59,63,63,59,62,55,58,62,74,85,85,66,55,47,13,8
0,0,0,0,0,0,11,28,53,57,58,54,59,62,64,65,60,67,67,76,75,66,57,52,19,8
0,0,0,0,0,0,11,50,58,58,60,62,64,60,60,61,57,62,66,69,66,72,64,56,17,9
0,0,0,0,0,0,9,50,56,63,64,66,69,67,62,58,56,61,61,65,68,73,67,58,35,10
0,6,0,8,0,10,11,53,64,65,68,69,72,74,71,71,69,65,63,66,74,77,75,70,57,39
9,10,8,0,0,11,33,54,64,71,66,67,76,79,79,85,83,84,84,98,111,108,93,75,56,27
8,9,11,9,0,0,9,51,62,76,72,64,74,81,83,95,106,108,106,125,139,113,101,80,59,41
12,20,21,13,14,46,50,62,69,81,79,73,75,84,96,116,134,178,191,197,183,149,127,88,66,55
14,18,30,17,12,27,53,64,73,85,85,75,74,86,99,114,128,150,173,185,171,135,112,86,69,58
13,14,20,12,11,25,28,61,69,78,79,71,73,76,90,108,111,137,158,187,154,114,96,75,63,55
13,10,14,9,12,13,50,56,72,83,82,72,72,79,84,86,93,114,130,150,132,104,82,72,57,50
0,0,7,0,6,0,47,56,64,73,74,67,69,76,73,76,83,86,91,110,102,81,77,60,54,41
0,0,9,0,0,12,19,40,61,76,79,69,73,66,71,71,75,72,74,80,76,74,63,57,46,30
0,7,0,0,7,13,14,35,58,72,73,66,60,60,67,69,70,70,72,71,69,65,65,57,54,33
0,0,0,8,0,12,15,36,55,72,70,66,62,60,66,62,62,65,67,66,64,62,60,35,14,13
0,0,0,0,0,12,14,22,38,61,69,58,56,58,55,58,53,58,59,58,54,52,46,28,23,13
0,0,0,0,0,0,8,25,45,64,66,58,60,55,56,55,58,60,60,59,57,53,52,20,16,11
0,5,6,0,0,9,7,12,53,65,66,65,63,52,52,30,55,59,60,60,57,53,52,16,12,10
0,0,0,0,0,0,9,9,44,59,60,57,27,13,14,28,53,56,57,56,55,23,42,12,11,7
0,0,0,0,0,0,8,10,16,55,56,10,8,10,12,47,35,43,53,52,50,9,12,9,6,0
0,0,0,0,0,5,6,13,53,61,14,5,9,10,39,51,45,45,51,52,39,9,13,8,0,0
0,0,0,0,0,0,0,33,21,13,10,7,6,14,50,45,37,43,45,47,40,13,11,8,0,0
0,0,0,0,0,0,0,7,0,8,0,0,0,13,33,36,21,32,26,30,14,10,7,0,0,0
0,0,0,0,0,0,0,0,0,0,8,0,10,13,27,27,14,15,15,25,14,9,6,7,0,0
0,0,0,0,0,0,0,0,0,0,9,6,9,14,21,28,21,15,22,22,12,10,7,6,0,0
0,0,0,0,0,0,0,0,0,0,0,9,9,18,29,34,33,22,13,26,9,12,8,0,0,0
0,0,0,0,0,0,0,6,7,0,9,6,10,13,31,50,45,14,12,10,13,12,10,0,0,0
0,0,0,0,0,0,0,0,0,0,0,0,12,12,37,50,36,10,11,17,12,8,10,0,0,0
0,0,0,0,0,0,0,0,0,0,0,0,10,10,15,30,13,9,0,0,9,0,8,0,0,0
0,0,0,0,0,0,0,0,0,0,0,0,0,9,12,12,6,0,0,7,6,6,0,0,0,0
0,0,0,0,0,0,0,0,0,0,0,0,5,0,9,8,5,0,6,10,9,6,0,0,0,0
0,0,4,0,0,0,0,0,0,0,0,6,8,8,10,10,10,9,9,12,10,7,5,4,0,0
0,0,0,0,0,0,0,0,0,0,0,8,11,11,14,14,13,12,12,12,13,6,8,0,5,0
0,9,13,13,24,51,54,56,66,76,78,80,87,87,112,117,105,100,97,93,73,67,74,59,43,23
7,9,13,18,14,60,63,67,77,71,64,69,81,87,104,103,97,99,98,97,77,71,84,58,38,35
0,9,10,10,9,54,59,67,56,54,59,64,70,80,87,84,87,92,97,97,84,67,59,53,29,13
7,0,10,6,7,13,9,7,50,51,50,53,67,70,75,75,84,91,94,90,79,67,57,50,20,12
7,5,0,7,0,0,0,9,52,50,55,54,59,65,73,74,76,82,88,86,80,68,58,50,16,11
0,0,0,0,0,0,9,10,47,52,51,25,58,58,63,64,68,74,81,83,76,68,58,37,13,10
0,0,0,0,0,6,0,12,33,51,55,62,70,59,59,60,61,64,78,86,84,70,59,50,12,0
0,0,0,0,0,0,0,12,43,53,58,62,62,58,62,55,58,62,74,85,85,66,55,50,13,8
0,0,0,0,0,0,11,25,53,58,57,54,59,62,63,65,60,66,67,76,75,66,56,52,21,8
0,0,0,0,0,0,11,51,58,58,60,61,63,59,61,61,58,61,66,69,66,72,64,56,19,9
0,0,0,0,0,0,10,50,57,64,64,66,68,66,62,57,56,60,61,64,68,72,67,58,35,9
0,6,0,8,0,9,11,53,64,65,67,69,72,74,70,70,69,65,64,66,73,76,74,69,57,37
9,10,8,0,0,10,30,55,65,70,66,67,76,79,79,85,83,84,84,99,111,108,93,75,56,25
8,8,11,9,0,0,9,51,63,77,71,64,74,80,83,95,107,108,106,125,139,114,101,80,59,37
12,18,23,13,15,46,50,62,70,81,79,73,75,83,96,116,134,178,192,197,183,150,127,88,66,55
14,16,32,17,11,29,53,64,73,86,84,75,74,85,99,114,128,151,173,186,171,136,112,86,68,58
14,14,20,12,10,25,28,61,69,78,78,71,73,77,89,107,111,136,159,189,154,115,95,75,63,55
12,10,15,9,12,13,50,56,73,83,82,72,71,78,83,87,94,114,129,151,131,104,81,72,57,46
0,0,7,0,0,0,45,56,64,73,73,67,69,75,73,76,84,86,91,111,102,81,77,59,55,41
0,0,9,0,0,11,17,43,61,76,78,68,73,66,71,71,75,72,73,80,76,74,63,57,50,26
0,7,0,0,7,12,14,39,58,72,73,65,60,60,66,69,70,70,72,72,69,65,64,57,55,30
0,0,0,7,0,12,14,36,55,72,70,65,62,60,66,62,62,65,67,66,63,63,59,33,15,13
5,0,0,0,0,12,14,21,39,60,68,58,56,57,54,57,53,58,59,58,54,52,47,28,24,13
0,0,0,0,0,0,8,25,45,64,66,58,60,55,56,55,58,59,60,60,57,53,51,17,19,10
0,5,7,0,0,9,7,12,53,65,65,65,62,52,52,25,55,60,60,60,57,53,52,15,12,9
0,0,0,0,0,0,9,10,46,59,60,57,27,13,13,32,53,57,57,56,54,23,42,12,11,7
0,0,0,0,0,0,8,10,16,55,55,10,8,9,12,45,37,43,53,53,50,10,13,8,6,0
0,0,0,0,0,5,6,13,54,61,14,5,9,10,39,51,47,47,51,52,37,9,13,8,0,0
0,0,0,0,0,0,0,33,21,13,10,7,6,14,45,45,40,43,47,50,40,13,11,8,0,0
0,0,0,0,0,0,0,7,0,8,0,0,0,13,29,38,21,32,32,32,15,10,0,0,0,0
0,0,0,0,0,0,0,0,0,0,8,0,9,13,22,27,17,15,19,32,15,9,6,7,0,0
0,0,0,0,0,0,0,0,0,0,9,6,10,14,20,30,23,16,22,22,12,9,7,6,0,0
0,0,0,0,0,0,0,0,0,0,0,9,9,18,28,33,33,23,16,26,10,12,8,0,0,0
0,0,0,0,0,0,0,6,7,0,10,6,9,13,29,50,50,14,13,12,13,12,10,0,0,0
0,0,0,0,0,0,0,0,0,0,0,0,12,12,37,50,41,11,12,20,13,8,10,0,0,0
0,0,0,0,0,0,0,0,0,0,0,0,9,10,14,22,13,9,0,0,8,0,7,0,0,0
0,0,0,0,0,0,0,0,0,0,0,0,0,9,12,12,6,0,0,7,7,6,0,0,0,0
0,0,0,0,0,0,0,0,0,0,0,0,5,0,9,9,6,0,7,11,9,6,0,0,0,0
0,0,4,0,0,0,0,0,0,0,0,6,8,8,11,10,10,9,9,12,9,6,0,4,0,0
0,0,0,0,0,0,0,0,0,0,0,8,11,11,14,14,12,13,12,12,13,6,8,0,5,0
0,9,13,13,23,51,55,56,66,76,78,80,87,87,111,116,105,100,97,93,73,67,73,59,43,20
7,9,12,17,14,60,64,66,76,71,63,69,81,87,104,101,97,98,98,97,77,71,84,58,36,33
0,9,10,10,9,54,59,67,56,54,59,64,70,80,86,83,86,91,97,97,84,67,59,52,27,13
7,0,10,6,6,13,9,7,50,51,50,52,67,70,75,74,84,90,94,90,79,67,57,50,20,11
7,6,0,7,0,0,0,9,52,50,54,54,58,64,72,74,76,82,88,86,80,68,57,50,16,10
0,0,0,0,0,0,9,10,47,52,50,19,57,58,63,63,68,74,81,82,76,68,58,37,12,9
0,0,0,0,0,7,0,12,36,51,54,60,69,58,59,60,60,63,78,86,84,70,59,45,12,0
0,0,0,0,0,0,0,12,50,53,57,62,62,57,61,55,58,61,73,85,86,66,55,47,13,0
0,0,0,0,0,0,10,25,53,58,57,55,58,62,63,64,61,65,67,75,75,65,56,52,17,7
0,0,0,0,0,0,11,51,59,58,59,60,64,60,61,60,58,61,67,70,66,72,64,55,21,8
0,0,0,0,0,0,10,50,57,64,64,66,68,65,63,57,56,60,61,64,68,73,66,57,35,10
0,6,0,8,0,10,11,53,64,65,67,69,73,74,70,71,69,65,63,66,74,77,74,70,57,35
9,10,8,0,0,10,25,55,65,70,66,67,76,79,79,85,83,83,84,99,112,109,93,75,56,23
8,9,11,8,0,0,9,51,63,77,71,63,74,80,84,96,108,107,105,125,139,115,101,80,59,32
12,18,23,14,14,46,50,62,70,81,79,73,75,83,96,117,136,178,192,198,185,150,127,88,66,54
14,18,30,15,11,27,52,64,74,86,84,74,74,85,99,115,128,152,175,188,172,137,112,86,68,58
13,14,20,12,11,25,28,61,69,78,78,71,73,76,89,107,111,137,159,189,155,115,95,76,63,54
12,10,15,10,11,13,50,56,73,84,81,71,71,78,83,86,94,113,129,152,132,104,81,71,57,45
0,0,7,0,0,0,42,56,64,74,73,66,69,75,73,76,84,86,91,110,102,81,76,59,55,41
0,4,8,0,0,11,17,40,61,76,78,68,73,66,71,71,75,71,74,79,76,73,63,57,50,26
0,7,0,0,7,12,14,37,58,72,72,65,60,59,66,69,70,70,72,71,69,65,64,56,55,26
0,0,0,7,0,11,14,36,55,72,70,65,62,60,66,62,62,65,68,66,64,63,59,32,15,12
5,0,0,0,0,12,13,22,39,61,68,58,56,58,54,58,53,58,59,57,54,52,47,28,24,12
0,0,0,0,0,5,8,27,45,64,66,57,60,54,56,55,58,59,60,60,57,53,52,14,19,9
0,5,6,0,0,9,7,11,53,65,65,65,62,53,52,20,56,60,60,59,58,53,52,15,12,9
0,0,0,0,0,0,8,10,48,59,60,57,29,13,12,33,53,56,57,56,55,23,40,12,11,7
0,0,0,0,0,0,8,10,16,55,55,10,8,9,12,47,39,41,53,52,50,10,12,9,6,0
0,0,0,0,0,5,6,13,54,62,14,5,9,10,37,51,47,50,51,52,41,9,13,8,0,0
0,0,0,0,0,0,0,32,23,13,10,8,6,14,38,47,42,43,50,50,43,13,10,8,0,0
0,0,0,0,0,0,0,7,0,8,0,0,0,13,27,38,25,32,34,30,20,10,0,0,0,0
0,0,0,0,0,0,0,0,0,0,8,0,9,13,20,27,21,14,21,27,15,9,6,7,0,0
0,0,0,0,0,0,0,0,0,0,9,6,10,13,18,28,23,15,21,21,13,9,7,6,0,0
0,0,0,0,0,0,0,0,0,0,0,9,8,18,28,33,36,23,21,26,10,12,8,0,0,0
0,0,0,0,0,0,0,6,7,0,9,5,9,13,29,45,50,14,14,12,14,12,9,0,0,0
0,0,0,0,0,0,0,0,0,0,0,0,12,12,37,50,47,12,13,22,13,9,9,0,0,0
0,0,0,0,0,0,0,0,0,0,0,0,9,10,14,25,14,9,0,0,9,0,7,0,0,0
0,0,0,0,0,0,0,0,0,0,0,0,0,8,12,12,6,0,0,7,7,6,0,0,0,0
0,4,0,0,0,0,0,0,0,0,0,0,6,0,9,9,7,0,8,11,10,6,0,0,0,0
0,0,4,0,0,0,0,0,0,0,0,5,8,9,11,10,10,9,9,11,9,7,0,4,0,0
0,0,0,0,0,0,0,0,0,0,0,8,11,11,14,14,12,12,12,12,13,6,8,0,5,0
5,10,13,13,23,51,55,57,65,77,78,80,87,87,111,116,105,99,98,94,73,67,73,60,43,20
7,9,12,18,14,60,64,67,75,71,63,68,81,87,104,100,97,98,98,97,77,71,84,58,36,31
0,9,10,10,9,55,58,67,56,54,58,63,70,79,86,83,86,91,97,97,84,67,59,52,25,12
7,0,10,7,6,13,10,7,50,51,50,52,67,69,75,73,84,90,94,90,79,67,57,51,20,11
8,6,0,7,0,0,0,9,52,50,54,53,58,64,72,73,76,82,88,86,80,68,57,50,15,10
0,0,0,0,0,0,9,10,41,52,50,15,56,58,62,64,68,74,81,82,76,69,58,40,12,9
0,0,0,0,0,7,0,12,30,50,54,59,68,57,59,59,60,64,78,86,83,70,59,50,12,0
0,0,0,0,0,0,0,12,40,53,56,61,62,57,61,55,58,61,73,85,85,67,55,41,13,0
0,0,0,0,0,0,11,25,53,57,57,53,58,61,63,63,61,65,67,75,75,66,56,52,17,8
0,0,0,0,0,0,11,50,58,58,59,59,63,59,61,59,58,61,67,70,66,71,64,55,19,7
0,0,0,0,0,0,10,50,57,63,63,66,67,65,63,57,57,60,61,63,68,73,66,57,35,9
0,6,0,9,0,9,11,54,64,65,67,68,73,74,70,71,69,64,64,66,74,77,74,70,57,33
10,10,8,0,0,10,30,55,64,70,65,67,76,79,79,85,84,83,84,99,112,108,93,75,56,25
8,9,11,8,0,0,9,51,63,77,70,63,73,80,85,96,108,107,106,125,140,114,101,81,59,33
12,18,25,14,14,45,50,62,70,81,78,73,75,83,96,117,137,177,193,198,185,149,128,89,66,54
14,18,30,14,11,25,53,64,73,86,84,73,74,85,99,114,128,152,175,187,173,137,113,86,68,58
13,14,20,12,11,23,28,62,69,78,78,70,73,75,89,107,112,137,159,189,154,114,95,76,63,54
12,10,15,10,11,13,50,56,73,84,81,71,71,78,83,85,94,114,129,152,132,105,81,71,56,48
0,0,7,0,0,0,45,57,64,73,73,66,69,75,73,76,84,86,91,110,101,80,76,59,54,41
0,0,8,0,0,12,19,38,61,75,77,67,72,66,71,70,75,71,73,79,75,73,63,57,48,26
0,7,0,0,7,13,14,39,58,72,72,65,59,59,66,68,70,70,72,71,69,65,64,57,55,26
0,0,0,7,0,11,14,38,55,72,70,65,62,59,66,61,63,65,68,66,63,63,59,32,14,12
5,0,0,0,0,13,14,22,37,61,68,57,55,57,54,57,52,58,59,57,54,51,47,28,24,12
0,0,0,5,0,0,8,28,44,63,66,57,60,54,56,54,58,59,61,60,57,53,52,14,19,9
0,5,6,0,0,8,7,12,53,65,65,64,62,52,52,15,56,60,60,60,57,53,52,14,12,9
0,0,0,0,0,0,8,10,46,59,60,57,29,13,12,33,53,56,57,56,54,21,42,12,11,7
0,0,0,0,0,0,8,10,18,55,55,10,8,9,11,41,37,41,53,52,50,9,12,9,6,0
0,0,0,0,0,5,6,13,53,61,14,5,9,9,35,51,47,50,51,52,39,9,13,8,0,0
0,0,0,0,0,0,0,32,20,13,9,8,5,13,29,45,45,47,50,50,45,13,11,8,0,0
0,0,0,0,0,0,0,6,0,8,0,0,0,12,25,36,25,30,36,32,15,10,0,0,5,0
0,0,0,0,0,0,0,0,0,0,9,0,9,12,15,23,19,14,23,30,14,9,6,7,0,0
0,0,0,0,0,0,0,0,0,0,9,6,10,13,15,25,23,18,22,21,13,9,7,6,0,0
0,0,0,0,0,0,0,0,0,0,0,9,8,15,29,33,37,26,26,26,11,11,8,0,0,0
0,0,0,0,0,0,0,6,7,0,9,0,9,12,31,45,50,14,17,13,17,12,9,0,0,0
0,0,0,0,0,0,0,6,0,0,0,0,11,12,37,50,50,13,13,27,13,9,10,0,0,0
0,0,0,0,0,0,0,0,0,0,0,0,8,10,15,25,14,9,0,0,8,0,7,0,0,0
0,0,0,0,0,0,0,0,0,0,0,0,0,8,12,12,7,0,0,7,7,0,0,0,0,0
0,4,0,0,0,0,0,0,0,0,0,0,6,0,8,9,8,0,9,11,9,6,0,0,0,0
0,0,4,0,0,0,0,0,0,0,0,5,8,9,11,10,9,9,10,11,9,6,0,4,0,0
0,0,0,0,0,0,0,0,0,0,0,8,11,11,15,14,12,13,12,13,12,6,8,0,5,0
0,10,12,13,23,51,54,57,65,76,78,79,87,87,110,116,105,99,98,94,73,66,74,60,43,20
7,10,12,18,14,60,64,67,75,71,63,69,81,88,103,100,96,97,98,97,77,71,84,58,34,29
0,9,10,10,9,54,58,67,56,53,58,63,70,78,86,82,86,90,97,97,84,66,60,52,23,13
7,0,10,7,6,13,10,7,50,51,51,52,67,69,74,73,84,89,95,90,79,66,57,50,20,10
7,6,0,7,0,0,0,9,52,50,54,53,58,64,72,73,76,82,88,85,80,68,57,50,14,9
0,0,0,0,0,0,9,11,38,52,50,15,56,58,62,64,68,74,81,82,76,67,58,37,12,9
0,0,0,0,0,7,0,12,30,50,54,59,68,58,60,60,60,64,78,86,83,70,59,50,12,0
0,0,0,0,0,0,0,12,37,52,56,61,62,57,61,55,58,61,73,85,86,67,55,44,13,0
0,0,0,0,0,0,11,23,53,57,56,54,58,62,63,63,60,64,66,75,75,65,56,52,17,8
0,0,0,0,0,0,11,50,57,57,58,60,63,60,62,59,58,60,67,70,66,70,63,56,17,7
0,0,0,0,0,0,11,50,56,64,63,66,67,65,63,57,56,59,60,63,68,72,66,57,35,9
0,6,0,8,0,9,11,53,64,65,67,67,73,74,70,71,70,64,64,67,74,77,74,70,57,33
10,10,8,0,0,10,30,56,64,70,65,67,76,79,79,85,84,83,84,99,112,108,93,75,56,25
8,9,11,9,0,0,9,51,62,77,70,63,73,80,85,96,108,106,106,125,140,114,101,81,59,35
12,18,23,14,14,46,50,63,70,81,78,73,75,83,96,118,136,176,192,199,184,149,127,89,66,54
14,18,30,14,11,20,52,64,73,85,84,73,74,84,99,114,128,152,174,188,174,137,113,86,68,58
14,14,20,12,11,23,25,62,69,78,78,71,73,75,89,108,111,137,159,191,154,114,95,76,63,54
13,10,16,10,11,13,45,56,72,83,81,72,71,77,83,86,94,114,128,152,131,104,80,71,56,46
0,0,7,0,0,0,42,57,64,73,73,66,69,75,73,76,84,85,91,110,101,80,76,59,54,40
0,4,8,0,0,12,17,38,61,75,76,67,72,66,71,71,75,70,73,79,75,73,63,57,48,23
0,6,0,0,7,13,14,39,58,72,72,65,59,59,66,69,69,69,72,71,69,65,64,57,55,28
0,0,0,7,0,11,14,36,54,72,70,65,62,59,65,62,63,64,67,66,63,62,59,32,14,12
5,0,0,0,0,12,13,20,37,60,68,57,55,57,54,58,52,58,59,57,54,51,47,28,25,12
0,0,0,0,0,0,8,28,45,63,67,57,60,54,55,54,58,59,60,59,57,52,52,14,19,9
0,0,6,0,0,8,6,12,53,65,65,64,62,53,52,15,56,59,60,59,58,52,52,14,12,9
0,0,0,0,0,0,8,10,46,59,60,57,31,13,12,33,53,55,57,56,54,18,42,12,11,7
0,0,0,0,0,0,7,11,16,54,55,10,8,9,11,41,37,41,52,52,50,9,11,9,7,0
0,0,0,0,0,0,6,13,53,61,14,5,9,9,31,51,47,47,51,51,41,8,13,8,0,0
0,0,0,0,0,0,0,30,20,13,9,8,0,13,25,50,45,45,50,50,45,12,11,8,0,0
0,0,0,0,0,0,0,7,0,8,0,0,0,12,23,38,29,25,34,35,20,10,0,0,0,0
0,0,0,0,0,0,0,0,0,0,9,0,9,12,14,27,19,14,27,30,15,8,6,7,0,0
0,0,0,0,0,0,0,0,0,0,9,6,9,13,14,26,25,15,23,20,14,8,0,6,0,0
0,0,0,0,0,0,0,0,0,0,0,9,8,15,28,35,38,25,27,26,11,10,8,0,0,0
0,0,0,0,0,0,0,7,7,0,9,0,9,12,34,47,50,14,19,13,21,12,10,0,0,0
0,0,0,0,0,0,0,0,0,0,0,0,11,12,40,50,50,13,13,27,13,8,10,0,0,0
0,0,0,0,0,0,0,0,0,0,0,0,8,10,15,27,14,9,0,0,9,0,7,0,0,0
0,0,0,0,0,0,0,0,0,0,0,0,0,8,12,12,7,0,0,7,7,0,0,0,0,0
0,4,0,0,0,0,0,0,0,0,0,0,5,0,9,10,7,0,9,11,10,6,0,0,0,0
0,0,4,0,0,0,0,0,0,0,0,5,8,9,12,10,9,9,9,11,9,6,0,4,0,0
0,0,0,0,0,0,0,0,0,0,0,8,11,11,14,15,12,12,12,12,13,6,8,0,5,0
0,10,13,13,24,51,54,57,65,77,78,80,87,87,110,116,105,99,98,94,73,67,74,60,43,22
7,10,12,19,14,61,64,67,75,71,63,69,81,87,103,100,97,97,98,96,77,71,84,58,29,27
0,9,11,10,9,55,58,67,55,53,59,63,70,78,86,82,86,90,97,97,84,66,60,53,21,13
7,0,10,6,6,13,9,7,50,51,51,52,66,68,74,72,84,89,95,90,79,66,57,50,17,10
8,6,0,7,0,0,0,9,51,50,55,53,57,63,72,73,75,82,88,85,80,68,56,50,14,9
0,0,0,0,0,0,9,10,38,52,50,14,56,57,62,63,67,74,81,82,76,68,58,37,12,8
0,0,0,0,0,6,0,12,30,46,54,59,68,57,60,60,59,63,78,86,83,70,59,50,11,0
0,0,0,0,0,0,0,12,34,51,57,60,61,57,62,54,58,61,73,84,86,67,55,44,13,0
0,0,0,0,0,0,11,25,53,57,57,54,58,61,63,62,60,64,67,76,75,65,56,52,14,8
0,0,0,0,0,0,11,50,57,57,58,60,64,60,62,60,58,60,66,70,66,71,64,56,15,8
0,0,0,0,0,0,10,50,56,64,63,66,68,65,63,57,57,59,60,64,68,72,66,57,37,9
0,6,0,9,0,10,11,54,64,65,68,67,74,73,70,71,70,64,64,66,74,78,75,71,57,31
10,10,8,0,0,10,30,56,63,70,66,67,76,78,79,85,83,83,84,99,112,107,93,75,55,23
7,9,11,9,0,0,9,51,62,77,70,63,74,80,84,96,108,106,107,126,139,113,102,81,59,35
12,20,21,13,14,48,50,62,70,81,78,73,75,83,97,118,136,176,192,200,184,148,128,89,66,53
14,20,28,15,10,21,52,64,73,85,84,74,74,84,98,114,129,152,174,187,173,137,114,86,68,58
14,14,21,12,12,23,23,62,69,78,78,71,73,75,89,108,112,138,158,190,154,114,95,75,63,54
13,10,14,9,11,14,45,56,72,83,81,72,71,77,83,85,94,114,129,153,131,104,80,71,56,46
0,0,6,0,0,0,42,57,65,73,73,66,69,74,73,76,84,85,91,110,101,79,76,60,54,40
0,5,8,0,0,12,19,36,61,75,77,67,72,66,71,71,75,70,73,79,76,73,63,57,44,23
0,6,0,0,7,12,14,37,58,71,72,65,59,60,67,69,69,69,72,70,69,64,64,57,54,30
0,0,0,8,0,11,14,36,54,72,70,65,62,59,66,62,63,64,67,66,63,62,59,32,14,12
0,0,0,0,0,11,13,19,36,61,68,57,56,57,54,58,52,58,59,57,54,51,47,28,23,11
0,0,0,0,0,0,8,28,45,63,66,57,60,54,55,53,58,58,60,59,58,52,52,14,16,9
0,0,6,5,0,8,6,11,52,65,65,64,62,52,52,16,56,59,60,59,58,52,51,15,13,9
0,0,0,0,0,0,8,9,42,59,60,57,31,13,11,33,53,55,57,56,54,18,40,12,10,6
0,0,0,0,0,0,7,10,15,54,55,10,8,9,11,41,39,39,51,52,50,8,11,8,6,0
0,0,0,0,0,0,6,13,53,61,14,5,9,9,31,51,50,47,51,51,39,8,13,9,0,0
0,0,0,0,0,0,0,28,18,13,9,8,6,13,27,50,45,43,50,47,45,12,11,8,0,0
0,0,0,0,0,0,0,6,0,8,0,0,0,12,25,38,31,21,28,35,17,10,0,0,0,0
0,0,0,0,0,0,0,0,0,0,9,0,9,12,14,25,19,14,25,27,14,8,6,7,0,0
0,0,0,0,0,0,0,0,0,0,9,6,9,13,14,25,25,15,26,21,14,8,6,6,0,0
0,0,0,0,0,0,0,0,0,0,0,10,8,14,28,35,40,23,26,27,11,10,9,0,0,0
0,0,0,0,0,0,0,6,7,0,9,5,9,12,36,47,51,15,17,13,19,11,9,0,0,0
0,0,0,0,0,0,0,6,0,0,0,0,11,12,40,50,50,13,13,30,12,8,10,0,0,0
0,0,0,0,0,0,0,0,0,0,0,0,8,10,17,35,14,9,0,0,8,0,7,0,0,0
0,0,0,0,0,0,0,0,0,0,0,0,0,8,12,12,7,0,0,8,7,0,0,0,0,0
0,4,0,0,0,0,0,0,0,0,0,0,5,0,9,10,7,0,9,11,10,6,0,0,0,0
0,0,4,0,0,0,0,0,0,0,0,5,8,9,12,10,9,9,9,11,9,6,0,4,0,0
0,0,0,0,0,0,0,0,0,0,0,8,11,11,14,15,13,12,12,13,12,6,8,0,5,0
0,10,13,13,25,51,55,57,65,76,78,79,86,86,111,116,105,99,98,95,73,66,74,60,41,22
7,10,12,19,14,60,64,68,74,71,63,68,81,86,103,99,97,97,98,97,76,70,83,58,29,29
0,9,11,10,9,54,58,67,56,53,59,63,70,78,86,82,86,90,97,97,83,66,60,53,21,13
6,0,10,6,6,13,9,6,50,51,52,52,66,67,74,72,84,89,95,89,79,66,57,50,19,10
8,5,0,7,0,0,0,9,52,50,56,53,57,63,72,74,75,82,88,85,79,68,56,50,14,9
0,0,0,0,0,0,9,10,38,52,50,14,56,57,62,63,67,74,80,83,76,68,58,37,12,8
0,0,0,0,0,0,0,12,27,43,54,58,67,57,60,60,60,63,77,85,82,69,59,50,11,0
0,0,0,0,0,0,0,12,34,52,57,60,61,57,62,55,58,61,72,84,85,66,55,38,13,0
0,0,0,0,0,0,11,25,53,56,57,54,57,61,64,62,60,64,67,76,75,65,56,52,14,9
0,0,0,0,0,0,11,46,57,56,59,59,63,60,61,60,59,60,65,69,65,71,64,57,14,8
0,0,0,0,0,0,11,50,56,63,63,66,68,67,63,58,57,59,60,63,68,72,67,57,40,9
0,6,0,9,0,9,12,53,64,65,68,67,74,73,70,71,69,64,64,66,74,77,75,70,57,35
9,10,9,0,0,10,30,56,63,70,66,68,76,78,80,84,84,84,83,98,112,106,93,75,54,25
7,8,11,9,0,0,9,51,61,77,70,64,73,80,84,96,109,107,106,126,139,113,101,81,58,37
12,18,21,13,14,45,50,62,69,81,78,73,74,83,97,118,135,176,192,199,183,148,127,88,65,55
14,18,30,15,10,21,53,64,72,85,84,74,73,84,99,114,129,152,175,187,173,136,113,86,67,58
14,14,25,12,12,21,23,62,69,78,77,71,72,75,90,107,111,137,158,191,153,113,96,75,61,54
12,10,14,9,11,14,45,57,72,83,82,72,71,77,84,86,94,114,128,153,130,104,80,71,56,48
0,0,6,0,0,0,42,57,64,73,73,67,68,75,73,76,84,85,91,111,101,79,76,59,54,41
0,5,8,0,0,12,19,36,60,75,76,67,72,66,70,71,75,71,72,79,75,73,63,57,44,25
0,6,0,0,7,12,14,39,58,71,73,65,59,60,67,68,69,69,71,71,69,64,64,57,54,31
0,0,0,7,0,11,14,36,54,72,70,65,62,59,66,61,63,64,67,66,63,62,59,32,13,12
0,0,0,0,0,11,14,20,35,61,68,57,55,56,54,57,52,58,58,58,54,51,47,28,22,11
0,0,0,5,0,0,8,28,44,62,67,57,60,54,55,53,58,58,60,59,57,52,51,15,16,9
0,0,6,0,0,8,6,11,52,65,64,63,62,52,52,16,56,59,59,60,58,52,52,14,12,9
0,0,0,0,0,0,8,9,41,58,60,57,31,13,11,32,53,56,57,56,54,18,44,12,10,6
0,0,0,0,0,0,7,10,15,53,55,10,8,9,12,39,37,41,51,52,50,8,11,8,6,0
0,0,0,0,0,0,6,13,53,61,15,5,9,8,33,51,50,47,51,52,37,8,13,8,0,0
0,0,0,0,0,0,0,28,18,13,10,8,6,13,31,50,45,36,50,50,40,11,11,9,0,0
0,0,0,0,0,0,0,6,0,8,0,0,0,12,27,38,31,23,25,35,15,10,0,0,5,0
0,0,0,0,0,0,0,0,0,0,9,0,8,12,14,25,21,19,19,30,14,8,6,7,0,0
0,0,0,0,0,0,0,0,0,0,9,6,9,13,14,26,25,16,23,21,13,8,6,6,0,0
0,0,0,0,0,0,0,0,0,0,0,10,9,14,29,36,39,26,26,27,11,10,8,0,0,0
0,0,0,0,0,0,0,6,7,0,9,6,9,13,36,50,51,19,17,13,17,11,10,0,0,0
0,0,0,0,0,0,0,0,0,0,0,0,10,12,42,50,50,13,13,27,12,8,10,0,0,0
0,0,0,0,0,0,0,0,0,0,0,0,8,11,19,32,15,9,0,0,8,0,7,0,0,0
0,0,0,0,0,0,0,0,0,0,0,0,0,8,12,13,7,0,0,8,7,0,0,0,0,0
0,4,0,0,0,0,0,0,0,0,0,0,5,0,9,10,7,5,9,11,10,6,0,0,0,0
0,0,4,0,0,0,0,0,0,0,0,6,8,8,12,10,9,9,9,12,9,6,0,4,0,0
0,0,0,0,0,0,0,0,0,0,0,8,11,11,14,14,13,12,12,12,12,6,8,0,5,0
0,10,13,13,25,51,55,57,65,76,78,80,87,87,110,116,105,100,98,94,73,65,74,60,39,22
7,9,12,19,14,60,63,67,75,71,63,69,81,86,103,99,97,98,98,97,77,70,84,58,27,29
0,9,11,11,9,54,58,67,56,53,59,64,70,77,85,81,87,90,97,97,83,66,60,53,17,12
6,0,10,0,6,13,9,6,50,51,52,52,66,67,73,72,83,89,95,89,79,65,57,47,17,10
7,0,0,8,0,0,0,10,51,50,56,53,57,63,72,74,75,82,88,85,79,68,56,50,14,10
0,0,0,0,0,0,9,10,41,52,50,14,56,57,61,63,67,73,80,83,76,67,58,30,11,8
0,0,0,0,0,0,0,11,27,43,53,58,67,57,59,60,59,63,78,85,83,69,59,50,12,0
0,0,0,0,0,0,0,11,37,52,56,60,61,57,62,55,57,61,73,84,86,66,55,38,13,0
0,0,0,0,0,0,11,25,53,57,57,54,58,62,64,62,59,64,66,76,75,65,56,52,14,8
0,0,0,0,0,0,11,46,57,57,60,59,62,59,61,61,59,60,65,70,65,71,64,56,14,8
0,0,0,0,0,0,11,50,56,63,64,66,68,67,64,59,56,60,60,63,67,72,66,57,37,9
0,0,0,8,0,9,12,53,64,65,69,68,73,73,71,72,69,64,63,66,73,77,75,70,56,37
9,10,8,0,0,10,33,55,63,70,66,68,76,78,80,84,83,84,84,99,112,106,93,75,54,25
8,8,11,9,0,0,9,50,61,77,70,63,73,80,83,96,109,107,106,125,138,113,101,80,58,35
11,16,21,13,14,45,50,62,69,81,79,73,74,83,97,118,133,177,191,200,183,148,127,88,65,55
15,18,30,15,10,23,53,64,73,85,84,74,73,85,99,114,129,152,175,188,172,137,113,86,67,58
14,15,26,12,11,21,23,61,69,78,78,71,72,75,90,107,111,138,158,191,154,114,95,75,61,54
12,9,14,9,11,14,50,57,72,83,82,71,71,77,83,86,94,114,128,154,131,104,80,71,56,45
0,0,0,0,0,0,42,57,65,73,73,66,68,75,73,76,84,85,91,111,101,79,76,59,54,40
0,5,8,0,0,12,15,36,60,75,76,67,72,66,70,71,75,71,73,79,75,73,63,56,41,23
0,6,0,0,7,12,14,35,58,71,73,65,59,60,67,68,70,69,71,71,69,64,64,56,54,30
0,0,0,7,0,11,14,31,54,72,70,65,62,59,66,61,63,65,67,65,63,62,59,30,13,12
0,0,0,0,0,11,14,19,36,60,68,58,55,56,54,57,52,58,58,58,54,51,46,28,22,12
0,0,0,5,0,0,8,26,44,62,67,58,60,54,55,53,58,59,60,59,57,52,51,16,15,9
0,0,6,0,0,8,6,12,52,64,65,63,62,52,52,16,56,59,59,59,58,52,52,14,11,10
0,0,0,0,0,0,8,9,41,58,60,57,31,13,11,32,53,56,56,55,54,18,42,12,10,0
0,0,0,0,0,0,7,10,15,54,55,10,8,8,12,41,35,43,51,52,50,8,12,8,0,0
0,0,0,0,0,0,6,13,53,61,17,5,9,8,33,51,50,50,51,52,37,8,13,8,0,0
0,0,0,0,0,0,0,26,18,13,10,8,6,13,34,50,50,43,50,47,38,12,11,8,0,0
0,0,0,0,0,0,0,0,0,8,0,0,0,12,25,43,31,23,26,35,17,10,0,0,0,0
0,0,0,0,0,0,0,0,0,0,9,0,9,12,14,25,23,19,19,27,14,8,6,7,0,0
0,0,0,0,0,0,0,0,0,0,9,6,9,13,14,28,26,16,23,21,13,8,0,6,0,0
0,0,0,0,0,0,0,0,0,0,0,10,9,14,28,37,38,26,26,27,11,10,8,0,0,0
0,0,0,0,0,0,0,6,7,0,9,6,9,13,34,50,50,17,17,13,17,12,9,0,0,0
0,0,0,0,0,0,0,0,0,0,0,0,10,12,42,50,50,13,13,27,12,8,10,0,0,0
0,0,0,0,0,0,0,0,0,0,0,0,8,11,17,35,15,9,0,0,8,0,7,0,0,0
0,0,0,0,0,0,0,0,0,0,0,0,0,8,12,12,7,0,0,9,7,0,0,0,0,0
0,4,0,0,0,0,0,0,0,0,0,0,6,0,9,10,7,5,9,11,10,6,0,0,0,0
0,0,4,0,0,0,0,0,0,0,0,6,8,8,12,10,10,9,9,12,9,6,0,0,0,0
0,0,0,0,0,0,0,0,0,0,0,8,11,11,14,15,13,12,12,12,13,6,7,0,5,0
0,10,13,13,26,51,55,56,64,76,78,80,87,86,110,116,105,100,98,95,73,66,74,59,41,23
7,9,12,19,14,60,63,67,75,71,63,69,81,85,103,98,97,98,98,98,77,70,83,58,31,31
0,9,11,11,10,54,58,66,56,53,59,64,70,77,86,81,87,90,97,97,83,66,59,52,21,12
6,0,10,0,6,13,10,6,50,51,52,52,66,66,73,72,83,89,94,89,79,66,57,47,20,11
8,0,0,8,0,0,0,9,51,47,55,53,57,62,72,74,76,82,88,85,79,68,57,50,14,11
0,0,0,0,0,0,9,9,44,52,50,14,56,56,60,63,67,73,81,83,76,67,58,32,11,8
0,0,0,0,0,0,0,11,27,46,53,58,67,56,59,60,60,63,78,86,82,69,59,50,11,0
0,0,0,0,0,0,0,11,37,52,56,60,60,56,62,54,58,61,73,85,85,66,55,41,13,0
0,0,0,0,0,0,11,25,53,56,58,54,58,61,64,62,59,64,66,76,75,65,56,52,14,8
0,0,0,0,0,0,11,46,58,57,60,59,62,58,60,61,59,60,65,70,65,71,63,56,14,9
0,0,0,0,0,0,11,50,56,63,64,66,68,67,63,58,57,59,60,64,67,72,66,57,40,10
0,0,0,8,0,8,12,53,64,65,68,69,73,73,71,72,69,64,64,66,74,77,75,69,57,37
10,10,8,0,0,10,36,55,63,70,66,67,75,78,80,84,84,84,83,99,112,106,93,75,54,27
8,8,11,8,0,0,9,50,62,77,70,63,73,79,83,96,109,107,105,126,139,113,101,80,58,35
11,16,25,13,14,45,50,61,69,81,79,73,74,83,96,118,135,178,192,200,183,149,126,88,65,55
15,16,32,15,10,27,54,64,73,85,84,73,73,85,99,115,129,153,176,190,171,136,113,86,67,58
14,14,25,12,11,23,25,61,69,78,78,70,72,75,90,107,112,138,160,191,154,113,96,75,61,54
12,9,14,9,12,14,50,57,71,83,81,71,72,77,84,86,95,114,128,154,131,104,81,71,56,48
0,0,0,0,6,0,47,56,65,73,73,66,68,75,73,75,84,85,91,112,101,79,76,59,54,45
0,4,8,0,0,11,15,36,61,75,77,67,72,65,70,70,75,71,73,80,75,73,63,57,44,26
0,6,0,0,7,12,14,33,58,71,73,65,59,59,66,68,70,69,71,71,69,63,64,56,54,28
0,0,0,7,0,11,14,31,54,71,70,64,61,59,66,61,63,64,67,66,63,62,59,30,13,13
0,0,0,0,0,12,14,20,36,61,68,58,54,56,54,57,52,58,58,58,54,52,46,27,21,12
0,0,0,0,0,0,8,25,43,62,66,58,59,54,56,53,59,58,60,59,57,53,51,16,14,9
0,0,7,0,0,8,7,11,52,64,64,63,62,52,52,16,56,59,59,60,58,53,51,15,11,10
0,0,0,0,0,0,8,9,39,58,60,57,31,12,11,32,53,56,57,56,54,20,42,12,9,6
0,0,0,0,0,0,8,10,15,54,55,10,8,8,12,39,37,43,52,52,50,8,12,8,0,0
0,0,0,0,0,0,6,13,53,61,17,0,9,8,35,51,51,50,51,52,37,8,13,8,0,0
0,0,0,0,0,0,0,26,18,13,10,8,5,13,34,50,50,43,50,50,34,12,11,8,0,0
0,0,0,0,0,0,0,0,0,8,0,0,0,12,27,43,31,23,26,37,14,10,0,0,0,0
0,0,0,0,0,0,0,0,0,0,9,0,9,12,14,23,25,19,15,32,14,8,6,7,0,0
0,0,0,0,0,0,0,0,0,0,9,6,9,12,14,28,27,16,23,22,13,9,0,6,0,0
0,0,0,0,0,0,0,0,0,0,0,10,9,14,28,36,38,27,27,30,11,10,8,0,0,0
0,0,0,0,0,0,0,6,7,0,9,6,9,13,36,50,51,15,21,14,15,12,9,0,0,0
0,0,0,0,0,0,0,0,0,0,0,0,11,12,40,50,50,13,13,32,11,8,9,0,0,0
0,0,0,0,0,0,0,0,0,0,0,0,8,10,17,35,17,9,0,0,8,0,7,0,0,0
0,0,0,0,0,0,0,0,0,0,0,0,0,8,12,13,7,0,0,9,7,6,0,0,0,0
0,4,0,0,0,0,0,0,0,0,0,0,6,0,9,10,7,6,9,11,10,7,0,0,0,0
0,0,4,0,0,0,0,0,0,0,0,6,8,8,12,10,11,10,9,12,9,6,0,0,0,0
0,0,0,0,0,0,0,0,0,0,0,8,10,11,14,15,13,12,12,13,12,6,7,0,5,0
5,10,13,13,23,51,54,55,64,76,78,79,87,87,111,116,106,100,98,94,73,66,74,59,43,22
8,9,12,16,13,59,62,66,75,71,64,69,82,85,103,98,97,99,99,98,78,71,83,58,34,33
0,9,11,11,9,54,58,68,57,54,60,64,70,77,86,81,87,91,98,97,84,66,59,52,21,13
7,0,10,0,7,13,10,7,51,52,52,53,66,66,73,72,83,90,95,89,79,66,58,50,22,11
8,0,0,7,0,0,0,9,52,47,55,53,57,62,72,73,76,82,87,85,80,68,57,50,14,11
0,0,0,0,0,0,8,9,47,51,50,14,55,56,59,62,67,72,81,82,76,67,58,32,11,8
0,0,0,0,0,0,0,11,27,43,52,57,66,56,59,60,60,63,78,86,82,69,58,50,12,0
0,0,0,0,0,0,0,11,37,52,55,61,60,57,61,54,58,62,72,84,85,66,55,41,13,0
0,0,0,0,0,0,10,25,53,56,57,54,57,61,64,62,59,64,66,76,75,65,56,51,14,8
0,0,0,0,0,0,10,50,58,57,60,59,62,58,60,60,59,61,65,70,65,71,63,56,15,9
0,0,0,0,0,0,11,47,56,62,64,66,67,67,63,57,56,60,60,64,68,72,66,57,37,9
0,0,0,8,0,8,12,53,64,64,67,69,73,73,71,72,69,65,65,66,74,77,74,69,57,35
10,10,8,0,0,11,36,54,63,70,66,67,75,78,80,84,83,84,84,99,112,107,93,75,54,31
8,9,11,8,0,0,8,50,63,77,70,63,72,79,83,95,109,107,104,124,139,113,101,79,58,35
12,16,28,13,14,45,48,62,69,81,79,73,75,83,96,117,137,178,192,200,183,149,127,88,65,55
15,16,34,14,11,27,54,63,73,85,84,73,73,85,99,114,129,153,176,190,172,137,113,86,67,58
14,14,25,13,10,23,25,61,69,78,77,69,72,76,90,107,112,137,160,191,154,113,96,75,61,55
12,9,13,10,12,13,50,56,72,83,81,71,71,77,83,86,94,114,129,153,131,104,81,71,56,48
0,0,6,0,6,0,45,56,64,72,72,66,68,75,73,75,84,85,91,112,101,79,76,59,54,41
0,0,8,0,0,11,14,40,60,75,77,67,72,65,71,70,75,71,73,80,75,73,62,57,42,26
0,6,0,0,7,12,14,33,58,71,73,65,59,59,66,68,69,69,71,71,69,63,63,56,54,25
0,0,0,7,0,12,14,31,54,71,70,64,61,59,65,61,63,65,67,66,63,62,59,30,13,13
5,0,0,0,0,13,14,20,37,60,68,58,54,55,54,56,52,58,58,58,53,52,45,28,22,13
0,0,0,0,0,0,8,25,43,62,67,58,59,54,56,53,58,59,60,59,56,52,51,16,15,9
0,0,6,0,0,8,6,11,52,64,65,63,62,52,52,16,56,59,59,60,58,53,51,14,11,10
0,0,0,0,0,0,8,10,41,58,60,57,29,12,11,30,53,56,57,56,54,20,42,12,10,6
0,0,0,0,0,0,8,10,16,54,55,10,8,8,12,41,37,47,52,52,50,8,12,8,6,0
0,0,0,0,0,0,6,13,53,61,17,0,8,8,31,51,50,50,51,52,41,8,13,8,0,0
0,0,0,0,0,0,0,26,18,13,10,8,0,13,31,50,50,45,47,50,34,12,10,8,0,0
0,0,0,0,0,0,0,0,0,8,0,0,0,12,25,40,34,25,30,35,15,10,0,0,0,0
0,0,0,0,0,0,0,0,0,0,9,0,9,12,14,21,25,21,17,30,14,8,0,7,0,0
0,0,0,0,0,0,0,0,0,0,9,6,9,12,14,30,30,18,22,22,13,9,0,6,0,0
0,0,0,0,0,0,0,0,0,0,0,8,8,14,28,35,37,28,28,28,11,10,8,0,0,0
0,0,0,0,0,0,0,6,7,0,9,6,10,13,34,50,50,15,25,13,17,12,9,0,0,0
0,0,0,0,0,0,0,0,0,0,0,0,10,12,42,50,50,13,13,27,12,8,9,0,0,0
0,0,0,0,0,0,0,0,0,0,0,0,8,10,17,30,15,9,0,0,8,0,7,0,0,0
0,0,0,0,0,0,0,0,0,0,0,0,0,8,12,13,7,0,0,9,7,0,0,0,0,0
0,4,0,0,0,0,0,0,0,0,0,0,6,0,9,10,7,6,9,11,9,6,0,0,0,0
0,0,4,0,0,0,0,0,0,0,0,6,8,8,12,10,11,10,10,12,9,7,0,4,0,0
0,0,0,0,0,0,0,0,0,0,0,8,10,11,14,14,13,12,12,12,13,6,7,0,5,0
0,10,12,12,21,50,52,55,64,75,79,80,87,87,109,116,105,100,98,94,73,66,74,59,41,22
7,9,11,14,13,58,60,66,76,72,64,70,82,86,101,98,96,99,100,98,78,71,84,58,31,31
0,9,11,10,8,53,57,70,58,55,60,64,70,77,86,81,86,91,99,98,85,67,60,53,25,13
7,0,10,6,7,12,11,8,52,53,52,53,67,66,72,72,83,90,95,90,79,67,58,50,25,11
7,0,0,7,0,0,0,9,52,50,54,53,57,62,71,72,76,81,87,85,80,69,58,50,14,11
0,0,0,0,0,0,8,9,44,51,43,14,55,55,59,62,67,73,81,82,75,67,58,32,12,8
0,0,0,0,0,0,0,11,25,46,52,57,66,56,59,59,60,63,78,86,82,69,59,50,12,0
0,0,0,0,0,0,0,11,34,51,54,60,59,57,61,53,58,62,72,84,85,66,55,44,13,0
0,0,0,0,0,0,10,23,53,55,57,54,58,60,64,62,59,64,66,76,74,66,56,52,17,8
0,0,0,0,0,0,10,50,57,58,59,59,62,58,60,60,59,61,65,69,65,71,62,55,17,8
0,0,0,0,0,0,11,44,56,63,63,66,68,67,63,57,57,60,60,64,68,72,67,57,37,10
0,0,0,8,0,9,11,53,64,65,68,69,73,72,71,72,69,64,65,66,74,77,74,69,57,35
10,10,8,7,0,11,38,55,64,70,66,66,76,78,79,84,83,83,84,100,112,107,93,75,55,27
8,9,11,8,0,0,9,51,63,77,70,63,73,79,83,95,109,108,105,124,138,113,101,79,59,32
12,18,26,13,14,43,48,62,70,81,78,73,75,83,95,116,137,178,192,200,183,149,127,88,65,55
15,18,32,14,11,27,53,63,73,85,84,73,73,85,98,114,128,153,176,190,173,137,114,87,68,58
13,14,21,12,10,21,23,62,69,78,77,69,72,75,89,107,112,138,162,190,154,114,95,75,63,55
12,9,13,10,11,13,50,56,71,83,81,71,71,77,83,86,94,114,129,152,131,103,81,71,56,46
0,0,7,0,0,0,45,56,66,73,72,65,68,74,73,75,84,85,91,112,101,79,76,59,54,41
0,0,8,0,0,11,15,43,61,75,77,67,72,65,70,70,75,71,74,80,75,72,62,57,46,26
0,6,0,0,7,12,14,33,57,71,72,64,59,59,66,68,69,69,71,71,69,63,64,56,54,26
0,0,0,7,0,11,14,29,54,71,70,64,61,59,64,61,63,65,67,65,63,61,59,30,14,13
0,0,0,0,0,13,14,18,37,59,68,58,54,55,53,56,52,58,59,57,54,52,46,28,22,13
0,0,0,0,0,0,8,25,43,63,66,57,59,54,56,53,58,58,60,59,57,53,51,15,16,9
0,0,6,0,0,7,7,10,52,65,64,63,62,52,52,15,56,59,59,60,58,53,51,14,12,10
0,0,0,0,0,0,7,10,42,58,60,56,27,12,11,32,53,56,57,55,54,18,40,12,11,7
0,0,0,0,0,0,8,10,21,54,55,10,8,8,11,45,37,50,53,52,50,8,12,8,6,0
0,0,0,0,0,0,6,15,58,61,14,0,9,8,31,51,50,50,51,52,42,7,12,8,0,0
0,0,0,0,0,0,0,32,28,13,9,8,0,13,29,50,50,50,47,50,36,12,11,7,0,0
0,0,0,0,0,0,0,0,0,8,0,0,0,12,23,40,29,25,32,37,15,10,0,0,0,0
0,0,0,0,0,0,0,0,0,0,9,0,9,12,14,21,23,17,21,27,14,8,0,7,0,0
0,0,0,0,0,0,0,0,0,0,9,6,9,12,14,28,30,21,26,22,13,8,0,6,0,0
0,0,0,0,0,0,0,0,0,0,0,8,8,14,27,35,37,28,29,30,12,10,8,0,0,0
0,0,0,0,0,0,0,6,7,0,9,6,9,12,34,47,50,15,25,13,17,12,9,0,0,0
0,0,0,0,0,0,0,0,0,0,0,0,11,12,37,50,50,13,14,27,13,8,10,0,0,0
0,0,0,0,0,0,0,0,0,0,0,0,8,10,17,30,15,9,0,0,8,0,7,0,0,0
0,0,0,0,0,0,0,0,0,0,0,0,0,8,12,13,7,0,0,9,8,0,0,0,0,0
0,0,0,0,0,0,0,0,0,0,0,0,6,0,8,10,7,6,9,11,9,7,0,0,0,0
0,0,4,0,0,0,0,0,0,0,0,6,8,8,11,10,10,10,10,12,9,6,0,4,0,0
0,0,0,0,0,0,0,0,0,0,0,8,11,11,14,14,13,12,12,13,13,6,7,0,5,0
6,11,13,13,26,51,55,58,67,78,80,80,88,87,109,114,104,100,98,95,73,66,74,58,41,22
9,10,12,22,23,66,67,73,80,73,64,70,84,86,101,97,96,99,100,99,78,72,83,59,31,31
0,10,13,12,11,57,63,70,59,55,61,64,71,77,86,80,86,91,99,98,85,67,61,54,29,14
6,0,10,9,8,13,12,8,52,54,52,54,67,66,72,71,83,90,95,90,79,68,58,51,27,11
7,6,5,8,0,0,0,10,52,47,54,53,57,62,70,72,75,81,87,85,79,68,58,50,14,11
0,0,0,0,0,0,8,9,41,51,37,13,54,55,58,61,66,72,81,81,75,67,58,35,12,8
0,0,0,0,0,0,0,11,25,40,52,57,66,56,58,59,60,63,77,86,82,68,59,50,12,0
0,0,0,0,0,0,7,12,37,50,53,60,59,56,60,54,57,61,72,84,84,66,55,47,13,0
0,0,0,0,0,0,11,21,52,54,56,53,58,59,64,62,58,64,66,75,74,66,57,52,17,8
0,0,0,0,0,0,11,50,56,56,58,58,63,59,61,59,59,60,65,69,65,71,62,55,19,8
0,0,0,0,0,0,11,38,54,61,61,65,67,66,63,58,57,60,61,64,68,72,67,58,40,9
0,0,0,8,0,9,10,52,62,63,66,68,72,71,71,72,70,65,65,66,75,77,74,70,57,35
9,10,8,7,0,11,36,55,63,68,65,66,75,78,80,85,83,84,84,102,112,107,93,76,55,29
7,8,9,8,0,0,10,50,61,74,69,63,72,79,84,97,109,108,106,126,139,114,101,79,59,30
12,16,25,14,13,40,44,61,68,78,77,73,75,85,96,118,138,180,193,201,185,148,126,88,65,54
14,18,34,14,10,20,53,63,71,83,82,73,74,85,99,116,129,154,178,190,173,135,113,87,68,58
13,14,21,13,9,18,31,62,69,76,76,69,72,75,90,108,112,138,162,190,154,113,95,75,63,55
13,10,14,11,11,13,45,56,69,81,79,70,71,77,83,86,95,114,129,151,130,102,80,71,56,46
0,0,8,0,7,6,50,56,65,71,71,65,68,74,73,75,85,85,91,111,100,79,76,59,55,41
5,5,9,0,0,11,21,47,60,73,75,66,71,65,71,70,75,71,74,80,75,72,62,57,50,25
0,7,0,5,7,12,14,39,57,70,71,64,59,58,66,68,69,69,71,71,69,63,64,56,54,26
0,0,0,8,0,11,14,27,54,70,69,63,62,59,64,61,63,64,67,65,62,61,58,30,14,13
5,0,0,0,0,12,15,18,36,58,66,56,54,56,53,57,51,57,58,57,53,51,46,27,23,12
0,0,0,5,0,5,8,23,40,60,65,57,59,53,56,53,58,59,60,59,56,52,51,14,16,9
0,0,6,5,0,7,7,10,50,63,63,62,61,52,52,16,56,59,59,60,57,53,51,14,12,9
0,0,0,0,0,0,5,10,37,56,58,56,43,14,12,32,53,56,57,56,54,21,38,12,11,7
0,0,0,0,0,0,8,11,21,54,55,12,11,9,12,45,37,47,53,52,50,8,12,9,7,0
0,0,0,0,0,0,6,16,57,59,17,6,10,8,29,51,50,50,51,52,42,9,13,9,6,0
0,0,0,0,0,0,0,30,23,13,11,8,0,13,29,50,45,50,50,51,34,12,10,8,0,0
0,0,0,0,0,0,0,0,0,8,7,0,0,11,25,38,27,30,30,40,15,10,0,0,0,0
0,0,0,0,0,0,0,0,0,0,8,0,9,12,14,23,23,17,21,30,13,8,0,7,0,0
0,0,0,0,0,0,0,0,0,0,7,0,9,12,15,26,27,21,27,23,12,8,0,6,0,0
0,0,0,0,0,0,0,0,0,0,0,7,8,14,28,32,35,27,26,28,12,10,8,0,0,0
0,0,0,0,0,0,0,6,6,0,7,0,9,12,31,42,45,15,15,12,14,11,9,0,0,0
0,0,0,0,0,0,0,0,0,0,0,0,11,11,30,47,41,14,14,25,12,8,9,0,0,0
0,0,0,0,0,0,0,0,0,0,0,0,8,9,14,22,14,12,0,0,7,0,7,0,0,0
0,0,0,0,0,0,0,0,0,0,0,0,0,0,10,12,8,0,0,10,7,0,0,0,0,0
0,0,0,0,0,0,0,0,0,0,0,5,7,0,9,10,8,7,8,11,9,7,0,0,0,0
0,0,4,0,0,0,0,0,0,0,0,6,8,8,11,11,11,10,9,11,9,6,0,4,0,0
0,0,0,0,0,0,0,0,0,0,0,8,10,11,14,17,12,11,12,12,12,6,7,0,5,0
