0,6,11,13,23,35,30,53,55,57,70,84,87,89,106,106,90,86,77,79,60,53,52,45,14,13
5,7,10,14,22,55,53,59,57,57,61,78,90,103,124,117,98,92,84,77,60,57,58,50,31,15
0,8,7,18,11,55,52,57,47,12,59,78,90,107,117,108,94,89,86,81,66,53,32,50,36,21
5,9,9,7,12,35,31,12,50,11,52,69,86,95,103,100,96,92,82,70,57,47,13,33,33,14
6,9,0,6,0,0,14,57,58,14,40,65,75,94,121,107,81,84,78,67,56,19,16,27,29,13
5,0,0,0,0,9,31,54,55,52,13,51,68,85,98,90,74,78,73,65,55,27,10,12,14,11
0,0,0,0,9,21,39,62,59,34,14,59,72,86,99,92,75,77,75,70,57,30,11,10,11,9
0,0,0,0,9,23,25,52,55,53,52,68,73,90,105,97,77,76,81,71,57,30,13,10,8,0
0,0,0,0,0,11,9,28,51,52,56,67,86,98,105,97,89,90,81,67,55,25,12,7,6,0
0,0,0,0,0,10,12,15,50,41,59,82,89,103,102,99,96,84,77,68,54,46,11,8,8,8
0,0,0,7,0,0,10,22,30,50,59,77,97,94,100,87,82,83,79,77,63,51,12,8,0,0
6,0,0,0,0,0,7,13,50,56,62,81,96,101,99,95,90,85,77,73,66,62,51,14,23,10
0,8,7,0,0,13,12,11,51,57,70,86,104,112,111,107,99,96,93,84,73,65,54,12,7,7
0,0,7,0,0,0,11,14,50,57,72,83,97,102,110,108,100,97,95,84,73,56,30,10,9,7
12,10,13,10,10,37,51,52,60,74,76,95,108,122,138,135,124,132,121,106,87,73,58,48,26,13
11,12,21,14,13,35,50,59,70,80,95,106,115,127,133,126,112,118,115,102,86,71,58,40,25,14
11,12,11,15,27,15,56,61,70,80,97,101,116,122,126,114,91,104,111,102,84,69,60,50,13,20
10,13,11,16,25,52,59,66,74,82,91,98,110,117,111,95,85,96,99,95,81,66,56,50,19,14
6,7,13,12,13,52,57,63,71,77,85,102,96,95,93,80,75,83,89,85,73,62,56,23,23,14
9,9,11,14,16,50,57,63,72,72,75,102,88,79,75,69,68,73,78,78,70,60,53,41,15,16
7,8,11,14,26,52,56,60,64,64,65,80,71,68,71,67,68,75,78,77,68,65,56,51,41,13
7,10,10,13,25,51,55,54,57,60,60,71,80,68,67,65,64,72,70,67,62,53,36,17,11,9
0,7,13,20,17,26,41,36,43,44,50,62,66,60,59,60,55,66,62,58,51,40,29,19,14,10
0,6,9,13,26,46,42,42,51,52,54,55,65,64,65,56,64,66,65,62,56,50,16,11,11,9
0,0,5,9,13,50,51,51,53,52,53,56,63,63,61,53,56,68,62,62,54,34,13,12,10,6
0,0,6,6,10,18,39,53,56,57,56,55,60,65,61,52,50,64,63,58,53,23,11,9,7,0
0,6,7,7,7,13,23,52,53,59,59,59,54,64,62,57,54,61,65,58,47,14,10,9,7,6
0,0,0,7,7,12,14,14,51,54,56,62,65,79,72,69,65,57,60,58,30,18,13,11,0,0
0,0,0,6,6,9,11,10,34,47,50,54,61,74,68,65,61,53,57,53,45,11,10,0,0,0
0,0,0,0,0,0,0,9,14,17,23,50,54,61,64,63,59,56,56,54,31,10,0,0,0,0
0,0,0,5,0,0,6,11,13,13,15,50,52,58,61,62,58,56,58,55,27,10,0,6,0,0
0,0,0,5,0,0,6,10,9,8,10,29,36,55,56,57,64,56,64,52,22,8,0,0,0,0
0,0,0,0,0,0,8,12,13,13,11,32,50,53,55,57,64,63,64,57,35,12,7,0,0,0
0,0,0,0,0,0,8,9,12,11,8,13,42,52,54,55,57,62,60,54,21,8,6,0,0,0
0,4,0,0,0,6,0,9,8,8,8,10,13,50,52,52,55,59,60,56,15,7,0,0,0,0
0,0,0,0,0,0,6,7,0,8,0,11,11,35,52,51,50,55,53,47,9,0,0,0,0,0
0,0,0,0,5,0,0,7,0,8,0,0,9,12,37,29,15,42,52,25,7,0,0,0,0,0
0,5,0,0,0,0,5,0,5,7,6,7,10,9,13,20,13,33,46,16,5,6,0,4,0,0
0,0,0,0,0,0,0,0,0,6,0,0,8,11,12,14,13,23,29,12,6,0,0,0,0,0
0,0,0,0,0,0,0,6,0,5,0,0,10,12,17,18,14,22,32,9,5,0,0,0,0,0
0,6,11,13,22,35,32,53,55,58,70,85,88,89,106,106,90,85,78,78,60,52,52,47,14,13
5,7,10,14,19,55,53,59,57,57,61,78,91,103,124,117,97,91,84,77,60,56,59,51,29,19
0,8,7,20,11,55,53,57,44,12,59,78,90,107,117,107,93,89,86,81,66,53,32,50,36,25
5,10,9,7,12,37,31,12,50,11,52,70,86,94,103,100,95,94,82,70,56,47,13,35,35,14
6,9,0,6,0,0,17,57,58,14,43,65,75,94,121,107,80,84,78,67,56,17,15,27,34,14
5,0,0,0,0,9,31,54,55,52,14,51,67,84,99,89,73,77,73,64,55,30,10,12,13,12
0,0,0,0,9,21,42,62,59,28,14,59,72,85,99,92,74,76,75,70,57,25,11,10,12,10
0,0,0,0,9,21,31,51,55,54,53,67,73,90,105,96,76,76,81,70,56,35,13,10,8,0
0,0,0,0,0,11,9,31,51,52,56,67,86,98,105,96,88,90,80,66,55,25,12,7,6,0
0,0,0,0,0,10,12,15,50,41,59,83,89,103,102,100,95,82,77,67,54,40,10,8,8,8
0,0,0,7,0,0,10,22,30,50,59,77,97,94,99,87,82,83,79,77,62,51,12,7,0,0
7,0,0,0,0,0,7,13,50,57,62,82,96,100,100,95,90,85,78,73,65,61,51,14,23,11
0,8,7,0,0,13,12,11,51,57,70,87,104,112,111,107,99,96,92,83,73,65,54,13,7,7
0,0,7,0,0,0,11,14,51,57,72,84,97,102,110,108,100,96,95,84,73,55,30,10,8,8
12,10,13,9,11,35,52,53,61,73,75,95,108,122,138,134,123,132,120,105,86,73,57,50,27,14
11,13,23,14,13,35,50,59,70,80,95,107,115,127,133,125,112,118,115,102,86,70,57,45,25,16
11,12,11,15,27,14,56,62,71,82,97,102,116,122,127,114,91,104,111,101,83,68,59,50,13,23
10,14,12,20,23,52,60,66,75,82,92,98,110,118,112,94,85,96,99,95,81,66,56,51,19,16
6,7,13,12,13,52,57,63,72,77,85,103,96,95,94,80,75,82,89,85,73,62,56,23,22,17
9,9,11,14,16,50,56,62,72,72,75,102,87,79,75,69,68,73,78,78,70,60,53,43,14,16
7,8,11,14,26,52,56,60,64,64,66,80,71,67,72,67,67,75,78,76,68,65,56,51,41,13
7,9,10,13,25,51,55,54,56,60,60,72,79,68,66,65,64,73,69,66,62,53,42,17,12,10
0,7,14,21,17,26,42,35,43,46,50,62,65,60,59,61,55,65,62,57,52,40,29,19,14,11
0,0,10,13,27,48,45,43,51,53,54,56,64,64,65,56,63,65,66,62,56,50,15,11,11,9
0,0,6,9,13,50,51,51,53,52,53,56,63,63,61,53,56,67,62,61,54,36,14,12,10,7
0,0,7,6,11,20,41,52,56,57,56,55,59,65,61,52,45,63,63,58,53,23,12,10,8,0
0,0,7,7,7,13,25,52,53,60,59,59,54,64,61,57,54,60,65,57,47,15,10,9,7,7
0,0,5,7,7,12,15,16,50,54,56,62,65,79,72,69,64,57,59,58,30,16,13,11,0,0
0,0,0,6,0,10,11,11,36,50,50,55,62,74,68,65,61,53,57,52,43,11,10,0,0,0
0,0,0,0,0,0,0,9,14,19,19,50,54,61,64,62,59,55,56,53,29,10,0,0,0,0
0,0,0,6,0,0,6,10,13,13,14,50,52,57,61,61,58,56,58,54,25,10,0,6,0,6
0,0,0,5,0,0,6,10,9,8,10,30,33,54,56,56,64,56,64,51,20,9,0,0,0,0
0,0,0,0,0,0,8,12,13,13,11,32,47,52,55,57,63,63,64,56,34,12,7,0,0,0
0,0,0,0,0,0,7,10,12,11,8,13,40,52,54,55,56,62,60,53,19,8,6,0,0,0
0,4,0,0,0,6,0,9,8,7,8,10,13,47,51,52,54,59,60,55,15,7,0,0,0,0
0,0,0,0,0,0,6,8,6,9,0,11,11,32,51,50,47,54,53,44,9,0,0,0,0,0
0,0,0,0,5,0,0,7,0,8,6,0,9,11,35,25,21,42,51,20,7,0,0,0,0,0
0,5,0,0,0,4,5,0,6,7,6,7,10,9,13,22,13,32,48,16,5,6,0,5,0,0
0,0,0,0,0,0,0,0,0,7,0,0,8,11,12,14,13,22,27,12,6,0,0,0,0,0
0,0,0,0,0,0,0,6,0,5,0,0,9,12,19,19,13,19,32,9,5,0,0,0,0,0
0,6,12,12,24,35,35,53,55,58,70,86,87,89,106,106,90,85,78,78,60,53,52,50,14,13
5,7,10,14,17,55,53,59,57,57,61,79,91,103,123,116,97,91,84,76,60,56,59,51,34,19
0,8,7,18,11,55,53,58,44,13,60,79,90,107,116,106,92,89,86,81,65,53,37,50,36,23
5,9,9,7,12,39,35,12,50,11,52,70,86,94,103,100,95,93,82,69,56,45,14,39,31,14
6,9,0,6,0,0,23,58,58,14,45,66,75,94,121,107,81,84,78,67,55,14,15,27,34,14
5,0,0,0,0,10,31,55,55,53,14,52,67,84,98,89,73,77,74,64,54,27,11,12,13,11
0,0,0,0,9,21,46,61,58,23,14,60,73,85,98,91,74,76,75,69,56,20,11,10,11,10
0,0,0,0,9,21,37,51,54,54,52,69,73,89,105,95,76,76,80,70,56,30,13,10,8,0
0,0,0,0,0,11,10,25,51,51,56,68,85,98,105,96,87,90,80,65,55,23,13,7,6,0
0,0,0,0,0,10,12,15,50,44,60,83,89,103,102,99,95,82,78,67,54,40,10,8,8,7
0,0,0,7,0,0,10,22,30,50,59,78,98,93,100,85,82,82,79,78,62,50,12,8,0,0
6,0,0,0,0,0,8,13,50,57,63,82,97,101,100,95,90,85,78,72,65,61,51,15,21,12
0,7,7,0,0,14,11,11,51,57,70,88,105,111,111,106,98,96,92,82,72,65,54,12,7,7
0,0,7,0,0,0,12,13,50,58,72,84,97,102,110,107,99,95,94,84,72,55,32,11,8,8
12,10,13,9,10,37,52,53,61,74,75,96,108,122,138,134,123,132,120,104,86,73,58,50,26,14
11,12,23,14,13,39,50,59,70,80,95,107,115,127,133,124,113,117,115,101,84,70,57,40,25,15
11,12,11,14,27,15,56,62,71,82,98,103,116,121,127,114,91,103,110,101,83,68,59,50,13,22
10,13,12,20,23,52,59,66,74,82,92,99,110,117,112,94,85,95,99,94,80,66,56,51,17,14
6,7,13,12,13,53,58,63,72,78,86,103,96,95,94,80,75,82,89,84,73,62,55,26,22,16
9,9,11,14,15,50,56,62,72,72,75,104,87,78,75,69,68,73,78,78,69,59,53,43,14,15
7,8,11,14,26,52,56,60,64,64,66,80,72,67,72,67,67,74,78,76,68,65,56,51,41,14
7,9,10,13,27,51,55,55,57,60,60,72,79,68,67,65,64,72,69,65,61,53,38,17,12,10
0,7,13,21,16,27,43,35,43,46,50,63,65,60,59,60,55,66,62,57,51,38,29,19,15,10
0,0,10,13,26,48,46,42,51,53,54,56,65,64,65,55,63,65,65,61,55,47,14,12,11,8
0,0,6,9,13,47,51,51,53,51,53,56,63,62,61,53,56,68,62,62,54,36,13,12,10,7
0,0,7,6,10,23,43,52,56,58,56,56,59,65,61,52,43,63,63,58,53,21,12,9,8,0
0,0,7,7,6,13,27,52,53,60,59,59,54,64,61,57,53,60,65,56,45,14,10,9,6,6
0,0,5,7,7,12,18,15,51,55,57,62,66,78,73,68,64,56,59,57,28,14,12,11,0,0
0,0,0,6,0,10,11,11,34,50,50,55,61,74,68,65,61,53,57,52,38,10,9,0,0,0
0,0,0,0,0,0,0,9,14,19,21,51,54,61,63,62,59,56,56,53,22,9,0,0,0,0
0,0,0,6,0,0,6,11,14,12,15,50,52,57,60,61,58,56,58,54,23,10,0,6,0,6
0,0,0,5,0,0,6,10,8,8,10,33,33,53,55,56,64,56,63,51,19,9,0,0,0,0
0,0,0,0,0,0,9,12,13,13,11,36,46,52,54,57,62,63,64,56,32,10,7,0,0,0
0,0,0,0,0,0,8,10,13,11,8,14,40,51,53,55,56,62,59,53,17,9,6,0,0,0
0,5,0,0,0,6,0,8,8,8,8,11,14,47,51,51,54,58,60,55,14,7,0,0,0,0
0,0,0,0,0,0,6,8,0,9,0,11,12,25,51,47,47,54,53,38,8,0,0,0,0,0
0,0,0,0,4,0,0,7,0,7,6,6,9,10,33,17,21,39,51,17,7,0,0,0,0,0
0,5,0,0,0,4,6,0,5,7,6,8,10,9,13,20,13,32,46,16,5,5,0,5,0,0
0,0,0,0,0,0,0,0,0,7,0,0,8,10,12,13,13,22,29,11,6,0,0,4,0,0
0,0,0,0,0,0,0,6,0,5,0,0,9,12,19,16,13,20,33,9,5,0,0,0,0,0
0,6,12,13,23,34,32,53,54,57,71,86,87,88,106,107,90,84,78,78,59,53,52,50,14,13
5,7,10,14,17,55,53,59,57,57,61,79,91,103,123,117,97,91,83,77,59,56,59,51,34,17
0,8,7,17,11,55,54,57,44,13,60,79,90,107,116,106,93,89,85,81,64,53,35,50,36,21
5,9,9,7,12,39,33,13,50,11,51,69,86,94,103,101,96,92,81,69,57,47,14,37,29,14
6,9,0,6,0,0,21,58,58,14,45,66,75,94,120,106,80,83,77,68,55,15,16,30,31,14
5,0,0,0,0,10,34,54,55,53,14,52,67,84,98,90,73,77,73,65,54,21,11,12,13,11
0,0,0,0,9,19,50,61,57,23,14,60,73,85,97,91,74,76,75,70,56,17,11,11,11,9
0,0,0,0,9,25,37,51,54,54,52,68,72,88,105,96,76,77,79,70,55,30,12,10,8,0
0,0,0,0,0,12,10,25,51,51,57,67,85,97,105,96,87,89,79,66,55,23,13,7,6,0
0,0,0,0,0,9,12,15,47,44,60,83,89,102,102,100,96,81,77,67,54,40,9,8,8,7
0,0,0,7,0,0,11,20,27,50,59,78,97,94,99,85,82,82,78,78,62,50,12,7,0,0
6,0,0,0,0,0,8,13,50,57,63,82,97,101,99,95,89,84,77,72,64,61,52,14,19,11
0,7,7,0,0,13,11,11,52,57,69,88,105,111,110,106,99,96,92,83,72,65,54,12,7,8
0,0,8,0,0,0,12,13,50,58,72,84,98,101,109,108,99,95,93,84,71,55,28,11,8,8
12,10,13,9,11,37,53,53,61,73,76,96,108,121,137,134,122,132,119,104,85,72,58,50,27,13
11,12,21,14,13,41,50,59,71,80,95,107,115,127,132,124,112,117,114,101,83,70,57,40,27,16
12,12,11,14,25,15,56,61,71,82,99,103,117,121,126,115,91,104,109,101,82,68,59,50,13,20
10,14,12,20,23,52,59,66,75,82,92,99,110,116,111,94,85,95,98,94,80,66,56,51,16,14
0,7,14,12,13,53,58,62,71,78,86,103,96,95,93,80,75,81,88,85,73,62,55,25,21,14
9,9,11,14,16,50,56,63,72,72,76,103,87,79,75,69,68,73,77,78,69,59,53,43,14,14
6,8,11,14,26,52,56,59,64,64,66,80,72,67,71,67,67,74,77,76,68,63,56,51,42,15
7,9,10,13,25,51,55,55,57,59,60,72,79,68,67,65,64,72,68,66,61,53,40,17,11,10
0,7,13,22,16,28,43,35,44,46,51,63,65,60,59,60,55,65,61,57,50,39,29,19,14,10
0,0,9,13,26,48,46,43,51,53,54,56,65,64,65,55,63,65,65,61,55,48,14,12,11,8
0,0,6,8,13,50,51,51,53,52,53,56,63,62,61,53,57,67,62,61,53,36,13,12,10,7
0,0,6,6,10,23,43,53,56,58,56,56,59,65,61,52,41,63,63,58,53,21,11,9,8,0
0,0,7,7,7,13,29,52,54,60,59,59,54,64,60,57,53,60,64,56,47,14,10,9,0,6
0,0,0,7,7,12,20,15,51,55,57,62,66,78,72,68,64,56,59,58,26,15,12,11,0,6
0,0,0,0,0,10,11,10,32,50,50,55,61,74,68,65,61,53,56,52,36,10,9,0,0,0
0,0,0,0,0,0,0,9,14,17,21,51,54,61,62,62,59,55,56,53,25,8,0,0,0,0
0,0,0,6,0,0,6,10,14,12,17,50,52,57,59,60,58,55,57,54,23,10,0,7,0,0
0,5,0,4,0,0,6,10,8,8,10,30,30,53,54,56,64,56,63,51,18,8,0,0,0,0
0,0,0,0,0,0,9,13,13,13,11,35,45,51,53,57,62,63,64,57,32,10,7,0,0,0
0,0,0,0,0,0,8,10,12,11,8,14,35,51,53,55,56,61,59,53,17,9,5,0,0,0
0,5,0,0,0,6,0,8,8,8,7,10,14,41,50,52,54,58,59,55,14,8,0,0,0,0
0,0,0,0,0,0,6,8,6,8,0,11,11,21,50,50,50,54,53,41,8,0,0,0,0,0
0,0,0,0,4,0,0,7,0,7,6,0,9,10,27,17,21,41,51,22,7,0,0,0,0,0
0,5,0,0,0,5,6,0,5,7,6,7,10,10,12,20,13,32,46,18,5,5,0,5,0,0
0,0,0,0,0,0,0,0,0,6,0,0,8,10,12,13,13,20,27,12,6,0,0,4,0,0
0,0,0,0,0,0,0,6,0,5,0,0,10,12,19,16,13,20,33,9,5,0,0,0,0,0
0,6,12,12,23,36,37,53,54,57,70,85,87,89,106,107,89,84,78,78,60,53,52,50,14,13
5,7,10,14,19,54,53,60,57,57,61,79,92,103,123,117,97,92,84,77,59,56,60,51,36,14
0,8,7,16,11,55,53,57,47,13,60,79,90,107,115,106,91,89,85,82,64,53,35,47,38,18
5,9,9,7,11,37,29,14,51,11,51,69,86,95,103,99,96,91,81,69,56,47,14,37,29,14
6,8,0,6,0,0,23,58,58,15,43,65,75,94,118,106,80,84,77,68,55,15,22,25,31,13
5,0,0,0,0,10,37,54,55,53,14,52,67,83,98,89,73,77,73,65,53,18,11,12,13,10
0,0,0,0,8,21,50,61,58,31,13,59,73,85,97,90,73,76,75,70,55,17,11,10,11,8
0,0,0,0,8,25,25,52,54,52,52,68,71,89,105,95,75,76,78,71,56,30,13,9,8,0
0,0,0,0,0,12,10,28,52,50,57,67,86,98,106,96,87,89,79,66,55,21,13,6,6,0
0,0,0,0,0,9,12,17,50,41,60,83,89,102,102,97,95,81,77,67,53,37,10,7,8,7
0,0,0,0,0,0,10,22,36,50,59,77,95,95,100,85,82,82,79,78,62,47,12,7,0,0
7,0,0,0,0,0,8,13,51,55,62,82,97,102,98,95,89,84,76,71,65,60,51,13,19,10
0,7,7,0,0,13,11,11,51,57,69,89,105,110,111,105,99,95,92,83,72,65,54,12,7,6
0,0,8,0,0,0,12,13,50,58,72,84,97,101,108,107,99,96,93,83,71,55,26,10,9,7
13,9,13,9,11,35,52,53,62,73,76,96,108,121,138,133,121,131,120,104,85,72,59,50,27,13
11,11,21,13,14,43,50,60,71,80,94,107,114,127,132,123,112,116,115,101,83,70,57,34,27,16
12,12,12,14,27,16,56,61,71,82,99,103,116,122,126,114,91,104,109,101,82,68,59,47,13,16
10,14,12,15,23,52,59,67,75,83,92,99,109,115,110,94,85,95,98,94,80,66,56,50,17,13
7,7,13,12,14,52,58,62,71,78,86,103,95,95,92,79,75,81,88,85,73,62,55,28,21,13
9,8,11,14,18,51,56,63,72,72,75,105,87,78,75,68,68,73,77,78,70,60,53,43,14,14
7,8,11,14,30,53,56,60,64,64,66,80,71,67,70,66,67,74,77,76,68,63,56,51,42,13
7,9,10,13,29,51,55,55,57,59,60,71,79,68,67,64,64,71,68,66,61,53,32,15,11,9
0,0,13,20,16,29,41,38,44,46,51,63,65,59,58,60,54,66,61,57,50,39,29,19,14,10
0,0,9,13,28,47,46,43,50,52,54,55,65,64,65,54,63,65,65,62,55,48,16,12,11,7
0,0,6,8,13,50,51,52,53,52,53,56,62,61,61,52,57,67,62,62,53,36,13,11,10,6
0,0,6,6,9,27,43,54,57,57,56,56,59,65,61,51,43,63,63,58,53,23,11,9,7,0
0,6,7,7,7,13,29,52,54,59,59,59,54,64,61,56,52,59,64,57,47,14,10,9,6,0
0,0,0,6,7,13,16,16,51,55,57,62,65,77,72,68,63,56,58,58,23,15,12,11,6,0
0,0,0,0,0,10,11,11,34,45,50,54,62,74,68,65,61,53,56,52,34,9,10,0,0,0
0,0,0,0,0,0,0,9,14,15,19,51,54,60,62,62,59,56,55,53,20,9,0,0,0,0
0,0,0,6,0,0,6,10,13,11,17,47,52,57,60,60,58,55,56,54,23,10,0,6,0,0
0,5,0,4,0,0,5,10,9,8,9,29,30,52,54,56,64,56,62,51,17,7,0,0,0,0
0,0,0,0,0,0,8,13,13,12,11,35,42,51,53,57,62,63,63,56,34,10,7,0,0,0
0,0,0,0,0,0,8,10,11,11,8,14,27,51,53,55,56,61,59,52,19,9,6,0,0,0
0,4,0,0,0,6,0,9,8,7,8,11,13,44,50,51,54,58,59,54,14,8,0,0,0,0
0,0,0,0,0,0,6,8,6,7,0,11,11,20,50,45,50,54,52,36,8,0,0,0,0,0
0,0,0,0,4,0,0,7,0,7,6,6,9,9,17,14,14,41,51,27,7,0,0,0,0,0
0,5,0,0,0,5,6,0,5,7,6,7,10,10,13,16,13,32,45,20,5,5,0,5,0,0
0,0,0,0,0,0,0,0,0,7,0,0,9,11,11,13,13,25,30,12,6,0,0,0,0,0
0,0,0,0,0,0,0,7,0,5,0,0,10,12,16,14,13,22,33,10,5,0,0,0,0,0
0,6,12,12,23,36,37,53,54,57,70,85,87,89,106,107,89,84,78,78,60,53,52,50,14,13
5,7,10,14,19,54,53,60,57,57,61,79,92,103,123,117,97,92,84,77,59,56,60,51,36,14
0,8,7,16,11,55,53,57,47,13,60,79,90,107,115,106,91,89,85,82,64,53,35,47,38,18
5,9,9,7,11,37,29,14,51,11,51,69,86,95,103,99,96,91,81,69,56,47,14,37,29,14
6,8,0,6,0,0,23,58,58,15,43,65,75,94,118,106,80,84,77,68,55,15,22,25,31,13
5,0,0,0,0,10,37,54,55,53,14,52,67,83,98,89,73,77,73,65,53,18,11,12,13,10
0,0,0,0,8,21,50,61,58,31,13,59,73,85,97,90,73,76,75,70,55,17,11,10,11,8
0,0,0,0,8,25,25,52,54,52,52,68,71,89,105,95,75,76,78,71,56,30,13,9,8,0
0,0,0,0,0,12,10,28,52,50,57,67,86,98,106,96,87,89,79,66,55,21,13,6,6,0
0,0,0,0,0,9,12,17,50,41,60,83,89,102,102,97,95,81,77,67,53,37,10,7,8,7
0,0,0,0,0,0,10,22,36,50,59,77,95,95,100,85,82,82,79,78,62,47,12,7,0,0
7,0,0,0,0,0,8,13,51,55,62,82,97,102,98,95,89,84,76,71,65,60,51,13,19,10
0,7,7,0,0,13,11,11,51,57,69,89,105,110,111,105,99,95,92,83,72,65,54,12,7,6
0,0,8,0,0,0,12,13,50,58,72,84,97,101,108,107,99,96,93,83,71,55,26,10,9,7
13,9,13,9,11,35,52,53,62,73,76,96,108,121,138,133,121,131,120,104,85,72,59,50,27,13
11,11,21,13,14,43,50,60,71,80,94,107,114,127,132,123,112,116,115,101,83,70,57,34,27,16
12,12,12,14,27,16,56,61,71,82,99,103,116,122,126,114,91,104,109,101,82,68,59,47,13,16
10,14,12,15,23,52,59,67,75,83,92,99,109,115,110,94,85,95,98,94,80,66,56,50,17,13
7,7,13,12,14,52,58,62,71,78,86,103,95,95,92,79,75,81,88,85,73,62,55,28,21,13
9,8,11,14,18,51,56,63,72,72,75,105,87,78,75,68,68,73,77,78,70,60,53,43,14,14
7,8,11,14,30,53,56,60,64,64,66,80,71,67,70,66,67,74,77,76,68,63,56,51,42,13
7,9,10,13,29,51,55,55,57,59,60,71,79,68,67,64,64,71,68,66,61,53,32,15,11,9
0,0,13,20,16,29,41,38,44,46,51,63,65,59,58,60,54,66,61,57,50,39,29,19,14,10
0,0,9,13,28,47,46,43,50,52,54,55,65,64,65,54,63,65,65,62,55,48,16,12,11,7
0,0,6,8,13,50,51,52,53,52,53,56,62,61,61,52,57,67,62,62,53,36,13,11,10,6
0,0,6,6,9,27,43,54,57,57,56,56,59,65,61,51,43,63,63,58,53,23,11,9,7,0
0,6,7,7,7,13,29,52,54,59,59,59,54,64,61,56,52,59,64,57,47,14,10,9,6,0
0,0,0,6,7,13,16,16,51,55,57,62,65,77,72,68,63,56,58,58,23,15,12,11,6,0
0,0,0,0,0,10,11,11,34,45,50,54,62,74,68,65,61,53,56,52,34,9,10,0,0,0
0,0,0,0,0,0,0,9,14,15,19,51,54,60,62,62,59,56,55,53,20,9,0,0,0,0
0,0,0,6,0,0,6,10,13,11,17,47,52,57,60,60,58,55,56,54,23,10,0,6,0,0
0,5,0,4,0,0,5,10,9,8,9,29,30,52,54,56,64,56,62,51,17,7,0,0,0,0
0,0,0,0,0,0,8,13,13,12,11,35,42,51,53,57,62,63,63,56,34,10,7,0,0,0
0,0,0,0,0,0,8,10,11,11,8,14,27,51,53,55,56,61,59,52,19,9,6,0,0,0
0,4,0,0,0,6,0,9,8,7,8,11,13,44,50,51,54,58,59,54,14,8,0,0,0,0
0,0,0,0,0,0,6,8,6,7,0,11,11,20,50,45,50,54,52,36,8,0,0,0,0,0
0,0,0,0,4,0,0,7,0,7,6,6,9,9,17,14,14,41,51,27,7,0,0,0,0,0
0,5,0,0,0,5,6,0,5,7,6,7,10,10,13,16,13,32,45,20,5,5,0,5,0,0
0,0,0,0,0,0,0,0,0,7,0,0,9,11,11,13,13,25,30,12,6,0,0,0,0,0
0,0,0,0,0,0,0,7,0,5,0,0,10,12,16,14,13,22,33,10,5,0,0,0,0,0
0,7,11,12,25,39,37,54,55,57,70,85,88,89,105,106,89,84,78,78,60,52,52,50,15,13
5,7,10,14,20,54,54,59,57,57,61,78,92,104,124,116,98,92,85,77,59,56,60,50,34,14
0,8,7,17,11,55,53,58,47,13,59,78,90,106,115,107,91,89,85,81,65,52,32,50,38,18
5,9,10,7,12,40,27,14,50,11,51,69,86,94,103,99,96,91,82,69,56,43,14,33,33,14
6,8,0,6,0,0,23,57,58,19,40,64,75,94,118,105,79,84,78,69,56,14,19,23,31,12
5,0,0,0,0,10,37,55,55,53,14,51,67,83,98,89,73,77,74,64,53,15,11,11,13,10
0,0,0,0,8,21,46,60,57,34,13,59,72,85,97,90,73,77,75,70,56,20,11,9,10,8
0,0,0,0,9,27,23,51,53,52,51,67,72,89,105,95,75,76,80,70,56,27,13,9,8,0
0,0,0,0,0,11,10,31,51,50,56,66,86,97,106,95,88,89,81,66,55,28,13,0,7,0
0,0,0,0,0,9,12,20,47,38,60,81,89,102,101,97,95,81,78,68,53,34,10,7,8,7
0,0,0,7,0,0,10,20,38,50,59,77,95,95,100,86,82,81,79,77,62,50,13,8,6,0
6,0,0,0,0,0,7,13,51,55,61,81,97,101,98,94,88,85,76,72,64,60,51,13,19,10
0,7,7,0,0,14,12,11,51,57,69,89,104,111,111,106,99,95,92,82,72,64,54,13,7,0
0,0,7,0,0,0,12,13,50,58,71,84,97,101,108,107,99,96,94,83,72,54,25,10,9,0
12,10,13,9,11,34,52,53,62,73,75,95,108,121,137,133,122,131,121,104,85,72,58,48,26,13
11,12,21,13,13,39,50,60,69,80,93,108,114,128,133,124,112,116,117,101,84,69,58,40,27,15
11,13,12,14,25,16,56,62,71,82,98,102,115,122,126,114,91,104,109,100,82,68,58,50,13,16
10,14,11,15,22,52,60,66,75,82,92,98,109,116,110,94,85,96,98,94,80,66,56,50,19,13
7,7,14,13,13,52,58,63,71,77,86,103,95,94,92,79,76,81,89,85,73,62,55,28,22,13
9,8,11,14,18,51,56,63,72,72,75,104,88,78,75,68,67,72,78,77,70,59,53,39,14,14
7,8,11,14,32,52,56,60,64,64,66,79,72,67,70,66,67,75,78,76,68,63,55,50,37,13
7,9,10,14,33,51,55,55,57,59,59,70,78,67,67,65,64,71,69,66,61,53,36,15,11,9
0,7,14,20,17,28,41,37,44,46,50,63,64,59,58,60,54,66,62,57,50,39,29,19,13,9
0,0,9,13,28,50,47,42,51,52,53,56,65,64,65,54,63,65,65,62,56,45,16,12,11,8
0,0,6,9,13,50,51,52,54,52,53,55,63,61,61,52,56,67,62,61,54,34,14,12,10,6
0,0,6,6,10,27,45,54,57,57,56,56,59,65,61,51,45,63,64,58,53,21,12,9,7,0
0,6,6,6,7,13,27,52,53,60,58,59,53,63,61,57,52,59,64,57,47,13,10,9,6,0
0,0,0,6,7,13,16,15,51,55,56,61,65,78,72,68,63,56,59,58,23,14,12,11,6,0
0,0,0,0,0,9,11,11,36,45,47,54,62,74,68,65,60,53,56,53,36,9,10,0,0,0
0,0,0,0,0,0,0,9,14,17,14,50,53,60,63,62,59,55,56,53,17,9,0,0,0,0
0,0,0,6,0,0,6,10,13,12,14,42,51,57,60,60,58,55,57,54,23,10,0,6,0,0
0,5,0,4,0,0,6,10,10,8,9,27,29,51,54,56,64,56,61,50,18,7,0,0,0,0
0,0,0,0,0,0,8,13,12,12,11,32,42,50,53,57,62,62,64,56,34,10,7,0,0,0
0,0,0,0,0,0,8,10,11,10,8,14,25,51,54,55,55,61,59,53,17,8,6,0,0,0
0,5,0,0,0,6,0,8,8,8,8,11,13,38,45,51,54,58,60,55,14,8,0,0,0,0
0,0,0,0,0,0,6,7,0,7,0,11,10,18,50,45,50,54,53,36,9,0,0,0,0,0
0,0,0,0,4,0,0,6,0,6,0,0,10,9,14,17,14,42,52,27,7,0,0,0,0,0
0,5,0,0,0,4,6,0,6,7,6,7,10,10,13,15,13,32,48,20,6,5,0,5,0,0
0,0,0,0,0,0,0,0,0,7,0,0,9,11,11,13,13,25,32,12,6,0,0,0,0,0
0,0,0,0,0,0,0,6,0,5,0,0,11,12,14,16,13,23,36,10,6,0,0,0,0,0
0,7,11,12,25,39,37,54,55,57,70,85,87,89,106,106,89,84,78,78,60,53,53,50,15,13
5,7,10,14,20,54,54,59,57,57,61,78,91,104,124,116,97,92,84,77,60,56,60,51,34,14
0,8,7,17,11,55,53,58,47,13,59,78,91,106,115,106,91,89,85,81,65,52,35,50,36,16
5,9,10,7,12,40,27,14,50,11,51,69,86,94,103,99,96,91,82,69,56,43,14,31,31,15
6,8,0,6,0,0,23,57,58,19,40,64,75,94,119,105,80,84,77,68,56,14,19,27,31,12
5,0,0,0,0,10,37,55,55,53,14,51,67,84,98,89,73,76,73,64,53,14,11,11,13,10
0,0,0,0,8,21,46,60,57,34,13,59,72,85,97,90,73,77,75,70,56,20,11,9,10,8
0,0,0,0,9,27,23,51,53,52,51,67,71,89,105,95,75,76,80,69,56,30,13,9,8,0
0,0,0,0,0,11,10,31,51,50,56,66,86,97,106,95,88,89,81,65,55,31,13,0,7,0
0,0,0,0,0,9,12,20,47,38,60,81,89,102,101,97,95,81,77,67,53,37,10,7,8,6
0,0,0,7,0,0,10,20,38,50,59,77,95,95,100,86,82,82,79,77,61,50,13,7,0,0
6,0,0,0,0,0,7,13,51,55,61,81,97,101,98,94,88,85,76,72,64,60,51,14,19,10
0,7,7,0,0,14,12,11,51,57,69,89,104,111,111,105,98,95,91,82,72,64,53,12,6,6
0,0,7,0,0,0,12,13,50,58,71,84,97,101,109,106,99,96,93,83,71,55,25,11,8,0
12,10,13,9,11,34,52,53,62,73,75,95,108,121,136,132,122,131,120,105,86,72,58,48,25,12
11,12,21,13,13,39,50,60,69,80,93,108,114,128,133,124,112,116,116,101,83,69,58,40,23,14
11,13,12,14,25,16,56,62,71,82,98,102,116,122,126,114,92,104,109,100,81,68,59,50,13,16
10,14,11,15,22,52,60,66,75,82,92,98,109,116,110,93,84,95,98,94,79,66,56,50,20,13
7,7,14,13,13,52,58,63,71,77,86,103,95,94,92,79,75,81,88,85,73,62,55,28,20,14
9,8,11,14,18,51,56,63,72,72,75,104,88,78,75,68,67,73,77,78,70,59,53,41,14,14
7,8,11,14,32,52,56,60,64,64,66,79,72,67,70,66,67,75,77,76,68,63,55,50,35,13
7,9,10,14,33,51,55,55,57,59,59,70,79,68,67,65,64,71,68,66,61,53,36,16,11,8
0,7,14,20,17,28,41,37,44,46,50,63,64,59,59,60,54,66,61,57,50,39,29,19,13,9
0,0,9,13,28,50,47,42,51,52,53,56,64,64,65,54,63,65,65,61,56,47,18,12,11,7
0,0,6,9,13,50,51,52,54,52,53,55,63,61,61,52,57,67,62,61,54,31,14,12,10,6
0,0,6,6,10,27,45,54,57,57,56,56,59,65,60,51,43,63,63,57,53,21,12,9,7,0
0,6,6,6,7,13,27,52,53,60,58,59,53,63,60,56,52,59,64,57,45,13,10,9,6,0
0,0,0,6,7,13,16,15,51,55,56,61,65,78,72,68,64,56,59,58,22,14,12,11,0,0
0,0,0,0,0,9,11,11,36,45,47,54,62,74,68,64,61,53,56,53,36,9,10,0,0,0
0,0,0,0,0,0,0,9,14,17,14,50,54,60,63,62,59,55,55,53,20,9,0,0,0,0
0,0,0,6,0,0,6,10,13,12,14,42,52,57,60,60,58,55,57,54,23,10,0,6,0,0
0,5,0,4,0,0,6,10,10,8,9,27,27,52,54,56,64,56,60,51,19,7,0,0,0,0
0,0,0,0,0,0,8,13,12,12,11,32,42,50,53,57,62,62,63,56,31,10,8,0,0,0
0,0,0,0,0,0,8,10,11,10,8,14,25,51,55,54,55,61,59,53,19,8,6,0,0,0
0,5,0,0,0,6,0,8,8,8,8,11,12,36,42,51,54,58,59,54,14,7,0,0,0,0
0,0,0,0,0,0,6,7,0,7,0,11,10,16,47,37,47,54,53,33,9,0,0,0,0,0
0,0,0,0,4,0,0,6,0,6,0,0,10,9,14,14,14,42,51,25,7,0,0,0,0,0
0,5,0,0,0,4,6,0,6,7,6,7,10,10,13,14,13,32,45,20,6,5,0,5,0,0
0,0,0,0,0,0,0,0,0,7,0,0,9,11,11,13,13,22,32,12,5,0,0,0,0,0
0,0,0,0,0,0,0,6,0,5,0,0,11,12,14,14,13,22,33,10,6,0,0,0,0,0
0,7,12,12,24,36,42,54,55,58,70,84,87,89,106,107,90,84,78,78,60,53,53,50,14,13
5,7,11,14,23,55,54,59,57,57,61,78,91,103,123,116,97,91,83,77,60,56,59,51,31,14
0,8,7,18,11,55,53,58,47,13,59,79,91,107,115,107,92,89,85,81,65,52,30,50,36,16
5,10,10,7,12,39,29,14,50,11,51,69,86,94,103,99,96,91,82,69,56,40,13,33,29,15
6,8,0,6,0,0,27,57,58,17,43,65,75,94,119,105,80,83,77,68,56,15,19,27,34,12
5,0,0,0,0,10,40,55,55,52,13,50,67,83,98,90,73,77,73,64,54,14,11,11,13,10
0,0,0,0,9,23,50,60,57,34,13,59,73,85,97,91,74,77,75,70,56,22,11,10,10,8
0,0,0,0,9,27,28,51,54,53,53,66,72,89,105,96,75,76,79,70,56,30,12,10,8,0
0,0,0,0,0,11,10,28,52,51,55,66,86,97,106,96,88,88,80,65,55,28,13,0,6,0
0,0,0,0,0,9,12,17,41,41,59,82,89,102,101,98,94,81,76,67,52,40,10,7,8,6
0,0,0,7,0,0,10,17,36,46,57,77,95,95,99,87,82,81,79,77,62,50,12,8,0,0
6,0,0,0,0,0,8,13,51,55,61,81,98,101,98,94,89,84,75,72,64,60,51,14,19,9
0,7,7,0,0,13,12,11,51,57,69,88,103,111,110,106,98,95,92,82,72,65,53,12,0,0
0,0,7,0,0,0,12,14,50,57,72,83,97,102,109,107,98,95,93,82,71,54,23,11,8,0
12,9,13,9,12,34,52,53,62,73,75,95,109,121,137,133,122,132,120,104,85,72,58,48,25,12
11,12,21,13,13,41,50,60,70,80,94,108,115,128,133,125,112,117,115,100,83,69,58,43,23,14
11,13,12,16,30,18,57,61,71,82,98,103,116,122,128,115,91,104,108,101,81,68,58,50,13,16
10,13,12,18,25,52,60,67,75,82,92,98,109,117,111,93,84,95,98,94,80,66,56,50,19,13
7,7,14,12,14,52,58,63,71,78,86,103,95,94,92,79,75,81,88,85,73,62,54,28,18,13
9,9,11,14,21,51,56,62,72,72,75,104,87,79,75,69,67,73,77,77,70,59,53,43,14,14
7,8,11,14,32,52,56,60,64,64,65,79,72,67,70,66,67,75,77,76,68,64,55,51,33,13
7,10,10,14,31,51,55,55,57,59,60,70,79,68,67,65,64,71,69,66,61,53,34,17,11,8
0,7,14,20,20,28,41,38,45,46,50,62,64,60,59,60,54,66,61,57,50,40,29,20,13,9
0,0,10,13,28,48,50,43,51,53,53,56,65,64,65,53,63,65,65,61,56,47,18,12,10,7
0,0,6,10,13,50,51,52,54,52,53,56,64,61,61,52,57,67,62,61,54,31,14,12,9,7
0,0,7,6,10,27,45,54,57,57,56,56,59,65,60,52,45,63,63,57,53,23,11,9,7,0
0,6,6,7,7,13,29,52,54,60,58,59,53,63,60,57,52,59,64,57,45,13,10,9,0,0
0,0,5,6,8,13,21,15,51,55,56,61,65,78,72,67,64,56,59,58,23,14,12,11,0,0
0,0,0,0,0,9,11,10,38,47,47,55,62,74,68,64,60,53,56,52,34,9,9,6,0,0
0,0,0,0,0,0,0,9,14,17,14,50,54,60,62,62,59,54,55,53,20,9,0,0,0,0
0,0,0,6,0,0,6,10,13,12,14,47,52,56,60,60,58,55,56,54,25,10,0,6,0,0
0,0,0,5,0,0,6,10,9,8,9,28,29,52,54,56,64,55,61,50,19,7,0,0,0,0
0,0,0,0,0,0,8,13,13,12,11,32,43,50,52,57,63,62,63,56,29,10,7,0,0,0
0,0,0,0,0,0,8,10,12,10,8,14,25,51,54,54,55,61,59,53,19,8,5,0,0,0
0,5,0,0,0,6,0,8,8,7,7,11,13,33,42,51,54,58,59,54,14,8,0,0,0,0
0,0,0,0,0,0,6,7,0,8,0,11,10,14,47,40,50,54,52,38,9,0,0,0,0,0
0,0,0,0,4,0,0,7,0,7,0,0,10,9,14,15,14,42,51,25,7,0,0,0,0,0
0,5,0,0,0,5,6,0,6,6,6,7,11,10,13,17,13,30,45,18,6,5,0,5,0,0
0,0,0,0,0,0,0,0,0,6,0,0,9,11,11,13,13,20,30,12,5,0,0,0,0,0
0,0,0,0,0,0,0,6,0,5,0,0,11,12,15,16,13,23,32,10,6,0,0,0,0,0
0,7,12,13,23,36,42,54,55,57,70,84,87,88,106,107,90,84,78,78,61,54,53,50,14,13
5,7,11,14,23,55,54,59,57,57,61,78,91,103,123,117,97,91,83,77,60,56,59,51,34,14
0,8,6,17,11,55,54,58,50,13,59,79,91,106,115,107,92,89,84,81,65,53,30,50,38,18
5,10,10,7,12,39,33,14,50,11,51,70,87,94,102,99,96,91,81,69,57,38,13,33,27,15
6,8,0,6,0,0,35,57,58,17,38,65,75,94,119,105,80,83,77,68,57,14,19,27,34,12
5,0,0,0,0,10,40,55,55,52,14,50,67,84,98,89,73,77,73,64,54,16,10,11,14,10
0,0,0,0,9,21,50,61,56,28,13,60,72,85,96,91,73,76,75,70,56,20,11,10,10,8
0,0,0,0,9,30,31,52,55,53,52,67,72,90,104,96,75,76,79,69,56,27,12,10,8,0
0,0,0,0,0,11,10,25,51,51,55,67,86,97,106,95,88,88,79,65,55,28,13,6,6,0
0,0,0,0,0,9,13,22,44,41,60,82,89,102,101,98,94,81,76,66,53,40,10,7,8,6
0,0,0,7,0,0,10,17,36,46,57,77,95,95,98,87,81,81,78,77,62,50,12,8,0,0
6,0,0,0,0,0,8,13,51,56,61,81,97,101,98,94,89,84,75,72,64,60,50,14,19,9
0,7,7,0,0,13,12,11,51,57,68,88,104,111,110,106,97,95,92,82,72,65,53,13,6,6
0,0,7,0,0,0,12,15,48,57,72,84,97,102,109,106,99,95,93,82,71,55,26,10,8,0
12,9,13,9,12,34,52,53,62,73,75,95,108,122,136,133,122,131,119,104,86,72,58,47,25,12
11,12,18,13,13,41,51,60,70,81,94,108,115,127,133,125,112,117,115,100,84,70,57,38,21,14
11,13,12,15,30,18,58,62,71,82,98,103,115,122,128,114,91,103,109,101,82,69,58,50,13,16
10,13,12,16,27,52,60,67,75,82,92,99,109,117,111,94,85,95,98,93,80,66,55,50,20,13
7,7,14,12,14,52,58,63,71,78,85,103,95,94,92,79,75,81,87,85,73,62,54,26,20,14
9,9,11,13,23,51,56,62,72,72,75,104,87,78,75,69,67,73,77,77,70,59,53,45,14,14
7,8,11,14,36,52,56,60,64,64,65,79,72,67,70,67,67,74,77,76,68,64,55,50,33,14
7,10,11,14,31,51,55,55,57,59,60,71,79,68,67,65,64,71,69,65,61,53,34,17,11,8
0,0,14,20,20,29,41,39,43,46,50,62,65,59,59,60,54,65,61,57,51,40,28,20,13,9
0,0,10,13,28,48,50,44,51,53,54,56,65,64,65,53,63,65,65,61,56,50,20,12,10,8
0,0,6,9,13,50,51,52,54,52,53,56,64,61,62,52,57,67,62,61,54,36,13,12,9,7
0,0,7,6,10,27,43,54,57,57,56,56,59,65,60,51,45,63,63,57,53,25,11,9,7,0
0,6,6,6,7,13,31,52,53,60,58,60,53,64,60,57,53,59,64,57,47,13,10,9,0,0
0,0,6,6,8,13,21,17,51,55,56,62,65,78,72,67,64,57,59,57,26,14,12,11,0,0
0,0,0,0,0,9,11,11,36,47,47,55,62,74,68,65,60,53,56,52,36,10,9,6,0,0
0,0,0,0,0,0,0,9,14,15,15,50,54,60,62,62,58,54,55,53,22,9,0,0,0,0
0,0,0,6,0,0,6,10,13,12,14,47,52,56,60,60,58,55,56,54,29,10,0,6,0,0
0,0,0,5,0,0,6,10,8,8,9,29,29,52,54,56,64,55,60,50,20,7,0,0,0,0
0,0,0,0,0,0,9,13,13,12,10,32,42,48,52,57,62,62,63,56,31,10,7,0,0,0
0,0,0,0,0,0,9,10,11,10,8,14,22,51,54,54,55,61,59,53,21,8,0,0,0,0
0,4,0,0,0,6,0,9,8,7,7,10,12,36,40,51,54,58,59,54,14,8,0,0,0,0
0,0,0,0,0,0,6,7,0,7,0,11,10,14,45,40,50,54,53,38,9,0,0,0,0,0
0,0,0,0,4,0,0,7,0,7,0,0,10,9,14,15,14,42,51,22,7,0,0,0,0,0
0,5,0,0,0,5,6,0,5,6,6,7,11,10,13,17,13,30,45,18,6,5,0,5,0,0
0,0,0,0,0,0,0,0,0,6,0,0,9,11,11,13,13,19,30,12,6,0,0,0,0,0
0,0,0,0,0,0,0,6,0,5,0,0,11,12,14,16,13,23,32,10,6,0,0,0,0,0
5,7,11,12,18,32,50,53,54,57,71,86,88,89,106,108,90,85,79,78,61,54,53,47,14,13
5,6,10,13,20,54,55,59,57,57,62,80,94,104,125,118,98,91,84,77,60,56,59,51,38,14
0,6,7,15,11,54,55,58,47,17,61,82,95,108,117,108,93,90,85,82,65,53,32,50,40,20
0,8,9,6,12,35,37,14,50,13,54,73,91,96,103,100,96,90,82,70,57,43,13,33,27,17
5,7,0,0,0,0,47,58,58,14,52,69,79,95,120,106,80,83,77,67,57,15,17,27,34,13
5,0,0,0,0,9,52,56,55,52,28,54,70,84,98,90,73,77,73,64,54,18,10,11,14,11
0,0,0,0,9,33,66,63,56,34,17,64,75,85,97,92,74,76,75,70,56,20,11,10,10,9
0,0,0,0,10,50,62,54,55,54,53,70,75,90,104,97,76,76,79,70,56,30,13,10,8,0
0,0,0,0,0,12,13,34,52,52,58,69,89,97,106,97,88,88,79,65,55,28,13,6,6,0
0,0,0,0,0,8,11,28,47,50,63,84,94,103,102,98,94,81,75,66,53,37,10,7,9,6
0,0,6,7,0,0,12,25,41,51,61,81,100,96,99,87,82,82,79,76,62,50,11,7,0,0
7,6,0,0,0,7,9,15,52,57,63,84,100,101,100,95,89,84,76,71,64,60,50,14,17,9
0,9,9,0,0,17,14,13,52,58,71,91,107,112,110,106,97,95,92,82,72,65,53,12,7,6
0,0,10,0,0,0,13,21,50,58,74,86,100,102,109,107,99,95,93,82,71,55,23,10,8,0
12,10,14,9,12,37,53,53,63,75,76,97,110,122,137,134,122,130,118,104,86,72,58,46,25,13
12,12,25,13,12,41,52,61,70,81,95,109,117,127,134,124,113,117,115,100,83,70,57,40,23,16
13,13,13,14,27,27,59,62,70,82,98,104,117,122,128,115,91,104,108,101,82,70,58,50,13,16
10,14,13,12,19,52,60,67,74,82,92,99,109,117,110,94,85,95,98,93,80,66,55,50,20,14
7,8,14,12,13,52,58,63,70,77,86,104,95,94,92,79,75,81,87,85,73,62,55,28,21,14
10,9,11,12,20,50,56,61,71,71,75,104,88,78,75,69,67,73,77,77,70,60,53,43,14,14
7,9,12,13,26,51,56,59,63,64,65,79,72,67,70,67,67,74,77,76,68,64,55,50,33,14
7,10,11,13,23,50,55,55,57,59,60,71,80,68,67,65,64,71,69,65,62,53,32,16,11,9
0,7,13,18,17,28,41,39,43,46,50,63,65,60,59,60,54,66,61,57,51,40,28,20,14,10
0,0,10,12,21,42,47,41,50,53,54,56,65,65,65,53,63,64,65,61,56,50,16,11,11,8
0,0,6,8,12,45,50,52,53,52,53,56,64,62,61,53,57,67,61,61,55,36,13,12,10,7
0,0,6,5,9,21,43,52,55,57,56,56,59,65,60,52,41,63,63,57,53,27,11,9,8,0
0,0,0,6,7,13,31,51,53,58,57,60,54,64,60,57,53,59,64,57,50,14,10,9,0,0
0,0,0,6,7,12,20,14,50,53,56,62,65,79,72,68,64,57,58,58,30,14,12,11,0,0
0,0,0,0,0,9,10,10,26,40,42,55,62,74,67,64,60,53,56,52,31,10,9,0,0,0
0,0,0,0,0,0,0,8,13,14,15,50,55,60,62,63,58,54,55,53,25,9,0,0,0,0
0,0,0,0,0,0,6,10,12,12,14,50,52,56,60,60,58,55,56,53,27,10,0,6,0,0
0,0,0,5,0,0,6,10,9,8,9,29,30,52,54,57,63,55,60,50,21,8,0,0,0,0
0,0,0,0,0,0,9,13,13,12,10,35,42,50,52,57,62,62,63,56,31,10,7,0,0,0
0,0,0,0,0,0,9,10,11,11,8,15,25,51,53,54,56,62,59,53,23,9,5,0,0,0
0,4,0,0,0,6,7,9,8,8,7,11,13,44,40,51,54,58,59,54,14,8,0,0,0,0
0,0,0,0,0,0,7,8,6,8,0,12,11,15,42,37,50,54,52,41,9,0,0,0,0,0
0,0,0,0,4,0,0,8,0,7,6,6,11,9,15,14,17,44,51,25,7,0,0,0,0,0
0,5,0,0,0,5,6,0,5,6,7,8,12,10,13,19,13,30,43,16,6,5,0,4,0,0
0,0,0,0,0,0,0,0,0,6,0,0,9,12,11,13,13,20,29,12,6,0,0,0,0,0
0,0,0,0,0,0,0,7,0,5,0,0,11,12,14,16,13,23,32,10,6,0,0,0,0,0
10,11,13,21,39,50,53,56,59,66,82,98,105,103,132,112,89,84,75,75,59,53,51,35,12,13
9,9,12,16,32,56,56,62,62,63,66,83,96,107,129,126,95,88,80,74,58,54,58,40,27,12
6,9,10,18,13,56,56,59,50,38,63,84,95,110,117,109,93,86,82,77,62,52,27,32,34,14
6,10,10,9,13,40,37,14,45,28,55,74,90,95,103,98,93,85,79,66,55,31,12,23,14,13
6,8,0,6,0,0,23,55,57,25,53,71,78,95,119,102,78,81,75,66,54,17,16,15,23,12
6,0,0,0,0,10,51,55,54,52,50,57,71,84,99,88,71,74,72,63,53,16,10,10,12,9
0,0,0,0,8,36,67,61,54,31,38,66,77,87,99,90,72,72,74,68,54,17,11,9,10,8
0,0,0,0,10,51,64,54,54,53,56,75,76,92,107,96,75,73,81,71,56,30,14,11,8,0
0,0,0,0,0,13,14,43,52,54,63,72,91,100,110,97,89,86,80,65,55,25,13,7,7,0
0,0,0,0,0,9,13,43,50,52,65,91,101,103,108,100,95,81,76,66,54,40,11,8,9,8
0,0,6,8,0,0,13,33,47,53,65,86,102,100,105,89,82,82,77,77,62,51,13,9,7,0
7,7,0,6,0,9,11,27,52,59,66,90,103,105,108,98,92,83,76,73,65,61,52,23,29,10
7,10,8,0,0,21,30,22,53,59,73,96,111,118,115,112,97,95,92,83,72,66,54,15,9,8
0,0,9,0,0,0,13,26,51,60,76,92,107,108,113,110,99,93,91,83,74,57,36,12,10,7
13,11,13,10,13,39,54,54,62,77,81,108,123,132,144,139,123,128,114,106,86,73,59,50,31,14
13,13,23,13,13,39,54,62,71,84,103,121,130,139,141,130,117,114,114,102,85,71,58,50,31,26
14,16,14,14,30,30,60,63,72,86,109,118,132,137,139,122,95,103,108,104,84,70,59,50,14,22
11,16,14,12,20,51,61,69,77,87,100,113,125,134,123,103,88,95,98,95,81,67,57,51,23,14
9,10,14,13,16,52,60,65,74,83,94,118,109,111,104,87,81,83,88,85,73,62,56,32,25,15
11,10,12,14,26,51,59,64,75,77,82,115,96,87,82,73,70,75,78,77,70,60,54,43,17,17
9,10,13,14,34,53,59,62,67,69,71,84,76,71,75,69,68,75,77,75,67,63,55,50,33,14
8,11,11,14,31,52,58,58,59,63,63,75,83,69,70,67,64,71,68,64,60,52,28,14,10,9
7,9,16,22,24,40,50,47,47,50,53,66,69,62,62,63,55,65,59,55,49,38,28,18,13,10
0,8,13,13,38,53,50,48,52,55,56,57,68,66,66,55,64,62,63,58,54,45,14,11,11,8
0,7,10,12,42,55,51,52,52,52,53,56,65,62,62,53,54,63,57,59,53,29,13,12,10,7
0,0,9,11,52,53,51,52,53,55,55,56,60,64,60,51,29,59,58,54,52,16,10,9,7,0
6,7,7,10,19,50,51,52,53,57,56,60,56,64,60,56,50,53,60,54,41,13,10,8,0,0
0,0,7,9,11,38,51,40,52,53,56,59,61,76,70,66,60,53,51,55,16,13,11,10,0,0
0,0,0,6,7,12,27,41,50,51,51,54,57,70,66,63,58,50,52,50,16,9,8,0,0,0
0,0,0,0,0,7,9,20,46,51,51,54,54,59,62,62,56,52,53,52,15,8,0,0,0,0
0,0,0,6,0,0,9,13,20,29,52,54,55,57,60,59,57,53,55,53,14,10,0,5,0,0
0,0,0,6,0,6,8,13,11,12,14,50,52,55,55,58,60,53,58,46,13,7,0,0,0,0
0,0,0,0,0,0,11,15,14,16,15,50,56,57,55,59,60,59,60,53,20,9,0,0,0,0
0,0,0,0,0,0,10,12,13,13,10,42,52,55,55,56,55,59,57,51,13,8,6,0,0,0
0,5,0,0,0,7,7,10,9,8,10,14,40,52,52,52,52,56,56,52,11,7,0,0,0,0
0,0,0,0,0,0,8,9,6,8,9,14,14,40,51,47,37,52,51,25,8,0,0,0,0,0
0,0,0,0,0,0,0,7,0,8,8,9,13,13,43,14,14,39,48,14,7,0,0,0,0,0
0,6,0,0,0,4,6,5,5,6,8,10,13,13,23,17,13,25,30,12,6,4,0,0,0,0
0,0,0,0,0,0,0,0,0,6,0,0,11,14,13,14,11,17,27,11,6,0,0,0,0,0
0,0,0,0,0,0,0,5,0,0,0,6,13,14,22,19,13,23,36,11,6,0,4,0,0,0
