0,0,11,46,40,73,101,122,133,136,126,111,102,72,12,15,15,6,6,10,10,0,10,0,7,13
11,0,14,51,60,106,121,133,139,144,132,125,112,86,12,11,10,8,0,9,9,5,9,0,0,7
10,0,22,65,87,109,128,139,140,154,143,134,113,92,30,21,13,12,9,9,11,5,14,0,8,11
11,9,38,62,85,115,132,140,138,157,142,138,114,100,13,41,38,12,10,11,10,8,22,6,10,13
9,6,11,59,71,114,131,140,139,150,143,130,111,98,32,40,30,9,9,11,8,6,13,0,11,14
5,0,7,36,73,101,121,136,138,142,138,121,104,74,53,47,26,7,7,11,0,0,9,0,11,15
6,0,6,51,75,105,120,136,131,141,131,109,84,61,52,32,34,8,0,14,0,0,14,5,13,11
8,0,25,63,87,112,122,132,130,143,130,110,93,65,45,38,25,0,6,14,7,4,12,0,11,12
8,0,12,60,97,105,118,130,125,131,118,104,88,67,40,15,14,8,9,10,0,4,8,0,8,10
8,0,14,64,106,118,125,129,122,126,117,101,91,67,37,14,15,5,0,8,0,0,6,0,8,7
6,0,20,59,105,116,123,123,117,116,115,94,86,59,23,13,8,0,0,0,0,0,0,0,7,9
9,0,13,67,106,118,124,120,115,117,110,91,96,63,14,12,0,0,0,5,0,0,0,0,3,5
9,8,56,81,110,127,135,138,134,130,123,97,103,84,14,18,14,0,0,8,0,0,0,0,0,6
12,9,63,102,121,138,146,150,138,132,127,105,106,81,51,18,12,5,9,12,7,5,9,0,12,9
47,37,83,110,125,144,151,157,142,133,126,112,107,69,45,14,17,9,11,13,8,8,13,0,8,10
50,35,82,111,131,146,150,153,143,135,128,114,105,81,53,26,29,11,7,14,19,11,12,7,10,14
51,53,69,107,124,143,158,167,152,139,132,116,107,79,60,50,27,12,0,13,10,10,13,8,13,17
13,18,72,98,120,139,157,172,144,128,131,125,108,80,57,44,27,9,6,7,0,5,10,7,10,12
43,23,67,102,116,133,145,158,145,139,128,125,108,86,55,48,43,18,15,13,4,6,10,0,8,10
13,14,57,76,111,121,135,147,143,140,141,134,121,93,57,54,40,14,10,15,8,5,12,6,7,10
25,13,54,66,105,108,126,144,141,140,123,121,118,88,60,52,12,9,10,7,7,6,11,5,9,8
14,13,50,63,88,97,114,129,134,134,133,125,119,100,67,54,12,8,7,6,11,8,12,8,5,12
14,10,28,53,60,74,93,115,119,130,121,119,114,95,66,55,43,12,9,8,0,6,12,7,9,10
11,9,20,52,52,62,71,102,103,110,102,99,106,79,58,52,19,8,5,12,0,0,10,4,11,10
10,10,16,43,37,59,60,79,90,105,100,95,96,73,56,43,34,6,0,11,5,0,9,0,9,10
14,9,21,30,28,57,55,65,77,87,96,91,95,75,58,41,14,0,0,8,8,0,10,0,8,9
10,0,12,20,14,48,42,61,63,77,79,79,86,63,53,14,11,0,0,0,0,0,8,0,5,8
5,6,9,14,14,47,51,56,56,67,76,75,80,58,44,14,10,5,0,0,7,0,7,0,7,6
9,7,9,13,14,32,50,56,43,63,70,73,84,60,50,21,8,0,6,6,9,0,10,4,9,6
6,6,11,11,20,21,42,57,35,61,65,71,77,62,51,12,0,0,0,0,0,0,9,6,0,7
6,5,10,10,14,20,50,60,53,66,70,79,79,64,51,12,6,0,0,0,6,0,0,0,0,7
8,6,10,14,14,31,55,63,60,76,86,90,90,69,33,16,7,0,4,6,5,0,6,0,0,9
8,6,10,12,12,50,51,66,64,84,100,98,97,65,31,12,7,7,5,6,5,3,8,0,0,4
9,5,11,12,19,15,60,67,72,89,113,106,93,58,21,10,5,0,0,9,8,0,6,0,6,7
6,0,8,9,18,40,60,66,64,99,109,107,81,54,13,5,8,0,0,6,0,0,7,0,0,0
7,0,7,13,20,40,58,63,63,88,102,105,70,41,9,5,7,5,0,9,0,0,0,0,0,0
6,0,7,11,13,52,53,56,61,75,86,81,55,20,10,10,10,0,0,6,0,0,4,0,0,0
0,0,8,10,14,25,53,57,51,75,75,67,47,11,10,10,9,0,0,7,5,0,6,0,6,4
0,4,5,10,12,37,45,45,51,56,63,56,13,11,7,6,7,0,0,7,0,4,0,0,8,6
8,7,8,9,18,22,14,50,46,56,57,38,12,7,0,5,5,0,0,6,0,0,6,0,0,0
0,0,12,46,42,74,101,122,134,136,126,111,102,72,12,16,17,6,0,10,11,0,10,0,7,13
11,0,14,51,60,106,121,133,140,144,132,125,112,87,13,12,10,8,0,9,9,4,9,0,0,7
10,0,22,65,87,109,128,139,141,154,143,135,113,93,33,22,13,12,7,9,11,5,14,0,8,11
11,9,40,62,84,114,132,140,139,156,142,138,114,100,13,41,38,12,8,11,11,7,22,6,10,13
9,6,11,59,71,114,131,140,140,150,143,130,111,98,33,40,30,10,7,11,8,6,13,4,11,14
5,0,7,38,73,101,121,136,140,142,138,122,104,74,53,48,26,8,0,12,0,0,9,0,11,15
6,0,6,51,76,105,120,135,134,141,131,110,85,62,52,32,32,8,0,14,0,0,14,5,13,11
8,0,25,63,87,112,122,133,132,143,130,110,93,65,46,38,25,6,0,14,8,0,12,0,11,12
7,0,12,60,98,105,119,130,127,132,119,105,88,67,42,15,14,8,6,11,0,0,8,0,8,10
8,0,15,65,106,118,125,130,124,126,117,101,92,68,40,14,15,5,0,9,0,0,6,0,8,7
6,0,22,60,105,116,123,123,119,116,115,94,87,59,25,13,8,0,0,0,0,0,0,0,7,9
9,0,13,69,106,118,124,120,117,117,110,92,96,63,14,12,0,0,0,5,0,0,0,0,3,5
9,8,56,81,110,127,135,138,135,131,123,97,103,85,15,18,14,4,0,8,0,0,0,0,0,6
12,9,63,102,121,138,146,150,138,132,127,105,106,84,51,18,12,5,6,13,7,4,9,0,12,9
47,37,83,110,125,144,151,157,142,133,126,112,107,70,47,14,17,9,8,13,8,7,13,0,9,10
50,39,83,111,131,146,150,154,143,135,128,114,105,82,54,26,29,12,5,14,20,10,12,7,10,14
51,53,69,107,124,143,158,167,152,139,132,116,107,80,61,51,27,12,0,13,10,9,13,8,13,17
13,18,72,99,121,139,158,172,144,128,130,125,108,80,58,45,29,10,4,7,0,4,10,7,10,12
43,23,67,102,116,133,145,158,145,139,128,125,108,86,55,49,44,23,11,13,4,5,10,0,8,10
13,14,57,76,111,122,135,147,143,140,140,134,121,93,57,55,42,15,8,15,8,0,12,6,7,10
14,13,54,66,105,108,126,144,141,140,123,121,118,88,61,52,12,9,8,7,7,5,11,5,9,8
14,13,50,63,88,97,114,129,134,134,133,125,119,101,68,54,12,9,0,6,11,7,12,8,6,12
14,10,28,53,61,74,93,115,119,130,121,120,114,95,66,55,43,13,7,8,0,5,12,7,9,10
11,9,22,52,52,62,71,102,104,110,102,100,106,79,58,52,19,8,0,12,0,0,10,4,11,10
10,10,16,43,37,59,61,79,90,105,100,95,96,73,56,45,34,7,0,11,5,0,9,0,9,10
14,9,21,30,28,57,55,65,77,87,96,91,96,75,58,42,14,6,0,8,9,0,10,0,8,9
10,0,12,21,14,48,42,61,63,78,79,80,86,63,53,15,12,0,0,0,0,0,8,0,5,8
5,6,9,14,14,50,51,56,56,67,76,75,80,59,44,15,10,5,0,0,7,0,7,0,7,6
9,7,9,13,14,32,50,56,45,63,70,74,84,61,50,23,8,0,4,6,9,0,10,4,9,6
6,6,11,11,20,21,42,57,37,61,65,72,77,62,51,12,0,0,0,0,0,0,9,6,0,7
6,5,10,10,13,20,50,61,53,66,70,79,79,64,50,12,6,0,0,0,6,0,0,0,0,7
8,6,10,14,14,31,55,63,60,75,87,90,90,70,33,16,7,0,0,6,5,0,6,0,0,9
8,7,10,12,12,50,51,66,64,83,100,97,97,65,31,12,7,7,0,6,5,3,8,0,0,4
9,5,11,12,20,15,60,67,72,89,113,106,93,59,21,10,6,0,0,9,8,0,6,0,6,7
6,0,8,9,18,37,61,66,64,99,109,107,81,54,13,6,8,0,0,6,0,0,7,0,0,0
7,0,7,13,20,43,58,63,63,88,102,105,70,41,9,5,7,5,0,9,0,0,0,0,0,0
5,0,7,11,13,52,53,56,61,75,86,82,55,21,11,10,10,0,0,6,0,0,4,0,0,0
0,0,8,10,14,28,53,57,51,75,75,67,47,11,10,10,9,4,0,7,5,0,6,0,6,4
0,4,5,10,12,37,43,47,51,56,63,56,13,11,7,6,7,0,0,7,0,3,0,0,8,6
8,7,8,9,18,22,15,50,46,56,57,39,12,7,0,5,5,0,0,6,3,0,6,0,0,0
0,0,12,48,42,74,101,122,135,136,126,111,102,73,12,17,19,7,0,10,11,0,10,0,7,13
11,0,14,52,60,106,121,133,141,144,132,125,113,89,13,12,10,9,0,9,9,4,9,0,0,7
10,0,25,65,87,109,128,139,142,154,143,135,113,94,36,23,13,13,6,9,11,4,14,0,8,11
11,9,38,62,84,115,132,139,140,156,142,138,114,100,13,39,38,13,7,11,11,6,21,6,10,13
9,6,11,59,71,114,131,140,141,150,143,130,111,98,33,40,30,10,0,11,8,5,13,4,11,14
6,0,7,40,73,101,121,136,140,142,138,122,104,74,53,48,28,8,0,12,0,0,8,0,11,15
6,0,6,51,75,105,120,136,134,142,131,109,85,62,52,32,32,9,0,14,0,0,14,4,13,11
8,0,25,63,87,112,122,132,133,143,130,110,93,65,46,38,25,7,0,14,8,0,12,0,11,12
7,0,12,61,98,105,119,130,128,132,119,105,88,67,42,15,14,9,0,11,0,0,8,0,8,10
8,0,15,66,106,118,125,129,125,126,117,101,91,68,40,14,15,5,0,9,0,0,6,0,8,7
6,0,22,61,105,116,123,122,119,116,115,94,86,59,25,13,8,0,0,0,0,0,0,0,7,9
9,0,13,69,106,118,124,119,118,117,110,91,96,64,14,12,0,0,0,5,0,0,0,0,3,5
9,8,56,82,110,128,135,139,135,131,123,97,103,85,15,18,14,5,0,9,0,0,0,0,0,6
12,9,63,102,121,138,146,150,139,132,127,105,106,84,51,16,12,5,5,12,7,4,9,0,12,9
47,37,83,110,125,144,151,157,143,133,126,112,107,71,47,14,17,10,6,13,8,7,12,0,9,10
50,35,83,111,131,146,149,154,144,134,128,114,105,82,55,27,29,12,0,14,20,9,11,7,10,14
52,53,69,108,124,143,158,167,153,139,132,116,107,80,61,51,29,12,0,13,10,9,13,8,13,17
14,18,72,99,121,139,157,172,145,128,131,125,108,80,58,46,30,10,0,7,0,4,10,7,10,12
43,25,67,102,116,133,145,159,146,139,128,125,108,86,56,49,44,28,10,13,4,0,10,0,8,10
13,14,58,77,111,121,135,147,144,140,140,134,121,94,57,55,44,17,6,15,8,0,12,6,7,10
25,13,54,66,105,108,126,144,141,140,123,121,119,88,61,52,12,10,6,7,7,5,11,5,9,8
14,13,50,63,88,97,114,129,135,134,133,125,119,101,68,55,12,10,0,6,11,7,12,8,5,12
14,10,31,54,61,74,93,115,120,130,121,119,114,95,66,55,43,13,6,8,0,4,12,7,9,10
11,9,22,52,52,62,70,102,105,110,102,99,106,80,59,52,20,9,0,12,0,0,10,4,11,10
10,10,16,45,37,59,61,79,91,105,100,95,96,74,57,45,34,7,0,10,5,0,9,0,9,10
14,9,23,31,28,57,55,65,77,87,96,91,96,75,58,42,15,6,0,8,8,0,10,0,8,9
10,0,12,21,14,50,41,61,63,78,79,80,86,63,53,15,12,0,0,0,0,0,7,0,5,8
5,6,9,14,14,50,47,57,57,67,77,75,80,59,44,15,10,6,0,0,7,0,7,0,7,6
9,7,9,13,14,32,50,56,47,63,70,74,84,61,50,23,8,0,0,6,9,0,10,4,9,6
6,6,11,11,20,21,42,57,42,61,65,72,77,62,51,13,0,0,0,0,4,0,9,6,0,7
6,5,10,10,13,20,50,61,53,66,70,79,79,64,51,12,6,0,0,0,6,0,0,0,0,7
8,6,10,14,14,31,55,63,60,75,87,89,90,70,33,17,7,6,0,6,5,0,6,0,0,9
8,7,11,12,12,46,50,66,65,84,100,97,97,65,31,12,7,8,0,6,5,3,8,0,0,4
9,5,11,12,19,14,58,67,73,89,113,106,93,59,21,10,6,0,0,9,8,0,6,0,6,7
6,0,8,10,18,37,60,66,65,99,109,107,81,54,13,6,8,0,0,7,0,0,7,0,0,0
7,0,7,13,20,43,58,63,63,88,102,104,70,42,9,5,7,6,0,9,0,0,0,0,0,0
6,0,7,11,13,52,54,56,61,75,87,81,55,23,11,10,10,0,0,6,0,0,4,0,0,0
0,0,8,10,14,25,53,57,52,76,75,67,47,11,10,10,9,5,0,7,5,0,6,0,6,4
0,4,5,10,12,35,47,50,51,56,63,56,13,10,7,6,7,0,0,7,0,3,0,0,8,6
8,7,8,9,18,22,14,50,48,56,58,39,12,7,0,5,5,0,0,6,3,0,6,0,0,0
0,0,12,48,42,74,102,122,136,136,126,111,102,73,12,17,21,8,0,10,11,0,9,0,7,13
11,0,15,52,60,106,121,134,142,144,132,125,113,89,13,12,10,9,0,9,9,5,9,0,0,7
10,0,25,66,87,109,128,139,143,154,143,135,113,94,36,23,13,13,5,9,11,6,13,0,8,11
11,9,40,62,85,115,132,139,140,156,142,138,114,100,14,39,36,13,7,11,10,6,21,6,10,13
9,6,11,60,71,114,131,140,141,150,144,130,111,98,35,40,30,10,0,11,8,4,13,0,10,14
6,0,7,40,74,101,122,135,141,142,139,122,104,75,53,48,28,9,0,12,0,0,8,0,11,15
6,0,6,52,76,105,120,136,136,142,132,110,85,62,52,35,32,10,0,14,0,0,14,4,13,11
8,0,25,63,87,112,122,132,133,143,130,110,93,66,46,38,25,7,0,14,8,5,12,0,11,12
7,0,12,61,98,105,119,130,129,132,119,105,88,68,42,15,15,9,0,11,0,0,8,0,8,10
8,0,15,66,106,118,125,129,125,126,118,102,92,68,40,14,15,6,0,9,0,0,6,0,8,7
6,0,22,61,105,116,123,122,120,116,115,94,86,60,27,13,8,0,0,0,0,0,0,0,7,9
9,0,14,70,106,118,124,120,118,117,110,91,97,64,14,12,0,0,0,5,0,0,0,0,3,5
9,8,56,82,110,128,136,139,136,131,123,97,103,86,16,18,14,5,0,9,0,0,0,0,0,6
12,9,63,102,121,138,146,150,139,132,127,105,106,85,51,16,12,5,4,12,7,0,8,0,12,9
47,37,83,110,125,144,152,157,143,133,126,113,107,71,50,13,17,10,6,13,8,6,12,0,9,10
50,35,84,111,131,146,149,154,144,135,128,114,105,83,55,26,29,13,0,14,20,8,11,7,10,14
52,53,70,108,125,143,158,167,154,139,132,117,107,80,61,51,29,13,0,13,10,8,13,8,13,17
14,18,72,99,121,139,158,172,145,128,131,125,108,80,58,46,32,10,0,7,0,3,10,6,10,12
45,25,67,102,116,133,145,159,147,139,128,125,108,87,56,49,44,33,9,13,4,0,10,0,8,10
13,14,58,77,111,121,135,147,145,140,141,134,121,94,57,55,46,20,6,15,8,0,12,6,7,10
25,13,55,66,105,108,126,144,142,140,123,122,119,89,61,52,12,11,6,7,7,4,11,5,9,8
14,13,50,64,88,97,114,129,135,134,133,126,119,101,68,55,12,10,0,6,11,6,12,8,5,12
14,10,31,54,61,74,93,115,121,130,121,120,114,95,66,55,43,14,5,8,0,4,12,7,9,10
11,9,22,52,53,62,70,102,105,110,102,100,106,80,59,52,19,9,0,12,0,0,10,4,11,10
10,10,16,45,37,59,60,79,92,105,100,95,96,74,57,45,34,8,0,10,5,0,9,0,9,10
14,9,23,31,28,57,55,65,78,87,96,91,96,75,58,42,15,7,0,8,8,0,10,0,8,9
10,0,12,21,15,50,41,61,64,78,79,80,86,63,53,15,12,5,0,0,0,0,7,0,5,8
5,6,9,14,14,50,47,57,58,67,77,75,80,59,44,15,10,6,0,0,7,0,7,0,7,6
9,7,9,14,14,32,50,56,50,63,70,74,84,61,50,23,8,0,0,6,9,0,10,4,9,6
6,6,11,12,20,21,45,57,45,61,65,72,77,62,51,13,0,0,0,0,4,0,9,6,0,7
6,5,10,10,13,20,50,61,54,66,70,79,79,64,51,12,6,4,0,0,6,0,0,0,0,7
8,6,10,14,14,31,55,63,60,75,87,90,90,70,33,17,7,6,0,6,5,0,6,0,0,9
8,7,11,12,12,46,50,66,66,84,100,98,97,65,31,12,7,8,0,6,5,0,8,0,0,4
9,5,11,12,19,14,58,67,74,89,113,107,93,59,23,10,5,0,0,9,8,0,6,0,6,7
6,0,9,10,20,37,60,66,66,99,109,107,81,54,13,6,8,0,0,6,0,0,6,0,0,0
7,0,7,13,20,43,58,63,64,88,102,104,70,42,9,5,7,6,0,9,0,0,0,0,0,0
6,0,7,11,13,52,54,56,62,75,86,81,55,25,11,10,10,0,0,6,0,0,4,0,0,0
0,0,8,10,14,28,53,57,53,76,75,67,50,11,10,9,9,5,0,7,5,0,6,0,6,4
0,4,6,10,12,35,47,47,51,56,63,57,13,10,7,6,7,0,0,7,0,0,0,0,8,6
8,7,8,9,18,22,14,50,50,57,58,39,12,7,0,5,5,0,0,6,3,0,6,0,0,0
0,0,12,48,42,74,102,122,137,137,127,112,102,74,13,19,21,8,0,10,11,0,9,0,7,13
11,0,15,51,60,106,121,134,142,144,132,125,113,89,13,12,10,9,0,9,9,5,9,0,0,7
10,0,25,65,87,109,128,139,143,154,143,135,113,96,38,23,13,13,0,9,11,7,13,0,8,11
11,9,40,62,85,114,132,139,141,156,142,138,114,100,14,39,38,13,4,11,10,6,21,6,10,13
9,6,11,59,71,114,131,140,142,150,144,130,111,100,36,40,30,10,0,11,8,5,13,0,10,14
6,0,7,40,74,102,122,135,142,142,139,122,105,75,54,48,28,9,0,12,0,0,8,0,10,15
6,0,6,51,76,105,120,136,136,142,132,110,85,62,52,35,32,10,0,14,0,0,14,4,13,11
7,0,25,62,87,112,122,132,134,143,130,110,94,66,46,38,25,7,0,14,8,5,12,0,11,12
7,0,12,61,98,105,119,130,129,132,119,105,89,68,44,17,15,9,0,11,0,0,8,0,8,10
8,0,17,66,106,118,125,129,126,126,118,102,92,69,40,14,15,6,0,9,0,0,6,0,8,7
6,0,22,61,105,115,123,122,120,116,115,94,86,60,30,13,8,0,0,0,0,0,0,0,7,10
9,0,13,69,106,118,124,120,118,117,110,91,97,65,14,12,0,0,0,5,0,0,0,0,3,5
9,8,57,82,110,128,136,139,136,131,123,97,103,88,18,20,14,5,0,9,0,0,0,0,0,6
12,9,63,102,121,138,146,150,140,132,127,105,106,85,52,16,12,5,0,13,7,0,9,0,12,9
47,37,83,110,125,144,152,157,144,133,126,113,107,71,50,13,17,10,0,13,8,6,12,0,9,10
50,35,84,111,131,146,149,154,145,135,128,114,106,83,56,27,28,13,0,14,20,9,11,7,10,14
51,53,71,108,125,143,158,167,155,139,132,117,107,80,61,51,29,13,0,13,10,8,13,7,13,17
14,18,72,98,121,139,158,172,147,128,131,125,109,81,58,46,32,10,0,7,0,3,10,6,10,12
47,25,67,102,117,133,145,158,147,139,128,126,108,87,57,50,44,33,6,13,4,0,10,0,8,10
13,14,58,77,111,121,135,147,145,140,141,134,121,94,58,55,47,20,0,15,8,0,12,6,7,10
14,13,55,66,105,109,126,144,143,140,123,122,119,89,61,52,12,11,0,7,7,5,12,5,9,8
14,13,50,64,88,97,114,129,136,134,133,126,119,101,68,55,12,10,0,6,11,7,12,8,5,12
14,10,31,54,61,74,94,115,121,130,121,120,114,95,66,56,45,14,0,8,0,5,12,7,9,10
11,9,22,52,53,62,70,103,106,110,102,100,106,80,59,51,20,9,0,12,0,0,10,4,11,10
10,10,18,45,37,59,61,79,93,105,100,94,96,74,57,46,34,8,0,10,5,0,9,0,9,10
14,9,25,31,28,57,55,65,79,87,96,91,96,75,59,41,17,7,0,8,8,0,10,0,8,9
10,0,12,20,16,50,41,61,65,78,79,80,87,63,53,17,12,5,0,0,0,0,7,0,5,8
5,6,9,14,14,50,47,57,58,67,77,75,80,59,45,19,10,6,0,0,7,0,7,0,7,6
9,7,9,13,14,35,50,56,51,63,70,74,84,61,51,21,8,0,0,6,9,0,10,4,9,6
6,6,11,11,20,21,45,57,50,61,65,72,77,62,51,13,0,0,0,0,4,0,9,6,0,7
6,5,10,10,14,20,50,61,54,66,70,79,79,64,51,13,6,4,0,0,6,0,0,0,0,7
8,6,10,14,14,31,55,63,61,75,87,90,90,70,36,15,7,6,0,6,5,0,6,0,0,9
8,7,11,12,12,46,50,67,66,84,101,98,97,65,34,13,7,8,0,6,5,0,8,0,0,5
9,5,11,12,19,15,58,67,75,89,114,107,93,59,25,10,5,0,0,9,8,0,6,0,6,7
6,0,9,10,20,40,60,67,66,99,109,107,81,54,13,6,8,0,0,6,0,0,6,0,0,0
7,0,7,13,20,43,58,63,65,88,102,104,70,42,9,5,7,6,0,9,0,0,0,0,0,0
6,0,7,11,13,52,54,56,63,75,86,81,55,25,11,10,10,0,0,6,0,0,4,0,0,0
0,0,8,10,14,25,53,57,53,76,75,67,50,12,10,9,9,5,0,7,5,0,6,0,6,4
0,4,6,10,12,35,47,50,52,56,63,57,13,10,7,6,7,0,0,7,0,0,0,0,8,6
8,7,8,9,18,22,14,50,50,57,58,40,12,7,0,5,5,0,0,6,3,0,6,0,0,0
0,0,12,48,42,74,102,122,137,136,127,112,103,74,13,17,21,8,0,10,11,0,9,0,7,13
11,0,15,51,61,106,121,134,143,144,132,125,113,89,14,12,10,9,0,9,9,5,9,0,0,7
10,0,25,65,87,109,128,139,144,154,144,135,114,96,41,25,13,13,0,9,11,7,13,0,8,11
11,9,38,62,85,114,132,139,141,156,142,138,114,100,14,39,38,13,0,11,10,7,21,6,10,13
9,6,11,59,71,114,131,140,142,150,144,130,111,100,36,40,30,10,0,11,8,5,13,0,10,15
6,0,7,40,74,102,122,135,142,142,139,121,105,75,54,48,30,9,0,12,0,0,8,0,10,15
6,0,6,51,76,105,120,136,137,142,132,110,85,62,52,35,34,10,0,14,0,0,13,4,13,11
7,0,25,62,87,112,122,132,134,143,130,110,94,65,48,36,25,8,0,14,8,6,12,0,11,12
7,0,12,61,98,105,119,129,129,132,119,105,89,68,44,17,15,10,0,11,0,0,8,0,8,10
8,0,17,66,106,118,125,129,126,126,118,101,92,69,40,14,15,6,0,8,0,0,6,0,8,7
6,0,22,61,105,115,123,122,120,116,115,94,87,60,30,13,8,0,0,0,0,0,0,0,7,10
9,0,13,69,106,118,124,120,119,117,110,91,97,64,14,12,0,0,0,5,0,0,0,0,3,5
9,8,57,82,110,128,136,139,137,131,123,97,103,88,18,18,14,5,0,9,0,0,0,0,0,6
12,9,64,102,121,138,146,150,140,132,128,105,106,85,52,16,12,5,0,12,7,0,8,0,12,9
47,37,83,110,125,144,152,157,144,133,126,113,108,71,50,13,17,10,0,13,8,7,12,0,9,10
50,35,83,111,131,146,149,154,145,135,128,114,106,82,57,27,28,13,0,14,19,9,11,7,10,14
51,53,70,108,125,143,158,167,156,139,132,117,107,80,61,52,29,13,0,12,9,9,12,7,13,17
14,20,72,98,121,139,158,172,147,128,131,125,109,81,59,46,33,10,0,7,0,4,10,6,10,12
47,25,67,102,117,133,145,159,148,139,128,125,108,87,57,49,44,33,7,13,4,0,10,0,8,10
13,15,58,77,111,121,135,147,146,140,141,134,121,94,58,55,48,20,0,15,8,0,12,6,7,10
25,13,55,66,105,109,125,144,143,140,123,122,119,89,61,52,12,11,0,7,7,5,11,5,9,8
14,13,50,64,88,97,114,129,136,134,133,125,120,101,69,55,12,10,0,6,11,7,12,8,5,12
14,10,31,54,61,74,93,115,121,130,122,119,114,95,66,56,45,14,0,8,0,5,12,7,9,10
11,9,20,52,53,62,70,102,106,110,103,100,106,80,59,51,20,9,0,12,0,0,10,4,11,10
10,10,18,47,39,59,60,79,93,105,100,94,96,74,57,46,34,8,0,10,5,0,9,0,9,10
14,9,25,32,29,57,55,65,79,87,97,91,96,75,58,41,17,7,0,8,8,0,10,0,8,9
10,0,12,20,15,50,42,61,65,78,79,80,87,63,53,15,12,5,0,0,0,0,7,0,5,8
5,6,9,14,14,50,47,57,58,67,77,75,80,59,45,19,10,6,0,0,7,0,7,0,7,6
9,7,9,13,14,35,47,56,51,63,70,74,84,61,51,21,8,0,0,6,9,0,10,4,9,6
6,6,11,11,20,21,45,57,50,61,65,72,77,62,51,13,0,0,0,0,4,0,9,5,0,7
6,5,10,10,14,21,50,61,55,66,70,79,79,64,51,13,6,4,0,0,6,0,0,0,0,7
8,6,10,14,14,31,55,63,62,76,87,89,90,70,36,15,7,6,0,6,5,0,6,0,0,9
8,7,10,12,12,46,50,67,66,85,101,97,97,65,34,13,7,8,0,6,5,3,8,0,0,5
9,5,11,12,19,15,58,67,75,89,114,106,93,59,25,10,5,0,0,9,8,0,6,0,6,7
6,0,9,10,20,40,60,66,67,99,109,107,81,54,13,6,8,0,0,6,0,0,6,0,0,0
7,0,7,13,20,43,58,63,65,87,102,104,70,42,9,5,8,6,0,9,0,0,0,0,0,0
6,0,7,11,13,52,54,56,63,75,87,81,55,25,11,10,10,0,0,6,0,0,4,0,0,0
0,0,8,10,14,25,54,57,54,76,75,67,50,12,10,9,9,5,0,6,5,0,6,0,6,4
0,4,5,10,12,37,47,47,53,55,63,56,13,10,7,6,7,0,0,7,0,3,0,0,8,6
8,7,8,9,18,22,14,50,51,57,59,40,12,7,0,5,5,0,0,6,3,0,6,0,0,0
0,0,12,48,42,74,102,123,137,137,127,112,103,74,13,17,19,8,0,10,11,0,9,0,7,13
11,0,14,51,61,106,121,134,143,145,133,125,113,90,14,12,10,9,0,10,9,5,9,0,0,7
10,0,25,65,87,109,128,139,144,155,144,135,114,96,44,25,13,13,0,9,11,7,13,0,8,11
11,9,38,62,85,114,132,140,141,156,142,138,114,100,14,39,38,13,0,11,10,6,21,6,10,14
9,6,11,59,71,114,131,140,142,150,144,130,111,100,38,42,30,10,0,11,8,5,13,0,10,15
6,0,7,38,74,102,122,136,142,142,139,122,105,75,54,47,28,9,0,12,0,0,8,0,11,15
6,0,6,50,76,105,119,135,137,142,132,110,85,62,53,35,34,10,0,14,0,6,14,4,13,11
7,0,25,62,88,112,122,133,135,143,131,110,94,66,48,38,25,7,0,14,7,6,12,0,11,12
7,0,12,60,99,105,119,130,129,132,119,105,89,68,46,17,15,9,0,11,0,0,8,0,8,10
8,0,17,65,106,118,125,129,127,126,118,101,92,69,42,14,15,6,0,8,0,0,6,0,8,7
6,0,20,61,105,115,123,123,121,116,115,94,87,60,30,13,8,0,0,0,0,0,0,0,7,10
9,0,14,69,106,118,124,120,119,117,111,92,97,65,14,12,0,0,0,5,0,0,0,0,3,5
9,8,56,82,110,128,135,138,137,131,124,97,103,89,20,18,14,5,0,9,0,0,0,0,0,6
12,9,63,102,121,138,146,149,140,132,128,105,106,85,52,16,12,5,5,12,7,4,8,0,12,9
47,37,83,110,125,144,151,156,144,133,127,113,108,71,51,13,17,10,6,13,8,7,12,0,9,10
47,39,83,111,131,146,150,154,146,135,128,114,106,82,58,27,28,13,0,14,19,10,11,7,10,14
51,53,70,107,125,143,158,167,156,139,133,116,107,81,61,52,27,13,0,12,9,9,12,7,13,17
13,20,72,98,121,139,158,172,148,128,131,126,109,81,59,46,33,10,0,7,0,4,10,6,10,12
47,25,67,102,117,133,145,158,148,139,128,125,108,87,57,49,44,33,10,13,4,5,10,0,8,10
13,15,58,76,111,122,135,147,146,140,141,134,122,94,59,55,48,20,6,15,8,4,12,6,7,10
14,13,55,66,105,109,125,144,143,140,123,122,119,89,61,52,12,11,6,7,7,5,11,5,9,9
14,13,50,63,88,97,114,129,136,134,133,125,120,101,69,55,12,10,0,6,11,7,12,8,5,12
14,10,31,53,61,74,93,115,122,130,122,120,114,95,66,56,45,14,6,8,0,6,12,7,9,10
11,9,20,52,53,62,71,102,106,110,103,100,106,80,59,51,20,9,0,12,0,0,10,4,11,10
10,10,18,45,39,59,61,79,93,105,100,94,96,74,57,46,34,8,0,10,5,0,9,0,9,10
14,9,23,31,29,57,55,65,79,87,97,91,96,76,59,41,17,7,0,8,8,0,10,0,8,9
10,0,12,18,15,50,43,61,65,78,79,80,87,63,53,15,12,5,0,0,0,0,7,0,5,8
5,6,9,14,14,50,51,57,59,67,77,75,80,59,45,19,10,6,0,0,7,0,7,0,7,6
9,7,9,13,14,35,50,56,51,63,70,74,85,61,51,21,8,0,0,6,9,0,10,4,9,6
6,6,11,11,20,20,42,57,50,61,65,72,77,62,51,13,5,0,0,0,4,0,9,5,0,7
6,5,10,10,14,21,50,61,55,66,70,79,80,64,51,13,6,0,0,0,6,0,0,0,0,7
8,6,10,13,14,31,55,63,62,75,87,89,90,70,36,15,7,6,0,7,5,0,6,0,0,9
8,7,10,12,12,46,51,67,67,85,101,97,97,65,36,13,7,8,0,6,5,3,8,0,0,5
9,5,11,12,19,15,60,67,75,89,114,106,93,59,27,10,5,0,0,10,8,0,6,0,6,7
6,0,9,9,20,40,60,66,67,99,109,107,81,54,13,6,8,0,0,6,0,0,6,0,0,0
7,0,7,13,20,43,58,63,66,88,102,104,70,42,9,5,7,6,0,9,0,0,0,0,0,0
6,0,7,10,13,52,54,56,64,75,87,81,55,25,11,10,10,0,0,6,0,0,4,0,0,0
0,0,8,10,14,25,54,57,54,75,75,67,50,12,10,9,9,5,0,6,5,0,6,0,6,4
0,4,5,10,12,37,45,47,53,55,63,56,13,10,7,6,7,0,0,7,0,3,0,0,8,6
8,7,8,9,18,23,16,50,51,57,59,41,13,7,0,5,5,0,0,6,3,0,6,0,0,0
0,0,12,46,44,74,102,123,137,137,126,112,103,74,13,17,19,7,0,10,10,0,9,0,7,13
11,0,14,51,62,106,121,134,143,145,133,125,113,90,14,13,11,9,0,10,9,6,8,0,0,7
10,0,25,65,87,109,128,139,144,155,144,135,114,97,44,26,13,13,0,9,11,7,13,0,8,11
11,9,38,62,85,114,132,140,141,156,142,138,114,100,14,41,38,13,0,11,10,7,21,6,10,14
9,6,11,59,71,114,131,140,143,150,144,130,111,100,39,42,30,10,5,11,8,5,13,0,10,15
6,0,7,38,74,101,122,136,142,142,139,122,105,75,54,47,28,8,0,12,0,0,8,0,11,15
6,0,6,51,76,105,120,135,137,142,132,110,85,62,53,36,34,9,0,14,0,7,14,4,13,12
7,0,25,62,89,112,122,132,135,144,130,110,93,66,48,38,26,7,0,14,7,7,12,0,11,12
7,0,12,60,99,105,119,130,130,132,119,105,89,68,46,17,15,9,5,11,0,0,8,0,8,10
8,0,17,65,106,118,125,129,127,127,118,101,92,69,42,14,15,5,0,8,0,0,6,0,8,7
6,0,20,61,105,115,123,123,121,116,115,94,87,60,30,13,8,0,0,0,0,0,0,0,7,10
9,0,14,69,106,118,124,120,119,117,110,91,97,65,14,12,0,0,0,4,0,0,0,0,3,5
9,8,56,82,110,128,135,138,137,131,123,97,103,89,20,20,14,5,0,9,0,0,0,0,0,6
12,9,63,102,121,138,146,149,141,132,128,105,106,85,53,16,12,5,5,12,7,4,8,0,12,9
50,37,83,110,125,144,151,156,144,133,126,112,108,71,51,13,17,10,7,13,8,7,12,0,9,10
47,39,83,111,131,146,150,154,146,135,128,114,106,83,59,28,28,13,0,14,19,11,11,7,10,14
51,53,70,107,125,143,158,167,156,139,132,116,107,81,61,52,29,12,0,12,9,10,12,7,13,17
13,20,72,98,121,139,158,172,148,128,131,125,109,81,59,46,35,10,0,7,0,5,10,6,10,12
47,25,67,102,117,133,145,158,148,139,128,125,108,87,57,50,45,32,10,12,4,5,10,0,8,10
14,15,58,77,111,122,135,147,146,141,141,134,122,94,59,55,50,19,7,14,8,5,12,6,7,10
14,13,54,66,105,108,125,144,143,140,123,122,119,89,61,52,12,11,6,7,7,6,11,5,9,9
14,13,50,63,88,97,114,129,137,134,133,125,120,101,69,55,12,10,0,6,11,8,12,8,5,12
14,10,31,53,61,74,93,115,122,131,121,119,114,96,66,56,45,14,6,7,0,6,12,7,9,10
11,9,20,52,53,62,71,102,107,110,103,99,106,80,59,51,20,9,0,12,0,0,10,4,11,11
10,10,18,45,37,59,61,79,93,105,100,95,96,74,57,46,35,8,0,11,5,0,9,0,9,10
14,10,23,31,29,57,55,65,79,87,97,91,96,76,59,41,19,7,0,8,8,0,10,0,8,9
10,0,12,18,15,50,43,61,66,78,79,80,87,63,53,15,12,5,0,0,0,0,7,0,5,8
5,6,9,14,14,50,51,57,59,67,77,75,80,59,46,19,10,6,0,0,7,0,7,0,7,6
9,7,9,13,13,35,50,56,51,63,70,74,85,61,51,23,8,0,0,6,9,0,10,4,9,6
6,6,11,11,21,20,42,58,50,61,65,72,77,62,51,13,5,0,0,0,4,0,9,5,0,7
6,5,10,10,14,21,50,61,56,66,70,79,80,64,51,13,6,0,0,0,6,0,0,0,0,7
8,6,10,14,14,31,55,63,63,76,87,89,90,70,36,15,7,6,0,7,5,0,6,0,0,9
8,7,10,12,13,46,52,67,67,85,100,97,97,66,36,13,7,8,0,6,5,3,8,0,0,5
9,5,11,12,19,15,59,67,76,90,114,106,93,59,27,10,5,0,0,9,8,0,6,0,6,7
7,0,8,10,20,40,61,67,68,99,109,107,81,54,13,6,8,0,0,6,0,0,6,0,0,0
7,0,7,13,20,43,58,62,66,88,102,104,70,44,9,6,7,6,0,9,0,0,0,0,0,0
6,0,7,10,13,52,54,56,64,75,87,81,55,25,11,10,10,0,0,6,0,0,4,0,0,0
0,0,8,10,14,25,54,57,54,75,75,67,50,12,10,9,9,5,0,6,5,0,6,0,6,4
0,4,5,10,12,37,45,47,53,56,63,56,13,10,7,6,7,0,0,7,0,3,0,0,8,6
8,7,8,9,19,22,16,50,51,57,59,40,13,8,0,5,6,0,0,6,3,0,6,0,0,0
0,0,12,48,44,74,102,123,138,137,127,112,103,75,13,17,19,6,0,10,10,0,9,0,7,13
11,0,14,52,61,107,121,134,144,145,133,125,113,91,14,13,11,7,0,10,9,5,8,0,0,7
10,0,22,65,88,109,128,139,144,155,144,135,113,97,47,26,13,12,0,9,10,7,13,0,8,11
11,9,38,62,85,114,132,140,142,156,142,138,114,100,14,41,36,11,0,11,10,6,21,6,10,14
9,6,11,59,71,114,131,140,143,150,144,130,111,100,38,42,30,9,0,11,8,5,13,0,10,15
6,0,7,38,74,101,122,136,143,142,139,122,105,75,54,47,28,7,0,12,0,0,8,0,11,15
6,0,6,50,76,105,120,135,137,142,132,110,85,62,52,37,34,8,0,14,0,7,13,4,13,12
8,0,25,63,89,112,122,133,135,144,130,110,93,66,48,40,26,6,0,14,7,7,12,0,11,12
8,0,12,61,98,105,119,130,130,132,119,105,88,68,46,17,15,8,6,11,0,0,8,0,8,10
8,0,15,66,106,118,125,129,127,127,118,102,93,69,45,14,15,5,0,8,0,0,6,0,8,7
6,0,17,62,105,115,123,123,121,116,115,95,87,60,30,13,8,0,0,0,0,0,0,0,7,10
9,0,14,70,107,118,124,120,119,117,110,92,97,64,14,12,0,0,0,4,0,0,0,0,3,5
9,8,55,82,110,128,135,138,137,131,123,97,103,88,20,20,14,0,0,9,0,0,0,0,0,6
12,9,63,102,121,138,146,149,141,132,128,105,106,85,52,16,12,0,6,12,7,4,8,0,12,9
50,37,83,110,125,144,151,156,145,133,127,113,108,71,51,13,17,9,8,13,8,7,12,0,9,10
47,39,83,111,131,146,150,154,146,135,128,114,106,83,59,28,28,11,0,14,19,10,11,7,10,14
52,53,69,108,125,143,158,167,157,139,132,116,107,81,61,52,29,11,0,12,9,9,12,7,13,17
14,21,72,99,121,139,158,172,148,128,131,125,109,81,59,47,35,9,0,7,0,4,10,6,10,12
45,27,67,102,117,133,145,159,149,139,128,125,108,87,57,50,45,21,11,12,4,5,10,0,8,10
14,16,58,77,111,122,135,147,146,141,141,134,122,94,59,55,50,14,8,14,8,4,12,6,7,10
25,13,54,66,105,108,125,144,144,140,123,122,119,89,61,52,12,9,6,7,7,5,11,5,9,9
14,13,50,63,88,97,114,129,137,134,133,126,120,101,69,55,12,9,0,6,11,8,12,8,5,12
14,10,28,54,61,74,93,115,122,131,121,120,114,96,67,56,45,12,5,8,0,5,12,7,9,10
11,9,20,52,53,62,71,102,107,110,103,100,106,80,60,52,20,7,0,12,0,0,10,4,11,11
10,10,16,45,37,59,61,79,93,105,100,95,96,74,57,46,34,6,0,10,5,0,9,0,9,10
14,10,21,31,29,57,55,65,80,87,97,91,96,76,59,44,17,6,0,8,8,0,10,0,8,9
10,0,12,20,15,50,43,61,66,78,79,80,87,63,53,15,12,0,0,0,0,0,7,0,5,8
5,6,9,14,14,50,51,57,59,67,77,75,80,59,46,15,10,5,0,0,7,0,7,0,7,6
9,7,9,14,13,35,50,56,52,64,70,74,85,61,51,25,8,0,0,6,9,0,10,4,9,6
6,6,11,11,21,21,42,58,51,61,66,72,78,62,51,13,5,0,0,0,4,0,9,5,0,7
6,5,10,10,14,21,50,61,56,66,70,79,80,64,51,12,6,0,0,0,6,0,0,0,0,7
8,6,10,14,14,31,56,63,63,76,87,89,90,70,38,17,7,0,0,7,4,0,6,0,0,9
8,7,10,12,12,50,52,66,68,85,100,97,97,65,34,13,7,7,0,6,5,3,8,0,0,5
9,5,11,12,20,15,59,67,76,90,114,106,93,59,27,10,5,0,0,9,8,0,6,0,6,7
7,0,8,10,20,40,61,67,68,99,109,107,81,54,13,7,8,0,0,6,0,0,6,0,0,0
7,0,7,13,21,43,58,62,66,89,102,104,70,44,9,5,8,5,0,9,0,0,0,0,0,0
6,0,7,11,13,52,54,56,64,75,87,81,55,25,11,10,9,0,0,6,0,0,4,0,0,0
0,0,8,10,14,25,54,57,55,76,75,67,50,12,10,9,9,4,0,6,5,0,6,0,6,5
0,4,5,10,12,37,45,50,54,56,63,57,13,10,7,6,7,0,0,7,0,3,0,0,8,6
8,7,8,9,19,22,17,50,52,57,59,41,13,8,0,5,6,0,0,6,3,0,6,0,0,0
0,0,12,48,44,74,102,123,138,137,127,112,103,75,13,19,19,0,0,10,10,0,9,0,7,13
11,0,14,52,62,107,121,134,144,145,133,125,113,91,14,13,11,6,0,10,9,4,8,0,0,7
10,0,22,65,88,109,128,139,144,155,143,135,113,98,47,28,13,11,6,9,10,5,13,0,8,11
11,9,40,62,86,114,132,140,142,156,142,138,114,100,15,41,36,10,4,11,10,0,21,6,10,14
9,6,11,58,71,113,131,140,143,150,144,130,111,100,38,42,30,8,0,11,8,4,13,0,10,15
6,0,7,38,74,101,122,136,143,142,139,122,105,75,54,48,28,5,0,12,0,0,8,0,11,15
6,0,6,51,76,105,120,136,138,142,132,110,86,62,52,37,34,6,0,14,0,0,13,4,13,12
8,0,22,62,89,112,122,133,136,144,130,111,93,66,48,40,26,0,0,14,8,5,12,0,11,12
7,0,12,61,98,105,119,131,130,132,119,105,88,68,46,17,15,6,7,11,0,0,8,0,8,10
8,0,15,66,106,118,125,130,127,127,118,102,93,68,42,14,14,0,0,8,0,0,6,0,8,7
6,0,20,62,105,115,123,123,121,117,115,95,87,60,27,13,8,0,0,0,0,0,0,0,7,9
9,0,14,70,107,118,124,120,120,117,110,92,97,65,14,12,0,0,0,4,0,0,0,0,3,5
9,8,55,82,110,127,135,138,138,131,124,98,103,88,20,20,14,0,0,9,0,0,0,0,0,6
12,9,63,102,121,138,146,149,141,132,128,105,106,86,53,16,12,0,7,12,6,0,8,0,12,9
50,37,83,110,125,144,151,157,145,133,127,113,108,71,50,13,17,7,10,13,8,6,12,0,9,10
47,39,83,111,131,146,150,154,146,135,128,115,106,83,59,28,26,10,6,14,19,9,11,7,10,14
52,53,69,108,125,143,158,167,157,139,132,117,107,81,61,53,29,10,0,12,9,8,12,7,13,17
14,21,72,99,121,139,158,172,149,128,131,126,109,81,59,47,35,8,4,7,0,3,10,6,10,12
45,27,67,102,117,133,145,159,149,139,128,126,108,87,57,50,45,14,12,12,4,0,10,0,8,10
14,16,58,77,111,122,135,147,147,140,141,134,122,94,59,55,50,11,9,14,8,0,12,6,7,10
25,13,54,66,105,108,126,144,144,140,123,122,119,89,61,52,11,8,8,7,7,4,11,5,9,8
14,13,50,63,88,97,114,130,137,134,133,126,120,101,69,55,12,8,0,6,11,7,12,8,5,12
14,10,28,54,61,74,93,115,122,131,121,120,114,96,66,56,45,11,6,8,0,4,12,7,9,10
11,9,20,52,53,62,71,103,107,110,103,100,106,80,60,52,19,6,0,12,0,0,10,3,11,11
10,10,16,43,39,59,61,80,94,105,100,95,96,74,57,46,34,0,0,11,5,0,9,0,9,10
14,10,21,31,28,57,55,66,80,87,97,91,97,76,59,44,17,0,0,8,8,0,10,0,8,9
10,0,12,20,15,50,43,61,66,78,79,80,87,63,53,17,12,0,0,0,0,0,7,0,5,8
5,6,9,14,14,50,51,57,59,67,77,75,81,59,46,17,10,0,0,0,7,0,7,0,7,6
9,7,9,14,14,35,50,57,52,63,70,74,86,62,51,25,8,0,4,6,9,0,10,4,9,6
6,6,11,11,21,20,42,58,51,61,66,72,78,62,51,13,5,0,0,0,4,0,9,5,0,7
6,5,10,10,14,21,50,61,56,66,70,80,80,64,51,12,6,0,0,0,6,0,0,0,0,7
8,6,10,14,14,28,56,63,63,75,87,90,90,70,36,16,7,0,0,6,4,0,6,0,0,9
8,7,10,12,12,46,52,67,68,85,100,97,97,65,34,13,7,6,0,6,5,0,8,0,0,5
9,6,11,13,20,18,59,68,76,90,114,107,93,59,27,10,5,0,0,9,8,0,6,0,6,7
7,0,8,10,20,40,61,67,69,100,109,107,82,54,13,7,9,0,0,6,0,0,7,0,0,0
7,0,7,13,20,43,58,62,67,89,102,104,70,44,9,6,8,4,0,9,0,0,0,0,0,0
6,0,7,11,13,52,54,56,64,75,87,81,56,25,11,10,9,0,0,6,0,0,4,0,0,0
0,0,8,10,14,25,54,57,55,76,75,67,50,12,10,9,9,0,0,6,5,0,6,0,6,5
0,4,5,10,12,35,43,50,55,56,63,57,13,10,7,6,7,0,0,7,0,3,0,0,8,6
8,7,8,9,19,22,17,51,52,57,59,42,12,8,0,5,6,0,0,6,3,0,6,0,0,0
0,0,12,48,44,74,102,123,138,137,126,112,103,75,13,19,19,0,0,10,10,0,9,0,7,13
11,0,15,53,62,107,121,134,144,145,133,125,113,91,14,13,11,0,0,10,9,5,8,0,0,7
10,0,25,66,88,109,128,139,144,155,144,135,113,98,50,28,13,9,6,9,10,6,13,0,8,11
11,9,40,62,86,114,132,140,142,156,142,138,114,100,15,41,36,8,4,11,10,0,21,6,10,14
9,6,11,58,71,114,131,140,143,150,144,130,111,100,38,42,28,6,5,11,8,6,13,0,10,15
6,0,7,38,74,102,122,136,143,142,139,122,104,75,54,48,28,0,0,12,0,0,8,0,10,15
6,0,6,51,76,105,120,136,138,142,132,110,86,63,53,37,32,0,0,14,0,0,13,0,13,11
8,0,22,63,89,112,122,133,136,144,130,111,93,66,48,40,25,0,0,14,8,5,12,0,10,12
7,0,12,61,98,105,119,131,131,132,119,105,88,68,46,17,14,5,8,11,0,0,8,0,8,10
8,0,15,66,106,118,125,130,127,127,118,102,92,68,42,14,15,0,0,8,0,0,6,0,8,7
6,0,20,62,105,115,123,123,121,117,115,96,87,60,30,13,7,0,0,0,0,0,0,0,7,9
9,0,14,70,107,118,124,120,120,117,110,92,97,65,14,12,0,0,0,0,0,0,0,0,3,5
9,8,56,83,110,127,135,139,138,131,123,99,103,88,21,18,14,0,0,9,0,0,0,0,0,6
12,9,63,102,121,138,146,149,141,132,128,106,106,86,53,16,11,0,7,13,6,4,8,0,12,9
47,41,84,111,125,144,151,157,145,133,127,113,108,71,50,13,17,5,10,13,8,7,12,0,9,10
50,39,83,111,131,146,150,154,146,135,128,115,106,83,60,28,26,8,6,14,18,9,11,6,10,14
52,53,70,108,125,143,158,168,157,139,132,117,107,81,61,53,27,8,0,12,9,9,12,7,13,17
14,21,72,99,121,139,158,172,148,128,131,126,109,81,59,47,35,7,4,7,0,4,10,6,10,12
45,27,67,102,117,133,145,159,149,139,128,126,108,88,57,50,44,12,12,12,4,0,10,0,8,10
14,16,58,77,112,122,135,147,146,140,141,135,122,94,59,55,50,9,9,14,8,0,12,5,7,10
25,13,54,66,105,109,126,144,144,140,123,122,119,89,61,52,11,6,8,7,7,5,11,5,9,8
14,13,50,64,88,97,114,129,137,135,133,126,120,101,69,55,12,6,0,6,11,7,12,8,5,12
14,10,28,54,61,74,93,115,122,131,121,120,114,96,66,56,45,9,6,8,0,4,12,7,9,10
11,9,22,52,53,62,71,103,107,111,103,100,106,80,60,52,19,0,0,12,0,0,10,3,11,11
10,10,16,45,39,59,61,80,94,105,100,95,96,74,57,46,34,0,0,11,5,0,9,0,9,10
14,10,23,31,28,57,55,66,80,87,97,92,96,76,59,44,17,0,0,8,8,0,10,0,8,9
10,0,12,20,15,50,42,61,66,78,79,80,87,63,53,17,12,0,0,0,0,0,7,0,5,8
5,6,9,14,14,50,51,57,59,67,77,76,80,59,46,17,10,0,0,0,7,0,7,0,7,6
9,7,9,14,14,35,50,57,52,63,70,75,85,62,51,25,8,0,4,6,9,0,10,3,9,6
6,6,11,11,21,21,40,58,51,61,66,73,77,62,51,13,0,0,0,0,4,0,9,5,0,7
6,5,10,10,14,21,50,61,56,66,70,80,80,64,51,12,6,0,0,0,6,0,0,0,0,7
8,6,10,14,14,31,56,63,63,75,87,90,90,70,38,16,7,0,0,6,5,0,6,0,0,9
8,7,10,12,12,46,52,67,68,85,100,98,97,65,34,13,7,5,0,6,5,0,8,0,0,5
9,6,11,13,20,18,60,68,76,90,114,107,93,59,27,10,5,0,0,9,8,0,6,0,6,7
7,0,8,10,20,40,60,67,69,100,109,108,82,54,13,7,9,0,0,6,0,0,7,0,0,0
7,0,7,13,21,43,58,63,66,89,102,105,70,44,9,6,7,0,0,9,0,0,0,0,0,0
6,0,7,11,13,52,53,56,64,75,86,82,56,26,11,10,9,0,0,6,0,0,4,0,0,0
0,0,8,10,15,25,54,58,55,76,75,67,50,12,10,9,9,0,0,6,5,0,6,0,6,5
0,4,5,10,12,35,43,50,55,56,64,57,13,10,7,6,7,0,0,7,0,4,0,0,8,6
8,7,8,9,19,22,17,51,52,57,59,42,12,8,0,5,6,0,0,6,3,0,6,0,0,0
0,0,12,50,44,74,102,124,138,137,127,112,103,75,13,19,19,0,0,10,11,0,9,0,7,13
11,0,15,53,61,107,121,134,144,145,133,126,113,91,14,13,11,0,0,10,9,5,9,0,0,7
10,0,25,66,88,109,128,139,145,155,144,135,113,100,50,28,14,7,6,9,10,6,13,0,8,11
11,9,40,63,86,114,132,140,142,156,142,138,114,100,17,43,36,6,4,11,10,0,21,5,10,13
9,6,11,59,71,114,131,140,143,150,144,130,111,100,38,42,30,0,0,11,8,6,13,0,10,15
6,0,7,38,74,102,121,136,143,142,139,122,104,75,54,48,28,0,0,12,0,0,8,0,10,15
6,0,6,51,76,105,120,136,138,142,132,111,86,63,53,36,32,0,0,14,0,6,13,0,13,11
8,0,22,63,89,112,122,133,136,143,131,111,93,66,48,38,25,0,0,14,8,6,12,0,10,12
7,0,12,62,98,105,119,131,131,132,119,105,88,69,46,15,14,0,8,11,0,0,8,0,8,10
8,0,15,66,106,118,125,130,128,127,118,102,92,68,42,14,14,0,0,8,0,0,6,0,8,7
6,0,20,62,105,115,123,123,122,117,116,96,87,60,30,13,7,0,0,0,0,0,0,0,7,9
9,0,14,70,107,118,124,120,120,117,111,93,97,65,14,12,0,0,0,0,0,0,0,0,3,5
9,8,56,83,110,128,135,139,138,131,124,99,103,88,21,18,15,0,0,9,0,0,0,0,0,6
12,9,64,102,121,138,146,150,141,132,128,106,106,87,54,16,11,0,7,13,6,4,8,0,12,9
50,41,84,111,125,144,151,157,145,133,127,113,108,72,50,13,18,0,10,13,8,7,12,0,9,10
50,39,83,111,131,146,150,155,147,136,128,115,106,83,60,28,25,5,6,14,18,10,11,6,10,14
52,53,70,108,125,143,158,168,157,139,133,117,107,82,61,52,27,5,0,12,9,9,12,7,13,17
14,21,73,99,121,139,158,172,148,128,131,126,109,82,59,47,36,4,5,7,0,5,10,5,10,12
45,27,67,102,117,133,145,159,149,139,128,126,108,88,57,50,45,9,12,12,4,5,10,0,8,10
14,16,58,77,112,122,135,148,147,140,141,135,122,95,59,55,50,0,9,14,8,4,12,5,7,10
27,13,54,66,105,109,125,144,144,140,123,122,119,90,62,52,11,0,8,7,7,5,11,4,9,8
14,13,50,64,88,97,114,130,137,135,133,126,120,101,69,55,12,0,0,6,11,8,12,8,5,12
14,10,28,56,61,74,93,115,122,131,122,120,114,96,67,56,45,5,6,8,0,5,12,7,9,10
11,9,20,52,53,62,71,103,107,111,103,100,106,80,60,52,20,0,0,12,0,0,10,0,11,10
10,10,16,45,39,59,61,80,94,105,101,95,96,74,57,45,34,0,0,11,5,0,9,0,9,10
14,10,23,32,28,57,55,66,80,87,97,92,97,76,59,42,17,0,0,8,8,0,10,0,8,9
10,0,12,20,14,50,42,61,66,78,79,80,87,64,53,17,12,0,0,0,0,0,7,0,5,8
5,6,9,15,14,50,51,57,59,67,77,76,80,59,46,17,10,0,0,0,7,0,7,0,7,6
9,7,9,14,14,37,50,57,52,63,70,75,85,62,51,23,8,0,4,6,9,0,10,3,9,6
6,6,11,12,21,21,40,58,51,61,66,73,77,63,51,13,5,0,0,0,4,0,9,5,0,7
6,6,10,10,14,20,50,62,56,66,71,80,80,64,51,12,6,0,0,0,6,0,0,0,0,7
8,6,10,14,14,28,56,64,63,75,87,90,90,70,38,16,7,0,0,6,5,0,6,0,0,9
8,7,10,12,12,46,52,67,68,85,100,98,97,66,34,13,7,0,0,6,5,0,8,0,0,4
9,6,11,13,20,18,60,69,77,90,114,107,93,59,27,10,5,0,0,9,8,0,6,0,6,7
6,0,8,10,20,40,60,67,69,99,110,108,82,55,13,7,9,0,0,6,0,0,6,0,0,0
7,0,7,13,21,43,58,63,67,89,102,105,70,44,9,6,8,0,0,9,0,0,0,0,0,0
6,0,7,11,13,52,53,57,65,75,86,81,56,26,11,10,9,0,0,6,0,0,4,0,0,0
0,0,8,10,15,25,54,58,55,76,75,67,50,12,10,9,9,0,0,6,5,0,6,0,6,4
0,4,5,10,12,35,43,50,55,56,64,57,13,10,7,6,7,0,0,7,0,4,0,0,8,6
8,7,8,9,19,23,17,51,52,57,59,43,13,8,0,5,6,0,0,6,0,0,6,0,0,0
0,0,12,50,44,74,102,124,138,137,126,112,103,75,13,19,19,0,0,10,11,5,9,0,7,13
11,0,15,52,61,107,121,134,144,145,132,126,113,91,14,13,11,0,0,10,9,6,9,0,0,7
10,0,25,66,88,109,128,139,145,154,143,135,113,100,50,30,14,4,8,9,11,7,13,0,8,11
11,9,40,63,86,114,132,140,142,156,142,138,114,100,17,43,36,0,9,11,10,0,21,5,10,13
9,6,11,59,71,114,131,140,143,150,144,130,111,100,38,42,30,0,8,11,8,7,13,0,10,15
5,0,8,38,74,102,121,136,143,142,139,122,105,75,53,48,26,0,6,12,0,4,8,0,10,15
6,0,6,52,76,105,120,136,138,142,132,111,86,63,53,36,32,0,0,13,0,7,13,0,13,11
8,0,25,62,89,112,122,133,136,143,131,111,93,66,48,38,25,0,0,14,8,6,12,0,10,12
7,0,12,62,99,105,119,131,131,132,119,105,88,69,46,17,14,0,9,11,0,0,8,0,8,10
8,0,17,65,106,118,125,130,128,127,118,102,92,69,42,14,15,0,0,8,0,0,6,0,8,7
6,0,20,61,105,115,123,123,122,116,116,96,87,60,30,13,7,0,0,0,0,0,0,0,7,9
9,0,14,70,107,118,124,120,120,117,110,93,97,66,14,12,0,0,0,0,0,0,0,0,3,5
9,8,57,83,110,128,135,138,138,131,123,99,103,88,21,20,15,0,0,9,0,0,0,0,0,6
12,9,64,102,121,138,146,150,141,132,128,106,106,89,54,16,12,0,8,12,6,5,8,0,12,9
47,41,84,111,125,144,151,157,145,133,127,113,108,72,50,13,18,0,10,13,8,8,12,0,9,10
50,39,83,111,131,146,149,155,147,136,128,115,106,83,61,30,25,0,7,14,18,11,11,6,10,14
52,53,70,108,125,143,157,168,158,139,132,117,107,82,61,53,27,0,0,12,9,10,12,6,13,17
14,21,73,99,121,139,158,172,149,128,131,126,109,82,59,48,36,0,6,7,0,5,10,5,10,12
45,30,67,102,117,133,145,159,150,139,128,126,108,88,57,50,45,5,14,12,4,6,10,0,8,10
14,16,58,77,112,122,135,148,147,140,141,135,122,95,59,56,50,0,11,14,8,5,12,5,7,10
27,13,55,66,105,109,125,144,144,140,123,122,119,90,62,52,11,0,10,7,7,6,11,4,9,8
14,13,50,64,88,97,114,129,137,134,133,126,120,102,69,56,13,0,6,6,11,9,12,7,5,12
14,10,34,56,61,74,93,115,122,131,121,120,114,96,66,56,45,0,9,7,0,6,12,6,9,10
11,10,22,52,53,62,71,103,107,111,103,100,106,80,60,53,20,0,0,12,0,0,10,0,11,10
10,10,18,45,39,59,61,80,94,105,100,95,96,74,57,45,34,0,0,11,5,0,9,0,9,10
14,10,23,32,29,57,55,66,80,87,97,92,97,76,59,44,17,0,0,8,8,0,10,0,8,9
10,0,12,20,14,50,43,61,66,78,79,81,87,64,53,17,12,0,0,0,0,0,7,0,5,8
6,6,9,14,14,50,51,57,60,67,77,76,80,59,46,19,10,0,0,0,7,0,7,0,7,6
9,7,9,13,14,37,50,57,52,63,70,75,85,62,51,25,8,0,6,6,9,0,10,3,9,6
6,6,11,11,21,21,40,58,51,61,65,73,77,63,51,13,5,0,0,0,4,0,9,5,0,7
6,6,10,10,14,21,50,62,56,66,70,80,80,64,51,13,6,0,0,0,6,0,0,0,0,7
8,6,10,14,14,28,56,64,63,75,87,90,90,70,38,16,7,0,4,6,5,0,6,0,0,9
8,7,11,12,13,43,52,67,68,85,100,98,97,66,34,13,7,0,5,6,5,0,8,0,0,4
9,6,11,13,20,18,60,69,77,90,114,107,93,59,27,10,5,0,0,10,8,0,6,0,6,7
6,0,9,10,21,40,60,67,69,99,110,107,81,55,13,7,9,0,0,6,0,0,6,0,0,0
7,0,7,13,21,43,57,63,66,88,101,104,70,44,9,6,7,0,0,9,0,0,0,0,0,0
6,0,7,11,13,52,53,57,65,75,86,81,55,26,11,10,9,0,0,6,0,0,4,0,0,0
0,0,8,10,15,25,54,58,55,76,75,67,50,12,10,9,9,0,0,6,5,4,6,0,6,4
0,4,5,10,12,35,43,50,55,56,64,57,13,10,7,5,7,0,0,7,0,5,0,0,8,6
8,7,8,9,19,23,16,51,52,57,59,43,13,8,0,5,6,0,0,6,0,0,6,0,0,0
0,0,12,50,44,75,102,124,138,137,127,112,103,76,14,17,19,0,6,10,11,6,9,0,7,13
11,0,15,52,61,107,121,134,144,145,133,125,113,93,15,13,10,0,0,10,9,8,9,0,0,7
10,0,27,66,88,109,128,140,145,155,144,135,113,100,50,30,14,0,9,9,11,10,13,0,8,11
11,9,38,63,86,114,132,140,142,156,142,138,114,101,17,43,36,0,9,11,10,10,21,4,10,13
9,6,11,60,71,114,131,140,143,150,144,130,111,100,39,42,30,0,9,11,8,8,13,0,10,15
6,0,8,38,74,102,121,136,143,142,139,122,105,75,54,47,28,0,7,12,0,5,8,0,10,15
6,0,6,52,76,105,120,136,138,142,132,111,85,63,53,36,32,0,0,13,0,9,13,0,13,11
8,0,25,63,89,112,122,133,136,144,131,111,93,66,50,38,25,0,6,14,8,9,12,0,10,12
7,0,12,62,100,105,119,131,131,132,119,106,88,70,48,17,14,0,9,11,0,6,8,0,8,10
8,0,15,65,106,118,125,130,128,127,118,102,92,69,42,14,15,0,0,8,0,0,6,0,8,7
6,0,20,62,105,115,123,123,122,117,116,95,87,61,30,13,7,0,0,0,0,0,0,0,7,9
9,0,14,70,107,118,124,120,120,117,110,93,97,66,14,12,0,0,0,0,0,0,0,0,3,5
9,8,56,83,110,128,135,138,138,131,123,99,103,88,23,20,15,0,0,9,0,4,0,0,0,6
12,9,65,102,121,138,146,150,141,132,128,105,106,89,54,16,12,0,8,12,6,6,8,0,12,9
47,41,85,111,125,144,151,157,145,133,127,113,108,72,50,13,18,0,11,13,8,9,12,0,9,10
50,39,84,111,131,146,149,155,147,136,128,115,106,84,61,31,23,0,7,14,18,13,11,5,10,14
52,53,70,108,125,143,157,168,158,139,133,117,107,82,62,53,27,0,0,11,9,11,12,6,13,17
14,21,73,98,121,139,158,172,149,128,131,126,109,82,59,48,36,0,6,7,0,6,10,5,10,12
45,30,67,102,117,133,145,159,150,139,128,126,108,89,57,50,45,0,15,12,4,7,10,0,8,10
14,16,58,77,112,122,135,148,147,140,141,135,122,95,60,56,50,0,11,14,8,7,12,4,7,10
27,13,55,66,105,109,126,144,144,140,123,122,119,90,62,52,11,0,10,7,7,7,11,0,9,8
14,13,51,65,88,97,114,129,137,134,133,126,119,102,70,55,13,0,6,6,11,11,12,7,5,12
14,11,34,56,61,74,93,115,122,131,121,120,114,96,67,56,45,0,9,7,0,8,12,6,9,10
11,9,25,52,53,62,71,103,107,111,103,100,106,80,60,52,20,0,5,12,0,5,10,0,11,10
10,10,20,45,39,59,61,80,94,105,100,95,96,74,58,45,34,0,0,10,5,0,9,0,9,10
14,10,23,32,29,57,55,66,80,87,97,91,97,76,59,44,17,0,0,8,8,4,10,0,8,9
10,0,12,20,15,50,43,62,66,78,79,81,87,64,53,17,12,0,0,0,0,0,7,0,5,8
6,6,9,15,14,50,51,57,60,67,77,76,80,59,47,17,10,0,0,0,7,0,7,0,7,6
9,7,9,13,14,37,50,57,52,63,70,75,85,62,51,25,8,0,6,6,9,0,10,0,9,6
6,6,11,11,21,21,40,58,51,61,65,73,77,63,52,13,5,0,0,0,4,0,9,4,0,7
6,6,10,10,14,21,50,61,56,66,71,80,80,64,51,13,6,0,0,0,6,0,0,0,0,7
8,6,10,14,14,31,56,64,63,76,87,90,90,70,38,17,7,0,4,6,5,0,6,0,0,9
8,7,11,12,13,46,52,67,68,85,100,98,97,66,36,13,7,0,5,6,5,5,8,0,0,4
9,6,11,12,20,18,60,69,77,90,114,107,93,59,27,10,5,0,0,10,8,0,6,0,6,7
6,0,9,10,21,40,60,67,69,99,110,107,81,55,13,7,9,0,0,6,0,0,6,0,0,0
7,0,7,13,21,43,57,63,66,88,101,104,70,44,9,6,7,0,0,9,0,0,0,0,0,0
6,0,7,11,13,52,53,57,65,75,86,81,55,26,11,10,9,0,0,6,0,0,4,0,0,0
0,0,8,10,15,25,54,58,55,76,74,67,50,12,10,9,9,0,0,6,5,4,6,0,6,4
0,4,5,10,12,35,43,50,55,56,63,57,13,10,7,5,7,0,0,7,0,5,0,0,8,6
8,7,8,9,19,23,16,51,52,57,59,43,12,8,0,5,6,0,0,6,0,0,6,0,0,0
0,0,12,50,44,75,102,124,139,137,127,112,103,76,14,17,21,0,6,10,11,6,10,0,7,13
11,0,15,52,61,107,121,134,145,145,133,125,113,93,17,13,10,0,0,10,9,8,9,0,0,7
10,0,27,66,90,109,128,140,145,154,144,135,114,100,50,30,14,0,9,9,11,10,14,0,8,11
11,9,38,63,86,114,132,140,142,156,142,138,114,101,17,43,36,0,9,11,10,10,21,0,10,13
9,6,11,60,71,114,131,140,143,150,144,130,111,100,41,42,30,0,9,11,8,8,13,0,10,15
6,0,8,38,74,102,121,136,144,142,139,122,105,75,55,48,28,0,7,12,0,5,8,0,10,15
6,0,6,52,76,106,120,136,139,142,132,111,85,63,53,36,32,0,6,13,0,10,13,0,13,11
8,0,25,62,89,112,122,133,137,143,131,111,93,67,50,38,25,0,7,14,8,9,12,0,10,12
7,0,12,62,100,105,119,131,131,132,119,105,88,70,48,17,15,0,9,11,0,6,8,0,8,10
8,0,17,65,106,118,125,129,128,127,118,102,92,69,42,14,15,0,0,8,0,0,6,0,9,7
6,0,20,62,105,115,123,123,122,116,116,95,87,61,30,13,7,0,0,0,0,0,0,0,7,9
9,0,14,70,107,118,124,120,120,117,110,92,97,66,15,12,0,0,0,0,0,0,0,0,3,4
9,8,56,83,110,128,135,138,138,131,124,98,103,88,21,20,14,0,0,9,0,4,0,0,0,6
12,9,65,102,121,138,146,150,142,132,128,105,106,90,54,15,12,0,8,12,6,6,8,0,12,9
47,41,85,111,126,144,151,157,145,133,127,113,108,72,50,13,18,0,11,13,8,9,12,0,9,10
50,39,84,111,131,146,150,154,147,136,128,115,106,84,62,31,23,0,7,13,19,13,11,5,10,14
51,53,70,108,125,143,157,168,158,139,133,117,107,83,62,53,26,0,0,12,9,11,12,5,13,17
14,21,73,98,121,139,158,172,149,128,131,125,109,82,60,48,36,0,7,7,0,6,10,4,10,12
43,30,68,102,117,133,145,159,150,139,128,126,108,89,57,50,45,0,15,12,4,7,10,0,8,10
14,17,58,77,112,122,135,148,147,140,141,135,122,95,60,56,50,0,11,15,8,7,12,4,7,10
27,13,55,66,105,109,126,145,144,140,123,122,119,90,62,52,11,0,10,7,7,7,11,0,9,8
14,13,51,65,89,97,114,129,138,134,133,126,120,102,70,56,13,0,6,6,11,11,12,7,5,12
14,11,34,56,61,74,93,115,123,130,121,120,114,96,67,56,45,0,10,7,0,8,12,6,9,10
11,9,25,52,53,62,71,103,108,111,103,100,106,80,60,52,20,0,5,12,0,5,10,0,11,11
10,10,20,47,39,59,61,80,94,105,100,95,97,74,58,45,34,0,0,10,5,0,9,0,9,10
14,10,23,32,29,57,55,66,80,87,97,91,97,76,59,44,19,0,0,8,8,4,10,0,8,9
10,0,12,21,15,50,43,61,66,78,80,80,87,64,54,17,12,0,0,0,0,0,7,0,5,8
5,6,9,14,14,50,51,57,60,67,77,76,80,59,46,19,10,0,0,0,7,0,7,0,7,6
9,7,9,13,14,37,50,57,53,63,70,75,85,62,51,25,8,0,6,6,9,0,10,0,9,6
6,6,11,11,21,21,42,58,52,61,65,73,78,63,52,13,5,0,0,0,4,0,9,4,0,7
6,6,10,10,14,21,50,61,56,66,71,80,80,64,51,13,6,0,0,0,6,0,0,0,0,7
8,6,10,14,14,31,56,64,63,76,88,90,90,70,38,17,7,0,4,6,4,0,6,0,0,9
8,7,11,12,13,46,52,67,68,85,100,98,97,66,36,13,7,0,5,6,5,5,8,0,0,4
9,6,11,13,20,18,60,68,77,90,114,107,93,59,27,10,5,0,0,9,8,0,6,0,6,7
6,0,9,10,21,43,61,67,70,98,110,107,81,55,13,7,9,0,0,6,0,0,6,0,0,0
7,0,7,13,21,43,57,63,67,87,102,104,70,44,9,5,7,0,0,9,0,0,0,0,0,0
6,0,7,11,13,52,53,56,65,75,86,81,55,26,11,9,9,0,0,6,0,0,4,0,0,0
0,0,8,10,15,25,54,58,56,75,75,67,50,12,11,9,8,0,0,7,5,4,6,0,6,4
0,4,5,10,12,35,45,50,55,56,63,57,13,10,7,5,7,0,0,7,0,5,0,0,8,6
8,7,8,9,20,23,16,51,52,57,59,42,12,8,0,5,6,0,0,6,0,0,6,0,0,0
0,0,12,48,46,75,102,124,139,137,127,112,103,76,14,19,21,0,8,10,10,6,10,0,7,13
11,0,17,52,62,107,121,134,145,145,133,125,113,93,17,13,10,0,0,10,9,8,9,0,0,7
10,0,27,66,88,109,128,140,145,155,143,135,114,100,51,30,14,0,10,9,10,9,14,0,8,11
11,9,38,62,86,115,132,140,143,157,142,138,114,101,20,43,34,0,10,11,10,10,21,0,10,13
9,7,12,59,71,114,131,140,144,150,144,130,111,100,41,42,30,0,10,11,8,8,13,0,10,15
6,0,8,36,74,102,122,136,144,142,139,122,105,75,55,48,28,0,8,12,0,5,8,0,10,15
6,0,6,52,76,106,120,136,139,142,132,111,85,63,53,37,32,0,7,13,0,9,14,0,13,11
7,0,25,62,89,112,122,133,137,144,131,111,93,66,50,40,25,0,8,14,8,9,12,0,10,12
7,0,12,62,100,105,119,130,131,132,119,106,88,70,50,17,15,0,10,11,0,6,8,0,8,10
8,0,17,66,106,118,124,129,128,127,118,102,92,69,45,14,14,0,0,8,0,0,6,0,8,7
6,0,20,62,105,115,123,123,122,116,116,95,87,60,30,13,7,0,0,0,0,0,0,0,7,9
9,0,14,71,107,118,124,120,120,117,110,92,97,66,15,12,0,0,0,0,0,0,0,0,3,4
9,8,56,83,110,128,135,138,138,131,124,98,103,88,21,20,14,0,0,9,0,4,0,0,0,6
12,9,64,102,121,138,146,150,142,132,128,105,106,90,54,16,12,0,9,12,6,6,9,0,12,9
47,41,84,111,126,144,151,157,146,133,127,113,108,72,47,13,18,0,12,13,8,9,12,0,9,10
47,39,84,111,131,146,149,154,147,136,128,115,106,84,62,32,22,0,8,13,19,13,11,5,10,14
51,53,70,108,125,143,158,168,159,139,132,117,107,83,62,53,26,0,6,12,9,11,12,4,13,17
14,20,73,98,121,139,158,172,150,128,131,125,109,82,60,48,36,0,7,7,0,6,10,4,10,12
43,27,68,102,117,133,145,159,150,139,128,126,108,89,57,50,44,0,21,12,4,7,10,0,8,10
13,17,58,77,112,122,135,147,147,140,141,135,122,95,60,56,50,0,12,14,8,7,12,3,7,10
25,13,55,66,105,109,126,145,145,140,123,122,119,90,63,52,11,0,11,7,7,7,11,0,9,8
14,13,50,65,89,97,114,129,138,134,133,126,120,102,70,56,13,0,7,6,11,11,12,6,5,12
13,11,34,55,61,74,93,115,123,131,121,120,114,96,67,56,45,0,10,7,0,7,12,5,9,10
11,9,25,52,53,62,71,103,107,111,103,100,106,80,60,52,20,0,6,12,0,5,10,0,11,11
10,10,20,45,39,59,61,80,94,105,100,95,97,74,58,46,32,0,5,10,5,0,9,0,9,10
14,10,23,32,31,57,55,66,80,87,97,91,97,76,59,44,19,0,0,8,8,4,10,0,8,9
10,0,13,20,15,50,43,61,66,78,79,80,87,64,54,17,12,0,0,0,0,0,7,0,5,8
5,6,9,14,14,50,51,57,60,67,77,76,81,60,46,17,10,0,0,0,7,0,7,0,7,6
9,7,9,13,14,35,50,57,53,63,70,75,85,62,51,26,8,0,7,6,9,0,10,0,9,6
6,6,11,11,21,21,40,58,52,61,65,72,78,63,52,13,5,0,0,0,4,0,9,4,0,7
6,6,10,10,14,23,50,61,56,66,71,80,80,64,51,13,6,0,0,0,6,0,0,0,0,7
8,6,10,14,14,31,56,63,63,76,88,90,90,70,38,16,7,0,5,6,4,0,6,0,0,9
8,7,11,12,13,46,52,67,69,85,100,98,97,66,36,13,7,0,6,6,5,5,8,0,0,4
9,6,11,13,20,18,59,68,77,90,114,107,93,59,27,10,5,0,0,9,8,0,6,0,6,7
6,0,9,10,21,43,61,67,70,98,109,107,81,55,13,7,9,0,0,6,0,0,7,0,0,0
7,0,7,13,21,43,58,63,67,87,102,104,70,44,9,5,7,0,0,8,0,0,0,0,0,0
5,0,7,11,13,52,53,56,65,75,86,81,55,26,11,9,9,0,0,6,0,0,4,0,0,0
0,0,8,10,15,28,54,58,56,75,74,67,50,12,11,9,8,0,0,6,5,4,6,0,6,4
0,4,5,10,12,35,45,50,55,56,63,57,13,10,7,5,6,0,0,7,0,5,0,0,8,6
8,7,8,9,20,23,16,51,52,57,59,43,12,8,0,4,6,0,0,6,3,0,6,0,0,0
0,0,12,48,46,74,102,124,139,137,127,112,103,76,14,19,19,0,7,4,11,6,10,0,7,13
11,0,15,52,62,107,121,134,145,145,133,125,113,93,19,13,10,0,0,0,9,8,8,0,0,7
10,0,27,65,88,109,128,139,145,155,143,135,114,100,50,30,14,4,10,0,10,9,14,0,8,11
11,9,40,62,86,115,132,140,143,157,142,138,114,101,20,43,36,0,10,0,10,10,21,0,10,13
9,6,12,59,71,114,131,140,144,150,144,130,111,100,41,43,30,0,9,0,8,8,13,0,10,15
6,0,8,38,75,102,122,136,144,142,139,122,105,75,55,48,28,0,7,0,0,5,8,0,10,15
6,0,6,52,76,106,120,136,139,143,132,110,85,63,53,36,32,0,6,0,0,9,14,0,13,11
8,0,25,62,89,112,122,133,137,143,130,111,93,66,50,40,25,0,7,6,7,9,12,0,10,12
7,0,12,62,100,105,119,130,131,132,119,105,88,69,50,17,15,0,9,0,0,6,8,0,8,10
8,0,17,65,106,118,125,130,128,127,118,102,92,68,45,14,15,0,0,0,0,0,6,0,8,7
6,0,20,62,105,115,123,123,122,117,115,95,87,60,30,13,7,0,0,0,0,0,0,0,7,9
9,0,14,71,107,118,124,120,120,117,110,92,97,66,15,12,0,0,0,0,0,0,0,0,3,5
9,8,56,83,110,128,135,138,138,131,124,99,103,88,23,20,15,0,0,0,0,4,0,0,0,6
12,9,64,102,121,138,146,150,142,132,128,105,106,90,54,15,12,0,8,5,6,6,9,0,12,9
47,41,84,111,126,144,151,157,146,133,127,113,108,73,43,13,19,0,10,6,8,9,12,0,9,10
47,42,84,111,131,146,150,154,147,136,128,115,106,84,62,31,22,0,8,5,19,13,11,4,10,14
51,54,71,108,126,143,158,168,159,139,132,117,107,83,63,53,27,0,5,5,9,11,12,0,13,17
14,20,73,98,121,139,158,172,150,128,131,126,109,82,60,48,38,0,7,0,0,6,10,0,10,12
43,27,68,102,117,133,145,159,150,139,129,126,108,89,57,50,45,5,15,0,4,7,10,0,8,10
13,17,59,77,112,122,135,148,148,140,141,135,122,95,60,56,50,0,11,6,8,7,12,0,7,10
14,13,55,66,105,109,126,145,145,140,123,122,119,90,63,53,11,0,10,0,7,7,11,0,9,8
14,13,50,64,90,97,114,129,138,135,134,126,120,102,70,56,13,0,6,0,11,11,12,6,5,12
14,10,31,55,62,74,94,115,123,131,121,120,114,96,67,56,47,0,10,0,0,7,12,5,9,9
11,9,25,52,53,62,71,103,108,111,103,100,106,80,60,52,20,0,5,0,0,5,10,0,11,11
10,10,21,45,39,59,61,80,94,106,100,95,97,74,58,46,34,0,0,0,5,0,9,0,9,10
14,10,23,32,31,57,55,66,81,87,97,91,97,77,59,44,19,0,0,0,8,4,10,0,8,9
10,0,13,21,16,50,44,61,67,78,80,80,87,64,54,17,12,0,0,0,0,0,7,0,5,8
5,6,9,14,14,50,51,57,60,67,78,76,81,60,47,17,10,0,0,0,7,0,8,0,7,6
9,7,9,13,14,35,50,57,53,63,70,75,85,62,51,25,8,0,6,0,9,0,10,0,9,6
6,6,11,11,22,21,42,58,52,61,66,73,78,63,51,13,5,0,0,0,4,0,9,3,0,7
6,5,10,10,14,21,50,61,56,66,71,80,80,65,51,12,6,0,0,0,6,0,0,0,0,7
8,6,10,14,14,31,56,63,64,76,88,90,90,70,38,16,7,0,5,0,4,0,6,0,0,9
8,7,11,12,13,50,52,67,69,85,100,98,97,66,38,13,7,0,5,0,5,5,8,0,0,4
9,6,11,13,20,18,60,68,77,90,114,107,93,59,29,10,5,0,0,3,8,0,6,0,6,7
6,0,9,10,21,43,62,67,70,99,109,107,81,55,14,7,9,0,0,0,0,0,6,0,0,0
7,0,7,13,21,43,58,63,67,88,102,105,70,44,9,5,7,0,0,0,0,0,0,0,0,0
6,0,7,11,13,52,53,56,65,75,86,81,55,28,11,9,9,0,0,0,0,0,4,0,0,0
0,0,8,10,15,25,54,58,56,75,74,67,50,12,11,9,8,0,0,0,5,4,6,0,6,5
0,4,5,10,12,35,45,50,55,56,63,57,13,10,7,4,6,0,0,0,0,5,0,0,8,6
8,7,8,9,20,23,17,51,52,58,59,43,12,8,0,4,5,0,0,0,3,0,6,0,0,0
0,0,12,48,46,75,102,124,139,137,127,112,103,76,14,19,21,0,6,0,11,6,10,0,7,13
11,0,15,52,62,107,121,134,145,145,133,125,113,93,19,13,10,0,0,0,9,8,8,0,0,7
10,0,27,65,90,109,128,139,146,155,143,135,114,98,50,30,14,8,9,0,10,10,14,0,8,11
11,9,40,63,87,114,132,140,143,158,142,138,114,101,22,45,36,6,9,0,10,10,21,0,10,13
9,7,12,59,71,114,131,140,144,150,144,130,111,100,41,43,30,0,9,0,8,8,13,0,10,14
5,0,7,38,75,102,121,136,144,142,139,122,105,75,55,48,28,0,7,0,0,5,8,0,10,15
6,0,6,52,77,106,120,136,139,143,132,110,86,63,53,36,32,0,0,0,0,9,14,0,13,11
8,0,25,62,89,112,122,133,137,143,131,111,94,66,50,40,25,0,6,0,7,9,12,0,10,12
7,0,12,62,100,105,119,130,131,132,119,105,88,69,50,17,16,0,9,0,0,6,8,0,8,10
8,0,17,65,106,118,125,129,128,127,118,102,92,68,45,14,15,0,0,0,0,0,6,0,8,7
6,0,20,62,105,115,123,123,122,117,115,95,87,60,33,13,7,0,0,0,0,0,0,0,7,9
9,0,14,71,107,118,124,120,120,117,110,92,97,65,15,12,0,0,0,0,0,0,0,0,3,5
9,8,56,83,110,128,136,138,138,131,124,98,103,88,21,20,15,0,0,0,0,4,0,0,0,6
12,9,64,102,121,138,146,150,142,133,128,106,106,89,54,16,12,0,7,0,6,6,9,0,12,9
45,41,83,111,126,144,151,157,146,134,126,113,108,73,39,13,19,0,10,0,8,9,12,0,9,10
47,46,84,111,131,146,150,154,148,136,128,115,107,83,62,31,22,6,7,0,19,13,11,3,10,14
51,53,71,108,126,143,158,168,160,139,132,117,108,82,63,53,27,6,0,0,9,11,12,0,13,17
14,20,72,98,121,139,158,172,150,128,131,126,109,82,60,49,38,5,6,0,0,6,10,0,10,12
43,27,68,102,117,133,145,159,151,139,128,126,108,89,57,50,45,9,14,0,4,7,10,0,8,10
13,17,59,77,112,122,135,148,148,140,141,135,122,95,60,56,50,0,10,0,8,7,12,0,7,10
14,13,55,66,105,109,126,145,145,140,123,122,119,90,63,53,12,4,10,0,7,7,11,0,9,8
14,13,50,64,90,97,114,129,138,135,134,126,120,102,70,56,13,5,6,0,11,11,12,5,5,12
13,11,31,55,62,74,93,115,123,131,121,120,114,96,67,56,47,7,9,0,0,7,12,4,9,9
11,9,22,52,53,62,71,103,108,111,103,100,106,80,60,53,20,0,0,0,0,5,10,0,11,10
10,10,20,45,41,59,61,80,95,106,100,95,97,74,58,46,34,0,0,0,5,0,9,0,9,10
14,10,23,32,31,57,55,66,81,87,97,91,97,76,59,44,19,0,0,0,8,4,10,0,8,9
10,0,12,21,16,50,43,61,67,78,79,80,87,64,54,17,12,0,0,0,0,0,7,0,5,8
5,6,9,14,14,50,51,57,61,67,78,76,81,60,47,17,10,0,0,0,7,0,8,0,7,6
9,7,9,13,14,35,50,57,53,63,70,75,85,62,51,25,8,0,6,0,9,0,10,0,9,6
6,6,11,11,22,21,40,58,52,61,66,73,78,63,51,13,5,0,0,0,4,0,9,3,0,7
6,5,10,10,14,21,50,61,56,67,70,80,80,64,51,12,6,0,0,0,6,0,0,0,0,7
8,6,10,14,15,28,56,64,64,76,88,90,90,69,38,16,7,0,4,0,4,0,6,0,0,9
8,7,11,12,13,50,52,67,69,85,100,98,97,66,38,13,7,0,5,0,5,5,8,0,0,4
9,6,11,13,20,18,59,68,78,90,114,107,93,59,29,10,5,0,0,0,8,0,6,0,6,7
6,0,9,10,21,43,62,66,70,100,109,107,81,55,14,7,9,0,0,0,0,0,6,0,0,0
7,0,7,13,21,45,58,63,67,88,102,105,70,44,9,6,7,0,0,0,0,0,0,0,0,0
5,0,7,11,13,52,53,56,66,75,86,81,56,26,11,10,9,0,0,0,0,3,4,0,0,0
0,0,8,10,15,28,53,58,57,75,74,67,50,12,10,9,8,0,0,0,5,4,6,0,6,4
0,4,5,10,12,35,45,50,56,56,63,57,13,10,7,4,6,0,0,0,0,5,0,0,8,6
8,7,8,9,20,23,16,51,52,58,59,43,13,8,0,4,5,0,0,0,3,0,6,0,0,0
0,0,12,48,48,75,102,124,140,137,127,112,103,76,14,19,21,0,0,0,11,6,10,0,7,13
11,0,14,52,62,107,121,134,145,145,133,125,113,93,19,13,10,6,0,0,9,8,8,0,0,7
10,0,27,65,88,109,128,139,146,155,144,135,114,98,51,30,14,11,8,0,10,10,14,0,8,10
11,9,40,63,87,115,132,140,143,158,142,138,114,101,22,45,38,10,8,0,10,10,21,0,10,13
9,7,11,59,71,114,131,140,145,151,144,130,111,100,41,43,30,8,6,0,8,8,13,0,10,14
5,0,7,38,74,102,122,137,144,142,139,122,105,75,55,48,30,6,0,0,0,5,8,0,10,15
6,0,6,52,76,105,120,136,139,143,131,110,85,63,53,36,32,7,0,0,0,9,13,0,13,11
8,0,25,62,90,112,122,133,137,143,130,110,94,66,50,40,25,0,0,0,8,9,12,0,10,12
7,0,12,61,100,105,119,130,131,132,119,105,89,68,48,17,16,7,6,0,0,6,8,0,8,10
8,0,15,65,106,118,125,130,128,127,118,102,92,68,45,14,15,0,0,0,0,0,6,0,8,7
6,0,20,62,105,115,123,123,123,117,116,94,87,60,33,13,8,0,0,0,0,0,0,0,7,9
9,0,14,70,107,118,124,120,120,117,110,92,97,65,15,12,0,0,0,0,0,0,0,0,3,5
9,8,56,83,110,128,136,138,138,131,124,99,103,88,23,20,16,0,0,0,0,4,0,0,0,6
12,9,64,102,121,138,146,150,142,133,128,106,106,89,54,16,12,0,6,0,6,6,9,0,12,9
45,41,83,110,126,144,151,157,146,134,127,113,108,73,37,14,19,7,7,0,8,9,12,0,9,10
47,46,85,111,131,146,150,154,148,136,128,115,107,84,62,32,22,10,6,0,20,13,11,3,10,14
51,53,71,108,125,143,159,168,160,140,133,117,108,83,63,54,29,11,0,0,9,11,12,0,13,17
13,21,72,98,121,139,158,172,150,128,131,126,109,82,60,49,39,8,4,0,0,6,10,0,10,12
43,27,67,102,117,133,145,159,151,140,128,126,108,89,57,50,46,13,11,0,4,7,10,0,8,10
14,17,59,77,112,122,135,148,148,140,141,135,122,95,61,56,50,11,9,0,9,7,12,0,7,10
14,14,55,66,105,109,126,145,145,140,123,122,119,90,63,53,12,9,7,0,7,8,11,0,9,8
14,13,50,64,90,97,114,130,138,135,134,126,120,102,70,56,13,8,0,0,11,11,12,5,5,12
13,10,31,54,62,74,94,115,123,131,122,120,114,96,67,56,47,11,7,0,0,8,12,4,9,9
11,9,22,52,53,62,71,103,108,111,103,100,106,80,60,53,20,7,0,0,0,5,10,0,11,10
10,10,20,45,41,59,61,80,95,106,101,95,97,74,58,46,34,0,0,0,5,0,9,0,9,10
14,10,23,32,31,57,55,66,81,88,97,92,97,76,59,44,21,0,0,0,8,4,10,0,8,9
10,0,12,21,16,50,44,61,67,78,79,81,87,64,54,17,12,0,0,0,0,0,7,0,5,8
5,6,9,14,14,50,51,57,61,67,78,76,81,60,48,17,10,0,0,0,7,0,7,0,7,6
9,7,9,13,14,35,50,57,53,64,71,75,85,62,51,25,8,0,4,0,9,0,10,0,9,6
6,6,11,11,22,21,42,58,52,62,66,73,78,63,51,13,5,0,0,0,4,0,9,0,0,7
6,6,10,10,14,21,50,61,57,67,70,80,80,64,51,12,6,0,0,0,6,0,0,0,0,7
8,6,10,14,15,31,56,64,64,76,88,90,90,69,38,16,7,0,0,0,4,0,6,0,0,9
8,7,10,12,13,50,52,67,69,85,101,98,97,65,38,13,7,6,0,0,5,5,8,0,0,4
9,6,11,13,20,18,60,68,78,90,114,107,93,59,29,10,5,0,0,0,8,0,6,0,6,7
6,0,9,10,20,43,62,67,70,100,110,107,81,55,14,7,9,0,0,0,0,0,6,0,0,0
7,0,7,13,21,45,58,63,67,89,102,105,70,44,9,6,8,5,0,0,0,0,0,0,0,0
5,0,7,11,13,52,53,57,66,75,86,81,56,28,11,10,10,0,0,0,0,3,4,0,0,0
0,0,8,10,15,25,53,58,57,76,75,67,50,12,11,9,8,0,0,0,5,4,6,0,6,4
0,4,5,10,12,35,45,50,56,56,63,57,14,10,7,4,6,0,0,0,0,5,0,0,8,6
8,7,8,9,20,23,17,51,53,58,59,43,13,8,0,4,6,0,0,0,3,0,6,0,0,0
0,0,12,50,48,75,102,124,140,137,127,112,103,76,14,19,21,8,0,0,11,6,9,0,7,13
11,0,14,52,61,107,121,134,145,145,133,125,113,94,21,13,10,9,0,0,9,8,8,0,0,7
10,0,27,65,90,109,128,140,146,155,144,135,114,100,51,30,14,13,7,0,11,10,14,0,8,11
11,9,40,63,87,115,132,140,144,158,143,138,114,101,25,45,38,13,7,0,10,10,21,0,10,13
9,7,11,60,71,114,131,140,145,151,144,130,111,100,41,42,32,10,5,0,8,8,13,0,10,14
5,0,7,38,74,101,122,137,145,142,139,122,105,75,55,47,30,9,0,0,0,5,8,0,10,15
6,0,6,52,76,106,120,136,139,143,132,110,85,63,53,37,32,10,0,0,0,9,13,0,13,11
8,0,25,62,90,112,122,133,137,143,130,110,93,66,50,40,25,8,0,0,8,9,12,0,10,12
7,0,12,61,100,105,119,131,132,132,119,105,89,69,48,17,16,10,5,0,0,6,8,0,8,10
8,0,15,65,106,118,125,130,128,127,118,102,92,68,45,14,15,6,0,0,0,0,6,0,8,7
6,0,20,62,105,115,123,123,123,117,116,94,86,60,33,13,8,0,0,0,0,0,0,0,7,9
9,0,14,71,107,118,124,120,120,118,111,92,97,66,15,12,0,0,0,0,0,0,0,0,3,5
9,8,57,84,110,128,136,138,139,131,124,99,103,88,23,20,18,6,0,0,0,4,0,0,0,6
12,9,65,102,121,138,146,150,143,133,128,106,106,90,54,18,12,5,5,0,6,6,9,0,12,9
45,41,83,110,126,144,151,157,146,134,127,113,108,73,35,14,19,11,6,0,8,9,12,0,9,10
50,46,84,111,131,146,150,155,148,136,129,115,107,84,62,32,23,13,5,0,20,14,11,0,10,14
51,54,71,108,126,143,159,168,160,140,133,117,108,83,63,54,30,14,0,0,9,11,12,0,13,17
13,23,72,98,121,139,158,172,150,128,131,126,109,82,60,49,39,11,0,0,0,6,10,0,10,12
45,27,67,102,117,133,145,159,151,140,128,126,108,89,57,50,45,30,10,0,4,7,10,0,8,10
14,19,59,77,112,122,135,148,148,141,141,135,122,95,61,56,50,19,7,0,9,7,12,0,7,10
14,14,55,67,105,109,126,145,145,140,123,122,119,90,63,53,12,12,6,0,7,8,11,0,9,8
14,13,50,64,90,97,114,130,138,135,134,126,120,102,71,56,13,11,0,0,11,11,12,4,5,12
14,10,31,55,62,75,94,115,123,131,122,120,114,96,67,56,50,13,6,0,0,8,11,3,9,9
11,9,25,52,53,62,71,103,108,111,103,100,106,80,61,53,20,10,0,0,0,5,10,0,11,10
10,10,20,45,41,59,61,80,95,106,101,95,97,74,58,46,34,8,0,0,5,0,9,0,9,10
14,10,23,32,31,57,55,66,81,88,97,92,97,77,59,44,21,8,0,0,8,4,10,0,8,9
10,0,12,21,16,50,44,61,68,78,80,80,87,64,54,17,12,6,0,0,0,0,7,0,5,8
5,7,9,14,14,50,51,57,61,68,78,76,80,60,48,19,10,6,0,0,7,0,7,0,7,6
9,7,9,14,14,35,50,57,53,64,71,75,85,62,51,25,9,0,0,0,9,0,10,0,9,6
6,6,11,12,22,21,42,58,52,62,66,73,78,63,52,13,5,0,0,0,4,0,9,0,0,7
6,6,10,10,14,21,50,61,57,67,71,80,80,64,51,12,6,4,0,0,6,0,0,0,0,7
8,6,10,14,15,31,56,64,65,76,88,90,90,70,38,17,7,7,0,0,4,0,6,0,0,9
8,7,10,12,13,46,52,68,69,85,101,98,98,65,38,13,7,9,0,0,5,5,8,0,0,4
9,6,11,13,22,21,60,68,78,90,115,107,93,59,31,10,5,0,0,0,8,0,6,0,6,7
6,0,9,10,20,43,62,67,70,100,110,107,81,55,14,7,9,0,0,0,0,0,6,0,0,0
7,0,7,13,21,45,58,63,68,89,102,104,70,46,9,6,8,7,0,0,0,0,0,0,0,0
5,0,7,11,13,52,53,57,67,75,87,81,56,28,11,10,10,0,0,0,0,3,4,0,0,0
0,0,8,10,15,25,54,58,57,77,75,67,50,12,11,9,8,5,0,0,5,4,6,0,6,4
0,4,5,10,12,35,47,50,56,56,63,57,14,10,7,4,6,0,0,0,0,5,0,0,8,6
8,7,8,9,20,23,18,51,53,58,60,43,13,8,0,4,6,0,0,0,3,0,6,0,0,0
0,0,12,50,48,75,102,124,140,137,127,112,103,77,14,19,23,9,0,0,11,6,9,0,7,13
11,0,14,53,62,107,121,134,146,145,133,125,113,94,21,13,10,9,0,0,9,8,8,0,0,7
10,0,27,66,90,109,128,139,146,155,144,135,114,100,52,32,14,14,7,0,11,10,14,0,8,11
11,9,40,63,87,115,132,140,144,157,142,138,114,101,25,45,38,13,7,0,10,10,21,0,10,13
9,7,11,60,72,114,131,140,145,151,144,130,111,100,41,42,32,11,6,0,8,8,13,0,10,14
6,0,7,38,74,101,122,137,145,142,139,122,105,75,55,48,30,10,0,0,0,5,8,0,10,15
6,0,6,52,76,105,120,136,140,143,132,110,86,63,53,36,32,11,0,0,0,10,13,0,13,11
7,0,22,62,90,112,122,133,137,144,130,110,94,66,50,38,25,9,0,0,8,9,12,0,10,12
7,0,12,62,100,105,119,131,132,132,119,105,89,69,48,17,16,11,6,0,0,6,8,0,8,10
8,0,15,65,106,118,125,130,128,127,118,102,92,69,45,14,15,6,0,0,0,0,6,0,8,7
6,0,20,62,105,115,123,123,123,117,116,94,87,60,36,13,8,4,0,0,0,0,0,0,7,9
9,0,15,71,107,118,124,120,121,118,111,92,97,66,15,12,6,0,0,0,0,0,0,0,3,5
9,8,57,84,110,128,136,138,139,131,124,98,103,89,23,21,18,6,0,0,0,4,0,0,0,6
12,9,64,102,121,138,146,150,143,133,128,106,106,90,54,18,12,5,5,0,6,6,9,0,12,9
47,41,84,111,126,144,151,157,146,134,127,113,108,74,37,14,19,12,7,0,8,9,12,0,9,10
50,42,84,111,131,146,150,155,148,136,129,115,107,85,62,32,25,14,6,0,21,14,11,0,10,14
52,53,71,108,126,143,159,169,160,140,133,117,108,84,63,54,29,18,0,0,9,11,12,0,13,17
13,21,72,98,121,139,158,172,150,128,131,125,109,82,60,49,39,12,0,0,0,6,10,0,10,12
45,30,67,102,117,133,145,159,151,140,128,126,108,89,58,50,46,33,10,0,4,7,10,0,8,10
14,19,58,77,112,122,135,148,148,141,141,135,122,96,61,56,50,22,8,0,9,7,12,0,7,10
25,14,55,66,105,109,126,145,146,140,123,122,119,91,63,53,12,12,7,0,7,8,11,0,9,8
14,13,51,65,90,97,114,130,138,135,134,126,120,102,71,56,13,12,0,0,11,11,12,3,5,12
14,10,31,55,62,75,93,115,123,131,122,120,114,96,67,56,50,14,7,0,0,8,11,3,9,9
12,9,25,52,53,62,71,103,108,111,103,100,106,81,61,53,22,10,0,0,0,5,10,0,11,10
10,10,18,47,41,59,61,80,95,105,101,95,97,74,58,46,34,9,0,0,5,0,9,0,9,10
14,10,23,32,31,58,55,66,81,88,97,91,97,77,59,44,21,8,0,0,8,4,10,0,8,9
10,0,13,23,16,50,44,61,68,78,80,80,87,64,54,19,12,6,0,0,0,0,7,0,5,8
6,7,9,14,14,50,52,57,61,68,78,76,81,60,48,19,10,7,0,0,7,0,7,0,7,6
9,7,9,14,14,35,50,57,53,64,71,75,86,62,51,25,9,0,4,0,9,0,10,0,9,6
6,6,11,12,22,21,42,58,53,61,66,73,78,63,52,13,5,0,0,0,4,0,9,0,0,7
6,6,10,10,14,23,50,61,57,67,71,80,80,64,51,12,6,5,0,0,6,0,0,0,0,7
8,6,10,14,15,31,56,64,65,76,88,90,90,70,41,17,7,8,0,0,4,0,6,0,0,9
8,7,10,12,13,46,52,68,69,85,101,98,98,66,38,13,7,9,0,0,5,5,8,0,0,4
9,6,11,13,20,21,60,68,78,90,115,107,93,59,31,10,5,0,0,0,8,0,6,0,6,7
6,0,9,10,20,46,61,67,70,100,110,107,81,54,14,7,9,4,0,0,0,0,6,0,0,0
7,0,7,13,21,43,58,63,68,88,102,104,70,46,9,6,8,7,0,0,0,0,0,0,0,0
6,0,7,11,13,52,54,57,67,75,87,81,56,28,11,10,10,0,0,0,0,0,4,0,0,0
0,0,8,10,15,28,54,58,57,77,75,67,50,12,11,9,8,6,0,0,5,4,6,0,6,4
0,4,5,10,12,37,47,50,56,56,64,57,15,10,7,4,6,0,0,0,0,5,0,0,8,6
8,7,8,9,20,23,17,51,53,58,60,43,13,8,0,4,6,0,0,0,3,0,6,0,0,0
0,0,12,50,48,75,102,124,140,137,127,112,103,77,14,19,23,9,0,0,11,6,9,0,7,13
11,0,15,53,62,107,121,134,146,145,133,125,113,95,23,13,10,10,0,0,9,8,8,0,0,7
10,0,27,65,88,109,128,140,146,155,144,135,114,100,52,30,14,14,8,0,11,10,14,0,8,11
11,9,40,63,87,115,132,140,144,158,143,138,114,101,25,45,38,13,8,0,10,10,21,0,10,14
9,7,11,60,72,114,131,140,145,151,144,130,111,100,42,42,32,11,7,0,8,8,13,0,10,15
6,0,8,38,74,102,122,137,145,142,139,122,105,76,55,48,30,10,0,0,0,5,8,0,10,15
6,0,6,52,76,106,120,136,140,142,132,110,86,63,53,36,32,12,0,0,0,10,13,0,13,11
7,0,22,62,89,112,122,133,137,144,130,111,94,66,50,38,25,10,0,0,8,9,12,0,10,12
7,0,12,62,99,105,119,131,132,132,119,105,89,70,48,17,16,11,7,0,0,6,8,0,8,10
8,0,17,66,106,118,124,130,128,127,118,102,92,70,45,14,15,7,0,0,0,0,6,0,8,7
6,0,22,62,105,115,123,123,123,117,116,95,87,60,33,13,8,4,0,0,0,0,0,0,7,9
9,0,15,70,107,118,124,120,121,118,111,92,97,66,15,12,6,0,0,0,0,0,0,0,3,5
9,8,56,84,110,128,136,138,139,131,124,99,103,90,23,21,18,6,0,0,0,4,0,0,0,6
12,9,64,102,121,138,146,150,143,133,128,106,106,91,54,18,12,6,6,0,6,6,9,0,12,9
47,41,84,111,126,144,151,157,146,134,127,113,108,74,37,14,19,12,8,0,8,9,12,0,9,10
50,42,84,111,132,146,150,155,148,136,129,115,107,85,62,34,25,14,7,0,21,14,11,0,10,14
52,54,71,108,126,143,159,169,160,140,133,117,108,84,63,54,30,25,0,0,9,11,12,0,13,17
13,21,72,98,121,138,158,172,151,128,131,126,109,82,60,49,39,12,4,0,0,6,10,0,10,12
45,30,67,102,117,133,145,159,152,139,129,126,108,90,58,50,46,37,11,0,4,7,10,0,8,10
13,20,58,77,112,122,135,148,148,140,142,135,122,96,61,56,50,25,9,0,9,7,12,0,7,10
27,14,54,66,105,109,126,145,146,140,124,122,119,91,63,53,12,13,8,0,7,8,11,0,9,8
14,13,50,65,90,98,114,130,138,135,134,126,120,102,71,56,13,12,0,0,11,11,12,0,5,12
14,10,31,55,62,75,94,115,124,131,122,121,114,96,68,56,50,14,8,0,0,8,12,0,9,10
12,9,25,52,53,63,71,103,108,111,103,100,106,81,61,52,22,11,0,0,0,5,10,0,11,10
10,10,18,45,41,60,61,80,95,105,101,95,97,75,58,46,34,9,0,0,5,0,9,0,9,10
14,10,23,31,31,58,55,66,81,87,97,92,97,77,59,44,21,9,0,0,8,4,10,0,8,9
10,0,13,21,16,50,45,61,68,78,80,81,87,64,54,17,12,7,0,0,0,0,7,0,5,8
5,7,9,14,14,50,51,57,61,68,78,76,81,60,48,19,10,7,0,0,7,0,8,0,7,6
9,7,9,14,14,35,50,57,54,64,71,75,86,62,51,25,8,0,5,0,9,0,10,0,9,6
6,6,11,11,21,22,42,58,53,61,66,73,78,63,52,13,5,0,0,0,4,0,9,0,0,7
6,6,10,10,14,23,50,61,57,66,71,80,80,65,51,12,6,5,0,0,6,0,0,0,0,7
8,6,10,14,15,31,56,64,65,76,88,90,91,70,41,17,7,8,0,0,4,0,6,0,0,9
8,7,10,12,13,50,52,68,70,85,101,98,98,66,38,13,7,10,0,0,5,5,8,0,0,5
9,6,11,13,19,25,60,68,78,90,115,107,94,59,31,10,5,0,0,0,8,0,6,0,6,7
6,0,9,10,20,46,62,68,70,99,110,107,82,55,13,7,9,5,0,0,0,0,6,0,0,0
7,0,7,13,21,43,58,63,68,88,102,104,70,46,9,6,8,7,0,0,0,0,0,0,0,0
6,0,7,11,13,52,54,56,67,75,87,81,56,30,11,10,10,5,0,0,0,0,4,0,0,0
0,0,8,10,15,25,54,58,57,77,75,67,50,12,11,9,8,6,0,0,5,4,6,0,6,4
0,4,5,10,12,35,47,50,57,56,64,57,17,10,7,4,6,0,0,0,0,5,0,0,8,6
8,7,8,9,20,23,17,51,53,58,60,43,13,8,0,4,6,0,0,0,3,0,6,0,0,0
