0,0,36,62,59,84,100,117,137,139,137,134,133,125,120,99,94,74,78,53,19,15,10,6,10,18
14,6,57,80,101,120,129,136,149,150,143,140,136,133,124,108,110,107,101,60,36,13,11,0,0,9
12,8,58,97,111,127,139,144,150,156,147,139,120,125,123,116,118,116,105,61,48,20,25,10,9,13
13,13,61,85,113,135,143,144,144,153,140,139,115,112,116,109,115,121,110,70,47,50,41,20,14,25
10,8,18,86,107,135,141,142,143,144,134,125,112,103,83,80,106,117,113,79,47,40,36,12,13,23
7,0,9,87,110,121,132,138,142,135,128,114,105,89,75,71,80,111,117,77,35,13,14,11,14,21
0,0,50,77,110,119,126,134,134,129,115,91,73,65,70,61,71,94,114,70,50,28,23,9,12,11
0,0,55,91,111,120,123,127,128,129,115,85,76,65,61,56,56,63,66,51,14,14,14,7,9,11
8,7,66,105,113,112,118,125,125,122,108,83,80,73,61,59,58,58,65,42,13,11,11,7,8,11
10,0,89,111,117,121,123,122,124,119,108,78,82,73,71,60,60,66,63,33,6,7,6,0,7,8
7,0,97,111,118,119,122,120,121,111,105,74,75,63,62,69,54,73,65,15,0,0,5,6,9,10
8,10,102,117,121,127,126,117,115,110,105,82,98,83,75,60,60,75,65,14,13,8,6,6,3,6
10,52,103,113,125,133,133,127,120,126,115,101,109,106,102,93,70,98,95,55,25,10,11,0,0,7
25,67,111,125,138,146,149,149,144,140,142,130,128,123,116,112,116,115,110,102,86,52,38,8,14,11
63,93,115,130,147,157,168,170,158,147,141,145,146,139,135,132,144,138,127,120,110,86,58,29,13,13
64,85,112,132,147,158,160,158,160,154,149,141,142,137,137,130,135,143,147,126,110,94,63,51,37,51
59,64,84,119,129,146,152,150,158,144,142,132,139,126,130,120,125,137,131,118,104,81,43,28,22,23
5,8,36,58,79,107,109,106,105,97,104,94,83,83,77,75,107,127,106,68,55,14,8,6,4,6
38,15,62,78,88,105,106,102,111,107,100,99,93,87,87,100,130,132,118,81,67,37,10,12,9,9
13,14,56,64,73,78,81,80,101,100,103,97,90,86,96,112,124,121,109,71,56,28,29,8,6,9
11,12,51,56,72,73,79,89,102,93,76,83,77,77,93,103,115,129,92,42,37,12,10,10,6,0
11,12,25,54,67,69,73,72,90,78,80,80,74,78,100,98,105,108,75,30,12,13,8,9,6,10
11,8,14,37,53,61,60,64,65,69,64,65,66,79,86,86,85,71,54,19,6,12,9,6,9,8
9,9,14,50,42,57,58,58,56,61,58,60,67,74,82,73,68,57,52,29,6,9,7,3,8,8
8,9,14,36,35,52,53,56,51,59,58,57,69,80,87,70,59,52,37,15,9,7,9,0,5,8
12,8,14,32,32,50,50,51,53,55,54,59,73,84,79,54,55,40,36,12,11,5,7,5,5,6
9,0,13,25,38,34,51,39,52,54,56,62,78,75,60,51,52,14,20,7,10,0,8,0,5,5
6,7,10,22,21,36,45,42,54,57,62,68,69,57,51,33,51,32,21,7,12,0,10,4,6,4
9,8,10,20,15,40,37,53,54,57,63,73,71,57,50,30,38,14,19,6,12,0,11,7,8,7
6,6,12,13,27,18,51,52,54,56,57,70,65,56,50,36,38,14,12,0,8,0,10,8,0,7
6,7,11,12,13,21,43,52,54,55,54,66,71,57,23,51,38,27,12,0,12,0,8,0,0,6
7,6,10,13,12,50,50,48,51,57,55,62,95,58,21,52,48,30,14,8,7,0,8,0,0,8
6,5,9,9,11,19,33,44,45,53,53,54,71,58,29,29,14,13,12,7,7,5,6,0,0,4
0,4,7,7,13,12,13,27,25,51,39,47,51,32,18,12,10,7,7,10,8,0,0,0,3,0
0,0,0,6,11,11,21,12,17,50,37,39,43,23,19,8,12,9,7,7,0,0,0,4,0,0
0,0,0,11,12,13,17,14,11,47,16,17,17,14,11,5,15,11,8,9,0,0,0,0,0,0
0,0,5,9,10,20,17,11,13,24,14,16,16,23,13,13,20,10,7,7,0,4,4,5,0,0
0,0,6,7,12,14,11,10,18,33,14,15,13,12,14,13,13,10,0,8,6,5,6,0,5,0
0,0,5,9,14,15,10,14,26,29,26,14,13,11,12,9,11,7,7,10,6,7,0,4,6,5
7,7,7,10,16,12,10,14,17,27,13,18,12,10,8,9,10,0,0,9,5,0,5,0,0,0
0,0,36,62,60,84,99,117,138,139,137,134,133,125,120,99,94,75,78,54,19,15,10,6,10,18
15,6,56,80,101,121,129,136,149,150,143,140,136,133,124,108,110,107,101,61,38,13,12,0,0,9
12,8,58,97,111,127,139,144,150,156,147,139,120,125,123,116,118,117,105,63,50,20,24,10,9,13
13,13,60,85,113,135,143,144,144,153,139,139,115,112,116,109,116,122,110,71,51,48,41,21,14,25
10,8,21,85,107,135,140,142,143,144,134,124,112,103,83,80,106,117,113,81,47,43,34,12,14,24
7,0,9,87,109,120,132,138,142,135,128,114,105,88,75,70,80,111,117,79,32,13,14,11,14,20
0,0,50,77,110,119,126,134,134,129,114,91,73,65,70,61,71,94,114,71,50,28,23,9,12,11
0,0,55,91,111,120,122,127,128,128,115,85,76,65,61,56,56,63,65,52,14,14,14,7,9,11
8,7,66,104,113,112,118,125,125,122,107,83,80,73,61,59,58,58,65,46,13,11,11,7,8,11
10,0,89,111,117,121,123,122,124,119,108,78,82,73,70,60,60,67,63,38,6,7,6,0,7,8
7,0,97,111,118,119,122,121,121,110,105,74,76,63,62,69,54,74,65,20,0,0,5,6,10,10
8,10,102,117,121,127,126,117,115,110,105,82,98,83,75,60,60,75,65,14,14,8,6,6,3,6
10,51,103,113,125,133,133,127,120,126,115,101,109,106,102,93,70,98,95,56,25,10,10,0,0,7
25,67,111,125,138,146,149,149,144,140,142,130,128,123,115,112,116,115,110,102,86,53,36,8,14,11
63,93,115,129,147,157,167,169,157,147,141,145,146,139,135,132,144,138,127,120,110,86,58,31,13,13
64,85,112,132,147,158,160,158,161,154,149,141,142,137,137,130,135,143,147,127,110,94,64,51,37,51
59,64,84,119,129,146,151,150,158,144,142,132,139,127,130,120,125,138,131,118,103,80,43,30,22,23
0,5,13,43,67,99,100,93,95,82,92,82,69,68,61,65,96,117,94,56,36,8,0,0,0,0
38,15,63,78,88,105,106,102,111,107,100,99,93,87,87,100,130,132,118,81,66,37,10,12,9,9
14,14,56,64,73,79,81,80,101,100,103,97,90,86,96,112,125,121,109,72,56,30,29,8,6,9
11,12,51,56,72,73,79,89,102,93,76,83,77,77,94,103,115,130,93,47,40,12,10,10,6,0
11,12,25,54,66,69,72,73,90,78,80,80,74,78,100,98,105,109,76,33,12,14,8,9,6,10
11,9,14,37,53,61,60,64,65,69,64,65,66,79,86,86,86,71,54,23,6,12,9,7,9,8
9,9,14,50,42,57,58,58,56,61,58,60,67,74,83,74,68,57,52,31,6,9,7,3,8,8
8,9,14,36,37,52,53,56,51,59,58,57,69,80,87,70,59,52,39,18,9,7,9,0,5,8
12,8,14,32,32,50,50,51,53,55,54,58,73,84,79,54,55,40,36,12,11,5,7,5,5,6
9,0,13,25,38,34,51,39,52,54,56,62,78,76,61,51,52,14,20,7,10,0,8,0,5,5
6,7,10,22,21,36,45,42,54,56,62,68,69,57,51,33,51,33,20,8,12,0,10,5,6,4
9,8,10,20,15,40,37,53,54,57,63,73,71,57,50,30,38,14,17,7,12,0,11,7,8,7
6,6,11,13,26,18,51,52,54,56,57,71,66,56,50,36,38,14,12,0,8,0,10,8,0,7
5,7,11,12,13,21,42,52,54,55,54,65,71,57,25,51,40,27,12,0,12,0,8,4,0,6
7,5,10,13,12,50,50,48,51,57,55,62,95,58,21,53,50,30,14,8,7,0,8,0,0,8
6,5,10,9,11,19,30,44,45,53,53,54,71,58,29,31,14,13,12,7,7,5,6,0,0,4
0,4,7,7,13,12,13,27,25,51,39,47,51,32,16,12,10,7,7,9,8,0,0,0,3,0
0,0,0,6,12,11,18,13,17,50,37,39,43,21,19,8,12,9,7,7,0,0,0,4,0,0
0,0,0,11,12,13,17,14,11,45,16,17,19,14,11,5,15,11,8,9,0,0,0,0,0,0
0,0,5,9,10,21,17,11,13,24,14,15,16,23,13,13,20,10,7,7,0,3,4,5,0,0
0,0,6,7,11,14,11,10,17,33,14,14,12,12,14,13,13,10,0,8,6,5,6,0,5,0
0,0,5,9,14,15,10,13,25,30,25,14,13,11,12,9,11,7,7,10,6,7,0,4,6,5
7,7,7,10,17,12,10,14,17,27,13,17,12,10,8,9,10,0,0,9,5,0,5,0,0,0
0,0,40,63,60,85,100,118,138,139,138,135,134,126,121,100,96,75,80,58,21,15,10,8,11,18
18,7,58,80,101,121,129,137,150,151,144,140,137,134,125,109,112,108,102,68,45,13,12,6,4,9
13,8,59,96,111,127,139,145,152,158,148,140,121,126,124,117,119,118,106,75,50,20,23,12,9,13
14,13,61,85,112,135,143,144,145,154,140,139,116,112,117,110,117,123,111,84,60,51,41,28,14,28
11,8,21,86,107,135,140,142,143,144,135,125,113,103,84,81,107,118,114,90,51,40,36,13,14,25
7,0,10,87,110,121,132,138,142,136,129,114,105,87,75,71,80,112,118,87,40,13,15,12,14,20
0,0,52,77,110,119,125,134,134,129,115,91,74,66,70,62,71,95,114,75,50,30,23,10,12,11
0,0,55,91,111,120,122,127,128,128,115,86,76,65,62,57,57,64,66,55,16,14,14,9,10,11
8,7,68,104,113,112,119,126,126,123,108,84,81,74,62,60,58,59,65,52,13,12,12,9,8,11
10,0,89,110,117,122,123,123,125,120,109,79,83,73,72,62,61,69,66,51,7,8,7,6,7,8
7,0,96,110,119,119,122,121,122,111,106,75,77,64,63,70,55,76,68,41,0,0,5,8,10,10
8,9,102,116,122,128,126,117,116,111,106,84,100,84,76,62,61,77,67,34,14,8,6,7,4,6
10,51,103,112,125,134,133,127,121,127,116,102,110,106,103,94,70,98,98,66,37,10,10,5,0,8
31,67,110,125,138,146,149,149,145,141,143,131,129,124,116,112,116,115,110,104,87,53,38,9,14,12
63,94,115,130,147,157,168,170,160,148,142,146,148,140,136,133,145,139,128,122,110,87,65,42,13,13
65,85,112,132,146,159,160,159,163,155,150,142,144,138,137,131,136,144,148,130,108,93,64,54,43,52
59,64,84,119,129,146,153,151,159,145,143,134,141,128,131,121,126,138,132,121,103,80,50,38,24,25
0,0,10,29,63,93,95,90,91,78,89,78,70,69,78,73,106,126,105,72,54,14,10,8,5,7
38,15,63,80,89,107,108,104,113,108,101,101,94,88,89,100,131,134,119,84,67,42,10,13,9,9
14,14,56,65,74,80,81,82,102,100,103,99,91,87,97,113,126,123,111,77,57,32,31,9,7,9
12,12,51,57,73,73,79,91,103,94,78,85,78,78,95,105,117,132,96,55,47,13,11,11,7,6
11,12,30,54,67,69,73,74,92,79,81,82,75,78,101,100,107,110,79,47,14,14,9,10,6,10
11,9,14,37,53,61,60,65,65,70,66,67,68,80,88,88,88,72,56,37,7,13,10,7,9,8
9,10,14,50,45,57,58,59,57,62,59,61,68,75,84,75,70,57,52,45,7,9,7,4,8,9
8,9,14,40,37,53,53,56,55,60,59,58,69,81,88,72,60,53,45,29,9,7,9,0,5,8
12,9,14,31,31,50,50,51,53,55,55,59,74,85,80,55,56,36,36,13,11,5,8,6,6,7
10,0,13,25,40,34,50,39,52,54,56,63,79,76,62,52,53,17,20,8,10,0,8,0,5,6
6,7,10,22,21,36,43,42,54,57,62,69,70,58,52,38,51,33,22,9,12,0,10,6,6,4
9,8,11,20,15,42,37,54,55,58,63,73,72,57,51,36,41,14,19,9,12,0,11,8,9,7
6,7,12,13,27,17,51,52,55,56,58,72,67,57,51,50,44,13,12,0,8,0,10,9,0,7
6,7,11,12,13,23,42,52,55,55,55,67,72,57,33,53,46,22,12,6,12,0,8,5,0,6
8,6,11,14,12,50,51,50,53,57,57,63,96,59,27,54,53,32,14,9,8,0,9,0,0,8
6,5,10,9,11,21,25,44,47,53,53,55,72,59,34,38,21,19,12,8,7,5,6,4,0,4
0,4,7,7,13,12,12,27,32,51,39,47,51,35,16,13,11,7,7,10,8,0,0,0,3,0
0,0,0,6,12,11,14,13,23,43,39,41,50,23,21,8,12,8,7,8,0,0,0,5,0,0
0,0,0,11,12,13,19,14,13,45,22,20,27,14,11,6,17,11,8,10,0,0,0,4,0,0
0,0,5,9,10,21,17,12,13,23,14,16,17,23,13,13,21,10,7,8,0,3,5,5,0,0
0,0,6,6,11,14,11,10,18,33,14,17,13,12,14,13,13,10,0,9,7,5,6,0,5,0
0,0,6,9,14,15,10,13,25,28,26,14,13,11,12,10,12,7,7,10,6,7,0,5,6,5
7,7,7,9,17,12,10,14,19,27,13,18,12,10,8,9,10,0,0,10,6,0,6,0,0,0
0,5,40,63,60,85,100,118,138,139,138,135,134,126,121,100,96,75,80,58,22,15,10,9,11,18
15,7,57,81,101,121,130,137,150,151,144,141,137,134,125,109,112,108,102,69,45,13,12,6,4,10
13,9,58,97,112,127,139,145,152,158,148,140,121,126,124,116,119,118,106,75,51,20,23,12,9,13
14,13,62,85,113,135,143,145,145,154,140,139,116,113,117,110,117,123,111,84,60,51,41,28,14,26
11,8,21,86,107,136,140,142,143,144,135,125,113,104,83,81,107,118,114,90,51,43,38,13,14,25
7,0,10,88,110,121,132,138,142,136,129,114,105,88,75,71,80,112,118,86,42,13,15,12,14,20
0,0,51,77,110,119,125,134,134,129,115,91,74,66,70,62,71,95,114,75,51,32,23,10,12,12
0,0,55,91,111,120,122,128,128,128,115,86,77,65,62,57,58,64,66,55,16,14,14,9,10,11
8,7,67,104,113,112,119,126,126,123,108,84,81,74,62,60,58,59,65,52,14,12,12,8,8,11
10,0,89,110,117,122,123,123,125,120,109,79,83,73,72,62,61,69,66,51,7,8,6,6,7,9
7,0,95,111,118,119,122,122,122,111,106,75,77,64,63,69,55,76,67,44,0,0,5,9,10,10
8,10,102,116,122,128,126,117,116,111,106,84,100,84,76,61,62,76,67,34,14,8,6,7,4,6
10,52,103,112,125,134,133,128,121,127,116,102,110,106,103,94,71,100,98,66,37,10,10,5,0,7
31,68,110,125,138,146,149,150,145,141,143,131,129,124,116,112,116,115,110,104,87,53,38,9,14,12
63,94,115,130,147,157,168,171,160,148,142,146,148,140,136,133,145,139,128,122,110,88,66,42,13,14
65,85,112,132,146,159,160,159,163,155,150,142,144,138,137,131,136,144,148,130,108,93,64,54,43,53
59,63,84,119,129,146,153,151,160,145,143,134,141,128,131,121,126,138,132,121,103,81,50,38,24,24
0,7,21,56,79,106,108,104,105,95,104,94,85,85,91,83,115,132,111,83,62,47,13,11,8,10
40,16,63,80,89,107,108,104,113,108,101,101,94,88,88,100,131,134,120,84,67,42,10,13,9,9
13,15,56,65,75,80,82,82,102,101,103,99,91,87,97,113,127,123,111,77,57,33,31,9,7,9
12,12,51,57,73,74,79,91,103,94,78,85,78,78,95,105,117,132,96,55,47,13,11,11,7,6
11,12,30,54,67,69,73,73,92,79,81,82,74,78,101,100,107,110,79,47,14,14,9,10,6,10
11,9,14,37,53,62,60,65,65,70,66,67,68,80,88,88,88,72,56,37,7,13,10,7,9,8
9,10,14,50,45,57,58,59,57,62,59,61,68,75,84,75,70,57,53,45,7,9,7,4,8,9
8,9,14,40,37,53,53,56,55,61,59,58,69,81,88,72,60,53,45,29,9,7,9,0,5,8
12,9,14,32,31,50,50,51,53,55,55,59,74,85,79,55,56,36,34,13,11,5,8,6,6,7
10,0,13,25,40,34,50,39,52,54,56,63,79,76,62,52,53,17,20,8,10,0,9,0,5,5
6,7,10,22,21,36,45,42,54,57,62,69,70,58,52,38,51,33,22,9,12,0,10,6,6,4
9,8,11,20,15,42,40,54,55,58,64,73,72,57,51,36,41,14,19,9,12,0,11,8,9,7
6,7,12,13,27,17,51,52,55,56,58,72,66,57,51,50,46,13,12,5,8,0,10,9,0,6
5,7,11,12,13,23,42,52,55,55,55,67,72,57,33,53,46,22,12,6,12,0,8,5,0,6
7,6,11,14,12,50,51,50,53,57,57,63,96,59,30,54,53,32,14,9,8,0,9,0,0,8
6,5,10,9,11,21,25,44,45,54,54,55,72,59,34,36,23,19,12,8,7,6,7,4,0,4
0,4,7,7,13,12,12,27,35,51,39,47,51,37,16,13,11,8,7,10,8,0,0,0,3,0
0,0,0,6,12,11,15,13,25,43,39,43,50,23,21,8,13,8,7,8,0,0,0,5,0,0
0,0,0,11,12,13,19,14,13,45,22,20,27,14,11,6,17,11,8,10,0,0,0,4,0,0
0,0,5,9,10,21,17,12,13,23,14,17,17,23,13,13,23,10,7,8,0,4,5,6,0,0
0,0,6,6,11,14,11,10,18,33,14,17,13,12,14,13,13,10,0,9,7,5,6,0,5,0
0,0,6,9,14,15,10,13,25,28,26,14,13,11,12,9,12,7,7,10,6,7,0,5,6,5
7,7,7,9,17,12,10,14,19,27,13,18,12,10,8,9,10,0,0,10,6,0,6,0,0,0
0,0,43,63,61,85,100,118,138,140,138,135,134,126,121,100,96,75,80,58,22,15,10,9,11,18
15,7,58,82,102,121,130,137,150,151,144,141,137,134,125,109,112,108,102,69,45,13,12,6,4,10
12,8,58,97,112,127,139,145,152,158,148,140,121,126,124,116,119,118,106,75,51,20,23,12,9,13
14,13,62,86,113,135,144,145,145,154,140,139,116,113,117,110,117,123,111,84,60,52,41,28,14,28
11,8,25,86,107,136,141,142,143,144,135,125,113,104,83,81,107,118,114,91,52,43,38,13,14,25
7,0,10,88,110,121,132,138,143,136,129,114,105,88,76,71,80,112,117,86,42,13,15,12,14,21
0,0,51,77,110,119,125,134,134,129,115,91,74,66,70,62,71,95,114,75,50,32,23,10,12,12
0,0,56,90,111,120,123,128,128,129,115,86,77,66,62,57,57,64,66,55,16,14,14,8,10,11
8,7,68,104,113,112,119,126,126,123,108,84,81,74,62,60,59,59,65,52,14,12,12,8,8,11
10,0,89,110,117,122,123,123,125,120,109,79,83,73,72,62,61,69,66,51,7,8,7,6,7,9
6,0,96,111,119,119,122,122,122,111,106,76,77,65,63,69,56,76,67,44,0,0,5,9,10,10
8,10,102,117,122,128,126,118,116,111,107,84,100,84,76,61,62,76,67,37,14,9,6,7,4,6
10,52,103,112,125,134,134,128,121,127,116,102,110,106,103,94,71,100,98,66,40,10,10,5,0,7
25,67,111,125,138,146,149,150,145,141,143,131,129,124,116,112,116,115,110,104,87,53,38,9,14,12
63,94,115,130,147,157,168,171,160,148,142,146,149,141,136,133,145,138,128,122,110,88,66,43,13,13
65,86,112,133,146,159,161,160,163,155,150,142,144,138,138,131,136,144,148,130,108,93,64,54,43,53
59,63,84,119,130,146,153,151,160,145,143,134,141,128,132,121,126,139,132,121,103,81,50,38,24,24
8,11,56,72,94,116,118,115,114,106,113,106,100,100,102,92,123,139,118,93,70,58,30,14,11,13
40,15,63,80,89,107,108,104,113,108,101,101,95,88,88,100,132,134,120,85,67,42,10,13,9,9
14,15,56,65,75,80,82,82,102,101,103,99,91,87,98,113,127,123,111,77,57,33,31,9,7,9
12,12,51,57,73,74,80,91,103,94,78,85,78,78,95,105,117,132,96,55,47,13,11,11,7,6
11,12,30,55,67,69,74,73,92,79,81,83,74,79,102,100,107,110,79,47,14,14,9,10,6,10
11,9,14,37,53,61,60,65,66,70,66,67,68,80,88,88,88,72,56,37,7,13,10,7,9,9
9,9,14,50,45,57,58,59,57,62,59,61,68,75,84,75,70,57,53,47,7,9,7,4,8,8
8,9,14,40,37,53,53,56,55,61,59,58,69,81,88,72,60,53,45,29,9,7,9,0,5,8
12,9,14,32,31,50,50,51,53,55,55,59,74,85,79,55,56,36,34,13,11,5,7,6,6,7
10,0,13,25,38,34,51,40,53,54,56,63,79,76,62,52,53,19,22,8,10,0,9,0,5,5
6,7,10,25,21,36,45,42,54,57,62,69,70,58,52,38,51,34,22,9,12,0,10,6,6,4
9,8,11,20,17,42,40,54,55,58,64,74,73,57,51,36,42,14,19,9,12,0,11,8,9,7
6,7,12,13,27,17,51,52,55,56,58,72,67,57,51,50,46,13,12,5,8,0,10,9,0,6
5,7,11,12,13,23,42,52,55,55,55,67,72,57,36,53,46,22,12,6,12,0,8,5,0,6
7,6,11,14,12,50,51,50,52,58,57,63,96,59,30,54,54,32,14,9,8,0,9,0,0,8
6,5,10,9,11,21,27,44,47,54,53,55,72,59,34,38,23,19,12,8,7,5,7,4,0,4
0,4,7,7,13,12,12,27,35,51,39,48,51,37,18,13,11,8,7,10,8,0,0,0,3,0
0,0,0,6,12,11,15,13,25,43,39,43,50,23,23,8,13,9,7,8,0,0,0,5,0,0
0,0,0,11,12,13,20,14,13,45,22,20,27,14,11,6,17,11,8,10,0,0,0,4,0,0
0,0,5,10,10,21,18,12,13,22,14,17,19,23,13,13,23,10,7,8,0,4,5,6,0,0
0,0,6,7,11,14,11,10,18,33,14,17,13,12,14,13,13,10,0,9,7,5,6,0,5,0
0,0,6,9,14,15,10,13,25,29,26,14,13,11,12,10,12,8,7,11,6,7,0,5,6,5
7,7,7,10,17,12,10,14,19,27,13,19,12,10,8,9,10,0,0,10,6,0,6,0,0,0
0,5,40,62,61,85,101,118,138,140,138,135,134,126,121,100,96,75,80,58,22,15,10,9,11,18
15,7,57,82,102,121,130,137,150,151,144,141,137,134,125,109,112,108,102,69,45,13,12,6,4,10
13,8,58,98,112,127,139,146,152,158,148,140,121,126,124,116,119,118,106,75,51,20,23,12,9,13
14,13,61,86,113,136,144,145,145,154,140,139,116,113,117,110,117,123,111,84,60,52,41,28,14,26
11,8,25,85,108,136,141,142,143,144,135,125,113,104,83,81,108,118,114,90,51,43,38,13,14,25
7,0,10,88,109,121,133,138,143,135,129,114,105,88,76,71,80,112,117,86,42,13,17,12,14,20
0,0,51,77,110,119,126,134,134,129,115,91,75,66,70,62,72,94,114,75,50,32,23,10,12,12
0,0,56,90,111,120,123,128,128,128,115,86,77,65,62,57,57,64,66,55,16,14,14,8,10,11
8,7,67,104,113,112,119,126,126,123,108,84,81,74,62,60,59,58,65,52,14,12,12,8,8,11
10,0,88,110,117,122,123,123,125,120,109,79,83,73,72,62,61,69,66,51,7,8,7,6,7,9
6,0,96,111,118,120,122,122,122,111,106,76,77,65,63,69,56,76,67,44,0,0,5,9,10,10
8,10,102,117,122,128,126,118,116,111,107,84,100,84,76,61,62,76,67,37,14,9,6,7,4,6
10,52,103,112,125,134,134,128,121,127,116,102,110,106,103,94,71,100,97,66,40,10,10,5,0,7
31,68,111,125,138,146,149,150,145,141,143,131,129,124,116,112,116,115,110,104,87,55,38,9,14,12
63,94,115,130,147,158,168,171,161,148,142,146,148,141,136,133,145,138,128,122,110,88,66,43,13,14
65,86,112,132,147,159,161,160,164,155,150,142,144,138,137,131,136,144,148,129,108,93,64,55,43,53
59,64,84,119,130,147,153,152,160,145,143,134,140,128,131,121,126,138,132,121,103,81,50,38,24,24
13,20,69,85,105,125,128,126,124,115,120,114,109,106,101,91,122,138,117,91,68,57,26,14,10,12
40,16,62,80,89,107,108,104,113,108,101,101,95,88,88,100,132,134,120,84,67,45,10,13,9,9
14,15,56,64,75,80,82,83,102,101,103,99,91,87,98,113,127,123,111,77,57,33,31,9,7,9
12,12,51,57,74,75,80,92,103,94,78,85,78,78,95,105,117,132,96,55,50,13,11,11,7,6
11,12,27,55,68,70,74,74,92,79,80,83,74,78,102,100,107,110,78,47,14,14,9,10,6,10
11,9,14,37,53,62,61,65,66,70,66,67,68,80,88,88,88,72,56,37,7,13,10,7,9,9
9,9,14,50,45,57,58,59,57,62,59,61,68,75,85,75,70,57,53,45,7,9,7,4,8,9
8,9,14,40,37,53,53,56,55,61,59,58,69,81,88,72,60,53,45,31,9,7,9,0,5,8
12,9,14,32,31,50,50,51,53,55,55,59,74,85,80,55,56,36,32,13,11,5,7,6,6,7
10,0,12,23,38,34,51,40,53,54,56,63,79,76,62,52,53,17,20,8,10,0,8,0,5,5
6,7,10,22,21,36,43,42,54,57,62,69,70,58,52,38,51,33,22,9,12,0,11,6,6,4
9,8,11,20,17,42,42,54,55,58,64,74,72,57,51,36,42,14,17,9,12,0,11,8,9,7
6,7,12,13,27,18,51,52,55,56,58,72,67,57,51,50,46,13,12,5,8,0,10,9,0,6
5,7,11,12,13,23,42,52,55,55,55,67,72,57,36,53,46,20,12,6,12,0,8,5,0,6
7,6,11,14,12,50,51,50,52,58,57,63,96,59,30,54,54,30,14,9,8,0,9,0,0,8
6,5,10,9,11,21,27,44,45,54,53,55,72,59,34,38,23,17,12,8,7,5,7,4,0,4
0,4,7,7,13,12,12,27,35,51,39,48,51,37,16,13,11,8,7,10,9,0,0,0,3,0
0,0,0,6,12,11,15,13,25,40,37,43,47,23,21,8,13,9,7,8,0,0,0,5,0,0
0,0,0,11,12,13,20,15,14,45,22,19,27,14,11,6,17,11,8,10,0,0,0,4,0,0
0,0,5,10,10,21,18,12,13,22,14,17,17,23,13,13,23,10,7,8,4,3,5,6,0,0
0,0,6,7,11,14,11,10,18,33,14,17,13,12,14,13,13,10,0,9,7,5,6,0,5,0
0,0,5,9,14,15,10,13,25,29,26,14,13,11,12,10,12,7,7,11,6,7,0,5,6,5
7,7,7,10,17,12,10,14,19,27,13,19,12,10,8,9,10,0,0,10,6,0,6,0,0,0
0,5,43,62,61,85,101,118,138,140,138,135,134,126,121,101,97,75,80,58,22,15,10,9,11,18
15,7,58,82,102,121,130,137,150,151,144,141,137,134,125,109,112,108,102,69,45,13,12,6,4,10
13,8,58,97,112,127,140,146,152,158,148,140,121,126,124,116,120,118,105,75,51,20,24,12,9,13
14,13,61,86,113,136,144,145,145,154,140,139,116,113,117,110,117,123,111,84,61,52,41,28,14,26
11,8,25,85,107,136,141,142,143,144,135,125,113,103,83,81,108,118,114,90,51,45,38,13,14,24
7,0,10,88,110,121,133,138,143,136,129,114,105,88,76,71,80,112,117,86,40,13,17,12,14,20
0,0,52,77,110,119,126,134,134,129,115,91,74,65,70,62,72,94,114,75,50,30,23,10,12,11
0,0,56,90,111,120,123,128,128,128,115,86,76,65,62,57,58,64,66,55,16,14,14,9,10,11
8,7,67,104,113,112,119,126,126,123,108,85,80,74,62,60,59,59,65,52,14,12,12,8,8,11
10,0,89,110,117,122,123,123,125,120,109,79,83,74,72,62,62,70,66,51,7,8,7,6,7,9
6,0,96,111,118,120,123,122,122,111,106,76,78,65,63,70,56,76,67,44,0,0,5,9,10,10
8,10,102,117,122,128,127,118,116,111,107,84,100,84,77,61,62,77,66,37,14,9,6,7,4,6
10,52,103,112,125,134,134,128,121,127,116,102,110,106,103,94,71,100,97,66,40,10,10,5,0,7
31,68,111,125,138,146,149,150,145,141,143,131,129,124,116,112,116,115,110,104,87,55,38,9,14,12
63,94,115,130,147,158,169,171,160,148,142,146,148,141,136,133,145,138,128,122,110,90,66,43,13,13
65,86,112,133,147,159,162,159,163,156,150,142,144,138,137,131,137,144,148,130,108,93,64,55,43,53
59,64,84,119,130,147,154,152,160,145,143,134,140,128,131,121,126,138,132,121,103,81,50,38,24,24
13,21,70,86,106,126,129,127,125,116,121,115,111,107,102,93,123,139,118,93,70,58,30,14,11,12
40,16,63,81,89,107,108,104,113,108,101,101,95,88,88,100,132,135,120,84,67,45,10,13,9,9
14,15,56,65,75,80,83,82,102,101,103,100,91,87,98,113,127,123,111,77,56,35,31,9,7,9
12,12,51,57,74,75,80,92,103,95,78,85,78,78,95,105,118,133,96,56,50,13,11,11,7,6
11,12,30,56,68,70,74,74,92,79,80,83,74,79,101,100,108,110,79,47,14,14,9,10,6,10
11,9,14,37,53,62,61,65,66,71,66,67,68,80,88,88,88,72,56,40,7,13,10,7,9,9
9,9,14,50,45,57,58,59,57,62,59,61,68,75,85,75,70,57,53,47,7,9,7,4,8,9
8,9,14,40,37,53,53,56,55,61,59,58,69,81,88,72,60,53,45,31,9,7,9,0,5,8
12,9,14,32,31,50,51,51,53,55,55,59,74,85,79,55,56,36,32,13,11,5,7,6,6,7
10,0,12,25,38,35,51,40,53,54,56,63,79,76,62,52,54,19,22,8,10,0,8,0,6,5
6,7,10,25,23,36,45,42,54,57,62,69,70,58,52,38,52,34,22,9,12,0,10,6,6,4
9,8,11,20,17,42,42,54,55,58,64,74,72,57,51,36,42,14,19,9,12,0,11,8,9,7
6,7,12,13,27,18,51,52,55,56,58,72,67,57,51,50,48,13,12,5,8,0,10,9,0,6
5,7,11,12,13,23,43,52,55,55,55,67,72,57,36,53,48,20,12,6,12,0,8,5,0,6
7,6,11,14,12,50,51,50,52,58,57,63,96,59,30,54,54,30,14,9,8,0,9,0,0,8
6,5,10,9,11,21,30,44,45,54,54,55,72,59,34,38,25,17,12,8,7,5,7,4,0,4
0,5,7,7,13,12,12,25,35,51,39,48,51,37,18,13,11,8,7,10,9,0,0,0,3,0
0,0,0,6,12,11,18,13,25,43,37,43,47,23,21,9,13,9,7,8,0,0,0,5,0,0
0,0,0,11,12,13,20,15,14,45,22,20,29,14,11,6,18,11,8,10,0,0,0,4,0,0
0,0,5,10,10,21,18,12,13,23,14,17,17,23,13,13,25,10,7,8,0,4,5,5,0,0
0,0,6,7,11,14,11,10,18,35,14,15,13,12,14,13,13,10,0,9,7,5,6,0,5,0
0,0,5,9,14,15,10,13,25,29,26,14,13,11,12,10,12,7,7,11,6,7,0,5,6,5
7,7,7,10,17,12,10,14,19,27,13,19,12,10,8,10,10,0,0,10,6,0,6,0,0,0
0,5,43,62,61,85,101,119,138,140,138,135,134,126,121,101,96,75,80,58,22,15,10,9,11,18
18,7,58,84,102,121,130,137,150,151,144,141,137,134,125,109,112,108,101,68,45,13,12,6,4,10
13,8,59,97,112,127,140,146,152,159,148,140,121,126,124,117,120,118,105,75,51,20,24,12,9,13
14,13,61,86,113,136,144,145,145,154,140,139,116,113,117,110,117,123,111,84,61,52,41,27,14,26
11,8,25,85,108,136,141,142,144,144,135,125,113,103,83,81,108,118,114,89,50,43,38,13,14,25
7,0,10,88,110,121,133,138,143,136,128,114,106,88,75,71,80,112,117,87,40,13,17,12,14,20
0,0,52,77,110,119,126,134,134,129,115,91,74,66,70,62,72,94,113,75,50,30,23,10,12,11
0,0,56,90,111,120,123,128,128,128,115,86,76,65,62,57,57,64,66,55,16,14,14,9,10,11
8,7,67,104,113,112,119,126,126,123,108,85,81,74,62,60,59,58,65,52,14,12,12,9,8,11
11,0,89,111,117,122,123,123,125,120,109,79,83,74,72,62,62,69,66,51,7,8,7,6,7,8
6,0,96,111,118,120,123,122,123,112,106,76,78,65,63,70,56,76,68,44,0,0,6,8,10,10
8,10,102,117,122,128,127,118,116,111,107,85,100,84,77,62,62,77,66,37,14,9,6,7,4,6
10,51,103,112,125,134,134,128,121,127,116,102,110,106,103,94,71,100,97,66,37,10,10,5,0,8
31,68,111,125,138,147,150,150,145,141,143,131,129,124,116,112,116,115,110,104,88,53,36,9,14,12
63,94,115,130,148,158,169,171,161,148,142,146,148,141,136,133,145,138,128,122,110,88,66,42,13,13
65,86,112,133,147,159,162,160,163,156,150,142,144,138,137,131,137,144,148,130,108,92,64,55,43,52
59,64,84,119,130,147,154,153,160,145,143,134,140,128,131,121,126,138,132,121,103,81,50,38,23,24
14,27,72,88,107,127,130,129,127,118,123,117,113,109,103,94,125,140,120,95,70,59,35,15,11,14
40,16,63,81,90,107,109,104,113,108,101,101,95,89,88,100,132,135,120,85,66,45,10,13,9,9
14,15,56,65,75,80,83,82,102,101,103,100,91,87,98,113,127,123,111,77,56,33,31,9,7,9
12,12,51,57,74,75,81,92,103,94,78,85,78,78,95,105,118,133,96,56,50,13,11,11,7,0
11,12,30,56,69,70,74,74,92,80,80,83,74,79,101,100,107,110,79,47,14,14,9,10,6,10
11,9,14,40,53,62,61,65,66,71,66,67,68,80,88,88,88,72,56,40,7,13,10,7,9,8
9,9,14,50,45,57,58,59,57,62,59,61,68,75,85,75,70,57,53,47,7,9,8,4,8,9
8,9,14,40,39,53,53,56,55,61,59,58,69,81,88,72,60,53,47,31,9,7,9,0,6,8
12,9,14,32,32,50,51,51,53,55,55,59,74,85,80,55,56,34,32,13,11,5,8,6,6,7
10,0,12,25,40,35,51,40,52,55,56,63,79,76,62,52,54,17,22,8,10,0,8,0,6,5
7,7,10,25,23,38,45,42,54,57,62,69,70,58,52,39,51,33,22,9,12,0,10,6,6,4
9,8,11,22,17,42,42,54,54,58,64,74,73,57,51,36,42,14,19,9,12,0,11,8,9,7
6,7,12,13,29,18,51,52,55,56,58,72,67,57,51,50,48,13,12,5,8,0,10,9,0,7
6,7,11,12,13,23,43,52,55,55,55,67,72,57,36,53,48,20,12,7,12,0,8,5,0,6
7,6,11,14,13,50,51,50,52,58,57,63,97,59,30,54,54,27,14,9,8,0,9,0,0,8
6,5,10,9,11,21,30,47,47,54,54,55,72,59,34,38,23,17,12,8,7,5,7,4,0,4
0,4,7,7,13,12,12,27,32,51,39,48,51,37,16,13,11,8,7,10,9,0,0,0,3,0
0,0,0,6,12,11,18,13,25,43,37,43,47,23,21,9,13,9,6,8,0,0,0,5,0,0
0,0,0,11,12,13,20,15,14,45,22,20,29,14,11,6,18,11,8,10,0,0,0,4,0,0
0,0,5,10,10,21,18,12,13,23,14,19,19,23,13,13,25,10,7,8,0,3,4,5,0,0
0,0,6,7,11,14,11,10,18,35,14,15,13,12,14,13,13,10,0,9,7,5,6,0,5,0
0,0,6,9,14,15,10,13,25,29,26,14,13,11,12,10,12,7,7,11,6,7,0,5,6,5
7,7,7,10,18,12,10,14,19,27,13,19,12,10,8,10,10,0,0,10,6,0,6,0,0,0
0,5,43,62,61,86,101,119,138,140,138,135,134,126,121,101,97,75,80,58,23,15,10,9,11,18
18,7,58,82,102,122,130,137,150,152,144,141,138,134,125,109,112,108,102,68,43,13,12,6,4,10
13,9,60,97,112,128,139,146,152,159,148,140,121,126,124,117,120,118,106,73,51,20,23,12,9,13
14,13,61,86,113,136,144,145,145,154,140,139,116,113,117,110,118,123,111,85,61,52,41,27,14,28
11,8,25,84,108,136,141,142,144,144,135,125,113,103,83,82,108,118,114,89,50,43,38,13,14,25
7,0,10,88,110,122,133,138,143,136,128,114,105,88,75,71,80,112,117,87,40,13,17,12,14,20
0,0,51,77,110,119,126,134,134,129,115,91,74,66,70,62,72,94,113,75,50,30,23,10,12,11
0,0,56,90,111,121,123,127,129,128,115,86,76,66,62,57,58,64,65,55,17,14,14,9,10,11
8,7,67,104,113,112,119,126,126,123,108,84,81,75,62,60,59,58,65,52,14,12,12,9,8,11
11,0,89,110,117,122,123,123,125,120,109,78,84,74,72,62,62,69,66,51,7,8,7,6,7,8
6,0,96,111,118,120,123,122,123,112,106,75,78,65,63,70,56,76,67,44,0,0,5,8,10,10
8,10,102,117,122,128,127,118,116,111,107,84,100,84,76,62,62,76,66,37,14,8,6,7,4,6
10,51,103,112,125,134,134,128,121,127,116,102,110,106,103,94,71,98,97,66,37,10,10,5,0,7
31,69,111,125,138,147,150,150,145,141,143,132,129,124,116,112,116,115,110,104,88,53,36,9,14,12
63,94,115,130,147,158,169,171,161,149,142,146,148,141,136,133,145,138,128,122,110,88,66,42,13,13
65,86,112,132,147,159,162,160,164,156,150,142,144,138,137,131,136,144,148,130,108,91,64,55,43,51
59,65,84,119,129,147,154,153,160,145,143,134,140,128,131,121,126,138,132,121,103,81,50,38,23,25
15,35,75,91,109,129,132,130,129,120,125,119,115,111,105,96,126,141,121,97,72,61,41,20,12,14
43,18,63,81,90,107,109,104,114,108,101,101,95,89,88,100,132,135,120,84,66,42,10,13,9,9
14,15,56,65,75,81,83,82,102,101,103,100,91,88,97,113,127,123,111,77,57,33,31,9,7,9
12,12,51,57,74,75,81,92,103,94,78,85,78,78,95,105,118,133,96,56,50,13,11,11,7,6
11,12,30,56,69,70,74,74,93,80,80,83,74,79,101,100,107,110,79,48,14,14,9,10,6,10
11,9,14,40,53,62,61,65,66,71,66,67,68,80,88,88,89,72,56,40,7,13,10,7,9,8
9,10,14,50,45,57,59,59,58,62,59,61,68,75,85,75,70,57,53,47,7,9,7,4,8,9
8,9,14,40,39,53,53,56,55,61,59,58,69,81,88,72,60,53,47,31,9,7,9,0,6,8
12,9,14,31,32,50,50,51,53,55,55,59,74,85,80,55,56,32,32,13,11,5,8,6,6,7
10,0,13,23,40,35,51,40,53,55,56,64,79,76,62,52,54,17,22,8,10,0,8,0,6,5
7,7,10,25,23,38,45,42,54,57,62,69,70,58,52,39,51,33,22,9,12,0,10,6,6,4
10,8,11,22,17,45,42,54,54,58,64,73,73,57,51,36,42,14,19,9,12,0,11,8,9,7
6,7,12,13,29,19,51,52,55,56,58,72,67,57,52,50,48,13,12,5,8,0,10,9,0,7
6,7,11,12,13,23,45,52,55,55,55,67,72,57,33,53,50,15,11,7,12,0,8,5,0,6
7,6,11,14,13,50,51,51,53,58,57,63,97,59,30,54,54,25,14,9,8,0,9,0,0,8
6,6,10,9,11,23,30,47,47,54,54,55,72,59,34,40,25,17,12,8,7,5,6,4,0,4
0,5,7,7,13,12,12,27,32,51,39,48,51,37,16,13,11,8,7,10,9,0,0,0,3,0
0,0,0,6,12,11,18,13,27,45,37,43,47,25,19,8,13,9,6,8,0,0,0,5,0,0
0,0,0,11,12,13,20,15,14,45,22,22,29,14,11,6,18,11,8,10,0,0,0,4,0,0
0,0,5,10,10,23,18,12,13,24,14,17,19,23,13,13,25,10,7,8,0,3,4,5,0,0
0,0,6,7,11,14,11,10,18,35,14,15,13,12,14,13,13,10,0,9,7,5,6,0,5,0
0,0,6,9,14,16,10,13,25,29,26,14,13,11,12,10,12,7,7,11,6,7,0,5,6,5
7,7,7,10,18,13,10,14,20,27,13,18,12,10,8,10,10,0,0,10,6,0,6,0,0,0
