0,7,10,10,32,48,55,22,50,32,14,43,50,52,53,56,36,43,29,15,10,0,0,0,0,0
0,0,8,12,42,55,54,18,35,12,6,14,52,52,64,64,22,19,47,17,9,8,0,0,0,0
0,6,10,12,47,59,52,50,11,0,0,13,52,51,57,57,14,40,50,31,9,0,7,0,0,0
9,12,13,34,50,61,31,13,53,51,51,54,55,56,63,66,57,54,62,50,14,14,10,8,7,0
9,17,30,57,68,53,69,75,93,84,62,68,72,78,86,74,62,67,78,68,60,31,15,12,12,10
21,37,37,62,123,144,136,112,101,89,67,58,72,133,115,105,97,122,179,173,66,55,52,50,50,50
59,56,68,100,458,282,148,122,105,97,90,83,92,127,131,124,111,129,242,441,83,60,54,37,51,53
32,56,59,78,216,165,135,94,75,71,75,73,76,88,90,86,78,82,96,108,61,45,32,13,14,14
50,72,56,56,90,140,150,82,69,75,65,64,71,80,72,64,56,60,67,78,55,12,12,0,8,0
7,10,9,13,74,81,101,58,57,54,54,54,62,66,60,55,50,44,59,65,14,6,0,0,5,0
0,0,8,14,56,58,67,51,56,52,50,35,53,60,54,50,38,41,50,50,9,7,0,0,0,0
0,0,0,12,54,56,54,40,41,35,15,47,54,58,43,23,12,14,44,22,8,0,0,0,0,0
0,0,0,0,35,51,52,13,51,11,21,28,53,53,47,17,8,7,14,13,0,0,0,0,0,0
0,0,0,0,0,11,12,10,17,13,11,13,11,27,10,0,0,0,0,0,0,0,0,0,0,0
0,0,0,0,30,46,45,43,50,46,35,50,51,54,53,40,11,20,26,12,0,0,0,0,0,0
0,0,0,0,25,50,41,50,54,52,51,52,56,58,57,50,9,11,13,10,0,0,0,0,0,0
0,5,0,0,35,52,50,53,57,55,58,59,58,63,57,53,15,25,32,14,7,7,0,0,5,0
0,0,0,0,47,52,52,55,58,59,61,60,62,63,60,56,46,36,38,14,9,9,0,0,5,0
0,0,0,11,50,55,59,59,67,66,65,65,68,70,67,62,50,25,18,11,7,9,0,0,0,0
5,6,6,12,50,56,63,64,71,71,81,77,74,72,71,68,53,50,34,19,9,9,0,0,0,0
0,0,0,11,52,59,65,66,69,66,71,76,75,75,73,69,57,52,51,21,11,8,0,0,0,0
0,0,9,11,53,60,72,66,68,67,68,73,72,76,71,74,55,52,51,14,11,8,4,0,0,0
0,0,9,20,42,56,67,69,69,62,68,69,72,71,69,72,47,43,39,27,20,13,10,8,8,8
6,8,8,22,58,65,68,76,72,67,68,66,69,75,75,77,60,54,52,43,14,12,10,9,8,7
10,7,9,15,56,63,69,71,73,68,78,78,71,72,70,72,59,56,52,50,16,12,9,9,8,0
0,8,10,15,57,65,73,75,71,65,88,104,74,72,72,72,59,55,52,38,14,8,6,6,6,0
0,10,11,14,56,64,76,76,73,60,71,89,69,67,73,73,59,55,51,14,10,6,6,0,0,0
7,11,6,21,55,64,72,71,73,59,68,73,65,68,70,70,58,56,52,29,13,10,9,7,7,0
0,0,0,11,54,64,72,71,65,55,58,59,62,67,69,67,57,53,43,11,7,0,0,0,0,0
0,0,0,11,53,65,73,69,64,57,50,51,57,64,68,65,56,52,44,12,0,0,0,0,0,0
0,7,6,12,54,63,71,67,63,53,50,52,55,62,68,64,57,53,38,14,7,0,0,0,5,0
0,6,8,15,54,64,74,67,62,53,33,21,53,61,65,60,53,47,36,17,0,0,0,0,0,0
0,0,0,16,52,59,67,63,57,42,14,27,54,60,63,60,53,52,45,31,8,0,0,0,0,0
0,5,0,10,53,58,62,61,58,52,10,27,52,60,60,57,54,53,50,15,9,0,6,0,0,0
0,6,7,10,51,56,60,60,55,50,8,30,51,56,58,54,52,51,38,11,0,0,0,0,0,0
0,0,6,11,43,55,57,59,53,45,8,23,45,55,56,53,50,53,55,11,0,0,0,0,0,0
0,5,7,10,43,58,62,62,52,25,0,13,45,54,55,52,40,35,54,12,0,6,0,0,0,0
0,11,10,12,54,67,60,66,57,30,7,23,44,61,60,52,40,50,18,11,6,5,5,5,5,5
0,7,10,12,34,59,51,56,42,14,7,10,34,53,57,38,25,39,18,12,7,0,0,0,0,0
0,0,7,11,24,28,34,48,19,11,5,10,19,48,44,19,12,13,13,8,5,0,0,0,5,0
0,7,10,10,32,48,55,22,50,32,14,43,50,52,53,56,36,43,29,15,10,0,0,0,0,0
0,0,8,12,42,55,54,18,35,12,6,14,52,52,64,64,22,19,47,17,9,8,0,0,0,0
0,6,10,12,47,59,52,50,11,0,0,13,52,51,57,57,14,40,50,31,9,0,7,0,0,0
9,12,13,34,50,61,31,13,53,51,51,54,55,56,63,66,57,54,62,50,14,14,10,8,7,0
9,17,30,57,68,53,69,75,93,84,62,68,72,78,86,74,62,67,78,68,60,31,15,12,12,10
21,37,37,62,123,144,136,112,101,89,67,58,72,133,115,105,97,122,179,173,66,55,52,50,50,50
59,56,68,100,458,282,148,122,105,97,90,83,92,127,131,124,111,129,242,441,83,60,54,37,51,53
32,56,59,78,216,165,135,94,75,71,75,73,76,88,90,86,78,82,96,108,61,45,32,13,14,14
50,72,56,56,90,140,150,82,69,75,65,64,71,80,72,64,56,60,67,78,55,12,12,0,8,0
7,10,9,13,74,81,101,58,57,54,54,54,62,66,60,55,50,44,59,65,14,6,0,0,5,0
0,0,8,14,56,58,67,51,56,52,50,35,53,60,54,50,38,41,50,50,9,7,0,0,0,0
0,0,0,12,54,56,54,40,41,35,15,47,54,58,43,23,12,14,44,22,8,0,0,0,0,0
0,0,0,0,35,51,52,13,51,11,21,28,53,53,47,17,8,7,14,13,0,0,0,0,0,0
0,0,0,0,0,11,12,10,17,13,11,13,11,27,10,0,0,0,0,0,0,0,0,0,0,0
0,0,0,0,30,46,45,43,50,46,35,50,51,54,53,40,11,20,26,12,0,0,0,0,0,0
0,0,0,0,25,50,41,50,54,52,51,52,56,58,57,50,9,11,13,10,0,0,0,0,0,0
0,5,0,0,35,52,50,53,57,55,58,59,58,63,57,53,15,25,32,14,7,7,0,0,5,0
0,0,0,0,47,52,52,55,58,59,61,60,62,63,60,56,46,36,38,14,9,9,0,0,5,0
0,0,0,11,50,55,59,59,67,66,65,65,68,70,67,62,50,25,18,11,7,9,0,0,0,0
5,6,6,12,50,56,63,64,71,71,81,77,74,72,71,68,53,50,34,19,9,9,0,0,0,0
0,0,0,11,52,59,65,66,69,66,71,76,75,75,73,69,57,52,51,21,11,8,0,0,0,0
0,0,9,11,53,60,72,66,68,67,68,73,72,76,71,74,55,52,51,14,11,8,4,0,0,0
0,0,9,20,42,56,67,69,69,62,68,69,72,71,69,72,47,43,39,27,20,13,10,8,8,8
6,8,8,22,58,65,68,76,72,67,68,66,69,75,75,77,60,54,52,43,14,12,10,9,8,7
10,7,9,15,56,63,69,71,73,68,78,78,71,72,70,72,59,56,52,50,16,12,9,9,8,0
0,8,10,15,57,65,73,75,71,65,88,104,74,72,72,72,59,55,52,38,14,8,6,6,6,0
0,10,11,14,56,64,76,76,73,60,71,89,69,67,73,73,59,55,51,14,10,6,6,0,0,0
7,11,6,21,55,64,72,71,73,59,68,73,65,68,70,70,58,56,52,29,13,10,9,7,7,0
0,0,0,11,54,64,72,71,65,55,58,59,62,67,69,67,57,53,43,11,7,0,0,0,0,0
0,0,0,11,53,65,73,69,64,57,50,51,57,64,68,65,56,52,44,12,0,0,0,0,0,0
0,7,6,12,54,63,71,67,63,53,50,52,55,62,68,64,57,53,38,14,7,0,0,0,5,0
0,6,8,15,54,64,74,67,62,53,33,21,53,61,65,60,53,47,36,17,0,0,0,0,0,0
0,0,0,16,52,59,67,63,57,42,14,27,54,60,63,60,53,52,45,31,8,0,0,0,0,0
0,5,0,10,53,58,62,61,58,52,10,27,52,60,60,57,54,53,50,15,9,0,6,0,0,0
0,6,7,10,51,56,60,60,55,50,8,30,51,56,58,54,52,51,38,11,0,0,0,0,0,0
0,0,6,11,43,55,57,59,53,45,8,23,45,55,56,53,50,53,55,11,0,0,0,0,0,0
0,5,7,10,43,58,62,62,52,25,0,13,45,54,55,52,40,35,54,12,0,6,0,0,0,0
0,11,10,12,54,67,60,66,57,30,7,23,44,61,60,52,40,50,18,11,6,5,5,5,5,5
0,7,10,12,34,59,51,56,42,14,7,10,34,53,57,38,25,39,18,12,7,0,0,0,0,0
0,0,7,11,24,28,34,48,19,11,5,10,19,48,44,19,12,13,13,8,5,0,0,0,5,0
0,7,9,10,29,50,55,29,50,30,14,38,50,52,54,56,36,38,27,14,10,0,0,0,0,0
0,0,8,13,38,55,54,21,35,12,7,13,51,53,64,64,25,14,45,15,9,8,0,0,0,0
0,6,10,12,43,59,52,47,11,0,6,13,52,50,58,56,14,32,50,29,9,6,6,0,5,0
9,12,13,34,50,62,31,13,53,51,52,53,55,55,64,65,56,53,61,50,14,14,10,8,8,0
9,17,30,57,68,52,68,75,92,84,62,67,72,78,87,74,61,66,78,68,60,33,15,12,12,10
22,29,29,61,122,143,135,112,101,89,67,58,73,132,115,104,96,120,177,171,66,55,52,50,50,50
60,56,69,101,456,285,148,122,106,96,92,84,93,126,132,124,111,126,243,450,85,62,55,42,51,54
31,54,59,78,228,161,134,95,75,73,75,73,76,88,92,86,78,82,96,109,62,47,32,14,14,15
47,70,56,57,89,138,145,81,69,74,65,64,71,80,73,64,56,59,65,76,54,12,12,6,8,0
7,10,9,13,73,79,100,58,57,54,53,54,62,66,61,55,50,44,58,64,14,7,0,0,0,0
0,0,7,13,54,56,67,50,55,53,50,35,52,60,55,50,34,30,41,43,9,7,0,0,0,0
0,0,0,12,54,56,54,45,47,37,22,41,54,58,48,25,12,14,44,22,7,0,0,0,0,0
0,0,0,0,32,51,52,13,51,12,23,32,54,52,51,20,7,7,14,13,0,0,0,0,0,0
0,0,0,0,0,11,12,11,18,13,12,12,11,23,13,0,0,0,0,0,0,0,0,0,0,0
0,0,0,0,31,50,44,44,51,47,38,50,52,55,55,45,12,16,29,12,0,6,0,0,0,0
0,0,0,0,29,50,50,50,54,52,53,53,57,60,60,51,10,11,14,10,0,0,0,0,0,0
0,6,0,0,35,52,50,53,58,56,58,59,58,64,59,55,20,19,32,14,8,8,0,0,5,0
0,0,0,0,43,52,51,55,59,59,62,60,63,63,61,57,42,29,36,14,9,10,0,0,5,0
0,0,0,10,50,54,58,59,67,66,65,65,68,70,67,63,50,23,18,11,7,10,0,0,0,0
6,7,7,13,51,55,63,64,71,71,81,78,74,74,71,69,54,50,36,17,10,10,0,0,0,0
0,0,0,11,52,58,64,66,69,66,71,76,75,75,73,70,57,52,51,14,11,11,6,0,0,0
0,0,8,12,52,59,71,66,69,67,69,72,72,77,71,74,55,51,50,14,10,7,0,0,0,0
0,0,10,20,41,55,66,69,69,63,67,69,72,71,69,71,46,40,37,23,18,14,8,0,9,7
6,7,8,16,57,63,68,77,72,67,68,65,69,74,75,77,59,52,51,36,13,12,10,9,8,7
10,7,9,14,56,62,69,71,72,69,78,77,70,72,70,71,58,54,51,50,15,12,10,9,8,5
0,7,9,14,56,64,73,74,72,65,88,102,74,72,72,72,58,53,51,34,13,9,0,6,7,0
0,9,10,14,55,63,75,76,74,60,72,88,68,67,73,72,57,54,50,12,6,6,0,6,0,0
7,10,6,21,54,62,71,72,74,60,69,74,66,69,71,69,56,54,50,27,14,12,9,8,6,0
0,0,0,10,53,63,71,72,66,56,57,60,63,68,72,66,56,50,31,11,8,0,0,0,0,0
0,0,0,11,52,63,72,70,65,58,51,53,58,65,70,65,56,50,42,14,0,0,0,0,0,0
0,6,0,12,53,61,70,67,64,54,50,53,57,63,70,64,56,51,31,12,8,8,0,0,0,0
0,0,8,14,51,61,73,68,62,53,42,33,54,63,68,61,51,31,31,17,0,0,0,0,0,0
0,0,0,13,45,56,66,63,58,43,19,35,56,62,66,60,50,43,31,27,8,0,0,0,0,0
0,5,0,9,51,55,62,62,59,52,12,37,55,62,62,57,52,42,35,13,9,6,7,0,0,0
0,6,7,9,40,53,58,60,56,50,9,41,52,57,60,55,50,27,23,11,0,0,0,0,0,0
0,0,6,10,29,51,55,60,55,50,8,33,52,56,58,53,17,35,52,9,0,0,0,0,0,0
0,0,6,9,25,51,58,66,54,31,6,25,51,55,57,52,13,13,51,10,0,0,0,0,0,0
0,11,9,10,35,56,56,72,59,31,9,26,50,66,66,52,15,12,10,10,5,0,5,0,4,0
0,6,10,11,22,51,51,60,51,18,6,13,48,59,69,48,14,14,13,10,6,0,0,0,0,0
0,0,7,11,20,24,38,52,36,13,7,12,36,53,53,28,13,10,11,6,6,0,0,0,6,0
0,8,9,11,26,48,55,29,50,35,15,31,50,53,54,55,33,40,25,14,10,0,0,0,0,0
0,0,8,13,34,55,53,21,37,13,7,13,51,52,64,63,22,15,45,17,9,8,0,0,0,0
0,6,10,13,43,59,52,50,11,0,7,13,52,50,58,56,14,40,50,29,9,0,6,0,0,0
9,13,14,34,48,62,29,13,53,51,51,52,56,55,64,65,56,53,61,50,13,14,10,8,8,0
9,17,25,57,68,52,68,75,92,84,62,67,72,78,86,74,61,66,78,68,60,33,14,12,12,10
21,29,29,62,121,143,135,112,101,89,67,58,72,131,115,105,96,121,177,172,66,55,53,50,50,50
59,56,69,101,457,286,148,122,105,97,93,83,93,125,132,125,110,125,242,451,85,62,55,40,51,54
32,53,58,77,229,159,133,95,75,73,75,74,76,87,91,86,78,81,96,109,61,42,32,14,14,14
47,69,55,57,88,136,144,80,69,74,65,63,71,80,73,63,56,59,65,76,54,12,12,6,8,0
8,10,9,14,73,78,99,58,57,54,53,54,62,67,62,54,50,50,58,63,13,7,0,0,0,0
0,0,7,13,54,57,66,51,55,53,50,35,52,59,54,50,34,30,41,43,9,7,0,0,0,0
0,0,0,12,54,56,54,42,50,35,22,38,54,58,50,23,12,13,47,20,8,0,0,0,0,0
0,0,0,0,32,51,52,13,51,13,21,30,54,52,50,20,7,7,14,13,0,0,0,0,0,0
0,0,0,0,0,11,12,11,17,14,12,12,11,23,13,0,0,0,0,0,0,0,0,0,0,0
0,0,0,0,30,50,43,44,51,50,39,50,52,55,55,46,12,13,27,12,0,6,0,0,0,0
0,0,0,0,31,50,50,50,54,53,53,53,57,60,60,51,10,11,14,10,0,0,0,0,0,0
0,6,0,0,35,52,50,53,58,56,58,59,58,64,59,55,22,21,30,14,8,8,0,0,5,0
0,0,0,0,43,52,51,55,59,59,61,60,63,64,61,57,42,27,36,15,9,10,0,0,5,0
0,0,0,10,50,54,58,59,67,66,65,64,68,70,67,63,50,25,18,11,7,9,0,0,0,0
6,7,7,12,51,55,63,64,71,71,81,78,74,74,71,69,54,47,36,21,10,10,0,0,0,0
0,0,0,11,51,58,64,66,69,67,71,76,75,75,73,70,57,52,51,14,11,11,5,0,0,0
0,0,8,11,52,59,70,66,69,67,69,72,72,76,71,74,55,52,50,14,10,8,0,0,0,0
0,0,10,19,40,55,66,69,70,63,67,69,73,71,68,72,44,39,37,23,18,14,8,0,9,7
6,8,9,16,56,64,68,76,71,67,69,65,69,74,75,77,59,52,50,36,13,12,10,9,8,6
10,7,9,14,55,62,68,71,72,69,78,77,70,71,70,71,58,54,50,50,15,13,10,9,8,0
0,7,9,14,55,64,72,74,71,64,88,101,74,71,72,72,58,53,52,36,13,9,0,6,7,0
0,9,10,14,55,63,75,76,74,60,72,88,69,67,73,72,57,54,50,12,6,0,0,6,0,0
7,10,6,21,54,62,71,72,74,60,70,73,65,69,71,69,56,54,50,33,13,12,9,8,7,0
0,0,0,10,52,63,71,72,66,56,57,60,63,68,72,66,56,51,29,12,8,0,0,0,0,0
0,0,0,11,51,63,72,70,65,58,51,52,58,65,70,65,56,47,44,21,0,0,0,0,0,0
0,7,0,12,52,61,70,67,64,54,50,53,57,63,70,64,56,51,29,13,7,8,0,0,0,0
0,5,8,14,51,61,73,68,62,53,44,34,54,63,69,62,51,32,30,17,0,0,0,0,0,0
0,0,0,13,44,56,66,63,58,44,22,35,56,62,66,60,50,41,30,27,7,0,0,0,0,0
0,5,0,9,50,55,62,62,59,53,12,35,55,62,62,57,51,40,30,13,9,6,7,0,0,0
0,6,7,9,40,53,58,60,56,50,9,38,52,57,60,55,50,27,19,11,0,0,0,0,0,0
0,0,6,10,29,51,55,60,55,50,8,30,52,56,58,53,17,27,51,9,0,0,0,0,0,0
0,0,6,9,23,51,58,66,54,34,6,21,51,54,57,52,13,13,50,9,0,0,0,0,0,0
0,11,9,10,32,55,56,72,59,32,9,25,50,66,66,52,15,11,10,10,5,0,4,0,0,0
0,6,10,11,22,51,51,60,51,23,6,13,48,59,70,48,14,14,13,10,6,0,0,0,0,0
0,0,7,11,20,24,37,52,36,13,7,12,36,52,53,28,13,10,11,6,5,0,0,0,6,0
0,8,9,11,28,48,55,27,50,35,14,34,50,52,55,55,33,40,29,15,10,0,0,0,0,0
0,0,8,13,36,53,53,18,39,13,7,13,50,52,64,63,20,14,47,19,9,8,0,0,0,0
0,6,10,13,43,59,52,44,11,0,7,13,52,50,58,56,14,37,50,31,9,0,7,0,0,0
9,12,14,34,50,62,29,13,53,51,51,53,55,55,64,65,56,53,61,50,13,14,10,8,7,0
10,17,27,56,68,52,68,75,91,84,62,66,72,77,86,74,60,65,78,69,59,35,15,12,12,11
22,29,31,62,121,143,135,113,101,89,67,57,72,131,114,106,96,120,177,172,66,55,53,50,50,50
59,56,70,101,459,287,148,122,105,98,92,84,92,124,132,125,111,125,244,451,85,62,55,42,51,54
35,53,58,77,229,156,132,95,75,73,75,74,76,86,92,85,78,81,96,109,62,47,32,15,14,15
45,68,55,56,88,135,143,79,69,74,64,62,71,79,73,62,56,59,65,76,53,12,12,6,8,0
8,9,9,14,73,77,99,58,57,54,53,53,62,66,63,53,46,47,58,63,13,7,0,0,0,0
0,0,7,13,55,56,66,51,55,53,51,35,52,59,55,47,31,27,41,43,9,7,0,0,0,0
0,0,0,12,54,56,54,40,50,35,27,38,54,57,50,23,12,13,47,22,8,0,0,0,0,0
0,0,0,0,30,51,51,13,51,13,20,32,54,53,51,15,0,7,14,13,0,0,0,0,0,0
0,0,0,0,7,11,12,12,17,13,12,12,11,19,13,0,0,0,0,0,0,0,0,0,0,0
0,0,0,0,31,50,41,44,51,48,38,50,51,55,55,46,11,13,29,12,0,0,0,0,0,0
0,0,0,0,31,50,50,50,55,52,53,53,56,59,60,52,10,12,14,10,0,0,0,0,0,0
0,6,0,0,35,51,50,53,58,56,59,59,59,64,59,55,20,21,30,14,8,8,0,0,5,0
0,0,0,0,40,52,51,55,59,59,61,60,63,63,61,57,38,29,40,15,8,10,0,0,6,0
0,0,0,10,50,54,58,59,67,66,65,64,69,69,68,63,50,26,15,11,7,10,0,0,0,0
6,7,6,12,51,55,62,64,71,71,81,78,75,74,71,69,54,50,32,23,10,9,0,0,0,0
0,0,0,11,51,59,63,65,69,67,71,76,75,75,73,70,56,52,51,17,11,11,6,0,0,0
0,0,8,12,52,59,70,66,69,67,69,72,72,76,71,74,55,51,50,14,11,7,0,0,0,0
0,0,10,20,40,55,65,69,70,64,68,69,73,71,69,71,44,38,37,24,18,13,8,0,8,7
6,8,9,16,56,63,68,75,71,67,69,65,69,73,75,77,58,52,50,38,13,12,11,9,8,7
10,7,9,14,55,62,68,71,71,69,78,77,70,71,69,71,58,55,50,50,16,13,10,9,8,6
0,7,8,14,55,63,73,74,71,64,88,101,74,71,72,71,58,53,51,38,13,8,0,6,7,0
0,8,10,14,55,63,75,76,74,60,72,88,69,67,73,72,57,54,48,12,6,0,0,0,0,5
7,9,6,21,54,62,71,72,74,60,70,74,65,69,72,68,56,53,50,35,13,12,9,8,7,0
0,0,0,10,52,63,70,71,66,56,58,60,64,68,73,66,55,51,34,12,8,0,0,0,0,0
0,0,0,10,52,63,72,70,65,58,51,53,58,65,70,65,56,47,44,25,7,0,0,0,0,0
0,7,6,12,52,61,70,67,64,54,51,53,57,63,70,63,56,51,34,13,7,8,6,0,0,0
0,0,8,14,51,61,72,67,62,54,44,34,54,64,69,62,51,31,30,17,0,0,0,0,0,0
0,0,0,13,44,56,66,63,58,43,23,36,56,62,67,60,50,37,29,26,7,7,0,0,0,0
0,5,0,9,50,55,62,62,59,53,12,37,55,62,63,57,51,37,27,13,9,6,6,0,0,0
0,6,7,9,37,53,58,60,56,50,9,38,53,58,60,55,47,25,17,11,0,0,0,0,0,0
0,0,6,10,29,51,55,60,55,50,8,27,52,56,58,53,19,23,51,9,0,0,0,0,0,0
0,0,7,9,25,51,58,66,55,34,6,23,51,54,57,52,13,13,50,9,0,0,0,0,0,0
0,11,9,10,33,54,56,72,59,34,10,26,50,66,67,52,14,12,11,10,5,0,4,0,0,0
0,6,10,11,21,51,50,60,50,23,7,13,48,59,71,47,14,14,13,10,6,0,0,0,0,0
0,0,7,11,20,24,37,52,36,14,7,12,34,53,53,25,13,10,11,6,5,0,0,0,6,0
0,7,9,11,28,46,54,22,50,37,15,34,50,52,55,55,30,43,27,14,10,0,0,0,0,0
0,0,8,13,34,54,53,16,39,13,6,13,50,52,64,63,20,14,50,19,9,8,0,0,0,0
0,6,10,13,43,59,51,44,11,0,7,12,52,50,58,56,14,37,50,34,9,0,7,0,0,0
9,12,14,34,48,62,29,13,53,50,51,53,55,55,64,65,56,53,61,51,13,14,10,8,8,0
10,17,27,56,67,52,68,75,91,83,61,66,71,77,86,74,60,65,78,69,59,31,15,12,12,10
22,31,31,62,122,143,135,112,101,89,68,57,72,130,114,106,96,120,179,175,66,55,53,51,50,50
59,56,69,101,459,286,148,122,105,97,92,83,92,124,131,125,111,125,245,454,85,61,55,45,51,55
32,53,58,77,230,155,132,95,76,73,75,73,76,87,91,85,77,81,96,108,61,42,35,14,21,14
45,67,54,56,88,135,142,79,69,74,64,62,71,78,73,62,55,58,65,76,52,12,12,6,9,0
8,9,8,14,72,76,98,57,57,53,52,54,62,66,62,53,39,47,58,63,13,7,0,0,0,0
0,0,8,13,55,56,66,50,55,52,50,35,52,59,55,47,31,27,41,43,9,7,0,0,0,0
0,0,0,12,54,56,54,37,47,32,22,38,54,57,48,23,12,13,50,22,8,0,0,0,0,0
0,0,0,0,32,51,51,12,51,13,18,32,54,52,50,14,0,7,14,13,0,0,0,0,0,0
0,0,0,0,0,11,12,11,17,14,12,12,11,19,13,0,0,0,0,0,0,0,0,0,0,0
0,0,0,0,30,50,41,43,52,47,35,48,51,54,54,45,11,14,27,13,0,0,0,0,0,0
0,0,0,0,31,50,50,50,55,52,52,53,56,59,59,52,10,12,14,10,0,0,0,0,0,0
0,6,0,0,30,51,50,53,58,56,58,59,58,64,59,55,20,19,30,14,8,8,0,0,6,0
0,0,0,0,40,52,51,54,58,59,61,60,62,63,61,56,38,27,42,15,8,10,0,0,6,0
0,0,0,10,50,54,58,59,67,66,65,64,68,69,68,62,50,25,15,11,7,10,0,0,0,0
6,7,6,12,51,55,62,64,71,71,81,79,74,74,72,68,54,50,36,23,9,9,0,0,0,0
0,0,0,11,51,58,63,65,69,67,71,77,75,75,73,70,57,51,51,17,10,10,6,0,0,0
0,0,8,11,53,59,70,66,68,68,69,72,72,76,71,74,55,51,51,14,11,8,0,0,0,0
0,0,10,20,40,55,66,69,69,64,68,69,72,71,68,71,44,38,37,24,17,13,9,0,9,7
6,8,8,16,56,63,67,75,71,67,68,65,69,73,74,76,58,52,50,38,13,12,11,9,8,6
10,7,9,15,55,61,67,71,71,69,78,77,70,71,69,71,58,54,51,50,15,12,10,9,8,5
0,7,8,13,55,63,72,74,71,64,88,102,73,70,72,71,58,53,51,38,13,9,6,7,7,0
0,9,10,14,55,62,75,76,74,60,72,88,69,67,72,72,57,54,50,12,6,0,6,0,0,5
7,9,6,21,54,62,71,72,74,60,70,74,65,69,72,69,56,53,50,35,13,11,9,8,7,0
0,0,0,10,53,63,70,72,66,56,58,60,63,68,72,66,55,51,34,13,8,0,0,0,0,0
0,0,0,11,51,63,72,70,65,58,51,53,58,65,70,65,55,45,46,27,0,0,0,0,0,0
0,6,6,12,52,61,69,67,64,54,51,53,56,63,70,63,56,50,31,13,7,8,6,0,0,0
0,0,8,14,51,61,72,67,63,54,44,34,54,64,69,62,51,32,31,18,0,0,0,0,0,0
0,0,0,13,43,56,65,63,58,45,23,37,56,62,67,60,50,38,31,26,7,0,0,0,0,0
0,4,0,9,50,55,61,62,59,53,12,37,55,62,63,57,51,40,27,13,9,6,6,0,0,0
0,6,7,10,37,53,58,60,57,50,9,38,53,58,60,55,47,25,14,11,0,0,0,0,0,0
0,0,6,10,27,51,55,61,55,50,8,27,52,56,58,53,17,19,50,9,0,0,0,0,0,0
0,4,6,9,23,50,58,65,55,34,7,21,51,54,57,52,13,13,48,9,0,0,0,0,0,0
0,11,9,10,30,54,56,72,59,32,10,25,51,66,67,52,14,12,11,10,0,0,5,0,4,0
0,6,10,11,22,51,51,60,50,21,7,14,48,59,70,45,14,14,13,10,6,0,0,0,0,0
0,0,7,11,20,24,36,52,37,14,7,12,33,53,53,26,13,10,11,6,5,0,0,0,6,0
0,7,9,11,28,46,54,17,50,35,14,36,50,52,54,55,30,43,25,18,10,0,5,0,0,0
0,0,8,12,36,54,53,15,41,13,7,13,50,52,64,64,22,14,50,23,9,7,0,0,0,0
0,6,10,12,43,59,51,44,12,0,6,12,52,51,58,56,14,37,50,34,8,0,7,0,0,0
9,12,14,34,48,61,27,12,52,50,51,54,55,55,63,65,56,53,61,51,13,14,10,8,7,0
10,18,27,56,67,51,69,75,91,83,61,66,71,77,86,74,60,65,78,69,59,29,15,12,11,11
21,32,35,62,122,143,135,112,101,89,68,57,72,129,113,106,97,120,179,175,66,55,53,50,50,50
59,57,69,102,460,286,148,121,106,97,91,83,92,123,131,125,111,125,246,457,84,61,56,42,51,55
33,55,58,77,230,153,131,94,76,73,75,74,76,88,90,86,77,81,96,108,61,42,35,14,19,17
42,67,54,56,89,134,141,78,70,73,64,62,71,78,72,62,55,58,65,76,52,12,12,6,8,0
8,9,9,14,73,75,98,56,57,53,53,54,61,66,62,54,39,44,58,63,13,7,0,0,0,0
0,0,8,13,56,56,66,50,56,52,50,42,51,59,54,47,31,30,38,50,9,7,0,0,0,0
0,0,0,12,55,56,55,35,44,30,22,38,53,57,46,25,12,13,44,22,8,0,0,0,0,0
0,0,0,0,32,51,51,12,50,12,18,30,52,52,50,15,7,7,14,14,0,0,0,0,0,0
0,0,0,0,0,10,12,11,16,13,13,13,12,21,12,0,0,0,0,0,0,0,0,0,0,0
0,0,0,0,25,48,40,43,52,47,32,48,51,54,54,46,12,15,29,13,0,0,0,0,0,0
0,0,0,0,31,50,41,50,55,52,52,53,56,58,58,52,10,12,13,11,0,0,0,0,0,0
0,6,0,0,32,51,50,52,57,56,58,59,59,64,59,55,20,21,30,15,7,7,0,0,6,0
0,0,0,0,40,52,51,54,58,59,61,60,62,62,61,57,40,29,42,15,8,10,0,0,6,0
0,0,0,11,50,54,58,58,67,66,65,65,68,70,68,63,50,26,15,12,6,9,0,0,0,0
5,7,6,13,51,55,62,65,71,71,81,78,74,74,71,69,54,47,36,26,9,9,0,0,0,0
0,0,0,12,51,59,63,65,69,66,71,77,75,75,73,70,56,52,51,21,10,10,6,0,0,0
0,0,8,11,52,59,69,66,68,67,69,72,72,76,71,74,55,52,50,14,11,7,0,0,0,0
0,0,10,19,39,55,65,69,69,64,68,68,72,70,68,71,44,38,37,25,17,13,9,0,9,8
6,8,8,17,56,63,67,75,71,67,68,65,69,73,74,76,58,53,50,40,13,12,11,9,9,6
10,7,8,16,55,61,67,70,72,68,78,77,70,72,69,72,58,55,51,50,15,12,10,9,9,5
0,7,9,14,55,63,72,74,71,64,88,102,73,70,72,71,58,53,51,40,13,8,6,6,7,0
0,8,10,14,54,62,75,76,73,60,72,88,69,66,72,72,57,53,50,12,6,0,6,0,0,6
7,10,6,21,54,62,71,71,74,60,70,74,65,69,72,69,56,53,50,37,13,11,10,8,7,0
0,0,0,10,52,63,70,72,66,55,58,60,63,69,71,66,56,50,31,14,7,0,0,0,0,0
0,0,0,11,51,63,72,69,65,58,51,53,58,65,70,65,55,45,48,32,0,0,0,0,0,0
0,6,6,11,52,61,69,67,64,55,51,53,56,64,71,64,55,50,29,13,7,7,6,0,0,0
0,5,8,14,51,61,72,67,63,53,44,35,54,64,68,61,51,33,31,19,0,0,0,0,0,0
0,0,0,13,43,56,65,62,58,44,25,38,56,63,67,60,50,37,30,25,7,0,0,0,0,0
0,5,0,9,50,55,61,62,59,52,12,40,55,62,63,57,52,47,27,13,9,6,7,0,0,0
0,6,7,9,37,53,58,60,57,50,9,38,53,58,60,55,44,25,15,11,0,0,0,0,0,0
0,0,6,10,27,50,55,60,56,50,8,30,52,56,58,54,17,21,50,9,0,0,0,0,0,0
0,0,6,9,23,50,58,65,55,31,7,25,51,54,57,52,13,13,46,9,0,0,0,0,0,0
0,11,9,11,32,53,56,72,59,31,10,26,51,66,67,52,15,12,11,10,5,0,5,0,0,0
0,6,10,11,22,50,51,60,50,20,7,14,48,59,70,45,14,14,13,10,6,0,0,0,0,0
0,0,7,11,19,23,36,51,37,13,7,12,34,53,53,25,13,11,11,7,0,0,0,0,6,0
0,7,10,11,31,44,54,22,50,30,14,34,50,52,54,55,33,38,27,15,10,0,5,0,0,0
0,0,8,12,40,54,52,16,39,12,6,13,50,52,64,64,25,14,50,21,8,8,0,0,0,0
0,6,10,12,45,59,51,50,12,0,6,12,52,50,58,56,14,32,50,36,8,0,7,0,0,0
9,12,14,34,48,61,29,12,52,48,51,54,55,55,64,65,56,53,61,51,13,14,10,8,8,0
10,18,30,56,68,51,68,75,90,82,61,65,71,76,86,74,60,65,77,69,59,29,17,12,11,10
23,32,31,62,123,142,135,112,101,89,67,58,71,128,113,106,97,120,179,176,66,55,54,51,50,50
60,58,69,102,461,286,148,121,106,96,91,83,92,122,131,125,111,126,245,458,84,61,56,45,51,54
35,54,57,77,231,152,131,94,76,72,75,73,76,87,91,86,77,81,96,109,60,47,40,14,19,14
42,65,53,56,90,134,140,78,68,72,64,62,70,78,73,62,55,58,64,76,52,12,12,6,8,0
8,9,9,14,72,75,97,56,56,53,53,53,61,65,62,55,39,38,57,63,13,7,0,0,0,0
0,0,8,13,56,55,66,50,55,51,50,39,51,59,53,50,31,30,38,50,9,7,0,0,0,0
0,0,0,12,55,55,55,37,44,27,22,38,53,56,46,23,12,12,41,25,7,0,0,0,0,0
0,0,0,0,35,51,51,12,50,12,16,28,52,52,50,15,8,7,14,14,0,0,0,0,0,0
0,0,0,0,7,10,12,11,16,12,12,13,12,19,12,0,0,0,0,0,0,0,0,0,0,0
0,0,0,0,26,43,41,43,52,42,31,48,51,54,54,46,12,20,29,13,0,0,0,0,0,0
0,0,0,0,31,50,44,50,55,51,51,53,56,58,58,52,10,12,14,11,0,0,0,0,0,0
0,6,0,0,32,51,50,52,58,55,57,59,59,64,59,55,17,19,27,15,7,7,0,0,5,0
0,0,0,6,40,51,51,54,58,58,61,60,62,61,61,57,36,29,40,15,8,10,0,0,6,0
0,0,0,10,50,54,58,58,66,66,65,65,68,70,68,63,50,26,16,12,7,10,0,0,0,0
5,7,6,13,51,55,62,65,71,71,81,78,74,74,71,69,54,50,34,25,9,9,0,0,0,0
0,0,0,11,51,58,63,65,69,66,71,77,75,76,73,70,57,52,51,21,10,10,6,0,0,0
0,0,9,12,53,59,70,66,68,67,69,73,73,76,71,74,55,51,50,14,11,7,0,0,0,0
0,0,10,19,40,54,66,70,69,64,68,69,72,71,68,70,44,38,37,25,16,13,10,0,9,8
6,8,8,17,56,63,67,76,71,67,68,65,69,73,73,76,58,53,50,40,13,12,11,9,9,6
9,7,8,18,56,61,68,71,72,68,78,77,70,72,69,71,58,55,51,50,14,12,10,9,9,5
0,7,9,13,55,63,72,75,71,64,88,103,73,70,71,71,58,54,51,40,13,8,6,6,6,0
0,9,11,14,55,62,75,76,73,60,72,88,69,67,72,72,58,53,50,12,6,0,6,0,0,5
7,10,6,17,54,62,71,72,73,59,70,74,65,69,72,69,56,52,50,33,13,11,10,7,7,0
0,0,0,10,52,63,70,72,66,55,58,60,63,69,71,66,56,50,29,13,7,0,0,0,0,0
0,0,0,11,51,63,72,69,65,57,51,53,58,66,70,65,55,45,48,32,0,0,0,0,0,0
0,6,6,11,53,61,69,67,64,54,51,53,57,64,71,64,56,50,29,13,7,7,6,0,0,0
0,0,8,14,51,61,73,67,62,53,42,36,55,64,68,61,51,33,31,19,0,0,0,0,0,0
0,0,0,13,44,56,65,63,58,43,23,37,56,63,66,61,50,37,29,25,7,0,0,0,0,0
0,4,0,10,50,54,61,62,60,52,12,40,55,62,63,58,51,45,30,13,9,6,7,0,0,0
0,6,7,9,40,53,58,60,57,50,9,33,53,58,60,55,47,20,15,11,0,0,0,0,0,0
0,0,6,10,29,51,55,60,56,50,8,33,52,56,58,54,15,19,45,9,0,0,0,0,0,0
0,0,6,9,23,50,58,65,55,31,7,25,51,55,57,52,13,13,46,9,0,0,0,0,0,0
0,11,9,11,33,53,56,72,59,28,10,26,51,66,67,52,15,12,10,10,5,0,5,0,0,0
0,6,10,10,23,51,51,60,50,15,7,14,50,60,70,48,14,13,13,10,6,0,0,0,0,0
0,0,7,11,19,24,37,52,38,13,7,12,34,53,53,26,13,10,11,7,0,0,0,0,6,0
0,8,10,11,31,44,54,27,50,30,14,34,50,52,54,55,33,38,27,16,10,0,5,0,0,0
0,0,8,12,36,54,52,18,37,12,6,13,50,51,65,64,27,14,50,17,8,8,0,0,0,0
0,7,10,12,45,59,51,50,11,0,6,12,52,50,58,57,14,35,50,36,8,0,7,0,0,0
9,13,13,36,48,61,29,12,52,46,51,54,55,55,64,65,56,53,61,51,13,15,10,8,8,0
10,19,25,57,68,51,68,75,90,82,61,65,71,76,87,74,60,65,78,68,58,27,16,12,11,10
25,34,31,62,123,143,135,112,101,88,67,58,72,128,112,106,97,120,179,177,66,55,54,51,50,47
59,58,68,101,461,286,147,120,106,96,92,83,92,121,131,124,110,126,244,459,84,61,56,45,51,55
33,54,57,78,231,152,131,94,76,73,75,73,76,87,90,87,78,81,96,108,60,45,37,14,17,14
40,66,53,56,90,133,139,78,67,71,64,62,70,78,73,62,56,58,64,76,52,12,12,6,8,0
8,9,9,14,72,75,96,56,56,52,52,54,61,65,61,55,39,36,57,62,13,7,0,0,0,0
0,0,8,13,55,55,67,50,55,51,47,42,51,59,53,50,34,30,41,46,9,7,0,0,0,0
0,0,0,12,55,56,55,40,41,27,17,36,53,56,46,25,12,12,44,22,7,0,0,0,0,0
0,0,0,0,32,50,52,12,50,11,16,26,52,52,50,17,8,7,14,13,0,0,0,0,0,0
0,0,0,0,0,10,11,11,14,11,12,12,12,19,12,0,0,0,0,0,0,0,0,0,0,0
0,0,0,0,26,45,43,43,51,40,31,50,51,55,54,46,12,20,29,13,0,0,0,0,0,0
0,0,0,0,31,50,44,50,54,51,51,53,56,58,58,51,10,11,14,10,0,0,0,0,0,0
0,6,0,0,32,51,50,52,57,55,57,59,59,63,59,54,20,19,32,14,7,7,0,0,5,0
0,0,0,6,40,51,51,54,57,58,61,60,62,61,61,57,38,29,36,15,8,10,0,0,6,0
0,0,0,10,50,54,58,58,66,66,65,65,67,70,67,63,50,26,16,12,7,10,0,0,0,0
6,7,6,13,51,55,61,65,70,70,81,78,74,74,71,69,54,50,38,23,9,9,0,0,0,0
0,0,0,11,51,58,63,66,69,66,71,77,75,75,73,70,57,51,51,21,10,10,6,0,0,0
5,0,9,12,53,59,70,65,68,67,69,73,73,76,71,74,55,51,51,14,10,8,0,0,0,0
0,0,10,18,40,54,66,69,69,64,68,69,72,70,68,70,46,38,38,25,16,14,10,0,9,7
6,8,8,17,56,63,67,77,71,67,68,65,70,72,73,76,58,52,51,36,13,12,11,9,8,6
9,7,8,20,55,61,68,71,72,68,78,77,70,72,69,72,58,54,51,50,14,12,10,8,9,0
0,8,9,13,56,63,72,75,71,64,88,102,74,70,72,71,59,54,51,38,13,9,6,6,6,0
0,9,10,14,54,62,75,76,73,60,72,88,69,67,72,72,58,53,48,12,6,0,6,0,0,0
7,10,6,17,54,62,71,72,73,59,70,73,66,69,71,69,57,52,50,31,13,11,10,8,8,0
0,0,0,10,52,63,71,72,66,54,58,60,63,69,71,66,56,50,27,13,8,0,0,0,0,0
0,0,0,11,51,63,72,69,65,57,51,53,59,66,70,65,55,47,48,32,0,0,0,0,0,0
0,6,0,12,53,61,69,67,64,54,51,53,57,64,71,64,55,50,29,12,7,8,6,0,0,0
0,5,8,14,51,60,73,67,62,52,41,36,55,64,68,61,51,33,31,19,0,0,0,0,0,0
0,0,0,13,44,56,65,63,58,43,23,36,56,63,66,61,50,37,29,23,7,0,0,0,0,0
0,5,0,10,50,54,61,61,59,52,12,40,56,62,63,58,51,45,30,13,8,6,7,0,0,0
0,6,7,9,42,53,58,60,57,50,9,36,53,58,60,55,50,20,15,11,0,0,0,0,0,0
0,0,6,10,25,51,55,60,56,50,8,36,52,56,58,54,14,17,40,9,0,0,0,0,0,0
0,0,6,9,21,50,58,65,55,27,7,25,51,55,57,52,13,13,44,9,0,0,0,0,0,0
0,12,9,11,32,52,56,72,59,27,10,27,51,67,67,53,16,12,10,10,5,0,5,0,0,0
0,6,9,10,25,50,50,61,50,16,7,14,50,59,70,48,14,13,13,10,6,0,0,0,0,0
0,0,7,11,19,23,37,51,37,12,7,13,36,52,53,28,13,11,11,7,0,0,0,0,6,0
0,8,10,10,32,44,54,31,50,25,14,31,50,52,54,55,36,34,29,18,10,0,5,0,0,0
0,0,8,12,36,54,52,18,45,12,0,13,50,52,64,63,27,14,50,19,9,8,0,0,0,0
0,6,10,12,47,59,51,50,11,0,6,12,52,50,58,56,14,37,50,38,8,0,7,0,0,0
9,13,14,35,48,61,27,12,52,44,51,54,55,55,63,65,57,53,61,51,13,16,10,8,8,0
10,18,23,56,68,51,68,75,91,82,61,65,72,76,86,74,61,66,78,69,58,29,15,12,11,10
25,31,31,62,123,144,135,112,101,88,67,58,72,127,112,107,98,122,181,178,66,55,54,51,50,47
59,57,68,101,463,288,147,121,106,97,92,83,92,120,130,124,111,126,243,461,85,62,55,42,51,54
36,53,56,77,230,150,131,93,76,73,75,73,76,86,91,86,78,81,97,108,60,50,37,14,17,14
40,65,52,56,89,132,137,78,66,70,64,62,70,78,73,62,56,58,63,76,52,12,13,6,8,0
8,9,9,14,72,74,96,56,56,53,52,53,60,65,61,55,46,38,57,62,13,7,0,0,0,0
0,0,7,13,55,55,66,44,55,51,47,46,51,59,53,47,34,33,41,50,8,7,0,0,0,0
0,0,0,12,55,55,55,37,50,25,20,36,53,56,45,25,12,13,47,25,7,0,0,0,0,0
0,0,0,0,32,51,51,12,50,11,16,25,52,52,50,20,8,8,14,14,0,0,0,0,0,0
0,0,0,0,0,11,11,11,14,10,12,12,12,17,12,0,0,0,0,0,0,0,0,0,0,0
0,0,0,0,23,45,41,43,51,40,35,50,51,55,54,48,13,18,29,13,0,0,0,0,0,0
0,0,0,0,29,50,41,50,54,52,51,53,56,58,58,51,11,11,13,11,0,0,0,0,0,0
0,6,0,0,35,51,50,52,58,55,57,59,59,64,59,54,22,23,30,15,7,8,0,0,5,0
0,0,0,6,40,51,51,54,58,58,61,60,63,62,61,57,40,31,36,16,8,10,0,0,6,0
0,0,0,11,50,54,57,58,66,66,65,65,68,70,67,62,50,28,16,13,7,10,0,0,0,0
6,6,6,13,51,55,61,64,71,70,82,78,74,74,71,69,54,50,38,25,10,9,0,0,0,0
0,0,0,11,51,58,63,65,69,66,71,77,75,75,73,70,57,52,51,21,11,10,6,0,0,0
0,0,9,12,52,59,70,65,69,67,69,73,73,75,71,74,55,52,51,15,11,7,0,0,0,0
0,0,10,17,40,54,65,69,69,63,68,70,72,71,67,70,47,40,37,25,17,14,10,0,8,7
0,8,8,17,56,62,67,76,71,66,68,65,69,72,73,77,58,52,51,40,13,12,11,8,8,6
9,7,8,20,56,61,68,71,72,67,78,77,70,71,69,72,58,54,51,50,14,12,11,9,9,0
0,8,9,13,55,63,72,75,72,64,88,102,74,70,71,71,59,54,50,43,14,9,6,6,6,0
0,9,10,14,54,62,75,76,74,59,72,89,69,67,72,72,58,53,46,12,6,0,6,0,0,5
6,10,6,15,54,62,71,72,73,59,70,74,66,69,71,69,57,52,50,33,13,12,9,7,7,0
0,0,0,10,52,62,71,72,66,54,57,60,63,69,72,66,56,50,27,14,8,0,0,0,0,0
0,0,0,11,51,63,72,69,65,57,51,53,58,66,70,65,55,47,46,35,7,0,0,0,0,0
0,6,0,12,53,61,69,67,64,54,51,53,57,64,71,64,56,50,31,13,7,8,6,0,0,0
0,5,8,14,51,60,72,67,62,52,37,36,55,64,68,61,51,33,32,19,0,0,0,0,0,0
0,0,0,13,44,56,65,63,59,43,23,36,56,63,66,60,50,37,28,25,7,0,0,0,0,0
0,5,0,9,50,54,61,62,60,52,12,45,55,62,63,57,52,45,32,14,8,6,7,0,0,0
0,6,7,9,42,53,58,60,57,50,9,36,53,58,60,55,50,15,17,11,0,0,0,0,0,0
0,0,6,10,27,51,55,60,56,50,8,38,52,56,58,54,14,15,38,10,0,0,0,0,0,0
0,0,6,8,21,50,58,65,55,27,6,25,52,55,57,52,13,13,46,9,0,0,0,0,0,0
0,11,9,11,32,52,55,72,59,27,10,28,52,67,67,53,18,12,10,11,5,0,5,4,0,0
0,6,9,10,25,50,50,61,50,15,7,14,50,60,71,50,15,13,13,10,6,0,0,0,0,0
0,0,7,11,18,24,36,51,40,13,7,13,36,52,53,26,13,11,11,7,5,0,0,0,6,0
0,7,9,10,34,44,54,36,50,27,14,31,50,52,54,55,36,34,27,16,10,0,5,0,0,0
0,0,8,12,34,54,52,21,45,12,0,13,50,52,64,63,22,14,47,17,9,8,0,0,0,0
0,7,10,12,47,59,51,50,11,0,6,12,52,50,58,56,14,37,50,38,9,7,7,0,0,0
9,13,13,36,50,60,25,12,52,46,51,53,55,54,64,65,57,52,61,51,13,20,10,8,8,0
10,17,23,57,68,51,68,75,91,82,62,65,71,75,86,74,61,66,77,69,58,33,16,13,11,10
25,29,29,62,123,144,136,113,102,88,68,58,72,127,113,107,98,122,180,179,66,55,54,51,50,45
58,57,68,100,464,288,147,121,106,98,92,83,92,120,130,124,111,126,241,461,85,62,55,45,51,54
35,53,56,77,230,149,130,94,76,72,75,73,76,85,91,86,78,81,96,108,61,50,42,14,15,14
35,64,52,56,89,132,136,78,65,70,63,62,70,78,73,62,56,58,63,75,52,12,13,6,8,0
8,9,9,13,71,74,94,56,58,53,52,53,60,65,61,55,46,38,56,61,14,7,0,0,0,0
0,0,7,13,55,56,65,47,55,51,50,42,50,59,53,47,36,30,41,46,8,7,0,0,0,0
0,0,0,12,55,55,54,42,50,25,15,33,52,55,46,25,12,13,47,25,8,0,0,0,0,0
0,0,0,0,32,51,51,12,51,11,16,26,52,52,50,22,8,7,14,13,0,0,0,0,0,0
0,0,0,0,7,11,11,11,14,11,11,12,10,14,12,0,0,0,0,0,0,0,0,0,0,0
0,0,0,0,30,42,40,44,51,41,36,50,51,55,54,48,13,16,29,13,0,6,0,0,0,0
0,0,0,0,29,50,41,50,54,52,50,53,56,58,58,51,11,11,13,11,0,0,0,0,0,0
0,6,0,0,37,51,46,53,58,55,57,59,58,64,59,54,20,23,30,14,7,8,0,0,5,0
0,0,0,6,43,51,51,54,58,58,61,60,62,62,61,57,40,31,32,19,9,10,0,0,6,0
0,0,0,10,50,54,57,58,67,66,64,65,67,69,68,62,50,25,15,13,8,10,0,0,0,0
6,7,6,13,51,55,62,65,71,70,81,78,74,73,71,69,54,50,36,23,10,9,0,0,0,0
0,0,0,11,51,58,63,66,69,66,71,77,76,76,73,69,57,52,51,19,11,11,6,0,0,0
0,0,8,12,53,59,70,65,68,67,69,73,72,75,71,74,55,51,51,14,11,8,0,0,0,0
0,0,10,17,40,54,65,69,70,63,68,70,72,71,68,70,46,38,37,25,16,14,10,0,8,7
0,8,8,16,56,62,67,77,71,66,68,65,69,73,73,76,58,52,50,40,13,13,11,8,8,5
9,7,8,15,56,61,68,71,72,68,78,77,70,71,69,71,59,54,51,50,14,13,11,9,8,0
0,8,9,13,55,63,71,75,71,64,89,101,73,70,71,71,58,54,50,40,14,9,6,6,6,0
0,9,10,14,55,62,75,76,74,60,71,89,69,67,72,72,58,53,42,13,6,0,0,0,0,5
7,10,6,15,54,62,70,72,73,60,70,74,65,69,71,69,57,52,50,33,13,12,9,8,7,0
0,0,0,10,52,62,71,72,66,54,58,60,63,69,72,66,55,50,25,14,7,0,0,0,0,0
0,0,0,11,51,63,72,70,65,57,51,53,58,66,70,65,55,47,44,32,7,0,0,0,0,0
0,6,0,11,53,60,69,68,64,54,51,53,57,64,71,64,56,50,29,13,7,8,6,0,0,0
0,5,8,14,51,60,72,68,62,52,39,35,55,64,68,61,51,32,31,20,0,7,0,0,0,0
0,0,0,13,43,55,65,63,59,43,23,35,56,63,66,60,50,37,28,26,7,0,0,0,0,0
0,5,0,9,50,55,61,62,60,52,12,45,55,62,63,57,51,40,27,13,8,6,7,0,0,0
0,6,7,9,42,53,58,61,57,50,9,36,52,58,60,55,50,17,15,11,0,5,0,0,0,0
0,0,6,10,27,51,55,61,56,50,8,38,52,56,58,53,14,14,34,10,0,0,0,0,0,0
0,0,6,8,19,50,58,66,55,29,6,25,52,55,57,52,13,13,42,8,0,0,0,0,0,0
0,12,9,11,32,52,56,72,60,28,10,28,51,67,67,53,16,12,10,11,5,0,5,4,4,0
0,6,10,10,23,50,50,61,51,16,7,14,48,60,71,50,14,13,13,10,6,0,0,0,0,0
0,0,7,11,19,25,37,52,40,13,7,12,34,52,53,28,13,10,11,7,5,0,0,0,6,0
0,7,9,10,29,46,54,31,50,30,14,36,50,52,54,55,33,31,22,18,10,0,5,0,0,0
0,0,8,12,34,53,52,20,45,12,0,13,50,52,64,63,20,14,50,17,9,8,0,0,0,0
0,7,10,12,39,59,51,50,11,0,7,12,52,50,58,56,14,42,50,36,9,7,6,0,0,0
9,12,13,34,50,61,23,13,52,50,51,53,55,55,63,65,57,52,60,50,13,16,10,9,8,0
9,17,21,56,67,51,68,75,91,82,62,65,71,75,86,74,61,66,78,69,59,35,15,13,11,10
25,28,33,62,123,144,136,113,102,89,68,58,72,126,113,107,98,122,181,179,66,56,53,51,50,50
58,56,69,100,465,287,147,122,105,98,91,83,92,120,130,124,111,126,241,461,86,61,55,50,51,55
33,54,56,77,230,149,130,93,76,73,75,74,76,85,90,86,77,81,96,108,61,50,40,14,15,15
32,65,52,55,88,131,135,78,66,73,63,62,69,77,72,63,56,58,63,75,52,12,12,6,8,0
8,9,9,13,71,74,93,56,57,53,52,53,61,65,61,55,39,41,56,61,13,7,0,0,0,0
0,0,7,13,55,56,64,50,55,51,47,46,50,59,54,50,34,30,44,50,8,7,0,0,0,0
0,0,0,12,55,55,53,40,50,27,15,33,52,55,50,29,12,13,47,22,8,0,0,0,0,0
0,0,0,0,32,51,51,12,50,11,16,26,51,52,47,25,7,8,14,13,0,0,0,0,0,0
0,0,0,0,0,11,11,11,14,13,11,12,11,14,12,0,0,0,0,0,0,0,0,0,0,0
0,0,0,0,28,45,41,44,50,43,38,51,51,54,54,48,12,16,29,13,0,6,0,0,0,0
0,0,0,0,27,50,38,50,54,52,51,53,56,57,58,51,10,11,13,11,0,0,0,0,0,0
0,6,0,0,40,51,46,53,58,55,58,59,58,64,59,54,20,21,32,14,7,8,0,0,5,0
0,0,0,0,43,51,51,54,58,59,61,60,62,62,61,57,40,31,30,19,9,11,0,0,6,0
0,0,0,10,50,54,57,59,67,66,64,64,68,69,68,62,50,25,15,12,7,10,0,0,0,0
6,6,6,13,50,55,61,65,70,71,82,78,74,73,71,69,54,50,34,21,10,10,0,0,0,0
0,0,0,11,51,58,62,65,69,66,71,76,76,75,72,69,57,52,50,15,11,11,6,0,0,0
0,0,8,11,52,59,70,65,69,67,69,72,72,75,71,74,54,51,51,14,11,8,0,0,0,0
0,0,10,17,39,54,65,69,69,63,68,69,72,70,68,70,46,38,36,25,16,14,10,7,8,7
0,8,8,15,56,62,67,76,71,66,68,64,69,73,73,76,58,52,50,41,13,13,11,9,8,5
10,8,8,14,55,61,67,71,71,68,78,77,70,71,69,71,58,54,51,50,14,12,11,9,8,0
0,8,8,14,55,63,71,75,71,64,88,101,73,70,71,71,58,53,50,43,13,9,6,6,6,0
0,9,10,14,55,62,75,76,74,60,71,89,69,67,72,72,57,53,42,13,6,0,0,6,0,5
7,10,6,19,54,62,70,72,74,60,70,74,66,69,71,69,57,53,50,31,13,12,9,8,7,0
0,0,0,10,52,62,70,72,66,55,58,60,63,69,72,66,55,50,27,14,7,0,0,0,0,0
0,0,0,11,51,63,72,70,65,58,51,53,58,66,70,65,55,47,40,32,7,0,0,0,0,0
0,6,0,11,52,61,69,67,64,54,51,53,56,64,71,64,56,50,31,12,7,8,6,0,0,0
0,5,8,14,51,60,72,68,63,53,37,33,55,64,68,62,51,32,32,20,0,0,0,0,0,0
0,0,0,13,43,55,65,63,59,45,23,36,56,63,66,60,50,38,28,26,7,0,0,0,0,0
0,5,0,9,50,55,61,62,60,52,12,47,55,62,63,58,52,40,30,13,8,6,7,0,0,0
0,6,7,8,40,53,58,61,57,51,9,44,52,58,60,55,47,20,17,11,0,5,0,0,0,0
0,0,6,10,23,51,54,61,56,50,8,36,52,56,58,54,14,14,34,11,0,0,0,0,0,0
0,4,6,8,19,50,58,66,55,29,6,27,52,55,57,52,13,13,38,8,0,0,0,0,0,0
0,11,9,10,30,52,56,72,59,28,10,28,51,67,67,53,16,12,10,11,5,4,5,5,4,0
0,6,10,10,22,50,50,62,51,18,7,14,48,60,71,50,15,13,13,10,6,0,0,0,0,0
0,0,7,11,18,25,37,52,40,13,7,12,36,52,52,30,13,10,11,7,5,0,0,0,6,0
0,7,10,10,28,46,54,29,50,30,14,34,50,53,54,55,33,34,22,18,10,0,5,0,0,0
0,0,9,12,34,53,52,21,45,12,6,14,50,52,63,63,20,14,50,21,9,8,0,0,0,0
0,6,10,12,37,59,51,50,12,0,7,13,52,50,57,55,15,37,50,38,9,7,6,0,0,0
9,12,13,32,50,61,22,13,52,50,50,53,55,55,63,65,57,52,60,50,13,16,10,9,7,0
10,17,25,56,67,51,67,75,91,82,61,65,71,75,86,74,61,67,77,69,59,37,16,13,12,10
25,26,35,62,123,144,135,113,102,89,68,58,72,126,113,107,98,123,181,179,66,56,53,51,50,45
58,55,69,101,465,286,147,122,105,98,92,82,92,120,130,124,111,127,240,462,86,62,55,50,51,54
33,53,56,77,230,148,130,93,76,72,75,74,75,85,90,85,77,81,95,109,61,50,40,14,15,14
32,64,52,55,87,131,134,78,67,72,62,62,69,76,71,62,56,57,63,74,52,12,12,6,8,0
8,9,9,13,71,73,94,56,57,53,52,53,61,65,61,55,42,44,56,61,13,7,0,0,0,0
0,0,6,14,55,56,64,50,55,51,47,42,50,59,54,50,34,30,38,50,9,7,0,0,0,0
0,0,0,12,55,54,53,40,50,27,17,33,52,56,50,31,12,13,44,22,9,0,0,0,0,0
0,0,0,0,32,51,51,13,50,11,18,28,51,52,44,22,7,8,13,13,0,0,0,0,0,0
0,0,0,0,0,10,11,11,14,13,12,12,11,14,12,0,0,0,0,0,0,0,0,0,0,0
0,0,0,0,26,42,40,44,51,45,40,50,51,54,54,48,12,16,27,13,0,6,0,0,0,0
0,0,0,0,23,50,36,50,54,52,52,53,56,58,58,52,10,12,13,11,0,0,0,0,0,0
0,5,0,0,40,51,43,53,58,55,58,59,58,63,59,54,20,21,27,14,7,8,0,0,6,0
0,0,0,6,40,51,51,54,59,59,61,60,62,62,61,57,38,34,32,19,9,10,0,0,6,0
0,0,0,10,50,54,57,59,67,66,63,64,68,69,68,62,50,25,14,12,7,10,0,0,0,0
5,6,6,13,50,55,61,65,71,70,82,78,74,73,71,69,54,50,30,23,10,10,0,0,0,0
0,0,0,11,51,58,62,65,69,66,71,77,76,75,72,69,57,52,50,14,11,11,6,0,0,0
0,0,8,12,52,59,70,65,69,67,69,73,72,76,70,74,54,51,50,14,11,8,0,0,0,0
0,0,10,17,39,54,65,69,70,63,68,70,72,71,68,70,45,38,36,25,16,14,10,8,8,8
0,7,8,15,56,62,67,76,72,66,68,64,69,73,73,76,58,52,50,41,13,13,11,9,8,0
10,7,8,14,55,61,67,71,72,68,78,77,70,71,69,71,58,54,50,51,15,12,11,9,8,0
0,8,8,14,55,63,71,75,72,64,88,102,73,70,71,71,57,53,50,45,13,9,6,6,6,0
0,9,10,14,54,62,75,76,74,60,72,89,69,67,72,72,57,53,42,13,7,0,0,6,0,0
7,10,6,19,54,62,71,72,74,60,70,74,66,69,71,69,57,53,48,29,13,12,9,8,7,0
0,0,0,10,52,62,70,72,67,55,58,60,63,69,72,66,55,50,25,14,7,0,0,0,0,0
0,0,0,11,51,63,71,70,66,58,51,53,59,66,70,65,55,47,42,32,7,0,0,0,0,0
0,6,0,11,52,61,69,67,65,54,51,53,57,64,71,64,56,51,29,12,7,8,6,0,5,0
0,5,8,14,51,60,72,68,63,53,39,34,55,64,68,62,52,33,31,20,0,0,0,0,0,0
0,0,0,13,42,55,65,63,59,45,22,37,56,63,67,60,50,40,27,26,7,0,0,0,0,0
0,4,0,8,50,54,61,62,60,53,12,45,55,62,62,58,52,42,27,13,8,6,7,0,0,0
0,5,7,9,35,53,58,61,57,50,9,44,53,58,60,55,44,20,15,11,0,5,0,0,0,0
0,0,6,10,21,51,54,61,56,50,8,30,52,56,58,54,17,14,31,11,0,0,0,0,0,0
0,0,6,8,17,50,57,66,55,29,7,27,51,55,58,52,13,13,36,8,0,0,0,0,0,0
0,11,9,10,30,52,55,72,59,28,10,28,50,67,68,53,16,12,10,11,5,4,5,5,5,0
0,6,10,10,21,50,51,62,51,18,7,14,50,60,72,50,14,13,12,10,6,0,0,0,0,0
0,0,7,11,16,25,37,52,40,13,7,12,34,53,52,28,13,10,11,7,5,0,0,0,6,0
0,7,10,11,26,46,54,29,50,27,14,27,50,52,55,55,27,36,20,18,10,0,5,0,0,0
0,0,9,12,34,53,52,20,41,12,6,13,50,52,64,64,20,14,47,21,9,8,0,0,0,0
0,6,10,13,35,59,51,50,11,0,7,13,52,50,57,55,14,35,47,36,9,7,6,0,5,0
9,12,13,32,48,61,23,13,52,50,51,52,55,55,63,65,56,52,60,50,13,15,10,9,8,0
10,16,25,56,67,52,67,75,91,82,62,65,71,76,86,74,61,67,77,69,59,37,16,14,12,10
23,28,35,63,123,144,135,113,101,89,68,58,72,126,113,108,98,122,181,179,66,56,53,51,47,47
58,56,69,101,466,286,147,122,105,98,92,82,91,120,130,124,111,127,238,461,86,62,56,50,52,54
32,54,57,77,230,148,129,93,76,72,75,73,75,85,90,86,76,81,95,108,60,45,37,14,15,17
32,65,52,55,88,131,133,77,68,72,62,62,69,76,70,63,55,57,63,74,52,12,12,6,8,0
8,9,8,13,72,74,94,56,56,53,52,52,60,66,61,54,39,41,56,61,12,7,0,0,0,0
0,0,7,14,54,56,64,50,55,51,47,35,50,58,54,51,36,23,38,50,10,8,0,0,0,0
0,0,0,11,55,54,54,42,50,27,15,30,52,56,50,29,12,13,44,17,8,0,0,0,0,0
0,0,0,0,32,50,51,13,50,12,16,25,51,52,44,22,8,7,13,13,0,0,0,0,0,0
0,0,0,0,0,10,11,11,14,13,12,12,11,14,12,0,0,0,0,0,0,0,0,0,0,0
0,0,0,0,28,42,40,43,50,45,39,50,51,54,54,46,11,15,27,13,0,6,0,0,0,0
0,0,0,0,27,50,36,50,54,52,51,53,55,58,58,51,10,11,14,10,0,0,0,0,0,0
0,5,0,0,32,51,40,52,58,55,58,59,58,63,59,54,20,17,27,14,7,8,0,0,5,0
0,0,0,7,43,51,51,54,58,59,61,60,62,62,61,57,32,29,32,17,8,11,0,0,6,0
0,0,0,9,50,54,57,59,66,66,63,64,67,69,67,62,50,20,14,11,6,10,0,0,0,0
5,6,6,14,50,55,61,66,70,70,81,78,74,72,71,69,54,47,32,21,9,10,0,0,0,0
0,0,0,11,51,58,62,65,68,66,71,76,75,75,72,69,57,52,50,15,11,11,6,0,0,0
0,0,8,11,53,59,70,65,68,67,69,72,72,76,70,74,54,51,50,14,11,8,0,0,0,0
0,0,10,17,38,55,65,70,70,63,68,68,72,70,68,71,44,38,37,25,15,15,10,7,9,8
6,7,8,16,56,63,67,77,71,66,68,64,69,73,73,76,58,52,50,38,13,13,11,9,8,6
10,8,8,14,55,61,67,71,72,68,78,76,70,71,70,71,58,54,51,51,15,12,11,9,8,5
0,8,8,14,55,63,71,75,71,64,88,102,73,70,71,71,57,53,50,45,13,9,6,6,6,0
0,8,10,14,54,62,75,76,75,60,72,89,69,67,72,72,57,53,42,13,7,0,0,6,0,0
7,10,6,19,55,62,71,72,74,60,70,74,66,69,71,69,57,53,46,27,13,12,9,8,8,0
0,0,0,10,52,62,70,72,66,55,58,59,63,69,72,66,55,50,25,13,7,0,0,0,0,0
0,0,0,11,51,63,72,70,66,58,51,53,59,66,70,66,55,42,38,30,7,0,0,0,0,0
0,5,0,12,52,61,69,68,65,54,51,53,57,65,71,64,56,50,31,12,7,8,6,0,5,0
0,5,8,14,50,61,72,68,63,53,41,33,55,64,68,62,51,32,31,18,0,0,0,0,0,0
0,0,0,13,42,56,65,63,58,44,22,35,56,63,67,60,50,37,27,25,7,0,0,0,0,0
0,4,0,9,50,54,61,62,60,53,12,40,55,63,62,58,52,40,27,13,8,6,7,0,0,0
0,5,7,9,32,52,58,61,57,50,9,36,53,58,60,55,44,22,15,10,0,0,0,0,0,0
0,0,6,9,21,51,54,61,56,50,8,27,52,56,58,54,15,14,27,11,0,0,0,0,0,0
0,0,6,8,19,50,57,66,55,34,7,23,51,55,57,52,14,13,32,8,0,0,0,0,0,0
0,11,9,10,28,52,56,72,58,28,10,27,51,67,68,52,16,11,10,11,5,0,5,4,4,0
0,6,10,10,21,50,51,61,51,18,7,14,50,60,72,50,14,13,12,10,6,0,0,0,0,0
0,0,7,10,17,24,37,52,38,13,7,12,34,53,53,28,13,10,11,7,5,0,0,0,6,0
0,8,10,11,26,44,54,27,50,27,14,25,50,52,55,55,25,36,22,18,10,0,5,0,0,0
0,0,8,12,36,53,52,20,41,13,6,13,50,52,64,64,20,14,50,21,9,8,0,0,0,0
0,6,10,13,35,59,51,50,11,0,7,12,52,50,58,56,14,32,50,34,9,7,6,0,5,0
9,12,13,30,50,62,23,12,52,50,50,53,56,55,63,64,56,52,61,50,12,14,10,9,8,0
10,16,27,56,67,52,67,75,91,83,61,65,71,76,86,74,61,67,78,68,59,35,16,13,12,10
23,29,37,63,123,144,136,113,101,89,67,58,72,125,113,108,98,122,182,179,66,55,53,51,43,50
58,55,69,101,466,287,147,122,105,97,92,82,92,119,130,124,111,126,238,461,85,62,56,50,51,54
32,53,57,77,230,148,129,92,77,74,75,73,75,85,90,85,76,81,95,108,61,42,37,15,14,19
32,65,52,55,87,130,133,76,68,73,62,62,68,76,70,63,55,57,63,73,52,12,12,6,9,0
8,9,8,13,73,74,94,56,56,54,52,52,61,65,60,55,39,41,56,61,12,7,0,0,0,0
0,0,7,13,54,55,64,50,55,51,44,35,50,59,54,51,34,23,41,50,10,8,0,0,0,0
0,0,0,12,55,54,54,42,50,30,17,30,52,56,50,29,12,14,44,17,8,0,0,0,0,0
0,0,0,0,32,51,51,13,50,12,16,23,51,52,50,20,7,7,14,13,0,0,0,0,0,0
0,0,0,0,0,10,11,11,13,13,12,12,11,13,12,0,0,0,0,0,0,0,0,0,0,0
0,0,0,0,28,43,40,40,51,45,39,50,52,55,54,48,11,16,30,13,0,6,0,0,0,0
0,0,0,0,25,50,36,47,54,52,51,53,56,58,58,52,10,12,14,10,0,0,0,0,0,0
0,5,0,0,30,51,43,52,58,55,58,59,58,63,59,54,20,17,30,14,8,8,0,0,5,0
0,0,0,6,43,51,51,54,58,59,61,60,61,62,61,57,28,29,34,15,8,11,0,0,6,0
0,0,0,10,50,54,57,58,66,66,64,64,68,69,67,63,50,21,16,11,6,10,0,0,0,0
5,6,6,14,50,54,61,65,71,71,81,78,74,72,71,69,54,45,32,21,9,9,0,0,0,0
0,0,0,11,51,58,62,65,69,66,71,76,75,75,72,70,57,52,51,14,11,11,6,0,0,0
0,0,8,11,53,59,70,65,69,67,69,72,72,75,70,73,54,51,50,14,11,8,0,0,0,0
0,0,10,17,39,55,65,69,69,63,67,68,72,70,67,71,45,39,38,24,16,14,10,7,9,8
0,7,8,16,56,62,67,77,72,66,68,64,69,73,73,77,58,52,51,38,13,13,11,9,8,7
10,8,8,14,55,61,67,71,72,68,78,76,71,72,70,71,58,54,51,50,15,12,11,9,9,6
0,8,8,14,55,63,71,75,72,65,88,102,73,70,71,71,57,53,50,40,13,9,6,6,7,0
0,8,10,14,55,62,75,76,75,60,72,89,69,68,72,72,57,53,44,13,8,0,6,6,0,5
7,10,6,17,55,62,71,72,74,60,70,74,66,69,71,69,57,52,50,27,13,12,9,8,7,0
0,0,0,9,52,62,70,71,67,55,58,60,63,68,72,66,56,50,27,13,8,0,0,0,0,0
0,0,0,11,51,63,72,70,66,58,51,53,59,67,70,65,55,42,40,30,7,0,0,0,0,0
0,5,0,12,52,61,69,67,64,54,51,53,57,65,71,64,56,50,36,12,7,8,0,0,0,0
0,5,8,13,50,61,72,68,63,53,41,33,56,64,68,62,52,33,32,17,0,0,0,0,0,0
0,0,0,12,43,56,65,64,59,45,20,35,56,64,67,60,50,37,28,26,7,0,0,0,0,0
0,4,0,9,50,54,61,62,60,53,12,37,55,63,62,58,52,35,27,13,9,6,7,0,0,0
0,6,7,9,35,52,58,61,56,50,9,38,53,58,60,54,44,22,15,11,0,0,0,0,0,0
0,0,6,9,21,51,54,61,56,51,9,25,52,56,58,54,17,14,29,11,0,0,0,0,0,0
0,0,6,8,19,50,57,66,55,36,7,25,51,55,58,52,14,13,32,8,0,0,0,0,0,0
0,11,9,10,26,52,55,72,58,30,10,27,51,67,68,52,18,11,10,10,6,0,5,4,4,5
0,6,9,10,21,50,51,61,51,18,7,14,50,60,72,50,14,13,13,10,6,0,0,0,0,0
0,0,7,11,16,23,36,52,38,13,7,12,34,53,53,28,13,10,11,6,0,0,0,0,6,0
0,7,10,11,29,43,54,25,50,25,14,25,50,52,54,55,25,34,22,18,10,0,5,0,0,0
0,0,8,12,36,53,53,18,41,13,6,13,50,51,64,64,22,14,47,23,9,8,0,0,0,0
0,6,10,13,39,59,51,47,11,0,7,12,52,50,58,56,14,32,44,34,9,0,7,0,5,0
9,12,13,31,50,62,25,12,52,50,50,52,55,55,63,64,56,52,60,50,13,14,10,8,7,0
10,17,25,56,67,52,67,75,90,83,61,66,71,76,86,74,61,67,77,68,59,33,16,13,13,11
25,29,35,63,123,144,135,113,102,88,67,58,72,124,113,108,98,122,181,179,66,55,53,51,50,47
58,56,69,101,467,288,147,121,106,97,92,82,91,119,130,123,110,126,235,462,85,62,56,45,52,54
31,54,56,77,229,148,129,92,76,73,74,73,74,85,89,85,76,81,95,108,61,42,37,14,14,19
30,64,52,55,87,130,132,75,68,72,62,62,69,76,70,63,55,57,63,73,52,12,12,6,8,0
7,9,8,13,73,73,94,55,56,54,52,51,60,65,60,54,42,41,56,61,12,7,0,0,0,0
0,0,7,13,54,55,64,44,55,51,38,35,46,58,54,50,34,23,38,50,10,7,0,0,0,0
0,0,0,12,55,54,54,40,50,30,15,30,52,56,50,27,12,13,41,22,8,0,0,0,0,0
0,0,0,0,30,50,51,13,51,12,15,23,51,52,50,20,8,7,14,13,0,0,0,0,0,0
0,0,0,0,0,10,12,11,13,13,12,12,11,13,12,0,0,0,0,0,0,0,0,0,0,0
0,0,0,0,30,43,38,38,51,46,38,50,51,55,54,48,12,15,29,12,0,6,0,0,0,0
0,0,0,0,27,50,38,42,54,52,51,53,56,58,57,51,10,12,14,9,0,0,0,0,0,0
0,5,0,0,30,51,43,52,58,56,57,59,58,63,58,54,20,19,27,14,8,7,0,0,5,0
0,0,0,6,40,50,51,53,58,59,61,59,61,62,59,57,32,29,34,14,8,11,0,0,6,0
0,0,0,10,50,53,57,58,66,65,63,64,67,70,67,62,50,20,15,12,6,10,0,0,0,0
6,6,6,14,50,54,61,64,71,70,80,77,74,72,70,69,54,43,32,21,9,9,0,0,0,0
0,0,0,11,51,58,62,65,68,66,70,76,75,75,72,70,57,52,50,15,11,11,6,0,0,0
0,0,8,12,53,59,69,65,68,67,68,72,72,75,70,73,55,51,50,15,11,8,0,0,0,0
0,0,10,18,39,54,65,69,70,63,67,67,71,70,67,70,45,39,38,25,17,14,9,0,9,8
0,7,8,17,56,62,67,77,71,66,68,64,69,73,74,77,58,52,51,40,13,13,11,8,8,7
10,7,8,14,56,61,67,71,72,69,78,76,71,71,70,72,58,54,51,50,15,13,11,9,9,6
0,8,9,14,56,63,71,75,72,65,88,102,73,70,71,72,57,53,50,38,13,9,0,6,7,0
0,8,10,14,55,62,75,76,75,60,72,89,69,68,72,72,57,52,46,13,7,0,6,0,0,6
7,10,0,14,54,62,70,72,74,60,70,74,66,69,71,69,57,52,46,27,13,12,9,8,7,0
0,0,0,9,52,61,70,71,66,56,58,59,63,68,72,66,55,50,21,13,9,0,0,0,0,0
0,0,0,11,52,63,72,70,66,58,51,52,59,67,70,65,55,40,40,27,7,0,0,0,0,0
0,5,0,12,53,60,69,67,64,55,51,52,57,65,71,64,55,50,31,12,8,8,0,0,0,0
0,5,8,14,50,61,72,68,63,54,42,33,56,64,68,62,52,33,30,16,0,0,0,0,0,0
0,0,0,12,43,56,66,64,59,43,19,35,56,64,67,60,50,37,27,23,7,7,0,0,0,0
0,4,0,9,50,54,61,61,60,53,12,35,55,63,62,58,52,35,21,13,9,0,7,0,0,0
0,6,7,9,37,53,58,61,57,50,9,36,53,58,60,54,47,22,15,10,0,0,0,0,0,0
0,0,6,10,23,50,55,61,56,50,8,27,52,57,58,54,17,14,27,11,0,0,0,0,0,0
0,4,6,8,17,50,56,65,55,36,7,23,51,55,57,52,13,13,30,7,0,0,0,0,0,0
0,11,9,10,26,52,55,72,58,28,10,27,51,67,68,52,18,11,10,10,6,0,5,0,4,5
0,6,9,10,22,50,51,61,51,18,7,14,50,60,72,50,14,13,12,10,6,0,0,0,0,0
0,0,7,10,16,21,37,51,38,13,7,12,34,53,53,28,13,10,11,6,0,0,0,0,6,0
0,7,10,11,31,42,53,27,50,27,14,25,47,51,54,55,27,34,20,18,10,0,5,0,0,0
0,0,8,12,38,53,53,16,43,13,6,13,50,51,64,64,25,14,45,23,9,8,0,0,0,0
0,6,10,13,43,59,51,44,11,0,6,12,51,50,58,56,14,30,44,36,9,0,7,0,5,0
8,12,13,31,50,61,23,12,52,50,50,52,55,55,63,64,57,52,60,50,13,14,10,8,7,0
9,17,27,56,67,52,67,75,91,83,62,66,70,76,86,75,61,67,77,68,59,31,15,13,13,11
25,29,33,62,124,144,135,113,102,89,67,58,72,124,113,108,98,122,182,180,66,55,53,52,47,50
58,56,69,101,469,288,147,121,106,97,91,83,91,118,130,124,110,125,235,463,85,61,55,50,51,55
30,54,56,77,229,147,129,92,76,74,74,72,75,85,90,85,76,81,96,108,61,42,37,14,14,21
30,64,52,55,88,129,131,75,67,72,62,62,69,76,70,63,55,57,63,73,52,12,12,6,8,0
7,9,8,13,73,73,92,55,56,54,51,51,60,65,60,53,42,38,56,61,12,7,0,0,0,0
0,0,7,13,55,55,64,44,55,51,38,32,50,58,54,50,29,25,38,50,9,7,0,0,0,0
0,0,0,12,55,54,54,40,47,27,14,27,52,55,50,27,12,13,36,27,8,0,0,0,0,0
0,0,0,0,32,50,51,12,51,12,15,21,51,51,50,20,9,7,13,13,0,0,0,0,0,0
0,0,0,0,0,10,12,11,14,13,12,12,11,12,12,0,0,0,0,0,0,0,0,0,0,0
0,0,0,0,33,45,38,38,51,45,38,50,51,54,54,45,12,15,27,13,0,6,0,0,0,0
0,0,0,0,31,50,41,45,54,52,50,53,56,58,58,51,11,11,14,9,0,0,0,0,0,0
0,6,0,0,30,51,43,52,58,56,57,59,58,63,58,54,20,19,27,14,8,7,0,0,0,0
0,0,0,6,43,51,50,53,58,59,60,59,61,62,60,58,34,27,32,15,8,10,0,0,6,0
0,0,0,10,50,53,57,58,66,65,63,64,68,69,67,62,50,20,16,12,6,10,0,0,0,0
6,6,6,13,51,54,61,64,71,70,81,77,74,73,70,69,54,45,32,21,9,10,0,0,0,0
0,0,0,11,51,58,62,65,69,66,71,76,75,75,72,70,57,51,50,15,11,11,6,0,0,0
0,0,8,12,53,58,69,65,68,67,68,72,72,75,70,73,55,51,50,15,10,8,0,0,0,0
0,0,10,19,39,54,65,69,70,63,67,67,71,70,67,70,46,39,37,25,18,14,9,0,9,8
0,7,7,16,56,62,67,77,71,66,68,64,68,72,74,76,58,52,50,41,13,12,11,8,8,7
10,7,8,15,56,61,67,71,72,68,78,76,70,71,70,72,58,54,51,50,15,13,11,9,9,6
0,8,9,13,56,62,71,75,72,65,88,102,73,70,71,71,58,53,50,40,13,9,0,6,7,0
0,8,10,14,55,62,75,76,75,60,72,89,69,67,72,73,57,52,42,13,7,0,6,6,0,6
6,10,0,14,54,62,70,72,75,60,70,74,66,69,71,70,57,52,48,33,13,12,9,8,7,0
0,0,0,9,53,61,70,71,66,56,58,60,63,68,72,66,56,50,19,14,9,0,0,0,0,0
0,0,0,11,52,62,71,70,66,58,51,52,58,67,70,65,55,40,38,27,7,0,0,0,0,0
0,6,0,12,53,60,69,67,64,55,51,52,57,65,71,64,56,50,31,13,7,7,0,0,0,0
0,5,8,14,50,61,72,68,63,54,42,34,55,64,69,62,52,31,31,18,0,0,0,0,0,0
0,0,0,12,43,55,65,63,59,43,20,35,56,64,67,60,50,36,26,23,7,7,0,0,0,0
0,4,0,9,50,54,61,62,60,53,13,35,55,63,63,58,52,32,23,13,8,6,7,0,0,0
0,6,7,9,40,53,58,61,57,50,9,33,53,58,60,54,47,20,14,11,0,0,0,0,0,0
0,0,6,10,25,50,55,60,56,51,9,30,52,57,58,54,15,14,25,11,0,0,0,0,0,0
0,4,6,8,19,50,57,66,55,36,7,21,51,55,57,52,13,13,32,8,0,0,0,0,0,0
0,11,9,11,28,51,56,72,59,30,10,27,51,67,68,52,18,11,10,11,6,4,5,0,4,5
0,6,10,10,22,50,51,61,51,18,7,14,50,60,72,50,14,13,12,10,6,0,0,0,0,0
0,0,7,10,17,22,36,52,37,13,7,12,37,53,54,28,14,10,11,7,0,0,0,0,6,0
0,7,10,11,28,42,54,25,50,27,14,34,47,51,54,55,30,36,15,18,9,0,0,0,0,0
0,0,8,12,38,54,53,18,41,13,7,13,51,51,63,63,25,14,43,19,9,8,0,0,0,0
0,7,10,12,39,59,51,47,11,0,6,12,52,50,57,57,14,32,47,34,9,0,6,0,0,0
9,12,13,32,50,61,22,13,52,50,51,53,55,55,63,65,57,52,60,50,13,14,10,8,7,0
9,19,27,56,67,52,67,75,91,83,62,66,70,75,85,74,61,66,77,68,59,29,15,13,13,10
25,29,35,62,123,144,135,114,102,89,68,58,72,124,113,108,98,123,182,181,65,55,54,51,50,50
58,56,70,100,468,288,146,122,106,97,91,83,91,118,130,124,110,126,234,463,86,61,55,47,51,54
28,53,56,77,228,147,128,93,76,73,74,72,75,85,89,86,76,81,95,107,61,45,40,14,14,17
27,63,51,55,86,129,131,75,67,72,63,62,68,76,70,63,55,57,62,72,52,12,12,6,8,0
7,9,9,13,72,73,92,55,56,54,52,52,60,64,59,53,46,38,56,60,12,7,0,0,0,0
0,0,7,13,55,55,64,47,55,51,38,35,50,58,54,50,27,30,36,46,9,7,0,0,0,0
0,0,0,12,55,55,54,37,44,27,14,33,52,55,50,31,12,13,33,27,8,0,0,0,0,0
0,0,0,0,27,50,51,12,51,12,16,23,51,51,51,22,8,7,13,14,0,0,0,0,0,0
0,0,0,0,0,11,11,11,14,12,12,12,10,12,11,0,0,0,0,0,0,0,0,0,0,0
0,0,0,0,33,46,38,36,51,43,39,50,52,54,54,50,12,16,21,13,0,0,0,0,0,0
0,0,0,0,27,47,41,40,53,51,51,54,56,58,58,52,11,11,13,9,0,0,0,0,0,0
0,6,0,0,35,51,50,52,58,56,57,59,59,63,59,55,25,21,27,14,7,7,0,0,5,0
0,0,0,6,43,50,51,53,58,59,61,59,61,62,60,58,38,29,32,15,8,10,0,0,6,0
0,0,0,10,47,53,57,58,66,65,63,65,68,69,67,63,50,23,15,12,6,10,0,0,0,0
5,6,6,13,51,54,61,64,71,70,81,77,74,73,70,69,53,50,30,17,10,10,0,0,0,0
0,0,0,11,51,58,62,65,68,66,71,77,75,75,72,70,57,51,50,14,11,10,6,0,0,0
0,0,8,12,52,58,69,64,68,67,68,72,72,75,70,73,55,51,50,15,10,8,0,0,0,0
0,0,10,18,40,54,65,69,69,63,67,68,71,70,67,70,44,38,36,25,18,14,10,0,8,8
0,8,8,15,56,62,67,77,71,66,68,64,68,72,74,76,58,52,50,41,13,12,11,8,8,7
10,7,9,15,56,61,67,71,71,68,78,76,71,71,70,72,58,54,50,50,16,13,10,9,8,6
0,8,9,13,56,63,72,75,71,65,88,103,73,70,71,71,58,53,50,36,14,9,6,6,7,0
0,9,10,14,55,62,75,76,74,60,72,90,69,67,72,73,57,52,42,12,8,0,6,6,0,0
7,10,0,14,54,61,70,72,74,60,70,74,65,69,71,70,57,52,46,31,13,12,9,8,7,0
0,0,0,9,52,61,70,71,66,56,58,60,63,68,73,66,56,50,19,13,8,0,0,0,0,0
0,0,0,11,51,62,71,70,65,58,51,53,58,67,70,65,55,40,42,27,7,0,0,0,0,0
0,6,0,12,53,60,69,67,65,55,51,53,57,65,71,64,55,50,27,13,7,8,6,0,0,0
0,5,8,14,51,61,72,68,63,53,44,36,55,64,69,62,52,32,30,17,0,0,0,0,0,0
0,0,0,12,42,55,65,63,59,44,22,38,56,64,67,60,50,37,26,23,7,0,0,0,0,0
0,5,0,9,50,54,61,61,60,52,13,37,56,62,63,58,52,35,21,13,8,6,6,0,0,0
0,6,7,9,40,53,58,61,57,51,9,38,53,58,60,55,50,22,13,11,0,0,0,0,0,0
0,0,6,10,23,50,55,61,56,50,8,33,52,56,58,54,14,14,23,11,0,0,0,0,0,0
0,4,6,8,17,50,56,65,54,31,7,25,51,55,57,52,13,13,30,8,0,0,0,0,0,0
0,11,9,11,28,51,55,72,59,28,10,30,51,67,68,53,15,11,9,11,5,4,6,0,4,5
0,6,10,10,20,50,51,61,51,18,7,15,50,60,72,50,14,13,12,10,6,0,0,0,0,0
0,0,7,11,15,23,37,52,37,13,7,12,38,53,53,30,13,10,11,7,0,0,0,0,6,0
0,7,10,11,28,42,53,22,50,32,14,29,47,51,54,55,33,34,14,21,9,0,0,0,0,0
0,0,8,13,36,54,53,15,41,13,6,13,51,51,63,63,20,14,40,19,9,8,0,0,0,0
0,7,10,12,39,58,52,47,11,0,6,12,52,50,57,56,14,37,41,34,8,0,6,0,0,0
8,12,13,34,50,61,23,13,51,50,51,52,55,55,62,65,57,52,59,50,13,14,11,8,7,0
9,19,23,57,67,51,67,75,91,84,62,66,70,75,85,74,61,66,76,69,59,27,17,12,13,11
26,31,35,62,123,145,135,114,102,89,67,58,71,124,112,108,98,123,181,181,65,55,54,51,50,50
58,56,69,101,467,286,147,121,105,97,91,83,91,118,131,124,110,125,233,462,86,61,55,45,50,55
27,52,56,78,229,147,128,93,76,73,74,72,74,85,89,86,76,80,95,107,61,45,37,14,14,14
25,63,51,55,87,128,130,75,67,72,62,62,68,76,70,64,55,56,62,72,52,12,12,0,8,0
7,9,9,13,71,74,92,54,56,54,52,51,59,64,59,53,42,38,55,60,12,7,0,0,0,0
0,0,7,13,55,56,63,47,54,51,38,35,46,56,54,50,25,30,33,46,8,7,0,0,0,0
0,0,0,12,55,55,54,37,47,30,14,30,52,55,48,34,12,13,36,25,7,0,0,0,0,0
0,0,0,0,30,50,51,12,50,12,14,23,51,50,50,25,8,7,13,14,0,0,0,0,0,0
0,0,0,0,0,11,12,11,14,12,11,11,10,12,10,0,0,0,0,0,0,0,0,0,0,0
0,0,0,0,31,46,37,36,50,45,39,50,51,54,54,50,13,14,15,12,0,0,0,0,0,0
0,0,0,0,27,50,41,37,53,52,51,53,56,57,58,51,11,11,13,10,0,0,0,0,0,0
0,6,0,0,35,51,46,52,57,55,57,59,58,63,58,55,25,21,25,14,7,7,0,0,5,0
0,0,0,6,40,51,50,53,58,59,61,58,62,61,60,58,38,29,32,15,8,10,0,0,6,0
0,0,0,10,47,53,56,58,66,65,63,64,67,69,68,62,50,26,14,12,6,10,0,0,0,0
5,6,6,13,50,54,61,64,70,70,81,77,74,73,70,69,53,50,26,17,9,10,0,0,0,0
0,0,0,11,51,58,62,65,68,66,71,77,75,75,72,70,57,51,50,14,11,10,6,0,0,0
0,0,8,12,52,58,69,65,68,67,68,72,73,75,70,73,55,51,50,15,10,8,0,0,0,0
0,0,10,20,40,54,64,69,69,63,67,68,71,70,68,70,44,37,36,26,17,14,10,0,8,8
0,8,8,16,56,62,67,77,71,66,68,64,68,72,74,76,58,52,50,43,13,12,11,8,8,7
9,7,9,14,55,61,67,71,72,68,78,76,70,71,70,72,58,54,50,50,16,13,10,9,8,5
0,8,9,13,55,63,72,75,71,64,88,103,73,70,71,71,58,53,50,40,13,9,6,6,7,0
0,9,10,14,55,62,75,76,74,59,73,89,69,67,72,73,57,52,42,12,7,0,0,0,0,0
7,10,0,14,54,61,70,72,74,60,70,74,65,69,71,70,57,53,44,31,13,12,10,7,7,0
0,0,0,10,52,61,70,71,66,57,58,60,63,68,73,66,56,50,14,14,8,0,0,0,0,0
0,0,0,11,52,62,71,70,65,58,51,53,59,66,70,65,55,42,38,27,7,0,0,0,0,0
0,6,0,12,53,60,69,67,64,55,51,53,57,65,71,65,55,50,23,13,7,8,6,0,0,0
0,5,8,14,51,61,72,68,63,53,42,36,55,64,69,62,51,32,29,17,0,0,0,0,0,0
0,0,0,13,42,55,65,63,59,44,20,38,56,64,67,61,50,35,23,21,7,0,0,0,0,0
0,5,0,9,50,54,61,62,60,52,13,37,55,62,63,58,52,37,19,13,8,6,6,0,0,0
0,6,8,9,42,53,58,61,57,50,9,38,53,58,60,55,47,22,13,10,0,5,0,0,0,0
0,0,6,10,25,50,55,61,56,51,8,36,52,56,58,53,14,14,17,11,0,0,0,0,0,0
0,0,6,8,19,45,57,65,54,31,7,23,51,55,57,52,13,13,30,8,0,0,0,0,0,0
0,11,9,11,30,51,56,72,59,28,10,27,51,67,68,53,14,11,9,11,5,4,5,0,4,5
0,6,10,10,20,50,51,61,51,20,7,15,50,61,72,50,14,13,12,10,6,0,0,0,0,0
0,0,7,11,15,23,37,51,37,13,7,12,38,53,53,31,13,10,10,6,0,0,0,0,6,0
0,7,10,10,28,42,54,22,50,32,14,29,47,52,54,55,36,34,17,21,10,0,0,0,0,0
0,0,8,12,38,54,53,15,39,13,6,13,51,52,64,63,20,14,43,21,9,8,0,0,0,0
0,7,10,13,39,58,51,47,11,0,6,13,52,50,57,56,14,37,50,34,8,0,7,0,0,0
9,12,14,31,50,61,22,13,51,50,51,53,55,55,62,64,57,52,60,50,13,15,11,8,7,0
9,18,25,57,67,52,68,75,91,84,62,65,70,75,86,74,60,66,77,69,59,27,17,12,13,11
25,31,35,62,124,145,135,113,102,89,68,58,72,124,113,108,98,122,182,184,66,56,54,51,50,50
58,56,69,101,466,287,147,121,105,97,92,83,91,118,131,125,110,125,234,463,85,61,55,42,50,56
27,52,56,78,228,147,128,93,75,72,75,72,75,85,90,85,76,80,95,107,61,45,37,14,14,15
21,62,51,55,86,128,129,75,67,71,63,61,68,76,71,63,54,56,62,72,51,12,12,0,8,0
7,9,9,13,71,73,91,55,56,54,53,51,59,64,59,53,42,36,56,60,12,7,0,0,0,0
0,0,7,13,55,55,63,50,54,51,41,32,50,56,54,51,25,30,36,46,8,7,0,0,0,0
0,0,0,12,54,55,53,37,50,30,14,30,53,56,50,31,12,13,44,22,7,0,0,0,0,0
0,0,0,0,30,50,50,12,50,11,15,21,51,50,50,22,8,7,14,14,0,0,0,0,0,0
0,0,0,0,0,11,11,11,14,12,12,11,11,12,10,0,0,0,0,0,0,0,0,0,0,0
0,0,0,0,30,48,40,35,50,43,39,50,51,54,53,50,12,15,15,13,0,0,0,0,0,0
0,0,0,0,29,50,38,40,54,52,51,53,56,58,59,52,10,11,13,10,0,0,0,0,0,0
0,6,0,0,35,51,50,52,58,55,58,59,58,63,59,55,25,21,27,17,7,8,0,0,5,0
0,0,0,6,43,51,51,53,59,59,61,59,62,62,60,57,38,31,38,16,8,10,0,0,6,0
0,0,0,10,45,53,56,58,67,65,63,64,67,69,67,62,45,21,18,13,6,10,0,0,0,0
5,6,6,13,50,54,60,64,71,71,81,78,74,73,70,69,53,50,28,17,9,10,0,0,0,0
0,0,0,11,51,58,62,65,69,66,71,77,75,75,72,70,56,51,50,14,10,10,6,0,0,0
0,0,9,12,53,58,69,65,69,67,69,72,73,75,70,73,54,51,50,15,10,7,0,0,0,0
0,0,10,19,40,54,64,69,69,62,68,68,72,70,68,70,44,37,37,26,16,15,10,0,8,8
0,7,8,16,56,62,67,76,71,66,68,64,68,72,74,76,58,52,50,40,13,12,11,8,7,7
9,7,9,14,55,61,67,71,72,68,77,76,70,71,70,72,57,54,50,50,15,12,11,9,8,6
0,8,9,13,55,63,72,75,71,64,88,102,73,70,71,71,58,53,50,40,14,9,6,6,7,0
0,9,10,13,55,62,75,76,74,59,72,89,68,67,72,72,57,52,46,12,6,0,6,0,0,0
7,10,6,15,53,61,70,72,74,60,71,74,65,69,71,69,56,53,46,31,13,12,10,7,7,0
0,0,0,9,52,61,70,71,67,56,58,60,62,68,72,66,56,50,17,14,7,0,0,0,0,0
0,0,0,11,51,62,71,70,65,58,51,53,59,66,70,65,55,45,42,27,0,0,0,0,0,0
0,6,6,12,52,60,69,67,65,55,51,53,57,65,71,65,55,50,29,13,7,8,6,0,0,0
0,5,8,14,51,60,72,68,63,53,42,38,55,64,69,62,51,32,30,18,0,0,0,0,0,0
0,0,0,12,43,55,65,63,59,44,23,37,56,64,67,61,50,35,26,25,7,0,0,0,0,0
0,4,0,9,50,54,61,62,60,52,12,40,55,62,63,58,52,37,25,14,8,6,7,0,0,0
0,6,8,9,40,53,57,61,57,50,9,38,53,58,60,55,41,20,13,11,0,5,0,0,0,0
0,0,6,10,23,50,54,61,56,51,9,27,52,56,59,54,14,14,19,11,0,0,0,0,0,0
0,0,6,8,17,45,57,65,55,31,7,23,51,55,57,52,13,13,30,8,0,0,0,0,0,0
0,11,9,10,30,51,55,72,59,28,10,27,51,67,68,53,14,11,10,11,5,4,5,0,4,5
0,6,10,11,18,50,50,62,51,18,7,15,50,60,72,50,14,13,12,10,6,0,0,0,0,0
0,0,7,11,15,24,37,52,36,13,8,12,37,53,53,30,13,10,10,7,0,0,0,0,6,0
0,7,9,10,26,43,54,20,50,30,14,27,50,52,54,55,30,31,17,21,10,0,5,0,0,0
0,0,9,12,38,53,52,16,37,13,6,13,51,51,64,63,15,13,40,21,9,8,0,0,0,0
0,7,10,13,37,59,51,47,11,0,7,12,52,50,57,56,13,37,50,34,8,0,7,0,0,0
9,12,14,32,50,61,23,13,51,48,50,52,55,55,63,65,56,53,60,50,13,14,10,7,7,0
9,18,25,57,67,52,68,75,91,83,62,65,70,75,85,74,60,65,76,69,59,27,17,12,12,10
22,31,37,62,123,144,135,113,102,88,68,58,72,124,113,108,98,122,181,184,66,55,53,51,50,50
57,56,69,101,468,287,147,121,105,97,91,83,92,118,130,124,109,125,234,464,86,61,56,35,50,56
26,52,56,78,227,147,128,93,75,71,76,72,75,85,89,86,76,80,94,106,61,45,37,14,13,15
21,62,51,55,86,128,129,75,67,70,63,61,68,76,71,63,54,56,62,72,51,11,12,0,8,0
7,8,9,13,71,73,91,55,56,53,54,51,59,64,59,53,42,33,56,60,12,7,0,0,0,0
0,0,7,13,55,55,64,50,54,50,41,28,50,56,54,51,31,25,36,43,8,7,0,0,0,0
0,0,0,12,54,55,54,37,47,27,15,30,52,56,50,31,12,12,44,20,7,0,0,0,0,0
0,0,0,0,32,50,51,11,50,11,15,20,51,50,51,22,0,7,14,14,0,0,0,0,0,0
0,0,0,0,0,11,12,11,14,12,11,11,11,13,11,0,0,0,0,0,0,0,0,0,0,0
0,0,0,0,26,48,41,32,50,43,40,50,52,55,53,50,12,14,19,12,0,0,0,0,0,0
0,0,0,0,29,50,36,37,54,52,51,53,57,58,59,52,10,11,13,10,0,0,0,0,0,0
0,6,0,0,32,51,50,52,58,55,58,59,59,63,59,55,25,21,30,17,7,8,0,0,5,0
0,0,0,6,40,51,51,53,58,59,61,59,62,62,60,57,34,27,36,16,8,10,0,0,6,0
0,0,0,10,45,53,56,58,66,65,63,63,67,69,67,62,50,20,18,13,6,10,0,0,0,0
5,6,6,13,50,54,61,64,70,70,81,78,74,73,70,69,53,50,30,17,9,10,0,0,0,0
0,0,0,11,51,58,62,65,68,66,71,77,75,75,72,70,57,51,51,14,10,10,6,0,0,0
0,0,9,12,53,58,70,65,68,67,69,72,73,75,70,72,54,51,50,15,11,7,0,0,0,0
0,0,10,18,39,54,64,69,69,63,68,68,72,70,68,70,44,36,37,25,16,14,10,7,8,7
0,7,8,19,55,62,67,76,71,66,68,64,69,72,73,77,58,51,51,38,13,12,11,8,7,7
9,7,9,14,55,61,67,70,72,68,78,76,70,71,70,72,57,54,51,50,14,12,11,9,8,6
0,8,9,13,55,63,72,75,71,64,88,102,72,70,71,71,58,53,51,40,13,9,6,6,6,0
0,9,10,14,54,62,75,76,74,59,72,89,69,67,72,72,57,52,44,13,6,0,0,0,0,0
7,10,6,19,53,61,71,71,73,59,71,74,65,69,71,69,56,52,44,29,13,11,10,8,7,0
0,0,0,10,52,62,70,71,66,56,58,60,63,68,72,66,56,50,17,14,7,0,0,0,0,0
0,0,0,11,51,63,71,70,65,58,51,53,59,66,70,65,55,45,42,30,0,0,0,0,0,0
0,6,6,12,52,60,69,67,64,55,51,53,57,64,71,65,55,50,29,13,7,8,0,0,0,0
0,5,8,14,51,60,72,68,62,53,41,35,55,65,69,62,51,30,29,18,0,0,0,0,0,0
0,0,0,13,43,55,65,63,59,43,22,36,56,64,67,60,49,35,26,26,7,0,0,0,0,0
0,4,0,9,50,54,61,62,60,52,12,35,55,62,63,58,52,35,25,13,8,6,7,0,0,0
0,6,7,8,37,53,58,60,57,50,9,41,53,58,60,55,38,17,13,11,0,6,0,0,0,0
0,0,6,10,21,50,55,61,56,50,9,30,52,56,59,54,14,14,19,11,0,0,0,0,0,0
0,0,7,8,17,45,57,65,54,27,7,23,51,55,57,52,13,12,28,8,0,0,0,0,0,0
0,11,9,10,30,51,55,72,59,26,10,26,51,67,68,53,14,11,10,11,5,0,5,0,4,5
0,6,10,11,18,50,51,61,51,18,7,14,50,60,72,50,14,13,12,10,6,0,0,0,0,0
0,0,7,11,14,22,38,51,37,13,8,12,34,52,53,31,13,10,10,6,0,0,0,0,6,0
0,7,9,10,31,43,54,20,50,32,14,27,50,52,54,55,25,31,15,23,10,0,5,0,0,0
0,0,9,12,40,53,52,18,37,13,0,13,50,52,64,63,14,13,43,23,10,8,0,0,0,0
0,7,10,13,39,58,51,41,11,0,6,12,52,50,58,56,13,37,50,31,9,0,7,0,0,0
9,12,13,31,50,61,23,12,51,46,50,53,55,55,63,64,56,52,60,50,14,14,10,7,7,0
9,17,23,57,67,52,68,75,91,83,62,64,70,75,86,74,60,65,77,69,59,29,16,12,12,11
25,32,37,62,124,145,135,113,101,88,68,58,72,124,113,108,98,122,181,184,66,56,53,51,50,50
57,56,69,101,470,286,147,121,106,97,91,83,91,117,130,123,110,124,234,465,85,61,55,42,50,56
28,52,56,78,228,146,128,92,75,71,75,72,75,85,89,85,76,81,94,107,61,42,35,14,13,17
25,61,51,56,86,128,128,74,67,70,61,61,68,76,71,63,54,57,62,73,51,11,12,0,8,0
7,8,9,13,71,73,91,55,57,53,53,51,59,64,61,54,42,36,56,60,12,7,0,0,0,0
0,0,7,13,55,55,63,47,54,50,36,32,50,56,54,51,31,25,38,46,8,7,0,0,0,0
0,0,0,12,54,54,53,37,50,27,17,30,53,56,50,29,12,12,50,22,7,0,0,0,0,0
0,0,0,0,40,50,51,12,50,11,15,21,51,50,50,20,0,8,14,14,0,0,0,0,0,0
0,0,0,0,7,11,12,11,13,12,11,11,11,12,11,0,0,0,0,0,0,0,0,0,0,0
0,0,0,0,26,48,41,34,50,45,40,50,51,54,53,48,12,15,25,12,0,6,0,0,0,0
0,0,0,0,31,50,36,40,55,52,51,53,57,57,59,52,9,11,14,10,0,0,0,0,0,0
0,6,0,0,35,51,46,52,57,55,58,59,59,63,59,55,20,21,32,17,8,8,0,0,5,0
0,0,0,0,40,51,51,53,58,59,61,60,62,62,60,57,34,29,38,19,8,10,0,0,6,0
0,0,0,10,50,53,56,58,66,64,63,63,67,69,67,62,50,23,20,13,6,10,0,0,0,0
5,6,6,13,50,54,61,64,71,71,81,78,74,73,71,69,53,50,32,21,9,10,0,0,0,0
0,0,0,11,51,58,62,64,68,66,71,76,76,75,72,70,56,52,51,17,10,10,7,0,0,0
0,0,9,12,53,58,70,65,68,67,69,72,73,75,70,72,54,51,50,15,11,7,0,0,0,0
0,0,10,18,39,54,65,69,69,62,68,68,72,70,68,71,43,37,38,26,17,14,10,0,8,7
0,7,8,19,56,62,67,77,71,66,68,64,69,72,74,77,57,51,50,40,13,12,11,9,7,7
10,7,9,14,55,61,67,71,72,67,77,76,70,70,70,72,57,54,51,50,14,12,11,8,8,6
0,8,9,13,55,63,72,74,71,64,88,102,73,70,71,72,57,53,51,40,13,9,7,6,7,0
0,9,10,14,55,62,75,76,74,59,71,89,69,67,73,73,57,52,46,13,6,0,6,0,0,0
7,10,6,19,54,61,70,71,74,59,70,74,65,69,71,69,56,52,48,31,13,11,10,8,7,0
0,0,0,10,52,62,70,71,66,56,58,60,63,68,72,66,55,50,19,14,7,0,0,0,0,0
0,0,0,11,52,63,71,70,65,58,51,52,59,66,70,65,55,47,44,30,7,0,0,0,0,0
0,6,6,12,52,60,69,67,63,55,51,53,57,65,71,64,55,50,34,13,7,8,0,0,0,0
0,0,8,14,51,60,72,68,62,53,39,34,55,65,69,62,51,28,30,19,0,0,0,0,0,0
0,0,0,12,44,55,65,63,59,43,20,35,56,64,67,60,49,35,27,25,7,0,0,0,0,0
0,4,0,9,50,54,61,62,60,52,12,37,55,62,63,59,52,37,25,13,9,6,7,0,0,0
0,6,8,8,40,52,58,60,57,50,9,41,53,58,60,54,38,15,14,11,0,5,0,0,0,0
0,0,6,10,25,50,54,61,56,50,9,30,52,56,59,54,14,14,19,11,0,0,0,0,0,0
0,0,7,8,17,43,57,66,54,29,6,23,51,55,57,52,13,12,28,9,0,0,0,0,0,0
0,11,9,10,32,51,56,72,59,27,10,26,51,67,69,53,14,11,10,11,5,0,6,0,0,5
0,6,10,11,20,50,50,61,51,21,7,14,50,60,72,50,14,13,12,10,6,0,0,0,0,0
0,0,7,11,15,22,36,51,36,13,8,12,34,52,54,30,13,10,11,7,5,0,0,0,6,0
0,7,9,10,34,44,54,20,50,27,14,29,47,51,55,55,23,36,17,18,10,0,5,0,0,0
0,0,8,12,38,54,52,21,35,12,0,13,51,52,64,63,15,14,43,23,9,8,0,0,0,0
0,7,10,13,41,59,51,47,11,0,6,12,52,50,58,56,14,35,50,38,9,7,7,0,5,0
9,12,13,34,50,60,23,12,51,48,50,52,55,55,63,63,56,52,61,51,13,14,10,8,6,0
9,18,25,56,67,52,68,74,91,82,62,64,70,75,86,73,61,66,77,69,58,29,16,12,10,11
25,32,35,62,124,145,136,114,101,88,68,58,72,123,112,107,98,122,182,186,65,55,53,52,50,47
57,57,69,101,471,286,147,121,106,95,90,83,91,117,129,123,110,124,235,466,85,62,56,40,50,55
31,53,55,78,228,146,127,92,75,71,74,72,75,85,90,84,76,81,94,107,61,37,35,14,14,19
30,61,50,55,86,127,127,74,68,69,62,61,68,76,71,62,55,57,62,73,51,11,12,0,8,0
7,8,9,13,71,73,90,56,56,52,52,52,60,64,61,53,46,38,56,61,13,7,0,0,0,0
0,0,7,13,55,54,65,44,54,50,36,28,51,56,55,47,36,27,44,46,8,7,0,0,0,0
0,0,0,12,54,54,54,42,44,22,20,27,52,56,50,25,12,13,44,22,8,0,0,0,0,0
0,0,0,0,37,51,51,12,50,11,16,21,51,50,51,14,0,7,14,14,0,0,0,0,0,0
0,0,0,0,7,10,11,11,13,12,12,11,11,14,12,0,0,0,0,0,0,0,0,0,0,0
0,0,0,0,30,48,41,35,50,43,39,50,52,55,55,48,13,16,27,12,0,6,0,0,0,0
0,0,0,0,31,45,38,42,54,51,52,54,57,58,59,51,10,11,14,10,0,0,0,0,0,0
0,6,0,0,32,51,46,52,57,55,58,59,60,63,58,54,25,27,35,17,8,8,0,0,5,0
0,0,0,6,40,50,50,54,57,59,60,59,62,62,61,58,38,27,30,22,8,10,0,0,6,0
0,0,0,10,50,53,57,58,65,64,63,63,68,69,67,62,51,26,18,12,6,10,0,0,0,0
6,6,6,13,51,55,61,65,71,70,81,78,75,73,71,68,54,47,36,23,9,10,0,0,0,0
0,0,0,11,51,58,62,65,68,66,71,76,76,75,73,69,57,51,51,19,10,11,7,0,0,0
0,0,8,12,53,58,70,65,68,66,69,72,72,75,70,72,55,51,50,16,11,8,0,0,0,0
0,0,9,17,39,54,65,69,69,63,68,68,72,70,67,70,44,37,38,25,18,14,10,0,8,8
0,8,8,17,55,62,67,77,71,65,68,64,69,73,74,76,58,52,50,38,13,13,11,9,8,7
10,7,8,15,55,61,68,71,71,67,78,76,70,71,70,71,57,54,51,50,15,13,11,8,9,6
0,8,9,14,56,63,72,74,72,64,88,102,73,70,72,72,58,53,50,40,13,9,6,6,6,0
0,9,10,14,55,62,74,76,75,59,72,88,69,67,72,72,58,53,44,13,6,0,6,0,0,0
7,10,5,23,54,61,71,71,74,59,70,74,65,70,71,68,56,53,48,33,13,11,10,8,7,0
0,0,0,10,52,62,70,72,66,55,58,60,62,68,72,66,56,50,19,14,7,0,0,0,0,0
0,0,0,11,52,62,71,70,65,57,51,52,59,67,70,64,55,45,48,35,7,0,0,0,0,0
0,6,0,12,53,60,69,67,64,54,51,53,58,64,71,64,56,50,34,13,7,8,0,0,0,0
0,0,7,14,51,60,71,68,62,53,39,33,56,65,69,62,52,27,30,19,0,0,0,0,0,0
0,0,0,13,43,55,65,64,59,42,23,35,56,63,67,60,50,37,27,23,8,0,0,0,0,0
0,4,0,9,50,55,61,62,60,52,12,32,55,62,62,58,52,37,25,13,9,6,7,0,0,0
0,6,7,8,37,52,58,61,57,50,9,38,53,58,60,54,50,20,14,11,0,5,0,0,0,0
0,0,6,10,25,50,55,61,56,50,9,30,52,56,59,54,15,14,17,12,0,0,0,0,0,0
0,0,6,8,17,45,57,66,54,27,6,19,51,55,57,52,13,12,28,8,0,0,0,0,0,0
0,11,9,10,30,51,56,73,58,26,10,27,51,67,69,52,15,11,10,11,5,0,6,0,4,5
0,6,10,10,20,50,51,62,51,16,7,15,50,61,72,50,13,13,13,10,6,0,0,0,0,0
0,0,7,11,15,21,36,51,38,13,7,12,36,52,54,28,13,10,11,7,5,0,0,0,6,0
0,7,9,10,34,44,54,20,50,27,14,29,47,51,55,55,23,36,17,18,10,0,5,0,0,0
0,0,8,12,38,54,52,21,35,12,0,13,51,52,64,63,15,14,43,23,9,8,0,0,0,0
0,7,10,13,41,59,51,47,11,0,6,12,52,50,58,56,14,35,50,38,9,7,7,0,5,0
9,12,13,34,50,60,23,12,51,48,50,52,55,55,63,63,56,52,61,51,13,14,10,8,6,0
9,18,25,56,67,52,68,74,91,82,62,64,70,75,86,73,61,66,77,69,58,29,16,12,10,11
25,32,35,62,124,145,136,114,101,88,68,58,72,123,112,107,98,122,182,186,65,55,53,52,50,47
57,57,69,101,471,286,147,121,106,95,90,83,91,117,129,123,110,124,235,466,85,62,56,40,50,55
31,53,55,78,228,146,127,92,75,71,74,72,75,85,90,84,76,81,94,107,61,37,35,14,14,19
30,61,50,55,86,127,127,74,68,69,62,61,68,76,71,62,55,57,62,73,51,11,12,0,8,0
7,8,9,13,71,73,90,56,56,52,52,52,60,64,61,53,46,38,56,61,13,7,0,0,0,0
0,0,7,13,55,54,65,44,54,50,36,28,51,56,55,47,36,27,44,46,8,7,0,0,0,0
0,0,0,12,54,54,54,42,44,22,20,27,52,56,50,25,12,13,44,22,8,0,0,0,0,0
0,0,0,0,37,51,51,12,50,11,16,21,51,50,51,14,0,7,14,14,0,0,0,0,0,0
0,0,0,0,7,10,11,11,13,12,12,11,11,14,12,0,0,0,0,0,0,0,0,0,0,0
0,0,0,0,30,48,41,35,50,43,39,50,52,55,55,48,13,16,27,12,0,6,0,0,0,0
0,0,0,0,31,45,38,42,54,51,52,54,57,58,59,51,10,11,14,10,0,0,0,0,0,0
0,6,0,0,32,51,46,52,57,55,58,59,60,63,58,54,25,27,35,17,8,8,0,0,5,0
0,0,0,6,40,50,50,54,57,59,60,59,62,62,61,58,38,27,30,22,8,10,0,0,6,0
0,0,0,10,50,53,57,58,65,64,63,63,68,69,67,62,51,26,18,12,6,10,0,0,0,0
6,6,6,13,51,55,61,65,71,70,81,78,75,73,71,68,54,47,36,23,9,10,0,0,0,0
0,0,0,11,51,58,62,65,68,66,71,76,76,75,73,69,57,51,51,19,10,11,7,0,0,0
0,0,8,12,53,58,70,65,68,66,69,72,72,75,70,72,55,51,50,16,11,8,0,0,0,0
0,0,9,17,39,54,65,69,69,63,68,68,72,70,67,70,44,37,38,25,18,14,10,0,8,8
0,8,8,17,55,62,67,77,71,65,68,64,69,73,74,76,58,52,50,38,13,13,11,9,8,7
10,7,8,15,55,61,68,71,71,67,78,76,70,71,70,71,57,54,51,50,15,13,11,8,9,6
0,8,9,14,56,63,72,74,72,64,88,102,73,70,72,72,58,53,50,40,13,9,6,6,6,0
0,9,10,14,55,62,74,76,75,59,72,88,69,67,72,72,58,53,44,13,6,0,6,0,0,0
7,10,5,23,54,61,71,71,74,59,70,74,65,70,71,68,56,53,48,33,13,11,10,8,7,0
0,0,0,10,52,62,70,72,66,55,58,60,62,68,72,66,56,50,19,14,7,0,0,0,0,0
0,0,0,11,52,62,71,70,65,57,51,52,59,67,70,64,55,45,48,35,7,0,0,0,0,0
0,6,0,12,53,60,69,67,64,54,51,53,58,64,71,64,56,50,34,13,7,8,0,0,0,0
0,0,7,14,51,60,71,68,62,53,39,33,56,65,69,62,52,27,30,19,0,0,0,0,0,0
0,0,0,13,43,55,65,64,59,42,23,35,56,63,67,60,50,37,27,23,8,0,0,0,0,0
0,4,0,9,50,55,61,62,60,52,12,32,55,62,62,58,52,37,25,13,9,6,7,0,0,0
0,6,7,8,37,52,58,61,57,50,9,38,53,58,60,54,50,20,14,11,0,5,0,0,0,0
0,0,6,10,25,50,55,61,56,50,9,30,52,56,59,54,15,14,17,12,0,0,0,0,0,0
0,0,6,8,17,45,57,66,54,27,6,19,51,55,57,52,13,12,28,8,0,0,0,0,0,0
0,11,9,10,30,51,56,73,58,26,10,27,51,67,69,52,15,11,10,11,5,0,6,0,4,5
0,6,10,10,20,50,51,62,51,16,7,15,50,61,72,50,13,13,13,10,6,0,0,0,0,0
0,0,7,11,15,21,36,51,38,13,7,12,36,52,54,28,13,10,11,7,5,0,0,0,6,0
