0,8,10,12,13,9,9,7,5,13,50,55,54,58,59,54,54,56,56,53,50,13,15,11,9,14
7,0,8,7,7,0,0,0,0,11,13,58,84,82,70,56,60,72,71,60,29,11,13,6,0,6
0,0,7,9,6,0,0,0,0,9,21,84,102,102,100,63,69,88,82,73,30,10,12,5,5,8
5,0,6,8,7,0,0,0,5,11,13,88,103,102,100,62,68,95,90,84,53,13,16,7,7,8
7,0,0,10,0,0,0,0,0,9,13,76,100,102,81,60,73,81,88,79,62,12,11,5,0,6
8,0,0,0,0,0,0,0,0,11,25,72,100,95,90,64,66,78,90,80,61,5,9,10,6,8
8,0,0,0,0,0,0,0,0,14,50,68,84,84,84,64,68,74,97,71,59,10,13,8,6,4
8,0,0,10,0,0,7,7,0,25,60,77,94,101,83,77,77,79,75,66,57,12,11,6,7,11
10,5,8,9,7,0,8,8,4,33,64,83,109,113,95,76,85,94,83,69,57,10,8,9,0,7
10,0,6,11,8,0,8,7,0,27,73,86,123,121,109,96,86,111,110,81,62,9,9,5,5,8
8,0,0,8,9,0,9,8,0,15,78,92,117,97,103,94,81,107,118,102,72,17,10,6,5,9
7,0,0,7,8,0,9,7,0,19,71,92,110,107,107,103,87,108,117,110,78,14,12,9,5,5
4,0,0,0,0,0,6,6,0,15,71,87,110,108,109,105,91,104,104,101,66,13,8,8,6,6
7,0,0,0,6,0,8,0,0,12,74,99,110,111,108,102,103,106,104,101,66,14,11,8,9,11
11,5,5,6,7,7,9,0,0,13,81,100,106,107,104,85,102,105,102,97,73,14,11,12,8,9
9,0,5,0,9,5,8,5,0,14,88,104,107,106,109,89,98,106,102,74,61,38,24,13,9,9
11,0,0,9,10,9,10,7,6,31,103,103,113,112,108,96,104,114,106,100,81,53,23,12,8,14
9,0,7,14,23,10,14,0,0,54,112,139,118,115,122,108,108,116,106,97,75,55,18,12,9,11
6,0,0,6,10,7,7,10,0,13,81,106,100,92,89,75,74,84,85,83,71,51,16,9,6,7
0,0,4,8,11,8,8,0,0,36,88,108,105,94,87,88,79,76,72,87,70,51,15,9,8,9
8,6,7,9,8,6,0,0,0,51,76,100,94,91,92,94,85,91,78,90,82,37,11,9,0,13
8,6,8,8,6,0,6,0,0,53,94,106,103,92,86,103,95,95,104,84,82,54,12,12,6,9
10,0,6,9,9,5,0,0,0,44,77,97,90,88,69,81,85,85,79,83,70,51,14,13,11,8
9,6,0,7,0,0,0,0,0,50,69,84,88,87,67,65,68,76,76,76,70,53,21,9,10,12
8,0,0,6,8,0,6,0,0,51,68,81,86,76,64,57,63,70,78,79,74,54,17,11,8,9
9,0,7,7,10,0,7,0,7,36,69,81,85,82,66,58,61,68,78,79,74,55,21,11,10,11
9,0,7,11,8,0,7,0,0,37,63,75,82,75,65,57,59,65,74,78,71,53,18,9,10,9
0,0,0,5,0,6,5,6,0,39,70,82,80,74,60,56,57,62,66,76,68,51,23,10,9,11
10,5,0,8,10,6,7,0,0,17,74,82,82,75,61,55,54,60,66,75,72,51,26,11,10,10
4,5,9,7,8,5,9,0,0,11,73,72,78,69,59,55,54,59,70,80,67,50,16,12,9,11
0,6,6,8,0,6,8,0,0,8,63,74,72,69,57,53,51,58,66,75,67,47,18,9,5,10
7,0,6,6,0,6,5,0,0,10,59,75,75,66,58,50,52,58,62,71,62,32,14,9,7,8
5,0,0,0,0,0,0,0,0,15,52,78,87,64,53,36,29,54,61,83,70,27,13,10,4,6
8,0,6,0,7,0,0,0,0,34,59,91,110,64,54,42,53,59,67,125,88,48,13,10,9,11
0,0,0,0,0,0,3,5,0,12,57,81,85,59,50,18,23,40,55,91,75,25,10,10,5,0
0,0,0,6,0,0,5,9,0,0,47,71,61,51,26,9,12,25,33,55,59,18,11,8,6,0
0,0,0,5,0,0,0,0,0,0,40,53,53,33,16,13,14,25,15,36,50,13,10,8,5,4
0,0,0,0,0,0,0,0,0,0,25,50,45,23,13,11,11,13,13,31,35,14,11,0,5,5
0,0,0,0,7,0,6,0,0,0,32,38,34,16,10,9,11,11,10,19,30,13,9,5,7,5
5,5,4,0,9,0,5,0,0,0,23,28,19,20,9,9,8,0,14,13,19,11,7,0,0,6
0,8,10,13,13,9,9,7,5,14,50,56,54,58,58,54,54,56,56,54,48,13,15,11,9,13
7,0,8,7,8,0,0,0,0,11,13,58,84,82,68,55,60,72,71,60,29,11,13,5,0,6
0,0,8,9,6,0,0,0,0,9,21,84,102,102,98,63,68,88,82,73,31,10,12,5,5,8
5,0,6,8,7,0,0,0,5,11,14,89,103,102,100,62,68,95,92,84,53,13,16,7,7,7
7,0,0,10,0,0,0,0,0,9,13,75,100,102,80,60,72,81,90,79,62,12,11,6,0,6
8,0,0,0,0,0,0,0,0,11,25,72,100,94,90,64,66,78,90,80,61,5,9,10,6,8
8,0,0,0,0,0,0,0,0,14,50,68,83,84,83,64,68,74,96,70,60,10,13,8,6,4
8,0,0,10,0,0,7,7,0,25,60,77,93,101,83,77,77,79,75,65,56,12,11,6,7,11
10,5,7,9,7,0,8,8,4,33,64,84,109,113,95,76,85,94,83,69,57,10,8,9,0,7
10,0,6,11,8,0,8,6,0,27,73,86,124,120,109,96,86,111,110,81,62,9,9,5,5,8
8,0,0,7,9,0,9,8,0,14,78,93,117,96,103,94,81,107,118,102,72,17,10,6,5,9
7,0,0,7,8,0,9,7,0,17,71,93,110,107,106,104,87,108,117,109,78,14,12,9,5,5
5,0,0,0,0,0,6,6,0,15,71,87,110,108,109,105,91,104,104,101,66,13,8,8,6,5
7,0,0,0,6,0,8,0,0,12,74,98,110,111,107,102,103,106,104,101,66,14,11,8,9,11
11,5,5,6,7,6,9,0,0,13,81,100,106,107,104,85,102,104,102,97,71,14,12,12,8,9
9,0,5,0,9,4,8,0,0,14,88,104,107,106,109,89,98,106,102,74,61,38,24,13,9,9
11,0,0,9,10,9,10,7,6,31,103,102,113,112,108,96,104,114,106,100,81,53,23,12,8,14
9,0,7,14,25,10,14,0,0,54,112,138,118,115,122,108,108,116,106,98,76,56,20,12,9,11
6,0,3,6,10,7,7,10,0,13,81,106,99,92,89,74,74,84,85,83,71,51,16,9,6,7
0,0,4,8,11,8,8,0,0,38,88,107,104,94,87,87,79,76,72,87,70,51,15,9,8,9
8,6,7,9,8,6,0,0,0,52,76,100,94,91,91,93,85,91,78,90,83,37,11,9,0,13
7,6,8,8,6,0,6,0,0,53,94,106,102,92,86,103,95,94,104,84,82,54,12,12,6,9
10,0,6,9,9,5,0,0,0,44,76,97,90,88,69,81,84,85,79,83,70,51,14,13,11,8
9,6,0,7,0,0,0,0,0,50,69,84,88,87,66,65,68,76,76,76,70,53,21,9,10,12
8,0,0,6,8,0,6,0,0,51,68,81,86,76,63,57,63,70,78,79,74,54,17,11,8,9
9,0,7,7,10,0,7,0,7,38,69,81,85,81,66,58,61,68,78,79,74,55,21,11,10,11
9,0,7,11,8,0,6,0,0,37,63,75,82,75,65,58,59,65,74,78,71,53,18,9,10,9
0,0,0,5,0,6,5,6,0,39,70,82,80,74,60,55,57,62,66,77,68,51,23,10,9,11
10,5,0,8,10,6,7,0,0,20,74,82,82,75,61,55,54,60,66,75,72,51,26,12,10,11
4,5,9,7,8,5,9,0,0,11,73,72,78,69,59,55,54,59,70,80,67,50,16,12,9,11
0,6,6,8,0,6,8,0,0,9,63,74,72,70,57,53,52,58,66,75,67,47,18,9,5,10
7,0,6,6,0,6,5,0,0,10,60,75,75,66,58,51,52,58,62,71,62,32,14,9,7,8
5,0,0,0,0,0,0,0,0,15,52,78,87,64,53,36,31,53,61,83,70,27,13,10,4,6
9,0,6,0,7,0,0,0,0,36,59,91,110,64,54,42,53,59,68,125,88,48,13,10,9,11
0,0,0,0,0,0,3,5,0,12,57,81,86,59,51,20,25,40,55,91,75,27,10,10,5,0
0,0,0,6,0,0,5,9,0,0,48,71,62,51,26,9,12,25,33,55,59,18,11,9,6,0
0,0,0,5,0,0,0,0,0,0,40,53,53,35,16,13,14,25,15,38,50,13,9,8,5,4
0,0,0,0,0,0,0,0,0,0,25,51,43,23,13,11,12,13,13,31,35,14,11,0,5,5
0,0,0,0,7,0,6,0,0,0,32,38,34,16,10,9,11,11,10,19,30,13,9,5,7,5
5,5,4,0,10,0,5,0,0,0,23,29,17,20,9,9,8,0,14,13,19,11,6,0,0,6
0,8,10,12,13,9,9,7,5,14,50,56,53,57,58,53,54,56,56,54,50,13,15,11,9,13
7,0,8,7,8,0,0,0,0,11,13,59,83,81,67,54,60,71,71,61,29,11,13,5,0,6
0,0,8,9,6,0,0,0,0,10,21,84,102,102,97,62,68,87,83,75,31,10,12,0,5,8
5,0,6,8,7,0,0,0,6,12,14,89,103,102,100,62,68,94,90,85,55,13,17,7,7,7
7,0,0,10,0,0,0,0,0,9,13,76,100,102,80,59,71,81,88,79,62,12,11,6,0,6
8,0,0,0,0,0,0,0,0,11,27,73,100,95,90,64,65,77,90,80,62,5,9,10,6,8
8,0,0,0,0,0,0,0,0,14,50,68,83,84,83,64,68,73,96,70,60,10,13,8,6,4
8,0,0,10,0,0,7,7,0,25,61,78,94,102,83,76,77,79,75,65,57,12,11,6,7,11
10,5,7,9,7,0,8,8,5,33,64,84,109,113,95,76,84,94,83,70,57,10,8,9,0,7
10,0,6,11,8,0,8,7,0,27,73,86,123,121,109,95,85,111,110,81,62,9,9,5,5,8
7,0,0,7,9,0,9,8,0,14,78,93,117,96,103,94,81,107,118,102,72,17,10,6,5,9
7,0,0,7,8,0,9,7,0,17,71,92,110,107,106,103,86,108,117,109,78,14,12,8,5,5
4,0,0,0,0,0,6,6,0,15,71,87,110,108,109,105,90,104,104,101,66,13,9,8,6,5
7,0,0,0,6,0,8,0,0,12,74,98,110,110,107,102,103,105,104,101,66,14,11,8,9,11
11,5,0,6,7,6,9,0,0,13,81,100,106,106,104,84,101,104,102,97,71,14,12,12,8,9
9,0,5,0,9,4,8,5,0,14,88,104,107,105,109,88,98,106,102,74,61,38,24,13,9,9
11,0,0,9,10,9,10,7,6,34,103,103,113,112,108,95,104,114,106,100,81,53,23,12,8,14
9,0,7,14,25,10,14,0,0,55,113,140,118,115,121,107,107,115,106,98,76,56,20,12,9,11
6,0,3,6,10,7,7,10,0,13,82,107,100,92,89,74,73,84,85,83,71,51,18,8,6,7
0,0,4,8,11,8,8,0,0,38,88,108,105,94,87,87,79,75,72,87,70,50,15,9,8,9
8,6,7,9,8,6,0,0,0,52,77,100,94,91,91,93,84,91,77,90,83,37,11,9,0,13
7,6,8,8,6,0,6,0,0,53,95,106,102,92,86,103,94,94,104,84,82,54,12,12,6,9
10,0,6,9,9,5,0,0,0,44,77,97,90,88,69,81,84,84,79,83,70,51,14,13,11,8
9,6,0,7,0,0,5,0,0,51,69,84,88,87,66,65,68,76,76,77,71,53,21,9,10,12
8,0,0,6,8,0,6,0,0,51,68,81,86,76,63,57,63,70,78,79,74,54,17,11,8,9
9,0,7,7,10,0,6,0,7,40,69,81,85,81,66,57,61,69,78,79,74,55,23,10,10,11
9,0,7,11,8,0,7,0,0,38,63,75,82,75,65,57,59,65,74,78,71,53,18,9,10,9
0,0,0,5,0,6,5,6,0,39,70,83,80,74,60,55,56,62,66,77,68,51,23,10,9,11
10,5,0,8,10,6,7,0,0,20,74,82,82,75,61,55,54,60,66,75,72,51,26,12,9,11
5,5,9,7,8,5,9,0,0,12,73,72,79,69,59,55,54,59,70,80,67,50,16,12,8,11
0,6,6,8,0,6,8,0,0,9,63,74,72,70,57,53,52,57,66,75,67,47,18,9,5,10
7,0,6,6,0,6,5,0,0,10,60,75,75,67,57,50,52,58,62,71,61,32,14,9,7,8
5,0,0,0,0,0,0,0,0,16,52,78,87,64,53,36,29,53,61,83,70,27,13,10,4,6
8,0,6,0,7,0,0,0,0,36,59,91,111,64,54,42,53,59,68,125,88,46,13,10,9,12
0,0,0,0,0,0,3,5,0,12,57,81,86,59,51,18,23,40,55,91,75,25,10,10,5,0
0,0,0,6,0,0,5,9,0,0,48,71,62,51,26,9,12,23,33,55,59,18,11,8,5,0
0,0,0,5,0,0,0,0,0,0,40,53,53,35,16,13,14,23,15,36,50,13,10,8,5,4
0,0,0,0,0,0,0,0,0,0,25,51,45,21,13,11,11,13,13,34,35,14,11,0,5,5
0,0,0,0,7,0,6,0,0,0,34,39,34,16,10,8,11,11,10,19,30,13,9,5,7,5
5,5,4,0,9,0,5,0,0,5,25,29,17,19,9,9,8,0,14,13,19,11,7,0,0,6
0,8,10,12,13,9,9,6,5,13,51,56,53,57,57,53,53,56,56,54,48,12,15,11,9,13
7,0,8,7,8,0,0,0,0,11,13,59,83,81,67,54,60,71,70,61,29,11,12,5,0,6
0,0,8,9,6,0,0,0,0,10,23,85,101,102,97,61,68,87,83,75,31,10,12,0,4,8
5,0,6,8,8,0,0,0,6,12,15,89,103,102,100,62,67,94,92,85,56,13,16,7,7,7
7,0,0,10,0,0,0,0,0,9,13,76,100,102,79,59,70,80,90,80,62,11,11,6,0,6
8,0,0,0,0,0,0,0,0,11,27,73,100,94,89,64,65,76,90,81,61,5,9,10,6,8
8,0,0,0,0,0,0,0,0,13,50,68,83,84,83,64,67,73,96,70,59,10,13,8,6,4
9,0,0,10,0,0,7,7,0,25,60,78,93,102,83,76,76,79,75,65,57,12,11,6,7,12
10,5,7,9,7,0,9,8,5,33,65,84,110,113,95,76,84,94,84,70,57,10,8,9,0,6
10,0,6,11,8,0,8,7,0,25,73,86,124,120,109,96,85,111,110,81,62,9,9,5,5,8
7,0,0,7,9,0,9,8,0,14,79,94,117,96,103,94,80,107,118,102,72,17,10,6,5,9
7,0,0,7,8,0,9,7,0,17,72,93,110,107,106,103,86,107,117,109,78,14,12,8,5,5
5,0,0,0,0,0,6,6,0,15,72,87,110,108,109,105,90,104,104,101,66,13,9,9,6,5
7,0,0,0,6,0,7,0,0,12,74,99,110,111,107,102,103,105,104,101,68,14,11,8,9,11
11,5,0,6,7,6,9,0,0,13,83,100,106,106,104,84,101,104,101,97,71,14,12,12,8,9
9,0,5,0,9,4,8,0,0,14,88,104,107,106,109,89,98,106,102,74,61,38,23,13,9,9
11,0,0,9,10,9,10,7,6,31,103,102,112,112,108,96,103,114,106,100,80,53,23,12,8,14
9,0,7,14,25,10,14,0,0,54,113,138,118,115,122,107,107,115,106,98,75,55,20,12,9,11
6,0,4,6,10,7,7,10,0,13,81,106,99,92,89,74,73,84,85,83,71,51,18,8,6,7
0,0,4,8,11,7,8,0,0,38,88,108,104,93,87,87,78,75,72,87,70,50,15,9,8,9
9,6,7,9,8,6,0,0,0,52,77,100,94,91,91,93,84,90,78,90,82,35,11,9,0,13
7,7,8,8,7,0,6,0,0,53,95,106,102,92,86,103,94,94,104,84,82,54,12,12,6,9
9,0,6,9,9,5,0,0,0,44,77,97,90,87,69,81,84,84,79,83,70,50,14,12,11,8
9,6,0,7,0,0,5,0,0,51,69,84,88,87,66,65,68,76,76,77,70,52,21,9,10,12
8,0,0,6,8,0,6,0,0,50,68,81,86,75,63,57,62,69,78,79,74,53,17,11,8,9
10,0,7,7,10,0,6,0,7,40,69,81,85,81,66,57,61,69,78,79,74,55,21,10,10,11
9,0,7,11,8,0,6,0,0,38,64,75,81,75,65,57,58,65,74,78,71,53,18,9,10,9
0,0,0,5,0,6,5,6,0,40,70,82,80,74,60,56,56,62,66,77,68,51,23,10,9,11
10,5,0,8,10,6,8,0,0,20,74,82,82,75,61,55,54,60,66,75,72,50,26,12,9,11
5,5,9,7,8,5,9,0,0,11,73,72,79,69,59,55,54,59,70,79,67,50,16,12,9,11
0,6,6,8,0,6,9,0,0,9,63,74,72,70,57,53,51,58,66,75,67,47,18,9,5,10
7,0,6,6,0,6,5,0,0,10,60,75,75,67,57,51,52,58,62,71,62,30,14,9,7,8
5,0,0,0,0,0,0,0,0,16,53,78,87,64,53,36,29,53,61,83,70,22,13,10,4,6
8,0,7,0,7,0,0,0,0,36,60,91,111,64,54,42,53,59,68,125,88,46,13,10,9,11
0,0,0,0,0,0,3,5,0,12,57,81,86,59,51,18,23,40,55,91,75,25,10,10,5,0
0,0,0,6,0,0,5,9,0,0,50,72,62,51,28,10,13,27,35,55,59,20,11,9,5,0
0,0,0,5,0,0,0,0,0,0,42,54,53,37,17,13,14,23,15,38,50,13,10,7,5,4
0,0,0,0,0,0,0,0,0,0,26,51,47,21,13,11,11,13,13,34,35,14,11,0,5,5
0,0,0,0,7,0,6,0,0,0,34,39,34,17,10,9,11,11,11,20,30,13,9,5,7,5
5,5,4,0,9,0,5,0,0,5,25,29,17,20,9,9,8,0,14,13,19,11,7,0,0,6
0,8,10,12,13,9,9,6,5,14,51,56,53,57,57,52,53,56,56,54,50,12,15,11,9,13
7,0,8,7,8,0,0,0,0,11,13,59,83,79,67,54,60,71,70,61,29,11,12,5,0,6
0,0,8,9,6,0,0,0,0,10,25,85,102,102,97,61,68,85,83,75,30,10,12,0,4,8
5,0,6,8,8,0,0,0,6,12,15,90,104,102,100,63,67,94,93,85,56,13,16,7,7,7
7,0,0,10,0,0,0,0,0,9,13,78,100,101,78,59,70,80,88,79,62,11,11,6,0,6
8,0,0,0,0,0,0,0,0,11,30,73,100,93,88,64,65,76,90,80,61,5,8,9,6,8
8,0,0,0,0,0,0,0,0,13,50,68,83,83,83,64,67,73,95,70,59,10,13,8,6,4
9,0,0,10,0,0,7,7,0,27,60,78,93,101,82,76,76,78,75,65,57,12,11,6,7,12
10,5,8,9,7,0,9,8,5,36,65,84,110,113,95,76,84,94,84,70,58,10,8,9,0,6
10,0,6,11,8,0,8,7,0,25,73,86,124,120,109,96,84,110,111,81,62,9,9,5,4,8
7,0,0,7,9,0,9,8,0,15,79,94,117,96,103,94,80,107,118,102,72,17,10,6,5,9
7,0,0,7,8,0,9,7,0,19,71,93,110,107,107,103,86,107,117,110,79,14,12,8,5,5
5,0,0,0,0,0,6,6,0,17,72,87,110,108,109,105,90,104,104,101,68,13,9,9,6,5
7,0,0,0,6,0,7,0,0,12,74,100,110,111,107,101,103,105,104,101,68,14,11,8,9,11
11,5,0,6,7,7,9,0,0,13,83,100,106,106,104,84,101,104,101,97,71,14,12,12,8,9
9,0,5,0,9,4,8,5,0,14,88,104,107,105,109,89,97,106,102,74,61,38,24,13,9,9
11,0,0,9,10,9,10,7,7,34,103,102,113,112,108,95,103,114,106,100,80,53,23,12,8,14
9,0,7,14,25,10,14,0,0,55,113,138,118,115,122,107,107,115,106,97,75,55,20,12,9,11
6,0,3,6,10,7,7,10,0,13,81,106,100,92,89,74,73,84,85,83,70,51,18,8,6,7
0,0,4,8,11,8,8,0,0,38,88,108,104,92,87,87,78,75,72,87,70,50,15,9,8,9
8,6,7,9,8,6,0,0,0,52,77,100,94,91,91,93,84,90,77,90,81,35,11,9,0,13
7,7,8,8,6,0,6,0,0,54,95,106,102,91,86,103,94,94,104,84,82,54,12,12,6,9
9,0,6,9,9,5,0,0,0,44,77,97,90,87,69,81,84,84,79,82,70,50,14,12,11,8
9,6,0,7,0,0,5,0,0,51,69,84,88,87,66,65,68,76,76,76,70,52,21,9,10,12
8,0,0,6,8,0,6,0,0,51,68,81,86,75,63,57,62,69,78,79,73,54,17,11,8,9
10,0,7,7,10,0,6,0,7,40,68,81,85,81,66,57,61,68,78,79,74,55,21,10,10,11
9,0,7,11,8,0,7,0,0,38,64,75,82,75,65,57,58,65,74,78,71,53,18,9,10,9
0,0,0,5,0,6,5,6,0,42,70,82,80,74,60,56,56,62,66,77,68,51,25,10,9,11
10,5,0,8,10,6,8,0,0,20,74,82,82,75,61,55,54,60,66,75,72,50,26,12,9,11
5,5,9,7,8,5,9,0,0,12,73,72,79,69,59,55,54,59,70,79,67,50,17,12,9,11
0,6,6,8,0,6,9,0,0,9,63,74,72,70,57,53,51,58,66,75,67,47,18,9,5,10
7,0,6,6,0,6,5,0,0,10,60,75,75,67,57,50,52,58,62,71,61,30,15,9,7,8
5,0,0,0,0,0,0,0,0,16,53,78,87,64,53,36,29,53,61,83,70,25,13,10,4,6
8,0,7,0,7,0,0,0,0,36,60,91,112,64,54,45,53,59,68,125,88,48,13,10,9,12
0,0,0,0,0,0,3,5,0,12,57,82,86,59,51,16,23,40,55,91,75,25,10,10,5,0
0,0,0,6,0,0,5,9,0,0,50,72,63,51,28,10,13,27,35,55,59,20,11,8,5,0
0,0,0,5,0,0,0,0,0,0,42,54,53,35,16,13,14,23,15,38,50,13,10,7,5,4
0,0,0,0,0,0,0,0,0,0,26,51,47,21,13,11,11,13,13,34,35,14,11,0,5,5
0,0,0,0,7,0,6,0,0,0,34,39,36,17,10,9,11,11,11,20,30,13,9,5,7,5
5,5,4,0,9,0,5,0,0,6,25,29,17,19,9,9,8,0,14,13,19,12,7,0,0,6
0,8,10,12,13,9,9,6,5,13,51,56,54,57,57,52,53,56,56,54,50,12,14,11,9,13
7,0,8,7,8,0,0,0,0,11,13,59,83,81,68,54,60,71,71,60,29,11,12,5,0,6
0,0,8,9,6,0,0,0,0,10,25,85,102,102,96,61,67,85,82,75,31,10,12,0,4,8
5,0,6,8,8,0,0,0,6,12,16,90,104,102,100,63,67,94,93,85,56,13,17,7,7,7
7,0,0,10,0,0,0,0,0,9,13,78,101,101,78,59,70,80,88,80,62,11,11,6,0,6
8,0,0,0,0,0,0,0,0,11,30,73,100,92,88,64,65,76,88,81,61,5,8,10,6,8
8,0,0,0,0,0,0,0,0,13,50,68,84,83,83,64,67,73,95,70,59,10,13,8,6,4
9,0,0,10,0,0,7,7,0,27,60,78,93,101,82,76,76,78,75,65,57,12,11,7,7,12
10,5,8,9,7,0,9,8,5,36,65,84,110,113,95,76,84,94,84,70,58,10,9,9,0,6
11,0,6,11,8,0,8,7,0,27,73,87,124,119,109,96,85,111,111,81,62,9,9,5,5,8
7,0,0,7,9,0,9,8,0,15,79,94,116,95,103,94,81,106,118,102,72,20,10,6,5,9
7,0,0,7,8,0,9,7,0,19,72,94,110,107,107,104,86,107,117,110,79,14,13,9,5,5
5,0,0,0,0,0,6,6,0,17,72,87,110,108,109,105,90,104,104,101,68,13,9,9,6,6
7,0,0,0,6,0,8,0,0,12,75,99,110,111,107,102,103,105,104,101,68,14,11,8,9,11
10,5,5,6,7,6,9,0,0,13,83,100,106,106,104,84,101,104,102,97,73,14,12,12,8,9
9,0,5,0,9,5,8,0,0,14,88,104,107,105,109,89,98,106,102,74,61,38,24,13,9,9
11,0,0,9,10,9,10,7,6,31,103,102,113,112,108,96,104,114,106,100,80,53,23,12,9,14
9,0,7,14,25,10,14,0,0,54,112,137,117,115,122,107,107,115,106,97,75,55,20,12,9,11
6,0,3,6,10,7,7,10,0,13,81,105,99,92,89,74,73,84,85,83,70,51,18,8,6,7
0,0,4,8,11,8,8,0,0,38,87,107,104,92,87,87,78,75,72,87,69,50,15,9,8,9
8,6,7,9,8,6,0,0,0,52,76,100,94,91,91,93,84,90,77,90,81,35,11,9,0,13
7,6,8,8,6,0,6,0,0,53,94,105,102,91,85,103,94,93,104,84,82,53,12,12,6,9
9,0,6,9,9,5,0,0,0,44,77,97,89,86,69,81,84,84,79,82,70,50,14,12,11,8
9,6,0,7,0,0,0,0,0,51,69,84,88,86,66,65,68,76,76,76,70,52,22,9,10,12
8,0,0,6,8,0,6,0,0,51,68,81,86,75,63,57,62,69,78,79,73,54,15,11,8,9
9,0,7,7,10,0,6,0,7,38,68,81,85,81,66,57,61,68,78,79,74,55,21,10,10,11
9,0,7,11,8,0,7,0,0,38,64,75,82,75,65,57,58,65,74,78,71,53,18,9,10,9
0,0,0,5,0,6,5,6,0,40,70,82,80,74,60,56,56,62,66,77,68,51,25,10,9,11
10,5,0,8,10,6,8,0,0,20,74,82,82,74,61,55,54,60,66,75,72,50,27,12,10,11
5,5,9,7,8,5,9,0,0,11,73,72,79,69,59,55,54,59,70,79,67,50,17,12,9,11
0,6,6,8,0,6,9,0,0,9,63,74,72,70,57,53,51,58,66,75,67,47,19,9,5,10
7,0,6,6,0,6,5,0,0,10,59,75,75,67,57,51,52,58,62,71,62,30,14,9,7,8
5,0,0,0,0,0,0,0,0,16,53,78,88,64,53,36,31,53,61,83,70,22,13,10,4,6
8,0,7,0,7,0,0,0,0,36,60,91,112,64,54,45,54,59,68,125,88,48,13,10,9,12
0,0,0,0,0,0,3,5,0,12,58,81,86,59,51,15,23,40,55,91,75,25,10,10,5,0
0,0,0,7,0,0,5,9,0,0,50,72,63,51,28,10,13,27,35,55,59,20,11,9,6,0
0,0,0,5,0,0,0,0,0,0,44,54,53,35,16,13,14,23,15,38,50,13,10,8,5,4
0,0,0,0,0,0,0,0,0,0,26,51,50,21,13,11,11,13,13,34,35,14,11,0,5,5
0,0,0,0,7,0,6,0,0,0,34,39,36,17,10,9,11,11,11,20,30,13,9,5,7,5
5,5,4,0,9,0,5,0,0,5,25,28,17,19,9,9,8,0,14,13,20,12,7,0,0,6
0,8,10,12,13,9,9,6,5,14,51,56,54,57,57,53,53,56,56,54,50,13,15,11,9,14
7,0,8,7,8,0,0,0,0,11,13,58,83,79,67,54,59,70,71,61,29,11,12,5,0,6
0,0,8,9,6,0,0,0,0,10,25,85,102,102,97,61,67,85,82,75,31,10,12,5,4,8
5,0,6,8,8,0,0,0,6,12,16,90,104,102,100,63,67,94,93,85,56,13,17,7,7,7
7,0,0,10,0,0,0,0,0,9,13,78,101,102,79,60,70,80,88,79,62,12,11,6,0,6
8,0,0,0,0,0,0,0,0,11,30,73,101,93,89,64,65,76,88,81,61,5,8,10,7,8
8,0,0,0,0,0,0,0,0,13,51,69,84,84,83,64,67,73,96,71,59,10,13,8,6,4
9,0,0,10,0,0,8,7,0,27,61,78,94,101,82,77,77,79,76,65,58,12,11,7,7,12
10,5,8,9,7,0,9,8,5,36,65,84,110,113,96,76,84,94,83,70,58,10,9,9,0,7
11,0,6,11,8,0,8,7,0,27,73,86,124,120,109,96,85,111,110,81,62,9,9,5,5,8
7,0,0,7,9,0,9,8,0,15,78,93,117,95,103,94,80,107,118,101,72,20,10,6,5,9
7,0,0,7,8,0,9,7,0,19,71,93,110,107,106,103,86,107,117,109,79,15,13,9,5,5
5,0,0,0,0,0,6,6,0,17,71,87,110,108,109,105,89,104,104,101,68,13,9,9,6,6
7,0,0,0,6,0,8,0,0,12,74,99,110,110,107,101,102,105,104,101,68,14,11,8,9,11
10,5,5,6,7,6,9,0,0,13,83,100,106,106,104,84,101,104,102,97,73,14,12,12,8,9
9,0,5,0,9,5,8,0,0,14,88,103,107,105,109,89,97,106,102,74,61,38,25,13,9,9
11,0,0,9,10,9,10,7,7,34,103,102,113,112,108,96,103,114,106,100,80,53,25,12,9,14
9,0,7,14,25,10,14,0,0,54,113,139,118,115,122,107,107,115,106,98,76,55,21,12,9,11
6,0,3,6,10,7,7,10,0,13,81,105,100,92,89,74,74,84,85,83,71,52,18,8,6,7
0,0,4,8,11,8,8,0,0,38,88,107,104,92,87,87,78,75,72,87,70,50,16,9,8,9
8,6,7,9,8,6,0,0,0,52,76,100,94,91,91,93,84,90,77,90,82,37,11,9,0,13
7,6,8,8,6,0,6,0,0,54,94,105,102,91,86,103,94,93,104,84,82,54,12,12,6,9
9,0,6,9,9,5,0,0,0,44,77,97,90,86,69,81,84,84,79,82,70,51,14,13,11,8
9,6,0,7,0,0,0,0,0,51,69,84,88,86,66,65,68,76,76,76,70,52,22,9,10,12
8,0,0,6,8,0,6,0,0,51,68,81,87,76,63,57,63,69,78,79,74,54,17,11,8,9
10,0,7,7,10,0,6,0,7,40,68,81,85,81,66,57,61,68,78,79,74,55,23,11,10,11
9,0,7,11,8,0,6,0,0,38,63,75,82,75,65,58,58,65,74,78,71,53,20,9,10,9
0,0,0,5,0,6,5,6,0,42,70,82,80,74,60,56,56,62,66,77,68,51,26,10,9,11
10,5,0,8,10,6,8,0,0,20,74,82,82,75,61,55,54,60,66,75,72,51,27,12,10,11
5,5,9,7,8,5,9,0,0,12,73,72,79,69,59,55,54,59,70,79,67,50,17,12,9,11
0,6,6,8,0,6,8,0,0,9,63,74,72,69,57,53,51,58,66,75,67,47,19,9,5,10
7,0,6,6,0,6,5,0,0,10,59,75,75,67,58,51,52,58,62,71,62,30,15,9,7,9
5,0,0,0,0,0,0,0,0,16,53,78,88,64,53,36,31,53,61,83,70,25,13,10,4,6
8,0,7,0,7,0,0,0,0,38,59,91,112,64,55,45,53,59,68,125,88,48,13,10,9,12
0,0,0,0,0,0,3,5,0,12,58,81,86,59,50,15,23,40,55,91,75,25,10,10,5,0
0,0,0,7,0,0,5,9,0,0,50,72,63,51,28,9,12,25,35,55,59,20,11,9,6,0
0,0,0,5,0,0,0,0,0,0,42,53,53,35,16,13,14,23,15,36,50,13,10,8,5,4
0,0,0,0,0,0,0,0,0,0,26,51,50,21,13,11,11,13,13,34,35,14,11,4,5,5
0,0,0,0,7,0,6,0,0,0,34,39,36,17,10,9,11,11,11,20,30,13,9,5,7,5
5,5,4,0,10,0,5,0,0,6,25,28,19,19,9,9,8,0,14,14,19,12,7,0,0,6
0,8,10,12,13,9,9,7,5,14,51,56,53,57,57,52,54,56,56,54,50,13,15,11,9,14
7,0,8,7,8,0,0,0,0,11,13,59,83,79,67,54,60,70,71,61,31,11,12,5,0,6
0,0,8,9,6,0,0,0,0,10,25,84,102,102,97,62,67,85,82,75,31,10,12,0,4,8
5,0,6,8,8,0,0,0,6,12,18,90,104,102,100,63,67,93,92,85,56,13,17,7,7,8
7,0,0,10,0,0,0,0,0,9,14,78,101,101,79,60,70,80,87,79,62,12,11,6,0,6
8,0,0,0,0,0,0,0,0,11,30,73,100,93,89,64,65,76,88,81,61,5,8,9,6,8
8,0,0,0,0,0,0,0,0,14,51,69,84,83,83,64,67,73,95,70,59,11,13,8,6,4
8,0,0,10,0,0,8,7,0,27,61,78,94,101,82,77,77,78,75,65,57,12,11,7,7,12
10,5,8,9,7,0,9,8,5,36,65,84,110,113,96,76,84,94,83,70,58,10,9,9,0,7
11,0,6,11,8,0,8,7,0,27,73,86,124,120,109,96,85,111,110,81,63,9,9,5,4,8
7,0,0,7,9,0,9,8,0,15,79,94,117,95,103,94,81,107,118,102,73,20,10,6,5,9
7,0,0,7,8,0,9,7,0,19,71,94,110,107,107,103,87,108,117,109,79,15,13,9,5,5
5,0,0,0,0,0,6,6,0,19,71,87,110,108,109,105,90,104,104,101,69,13,9,9,6,6
7,0,0,0,6,0,8,0,0,12,74,98,110,111,107,101,103,105,104,101,69,14,11,8,9,11
10,5,5,6,7,6,9,0,0,13,83,99,106,106,104,84,101,104,102,96,73,14,12,12,8,9
9,0,5,0,9,5,8,0,0,14,88,103,107,105,109,89,98,106,102,74,61,38,25,13,9,9
10,0,0,9,10,9,10,7,7,34,103,102,113,112,108,96,104,114,106,100,80,53,25,12,9,14
9,0,7,14,25,10,14,0,0,54,113,138,117,115,121,107,107,115,106,97,75,55,21,12,9,11
6,0,3,6,10,7,7,10,5,13,81,105,99,91,89,75,74,84,85,83,71,51,18,8,6,7
0,0,4,8,11,8,8,0,0,38,88,107,104,92,87,87,78,75,72,86,69,50,16,9,8,9
8,6,7,9,8,6,0,0,0,52,76,100,94,90,90,93,84,90,77,90,81,35,11,9,0,13
7,6,8,8,6,0,6,0,0,54,94,105,102,91,86,103,94,93,104,84,82,53,12,12,6,9
9,0,6,9,9,5,0,0,0,44,77,97,89,86,69,81,84,84,79,82,70,51,14,13,11,8
9,6,0,7,0,0,0,0,0,51,69,84,88,86,66,65,68,76,76,76,70,52,22,9,10,12
8,0,0,6,8,0,6,0,0,51,68,81,87,76,64,57,63,69,78,79,74,54,15,11,8,9
10,0,7,7,10,0,6,0,7,40,68,81,85,81,66,57,61,68,78,79,74,55,23,11,10,11
9,0,7,11,8,0,7,0,0,37,63,75,82,75,65,58,58,65,74,78,71,53,20,9,10,9
0,0,0,5,0,6,5,6,0,42,70,82,80,73,60,56,57,62,66,77,67,51,25,10,9,11
10,5,0,8,10,6,8,0,0,20,74,82,82,74,61,55,54,60,66,75,72,51,27,12,9,11
5,5,9,7,8,5,9,0,0,12,73,72,79,69,59,55,54,59,70,79,67,50,17,12,9,11
0,6,7,8,0,6,8,0,0,9,63,74,72,69,57,53,52,57,66,75,67,47,19,9,5,10
7,0,6,6,0,6,5,0,0,10,59,75,75,67,57,51,52,58,62,71,61,32,15,9,7,9
5,0,0,0,0,0,0,0,0,16,53,78,88,64,53,36,31,53,61,83,70,25,13,10,4,6
9,0,7,0,7,0,0,0,0,38,60,91,112,64,55,45,54,59,68,125,88,48,13,10,9,12
0,0,0,0,0,0,3,5,0,12,58,81,86,59,50,14,23,40,55,91,75,25,10,10,5,0
0,0,0,7,0,0,5,9,0,0,50,71,62,51,26,9,12,25,35,55,59,20,11,8,6,0
0,0,0,5,0,0,0,0,0,0,44,53,53,35,16,13,14,25,15,38,50,13,10,8,5,4
0,0,0,0,0,0,0,0,0,0,26,51,50,21,13,11,11,13,14,34,36,14,11,4,5,5
0,0,0,0,7,0,6,0,0,0,34,39,34,17,10,9,11,11,11,20,30,13,9,5,7,5
5,5,4,0,10,0,5,0,0,6,25,29,17,19,9,9,8,0,14,14,20,12,7,0,0,6
0,8,10,12,13,9,9,6,5,14,51,56,53,57,56,52,54,56,56,54,50,13,15,11,9,14
7,0,8,7,8,0,0,0,0,11,13,59,82,79,67,54,60,70,71,61,31,11,12,5,0,6
0,0,8,9,6,0,0,0,0,10,27,84,102,102,97,62,67,85,82,75,32,11,12,5,4,8
5,0,6,8,8,0,0,0,6,12,18,90,104,102,100,62,67,93,92,85,57,13,17,7,7,8
7,0,0,10,0,0,0,0,0,9,14,78,100,102,79,60,70,80,87,79,62,12,11,6,0,6
8,0,0,0,0,0,0,0,0,11,30,73,100,93,90,64,65,76,88,81,62,5,9,10,6,8
8,0,0,0,0,0,0,0,0,13,51,69,84,84,83,64,68,73,95,70,59,11,14,8,6,4
8,0,0,10,0,0,7,7,0,27,61,78,94,101,82,77,77,79,76,65,58,12,11,7,7,12
10,5,8,9,7,0,9,8,5,36,65,84,110,113,95,76,85,94,83,70,58,10,9,9,0,7
11,0,6,11,8,0,8,7,0,30,73,86,124,120,109,96,85,111,110,81,62,9,9,5,4,8
7,0,0,7,9,0,9,8,0,15,79,94,117,96,103,94,81,107,118,101,73,20,10,6,5,9
7,0,0,7,8,0,10,7,0,17,71,94,110,107,106,103,87,108,117,109,79,15,13,9,5,5
5,0,0,0,0,0,6,6,0,19,72,87,110,108,109,105,90,104,104,101,69,13,9,9,6,6
7,0,0,0,6,0,8,0,0,12,75,99,110,111,107,101,103,105,103,101,68,14,11,8,9,11
11,5,5,6,7,6,9,0,0,13,84,100,106,106,104,84,101,104,102,97,73,14,12,13,8,9
9,0,5,0,9,5,8,0,0,14,88,104,107,105,109,89,98,106,102,75,61,38,25,13,9,9
10,0,0,9,10,9,10,7,7,31,103,102,113,112,108,96,104,114,106,100,80,53,26,12,9,14
9,0,7,14,25,10,14,0,0,54,112,137,117,115,121,107,107,115,106,98,75,55,21,12,9,11
6,0,3,6,10,7,7,10,0,13,81,105,99,92,88,74,73,84,85,83,71,52,18,9,6,7
0,0,4,8,11,8,8,0,0,38,88,107,104,93,87,87,78,75,72,87,70,51,16,9,8,9
8,6,7,9,8,6,0,0,0,52,76,100,94,90,90,93,84,90,77,90,82,37,11,9,0,13
7,6,8,8,6,0,6,0,0,54,94,105,102,91,86,103,94,93,104,84,82,54,12,12,6,9
9,0,6,9,9,0,0,0,0,44,77,96,89,87,69,81,84,84,79,82,70,51,14,13,11,8
9,6,0,7,0,0,0,0,0,51,69,84,87,86,66,65,68,76,76,76,70,52,22,9,10,12
8,0,0,6,8,0,6,0,0,51,68,81,87,75,63,57,62,69,78,79,74,53,15,11,8,9
10,0,7,7,10,0,6,0,7,40,68,81,85,81,66,57,61,68,78,79,74,55,23,11,10,11
9,0,7,11,8,0,6,0,0,37,63,75,82,75,65,58,58,65,74,78,71,53,20,9,10,9
0,0,0,5,0,6,5,6,0,40,70,82,79,73,60,56,56,62,66,77,68,51,25,10,9,12
10,5,0,8,10,6,8,0,0,20,74,82,82,74,61,55,54,60,66,75,72,50,27,12,10,11
5,5,9,7,8,5,9,0,0,12,73,72,79,69,59,55,54,59,70,80,67,50,17,12,9,11
0,6,6,7,0,6,8,0,0,9,63,74,72,70,57,53,52,57,66,76,67,47,20,9,5,10
7,0,6,6,0,6,5,0,0,10,60,75,74,67,57,51,52,58,62,71,61,32,15,9,7,9
5,0,0,0,0,0,0,0,0,17,53,78,88,64,53,36,31,53,61,83,70,25,13,10,4,6
9,0,7,0,8,0,0,0,0,38,60,90,112,64,55,47,54,59,68,125,88,48,13,10,9,12
0,0,0,0,0,0,3,5,0,12,58,81,86,59,50,14,23,40,55,91,75,25,10,10,5,0
0,0,0,7,0,0,5,9,0,0,50,71,62,51,26,9,12,25,33,55,59,20,11,8,6,0
0,0,0,5,0,0,0,0,0,0,44,53,53,35,16,13,14,25,15,38,51,13,10,8,5,4
0,0,0,0,0,0,0,0,0,0,26,51,50,23,13,11,11,13,14,34,36,14,11,4,5,5
0,0,0,0,7,0,6,0,0,0,34,39,34,17,10,9,11,11,11,19,30,13,9,5,7,5
5,5,4,0,10,0,5,0,0,6,25,29,17,19,9,9,8,0,14,14,20,12,7,0,0,6
0,8,10,12,13,9,9,7,6,14,51,56,53,57,57,53,54,56,56,54,50,13,15,11,10,14
7,0,8,7,8,0,0,0,0,11,13,59,83,81,67,54,60,71,72,61,34,11,12,6,0,6
0,0,8,9,6,0,0,0,0,10,27,85,102,102,97,62,68,85,82,75,32,10,12,0,4,8
5,0,6,8,8,0,0,0,6,12,18,92,104,102,100,62,67,93,92,86,57,13,17,7,7,8
7,0,0,10,0,0,0,0,0,9,14,78,100,102,80,60,70,79,88,79,62,12,11,6,0,6
8,0,0,0,0,0,0,0,0,11,30,74,100,94,90,64,65,76,87,81,61,5,9,10,6,8
8,0,0,0,0,0,0,0,0,13,51,69,84,83,83,63,68,72,94,70,59,11,13,8,6,4
8,0,0,10,0,0,7,7,0,29,61,78,94,102,82,77,77,78,75,65,58,12,11,7,7,12
10,5,8,9,7,0,9,8,5,33,65,84,109,113,95,76,84,94,83,70,58,10,9,9,0,7
11,0,6,11,8,0,8,7,0,30,73,84,123,120,109,96,85,111,110,81,62,9,9,5,5,8
7,0,0,7,9,0,9,8,0,15,79,93,117,95,103,94,81,107,118,102,73,20,10,6,5,9
7,0,0,7,8,0,10,7,0,19,70,92,110,107,107,103,86,108,117,110,79,15,13,9,5,5
4,0,0,0,0,0,6,6,0,17,69,86,110,108,109,105,90,104,104,101,69,13,9,9,6,5
7,0,0,0,6,0,8,0,0,12,74,98,110,110,107,101,103,105,103,101,69,14,11,9,9,11
11,5,0,6,7,6,9,0,0,13,83,98,106,106,104,84,101,104,102,97,73,14,12,13,8,9
9,0,5,0,9,5,8,5,0,14,87,103,107,105,109,88,98,106,102,75,61,38,26,13,9,9
10,0,0,9,10,9,10,7,7,34,103,102,113,112,108,96,104,113,106,100,80,53,25,12,9,14
9,0,7,14,25,10,14,0,0,54,113,138,117,115,121,107,107,115,106,97,75,55,21,12,9,11
6,0,3,6,10,7,7,10,5,13,82,106,99,92,89,74,74,84,85,83,71,51,18,9,6,7
0,0,4,8,10,8,8,0,0,38,88,107,104,93,87,87,78,75,72,87,69,51,16,9,8,9
8,6,7,9,8,6,0,0,0,52,76,100,94,91,90,93,84,90,77,90,81,35,11,9,0,13
7,6,8,8,6,0,6,0,0,54,94,105,102,91,86,103,94,93,104,84,82,54,12,12,6,9
9,0,6,9,9,5,0,0,0,44,77,97,89,87,69,81,84,84,79,82,70,51,14,13,11,8
9,6,0,7,0,0,0,0,0,51,69,84,88,86,66,65,68,76,76,76,70,52,22,9,10,12
8,0,0,6,8,0,6,0,0,51,68,81,87,75,64,57,62,69,78,79,74,53,17,11,8,9
9,0,7,7,10,0,6,0,7,40,68,81,85,81,65,57,61,68,78,78,74,54,23,11,10,11
9,0,7,11,8,0,6,0,0,37,63,75,82,75,65,58,58,65,74,78,71,53,20,9,10,9
0,0,0,5,0,6,5,6,0,42,70,82,79,73,60,56,56,62,66,77,68,51,25,10,9,11
10,5,0,8,10,6,8,0,0,20,74,81,82,74,61,55,54,60,66,75,72,50,26,11,10,11
4,5,9,7,8,5,9,0,0,12,73,72,79,69,59,55,54,59,70,79,67,50,17,12,9,11
0,6,7,8,0,6,8,0,0,9,63,74,72,70,57,53,52,57,66,76,67,45,19,9,5,10
7,0,6,6,0,6,5,0,0,10,60,75,75,67,58,51,52,58,62,71,61,34,15,9,7,9
5,0,0,0,0,0,0,0,0,17,53,78,88,64,53,36,31,53,61,83,70,25,13,10,4,6
9,0,7,0,7,0,0,0,0,38,59,90,112,64,55,45,54,59,68,125,88,48,13,10,9,12
0,0,0,0,0,0,3,6,0,13,58,81,86,59,50,14,23,43,55,91,75,25,10,10,5,0
0,0,0,6,0,0,5,9,0,0,50,72,62,51,26,9,12,27,35,56,59,18,11,9,6,0
0,0,0,5,0,0,0,0,0,0,44,53,53,37,17,13,14,23,15,38,51,13,10,8,5,4
0,0,0,0,0,0,0,0,0,0,26,51,50,23,13,11,11,13,14,31,36,14,11,4,5,5
0,0,0,0,7,0,6,0,0,0,34,39,34,17,10,9,11,11,11,19,30,13,9,5,7,5
5,5,4,0,10,0,5,0,0,6,25,29,17,19,9,9,8,0,14,14,20,12,7,0,0,6
0,9,10,12,13,9,9,7,5,14,51,56,54,57,57,52,54,56,56,54,50,13,16,11,9,14
7,0,8,7,8,0,0,0,0,11,13,60,84,81,68,55,61,71,72,61,34,11,12,5,0,6
0,0,8,9,6,0,0,0,0,10,27,85,102,102,97,62,68,85,82,75,34,10,12,0,4,8
5,0,6,8,8,0,0,0,6,12,18,92,104,102,100,62,68,93,92,86,57,14,18,7,6,8
7,0,0,10,0,0,0,0,0,9,14,79,100,102,79,59,70,80,88,79,62,12,11,6,0,6
8,0,0,0,0,0,0,0,0,11,30,74,100,93,89,63,65,75,88,81,61,5,9,9,6,8
8,0,0,0,0,0,0,0,0,13,51,69,83,83,83,63,67,72,94,70,60,11,13,8,6,4
8,0,0,10,0,0,7,7,0,27,61,77,93,101,82,76,76,78,75,65,58,12,11,6,7,12
10,5,8,9,7,0,9,8,5,33,65,84,110,114,95,76,84,93,83,70,58,10,9,9,0,7
10,0,6,11,8,0,8,7,0,30,73,86,124,120,109,96,85,110,110,81,63,9,9,5,5,8
7,0,0,7,9,0,9,8,0,15,79,94,116,96,103,94,81,107,118,102,73,20,10,6,5,9
7,0,0,7,8,0,10,7,0,19,70,92,110,107,107,103,87,108,117,110,79,15,13,9,5,5
5,0,0,0,0,0,6,6,0,17,71,86,110,108,109,105,90,104,104,101,69,13,9,9,6,5
7,0,0,0,6,0,8,0,0,12,74,97,110,110,107,101,103,105,103,101,69,14,11,8,9,11
11,5,0,6,7,6,9,0,0,13,81,99,106,107,104,83,102,105,101,96,73,14,12,13,8,9
9,0,5,0,10,5,8,0,0,14,87,104,107,105,109,89,98,106,102,75,61,38,26,13,9,9
10,0,0,9,10,9,10,7,7,31,103,101,112,112,108,96,104,114,106,100,80,53,25,12,9,14
9,0,7,14,25,10,14,0,0,54,111,137,117,115,122,107,107,115,106,96,74,55,20,12,9,11
6,0,3,6,10,7,7,10,0,13,81,105,98,92,89,74,73,84,85,82,70,51,16,9,6,7
0,0,4,8,11,8,8,0,0,38,88,107,104,93,87,87,79,74,72,87,69,50,15,9,8,9
8,6,7,9,9,6,0,0,0,51,76,100,93,90,91,93,84,90,77,90,81,35,11,9,0,13
7,6,8,8,6,0,6,0,0,54,94,105,102,91,86,103,94,93,104,84,82,54,12,12,6,9
9,0,6,9,9,5,0,0,0,44,76,96,89,87,69,81,84,84,78,82,70,51,14,13,11,8
9,6,0,7,0,0,0,0,0,51,69,84,87,86,66,65,68,76,76,76,70,52,22,9,10,12
8,0,0,6,8,0,6,0,0,51,68,81,87,75,64,57,63,69,78,79,74,53,17,11,8,9
9,0,7,7,10,0,6,0,7,38,68,81,85,81,66,57,61,68,78,78,74,55,23,10,10,11
9,0,7,11,8,0,7,0,0,37,63,75,82,75,65,57,59,65,74,78,71,53,20,9,10,9
0,0,0,5,0,6,5,6,0,40,69,82,80,73,60,56,56,62,66,77,67,51,25,10,9,12
10,5,0,8,10,6,8,0,0,20,74,81,82,74,61,55,54,60,66,75,72,50,26,11,10,11
4,5,9,7,8,5,9,0,0,12,73,72,78,68,59,55,54,59,70,80,67,50,16,12,9,11
0,6,7,8,0,6,8,0,0,9,63,74,72,70,58,53,52,57,66,76,67,47,19,9,5,10
6,0,6,6,0,6,5,0,0,10,60,75,75,67,58,51,53,58,62,71,61,34,15,9,7,8
5,0,0,0,0,0,0,0,0,17,52,78,88,64,53,34,33,53,61,83,70,25,13,10,4,6
9,0,7,0,7,0,0,0,0,38,59,90,112,64,55,47,54,59,68,125,88,48,13,10,9,12
0,0,0,0,0,0,3,6,0,12,57,81,86,59,50,14,23,43,55,91,75,25,10,10,5,0
0,0,0,6,0,0,5,9,0,0,50,72,62,51,28,9,12,27,35,56,59,18,11,9,5,0
0,0,0,5,0,0,0,0,0,0,44,53,53,37,17,13,14,23,15,38,50,13,10,8,5,4
0,0,0,0,0,0,0,0,0,0,26,51,50,23,13,11,11,13,14,31,36,14,11,4,5,5
0,0,0,0,7,0,6,0,0,0,34,39,34,17,10,9,11,11,11,19,30,13,9,5,7,5
5,5,4,0,10,0,5,0,0,6,25,28,19,19,9,9,8,0,14,14,20,12,7,0,0,6
0,9,10,12,13,9,9,7,5,14,51,56,54,57,58,52,54,57,56,54,50,13,15,11,10,14
7,0,8,7,8,0,0,0,0,11,13,59,84,81,68,54,61,73,72,61,36,11,12,6,0,6
0,0,8,9,6,0,0,0,0,10,30,85,102,102,97,62,68,85,80,75,34,10,12,5,4,8
5,0,6,8,8,0,0,0,6,12,20,92,104,102,101,63,68,94,92,85,57,14,18,7,7,8
7,0,0,10,0,0,0,0,0,9,14,79,100,102,80,59,70,80,88,80,63,12,11,6,0,6
8,0,0,0,0,0,0,0,0,11,30,74,100,93,90,64,65,76,88,80,61,5,9,10,7,8
8,0,0,0,0,0,0,0,0,14,50,68,84,83,83,63,68,73,95,70,60,11,13,8,6,4
8,0,0,10,0,0,7,7,0,29,61,77,93,101,82,77,77,78,75,65,58,12,11,6,7,12
10,5,8,9,7,0,8,8,5,33,65,83,109,113,95,76,84,94,83,69,58,10,9,9,0,7
10,0,6,11,8,0,8,7,0,30,73,84,123,120,109,95,85,111,110,81,62,9,9,5,5,8
7,0,0,7,9,0,9,8,0,15,79,93,116,95,103,94,81,107,118,102,73,20,10,6,5,10
7,0,0,7,8,0,10,7,0,17,70,92,110,107,107,103,86,108,117,110,78,15,13,9,5,5
4,0,0,0,0,0,6,6,0,17,69,85,110,108,109,105,90,104,104,101,69,13,9,9,6,5
7,0,0,0,6,0,8,0,0,12,74,97,110,110,107,101,103,105,104,101,69,14,11,9,9,11
10,5,0,7,7,6,9,0,0,13,81,99,106,106,104,83,101,105,102,96,73,14,12,13,8,9
9,0,5,0,10,5,8,0,0,14,87,103,107,105,109,88,98,106,102,74,61,38,24,13,9,9
10,0,0,9,10,9,10,7,6,31,103,102,113,112,108,95,104,114,106,100,80,53,23,12,9,14
9,0,7,14,25,10,14,0,0,54,112,137,117,115,121,107,107,115,106,97,74,55,20,12,9,11
6,0,0,6,10,7,7,10,0,13,81,105,99,92,89,74,73,84,85,83,70,52,16,9,6,7
0,0,4,8,10,8,8,0,0,38,87,107,104,93,87,87,79,75,72,87,70,51,15,9,8,9
8,6,7,9,9,6,0,0,0,52,76,100,93,90,91,93,84,90,77,90,82,35,11,9,0,14
7,7,8,8,6,0,6,0,0,54,94,105,102,91,86,102,95,93,104,83,82,54,12,12,6,9
9,0,6,9,9,5,0,0,0,44,76,96,90,87,69,81,84,84,79,82,70,50,14,13,11,8
9,6,0,7,0,0,0,0,0,51,69,84,87,86,66,65,68,76,76,76,70,53,21,9,10,12
8,0,0,6,8,0,6,0,0,51,68,81,87,75,64,57,63,69,78,79,74,53,17,11,8,9
9,0,7,7,10,0,6,0,7,40,68,81,85,81,66,57,62,68,78,78,74,55,21,10,10,11
9,0,7,11,8,0,7,0,0,37,63,75,81,75,65,57,59,65,74,78,71,53,18,9,10,9
0,0,0,5,0,6,5,6,0,42,69,82,80,73,60,55,56,62,66,77,68,51,23,10,9,12
10,5,0,8,10,6,8,0,0,17,74,81,82,74,61,55,54,60,66,75,72,50,26,11,10,11
4,5,9,7,8,5,9,0,0,12,73,72,78,68,59,55,54,59,70,80,67,50,16,12,9,11
0,6,6,8,0,6,8,0,0,9,63,74,72,70,58,53,52,58,66,75,67,47,18,9,5,10
6,0,6,6,0,6,5,0,0,10,60,75,75,67,58,51,52,58,62,71,61,32,15,9,7,9
5,0,0,0,0,0,0,0,0,16,52,78,88,63,53,36,33,54,61,83,70,25,13,10,4,7
8,0,7,0,7,0,0,0,0,38,59,90,112,64,55,45,54,59,68,125,88,46,13,10,9,12
0,0,0,0,0,0,4,6,0,13,58,81,86,59,50,14,23,45,55,91,75,25,10,10,5,0
0,0,0,6,0,0,5,9,0,0,50,72,62,51,28,9,13,29,35,55,59,18,11,9,6,0
0,0,0,5,0,0,0,0,0,0,44,53,53,35,17,13,14,23,15,38,50,13,10,8,5,4
0,0,0,0,0,0,0,0,0,0,26,51,50,21,13,11,11,13,14,31,35,14,11,4,5,5
0,0,0,0,7,0,6,0,0,0,34,38,34,17,10,9,11,11,11,19,30,13,9,5,7,5
5,5,4,0,10,0,5,0,0,6,23,28,17,19,9,9,8,0,14,13,20,12,7,0,0,6
0,9,10,12,13,9,9,7,6,14,51,56,54,57,58,52,54,57,56,53,50,13,15,11,10,14
7,0,8,7,8,0,0,0,0,11,13,60,84,81,68,54,60,72,71,62,36,11,12,6,0,6
0,0,8,9,6,0,0,0,0,10,30,85,102,102,97,62,68,85,82,75,32,10,12,5,4,8
5,0,6,8,8,0,0,0,6,12,20,93,104,102,101,63,68,94,93,86,56,14,17,7,7,8
7,0,0,10,0,0,0,0,0,9,14,79,101,102,81,60,70,80,88,80,62,12,11,6,0,6
8,0,0,0,0,0,0,0,0,11,30,74,101,93,89,63,65,76,90,80,60,5,9,10,7,8
8,0,0,0,0,0,0,0,0,13,51,69,84,83,83,63,67,73,94,70,60,11,13,8,6,4
8,0,0,10,0,0,7,8,0,27,60,77,94,101,82,76,77,78,75,65,58,12,11,6,8,12
10,5,8,9,7,0,8,8,5,33,65,83,110,114,95,76,84,94,83,70,58,10,8,9,4,7
10,0,6,11,9,0,8,7,0,30,73,85,123,120,109,96,86,111,111,81,62,9,9,5,5,8
7,0,0,7,9,0,9,8,0,15,79,93,117,96,104,94,81,107,118,102,73,17,10,6,5,9
7,0,0,7,8,0,10,8,0,19,70,92,110,107,107,104,87,108,117,110,78,15,13,9,5,5
5,0,0,0,0,0,6,6,0,17,71,85,110,108,109,105,90,104,104,101,69,13,9,9,6,5
7,0,0,0,6,0,8,0,0,12,74,97,110,110,107,101,103,105,104,101,69,14,11,9,9,11
10,5,0,7,7,6,9,0,0,13,81,99,106,106,104,83,101,105,102,95,71,14,12,13,8,9
9,0,5,0,10,5,8,0,0,14,87,103,107,105,109,88,98,106,102,74,61,37,25,13,9,9
10,0,0,9,10,9,10,7,6,31,103,101,113,112,108,95,104,114,106,100,79,53,21,12,9,14
9,0,7,14,25,10,14,0,0,54,112,137,117,115,122,107,107,115,106,96,74,55,18,12,9,11
6,0,0,6,10,7,7,10,5,13,81,105,99,92,89,74,74,84,85,82,70,51,16,9,6,7
0,0,4,8,11,8,8,0,0,38,86,107,104,92,87,87,78,75,72,86,69,50,14,9,8,9
8,6,7,9,9,6,0,0,0,52,76,100,93,90,91,93,84,90,77,89,81,32,11,9,0,13
7,7,8,8,6,0,6,0,0,54,94,105,102,91,86,102,94,93,104,83,81,53,12,12,6,9
10,0,6,9,9,0,0,0,0,44,76,96,90,86,69,80,84,84,79,82,70,50,14,13,11,8
9,6,0,7,0,0,5,0,0,51,69,84,87,86,66,65,68,76,76,76,70,52,21,9,10,12
8,0,0,6,8,0,6,0,0,51,68,81,87,75,64,57,63,69,78,79,73,53,15,11,8,9
9,0,7,7,10,0,6,0,7,38,68,81,85,81,66,57,62,68,78,78,74,54,21,10,10,11
8,0,7,11,8,0,7,0,0,38,63,75,82,75,65,57,58,65,74,78,71,53,20,9,10,9
0,0,0,6,0,6,5,6,0,42,69,82,80,73,60,55,56,62,66,77,68,51,23,10,9,12
10,5,0,8,10,6,8,0,0,20,74,81,82,75,61,55,54,60,66,75,72,50,25,11,10,11
4,5,9,7,8,5,9,0,0,12,73,72,78,69,59,55,54,59,70,80,67,50,15,12,9,11
0,6,6,8,0,6,8,0,0,9,63,74,72,70,58,53,52,58,66,75,67,45,18,9,5,10
6,0,6,6,0,6,5,0,0,10,60,75,75,67,58,51,52,58,62,71,61,30,15,9,7,8
5,0,0,0,0,0,0,0,0,16,53,78,88,64,53,36,31,53,62,83,70,25,13,10,4,7
8,0,7,6,7,0,0,0,0,38,59,90,112,64,55,45,54,59,68,125,88,48,13,10,9,12
0,0,0,0,0,0,4,6,0,13,57,81,87,59,51,14,23,43,55,91,75,25,10,10,5,0
0,0,0,6,0,0,5,9,0,0,50,72,63,51,28,9,13,29,36,55,59,18,11,9,6,0
0,0,0,5,0,0,0,0,0,0,42,53,53,35,17,13,14,23,15,38,50,13,10,8,5,4
0,0,0,0,0,0,0,0,0,0,25,51,50,21,13,11,11,13,14,31,35,14,11,4,5,5
0,0,0,0,7,0,6,0,0,0,35,39,36,17,10,9,11,11,11,19,30,13,9,5,7,5
5,5,4,0,10,0,5,0,0,5,25,28,17,19,9,9,8,0,14,13,20,11,6,0,0,6
0,8,10,12,13,9,9,7,6,14,52,56,54,57,57,52,54,57,56,53,50,13,14,11,10,14
7,0,8,7,8,0,0,0,0,11,13,59,84,81,67,54,60,72,71,62,34,11,12,6,0,6
0,0,8,9,6,0,0,0,0,10,30,84,102,102,97,62,68,85,82,73,32,10,12,0,4,8
5,0,6,8,8,0,0,0,6,12,21,93,104,102,101,63,68,94,94,86,56,14,17,7,7,8
7,0,0,10,0,0,0,0,0,9,14,79,101,102,81,60,70,81,90,79,62,12,11,6,0,6
8,0,0,0,0,0,0,0,0,11,32,74,101,93,90,64,65,76,90,80,61,6,8,9,7,8
8,0,0,0,0,0,0,0,0,13,51,69,84,83,84,63,68,73,95,70,61,11,13,8,6,4
8,0,0,10,0,0,7,8,0,27,60,77,94,101,82,77,77,79,75,66,58,12,11,6,8,12
10,5,8,9,8,0,8,8,5,33,65,84,110,113,95,76,84,94,83,70,58,10,8,9,4,7
10,0,6,11,9,0,8,7,0,30,74,86,123,120,109,95,85,111,110,81,62,9,9,5,4,8
7,0,0,8,9,0,9,8,0,17,80,93,117,96,103,94,81,107,118,101,73,20,10,6,5,9
7,0,0,7,9,0,9,8,0,17,71,93,110,107,107,103,86,108,117,109,76,17,13,9,5,5
5,0,0,0,0,0,6,6,0,17,72,86,110,108,109,105,90,104,104,101,68,13,9,9,6,5
7,0,0,0,6,0,8,0,0,12,75,97,110,110,107,102,103,105,104,101,69,14,11,9,9,11
10,0,0,6,7,6,9,0,0,13,83,100,106,106,104,83,101,104,102,95,71,14,12,13,8,9
9,0,5,0,10,5,8,0,0,14,88,103,107,105,109,89,98,106,102,74,61,38,25,13,9,9
10,0,0,9,10,9,10,7,6,31,103,102,113,112,108,95,103,114,107,100,80,53,21,12,9,14
9,0,7,14,25,10,14,0,0,54,112,138,117,115,121,107,107,115,106,97,75,55,18,12,9,11
6,0,0,6,10,7,7,10,5,13,82,105,99,92,89,74,73,84,85,82,70,51,16,9,6,7
0,0,4,8,11,7,8,0,0,41,87,107,104,92,87,87,78,75,72,86,69,50,15,9,8,9
8,6,7,9,8,5,0,0,0,52,76,100,93,90,91,93,84,90,77,90,81,35,11,9,0,13
7,6,8,8,7,0,6,0,0,54,94,105,102,91,86,103,95,93,104,83,81,54,12,12,6,9
10,0,6,9,9,0,0,0,0,44,76,96,90,87,69,81,84,84,79,82,70,50,14,13,11,8
9,6,0,7,0,0,0,0,0,51,69,84,87,86,66,65,68,76,76,76,70,53,21,9,10,12
8,0,0,6,8,0,6,0,0,51,68,81,86,75,63,57,63,69,78,79,73,53,15,11,8,9
9,0,7,7,10,0,6,0,7,38,69,81,85,81,66,57,62,68,78,78,74,55,21,10,10,11
8,0,7,11,8,0,7,0,0,38,64,75,81,75,65,57,58,65,74,78,71,53,18,9,10,9
0,0,0,5,0,6,5,6,0,40,70,82,80,73,60,55,56,62,66,76,68,51,21,10,9,12
10,5,0,8,10,6,8,0,0,17,74,81,82,75,61,55,53,60,66,75,72,50,25,12,10,11
5,5,9,7,8,5,9,0,0,12,73,72,78,69,59,55,55,59,70,80,67,50,15,12,9,11
0,6,6,8,0,6,8,0,0,9,63,74,72,70,58,53,52,58,66,75,67,47,18,9,5,10
6,0,6,6,0,6,5,0,0,10,60,75,75,67,58,51,52,58,62,71,61,32,15,9,7,8
5,0,0,0,0,0,0,0,0,16,53,78,88,64,53,36,31,53,62,83,70,27,13,10,4,7
8,0,7,0,8,0,0,0,0,38,60,90,112,64,55,45,53,59,68,125,88,50,13,10,9,12
0,0,0,0,0,0,3,6,0,13,58,81,87,59,50,14,22,43,55,91,75,27,10,10,5,0
0,0,0,7,0,0,5,9,0,0,50,72,63,52,28,9,13,27,35,55,59,18,11,9,6,0
0,0,0,5,0,0,0,0,0,0,42,53,53,35,17,13,14,23,15,36,50,13,10,8,5,4
0,0,0,0,0,0,0,0,0,0,26,51,50,21,13,11,11,13,14,31,35,14,11,0,5,5
0,0,0,0,8,0,6,0,0,0,35,40,36,17,10,9,11,11,11,20,30,13,9,6,7,5
5,5,4,0,10,0,5,0,0,5,25,28,17,19,9,9,8,7,14,14,20,12,6,0,0,6
0,8,10,12,13,9,9,7,6,14,52,56,53,57,57,53,54,56,56,54,50,13,14,12,10,14
6,0,8,7,8,0,0,0,0,11,14,59,83,79,67,54,60,71,70,62,34,11,12,6,0,6
0,0,8,9,6,0,0,0,0,10,33,84,102,102,97,62,68,85,82,73,32,10,12,0,4,8
5,0,6,8,8,0,0,0,6,12,23,94,104,102,101,64,68,94,94,87,56,14,16,7,7,8
7,0,0,10,0,0,0,0,0,9,15,79,101,102,81,60,70,80,88,79,62,12,11,6,0,6
8,0,0,0,0,0,0,0,0,11,32,75,100,92,90,64,65,76,90,79,61,5,8,9,7,8
7,0,0,0,0,0,0,0,0,13,51,69,84,84,84,64,67,73,94,70,59,11,13,8,6,4
8,0,0,10,0,0,7,8,0,29,61,78,94,101,82,77,77,79,75,66,57,12,11,7,8,12
10,5,8,9,8,0,9,8,5,36,65,84,109,113,95,76,84,94,83,70,58,10,9,9,4,7
10,0,6,11,8,0,8,7,0,30,74,86,123,120,109,96,85,111,110,81,62,9,9,5,4,8
7,0,0,8,9,0,9,8,0,17,81,93,117,96,103,94,81,107,118,101,73,20,10,6,5,10
7,0,0,7,8,0,9,7,0,19,72,93,110,107,107,104,86,108,117,109,78,17,13,9,5,5
5,0,0,0,0,0,6,6,0,17,72,87,110,108,109,105,90,104,104,101,69,13,9,9,7,6
7,0,0,0,6,0,8,0,0,12,75,98,110,110,107,102,102,105,104,101,69,14,11,9,9,11
10,0,5,6,7,6,9,0,0,13,84,100,106,106,104,84,101,104,102,96,71,14,12,13,8,9
9,0,4,0,10,4,8,0,0,14,90,103,107,105,109,89,98,106,102,74,61,38,25,13,9,9
10,0,0,9,10,9,10,7,6,34,103,103,112,112,108,95,103,114,107,100,79,53,21,12,9,14
9,0,7,14,25,10,14,0,0,55,113,139,117,114,121,108,107,115,106,97,75,55,18,12,9,11
6,0,0,6,10,7,7,10,5,13,82,105,99,91,89,75,73,84,85,82,70,51,16,9,6,7
0,0,4,8,11,8,8,0,0,41,88,107,104,92,87,87,78,75,72,86,69,50,14,9,8,9
8,6,7,9,8,6,0,0,0,52,77,100,93,90,91,93,84,90,77,90,81,35,11,9,0,13
7,6,8,8,7,0,6,0,0,54,95,105,102,91,86,103,94,92,104,83,81,54,12,12,6,9
10,0,6,9,9,0,0,0,0,44,77,97,90,87,69,81,84,84,79,82,70,50,14,13,11,8
9,6,0,7,0,0,0,0,0,51,69,84,87,86,66,65,68,76,76,76,70,52,20,9,10,12
8,0,0,6,8,0,6,0,0,51,68,81,86,75,63,57,63,69,78,79,73,53,15,11,8,10
9,0,7,7,10,0,6,0,7,40,69,81,85,81,66,58,62,68,77,78,74,55,21,10,10,11
9,0,7,11,8,0,7,0,0,38,64,75,81,74,65,57,58,65,74,78,70,53,18,9,10,9
0,0,0,5,0,6,5,6,0,42,70,82,80,73,60,56,56,62,66,76,68,51,21,10,9,12
10,5,0,8,10,6,8,0,0,20,74,81,82,74,61,55,53,60,66,75,72,50,25,12,10,11
5,5,9,7,8,5,9,0,0,12,73,72,78,69,59,55,54,59,70,80,67,50,15,12,9,11
0,6,6,8,0,6,9,0,0,9,63,74,72,70,57,53,52,58,66,75,67,47,19,9,5,10
6,0,6,6,0,6,5,0,0,10,60,75,75,67,58,50,52,58,62,71,61,32,15,9,7,8
5,0,0,0,0,0,0,0,0,17,53,78,88,63,53,38,31,53,61,83,70,25,13,10,4,7
8,0,7,0,8,0,0,0,0,38,60,90,113,64,55,45,53,59,68,125,88,50,13,10,9,12
0,0,0,0,0,0,3,6,0,13,58,81,87,59,50,14,22,40,55,91,75,27,10,10,5,0
0,0,0,6,0,0,5,9,0,0,50,72,62,52,26,9,12,25,35,55,59,18,11,9,6,0
0,0,0,5,0,0,0,0,0,0,44,54,53,35,16,13,14,21,15,38,50,13,10,8,5,4
0,0,0,0,0,0,0,0,0,0,26,51,50,21,13,11,11,13,14,31,36,14,11,4,5,5
0,0,0,0,7,0,6,0,0,0,37,40,34,17,10,9,11,11,11,20,30,13,9,6,7,5
5,5,4,0,10,0,5,0,0,5,26,28,17,19,9,9,8,0,14,14,20,12,6,0,0,6
0,8,10,12,13,9,9,7,6,14,53,56,53,57,57,53,54,56,56,54,45,13,14,11,10,14
7,0,8,7,8,0,0,0,0,11,14,60,83,81,67,54,59,71,71,62,36,11,12,5,0,6
0,0,8,9,6,0,0,0,0,10,33,85,102,102,97,62,67,85,83,73,29,10,12,0,4,8
5,0,6,8,8,0,0,0,6,12,23,94,104,102,101,64,68,94,93,89,57,14,16,7,7,8
7,0,0,10,0,0,0,0,0,9,15,78,100,102,80,60,70,80,88,79,63,12,11,6,0,6
8,0,0,0,0,0,0,0,0,11,32,74,100,93,89,64,65,76,90,80,61,6,8,9,7,8
7,0,0,0,0,0,0,0,0,13,51,69,83,84,83,64,67,72,94,70,61,11,13,8,6,4
9,0,0,10,0,0,7,8,0,27,61,78,94,101,82,77,76,78,75,66,59,12,11,6,8,12
10,5,8,9,8,0,9,8,5,38,65,84,109,113,95,76,84,94,83,70,59,10,9,9,4,7
11,0,6,11,8,0,8,7,0,27,74,86,124,120,108,95,85,111,110,81,67,9,9,5,4,8
7,0,0,8,9,0,9,9,0,17,80,93,117,96,103,94,81,106,118,102,75,20,10,6,5,9
7,0,0,7,8,0,9,7,0,20,71,93,110,107,107,104,86,108,117,109,76,17,13,9,5,5
5,0,0,0,0,0,6,6,0,17,72,87,110,108,109,105,90,104,104,101,69,13,9,9,6,6
7,0,0,0,6,0,8,0,0,12,77,99,110,110,107,102,102,105,104,101,68,14,11,8,9,11
11,0,5,6,7,6,9,0,0,13,86,100,106,106,104,84,101,104,101,96,73,14,12,12,8,9
9,0,5,0,10,4,8,0,0,14,90,103,107,105,109,88,97,106,102,75,61,38,26,13,9,9
10,0,0,9,10,9,10,7,6,31,103,102,112,112,108,96,103,114,106,100,79,53,23,12,9,14
9,0,7,14,25,10,14,0,0,55,113,138,117,114,121,108,107,115,106,97,75,55,18,12,9,11
6,0,0,6,10,7,7,10,5,13,82,105,99,92,89,75,74,84,84,82,70,51,18,8,6,7
0,0,4,8,11,8,8,0,0,41,88,107,104,92,86,87,78,75,72,86,69,50,15,9,8,9
8,6,7,9,8,6,0,0,0,52,77,100,94,89,90,93,84,89,77,90,81,37,11,9,0,13
7,6,7,8,6,0,6,0,0,54,95,105,102,91,86,103,94,93,104,83,81,54,12,12,6,9
10,0,6,9,9,0,0,0,0,44,77,97,90,87,69,81,84,84,79,82,70,50,14,12,11,8
9,6,0,6,0,0,0,0,0,51,69,84,87,86,66,65,68,76,76,76,70,52,21,9,10,12
8,0,0,6,8,0,6,0,0,51,68,81,86,75,63,57,62,69,78,79,73,53,17,11,8,10
9,0,7,7,10,0,6,0,7,40,69,81,85,81,65,57,61,68,77,78,74,54,21,10,10,11
9,0,7,11,8,0,7,0,0,38,64,75,81,75,65,57,58,65,74,78,70,53,18,9,10,9
0,0,0,5,0,6,6,6,0,40,70,83,79,73,60,56,56,62,66,75,68,51,23,10,9,12
10,5,0,8,10,6,8,0,0,20,74,81,82,74,61,55,53,60,66,75,72,50,26,11,10,11
5,5,9,7,8,5,9,0,0,12,73,72,79,69,59,55,54,59,70,80,66,50,15,12,9,11
0,5,7,8,0,6,9,0,0,9,63,74,72,69,57,53,51,58,66,75,67,47,19,9,5,10
7,0,6,6,0,6,5,0,0,10,60,75,75,67,58,50,52,58,62,72,62,32,15,9,7,8
5,0,0,0,0,0,0,0,0,17,53,78,88,64,53,36,31,53,61,84,70,25,13,10,4,7
9,0,7,0,7,0,0,0,0,40,60,90,112,64,55,47,53,59,68,126,88,50,13,10,9,12
0,0,0,0,0,0,3,6,0,13,58,80,86,59,50,14,22,40,55,90,75,30,10,10,5,0
0,0,0,6,0,0,5,9,0,0,50,72,63,51,26,9,12,27,33,56,59,18,11,9,6,0
0,0,0,5,0,0,0,0,0,0,44,54,53,35,16,13,14,23,15,38,50,13,10,8,5,4
0,0,0,0,0,0,0,0,0,0,27,51,50,21,13,11,11,13,14,29,36,14,11,0,5,5
0,0,0,0,7,0,6,0,0,0,37,40,34,17,10,9,11,11,11,20,30,13,9,5,7,5
5,5,4,0,10,0,5,0,0,5,26,28,17,19,9,9,8,0,14,14,20,12,7,0,0,6
0,8,10,12,13,9,9,7,6,14,53,56,53,57,56,53,53,56,56,55,47,13,15,11,10,14
7,0,8,7,8,0,0,0,0,11,14,60,83,81,67,55,59,71,71,62,36,11,12,5,0,6
0,0,8,9,6,0,0,0,0,10,30,85,101,102,97,62,67,85,83,75,30,10,12,0,4,8
5,0,6,8,8,0,0,0,6,12,23,96,104,103,100,64,68,95,93,90,57,14,17,7,7,8
7,0,0,10,0,0,0,0,0,9,17,79,100,102,80,60,70,80,87,79,64,12,11,6,0,6
8,0,0,0,0,0,0,0,0,11,35,75,100,93,89,64,65,76,90,81,61,5,8,9,7,8
8,0,0,0,0,0,0,0,0,13,51,70,83,84,84,64,67,72,94,70,61,11,13,8,6,4
9,0,0,10,0,0,8,7,0,29,61,78,94,101,82,77,76,79,75,66,58,12,11,6,8,12
10,5,8,9,7,0,9,8,5,36,64,84,109,113,95,76,84,94,83,70,58,11,9,9,0,7
11,0,6,11,8,0,8,7,0,25,74,86,124,120,108,94,85,110,110,81,66,9,9,5,4,8
7,0,0,8,9,0,9,8,0,17,80,93,116,96,103,94,81,106,118,101,75,22,10,6,5,9
7,0,0,7,8,0,10,7,0,19,72,93,110,107,106,103,86,108,117,109,78,20,13,9,5,5
5,0,0,0,0,0,6,6,0,17,71,87,110,107,109,105,90,104,104,101,69,13,9,9,6,6
7,0,0,0,6,0,8,0,0,12,77,99,110,110,107,101,102,105,103,101,66,14,11,8,9,11
11,0,5,6,7,6,9,0,0,13,84,100,106,106,104,83,101,104,101,97,73,14,12,12,8,9
9,0,5,0,10,4,8,5,0,14,90,103,107,105,109,88,97,106,102,75,61,38,25,13,9,9
10,0,0,9,10,9,10,7,6,31,103,103,112,112,107,95,103,114,106,100,80,53,25,12,9,14
9,0,7,14,25,9,14,0,0,55,113,139,117,114,121,107,107,115,106,97,75,56,18,12,9,11
6,0,3,6,10,7,7,10,5,13,82,106,99,91,88,74,73,84,85,83,70,52,16,8,6,7
0,0,4,8,11,8,8,0,0,41,89,108,104,92,86,87,77,74,72,87,69,51,14,9,8,9
8,6,7,9,8,6,0,0,5,52,77,100,93,90,90,93,84,89,77,90,81,37,11,9,0,13
7,6,7,8,6,0,6,0,0,54,96,106,102,90,86,103,94,92,104,84,82,54,12,12,6,9
9,0,6,9,9,5,0,0,0,44,77,97,90,87,69,81,84,84,79,82,70,51,14,12,11,8
9,6,0,6,0,0,0,0,0,51,70,84,87,86,66,65,68,76,76,76,70,52,21,9,10,12
8,0,0,6,8,0,6,0,0,51,68,81,86,75,63,57,62,69,77,79,73,54,17,11,8,10
9,0,7,7,10,0,7,0,7,40,69,81,85,81,66,57,61,68,77,79,74,55,23,10,10,11
9,0,7,11,8,0,7,0,0,38,64,75,81,74,65,57,58,65,73,79,70,53,18,9,10,9
0,0,0,6,0,6,6,6,0,40,70,83,80,73,60,56,57,62,66,76,67,51,25,10,9,12
10,5,0,8,10,6,8,0,0,20,75,82,81,74,61,55,53,60,66,75,72,51,26,11,10,11
5,5,9,7,8,5,9,0,0,12,73,72,78,69,59,55,54,59,70,80,66,50,16,12,9,11
0,5,6,8,0,6,9,0,0,10,63,74,72,69,57,53,51,58,66,75,67,47,19,9,5,10
6,0,6,6,0,6,5,0,0,10,60,75,75,66,57,50,52,58,62,72,61,32,15,9,7,8
5,0,0,0,0,0,0,0,0,17,53,78,88,64,53,36,31,54,61,84,70,27,13,10,4,6
8,0,7,0,7,0,0,0,0,38,60,91,112,64,55,47,53,59,68,126,88,50,13,10,9,12
0,0,0,0,0,0,3,6,0,13,58,80,86,59,50,14,22,38,55,90,75,30,10,10,5,0
0,0,0,7,0,0,5,9,0,0,50,72,63,51,26,9,12,27,31,56,59,20,11,8,6,0
0,0,0,5,0,0,0,0,0,0,44,54,53,35,16,13,14,23,14,38,50,13,10,8,5,4
0,0,0,0,0,0,0,0,0,0,27,51,47,21,13,11,11,12,14,31,36,14,11,0,5,5
0,0,0,0,8,0,6,0,0,0,37,40,31,17,10,9,11,11,11,20,30,13,9,5,7,5
5,5,4,0,10,0,5,0,0,6,26,29,17,18,9,9,8,0,14,15,20,12,7,0,0,6
0,8,10,13,13,9,9,7,6,14,53,56,53,57,57,53,53,56,56,55,45,13,16,11,10,14
7,0,8,8,8,0,0,0,0,11,14,60,84,79,68,55,60,71,71,62,36,11,12,5,0,6
0,0,8,9,6,0,0,0,0,10,33,85,101,102,98,62,67,85,83,76,29,10,12,0,4,8
5,0,6,8,9,0,0,0,6,12,23,94,104,103,101,64,68,95,92,89,58,14,17,7,7,8
7,0,0,10,0,0,0,0,0,9,15,80,100,102,80,60,70,80,88,80,63,12,11,6,0,6
8,0,0,0,0,0,0,0,0,11,35,75,100,93,89,64,64,76,90,81,61,5,9,9,7,8
8,0,0,0,0,0,0,0,0,13,51,70,83,83,84,64,67,72,94,70,61,11,13,8,6,4
9,0,0,10,0,0,8,7,0,29,61,78,93,101,82,77,76,79,75,66,59,12,11,6,7,12
10,5,8,9,7,0,8,9,5,36,64,84,109,113,95,76,83,94,83,70,58,11,9,9,0,7
10,0,6,11,8,0,9,7,0,27,74,86,124,120,109,94,85,110,110,81,66,9,9,5,4,8
7,0,0,7,9,0,9,8,0,15,80,93,116,97,103,94,81,106,118,101,75,22,10,6,5,9
7,0,0,7,8,0,10,7,0,20,72,93,110,106,106,103,86,108,117,109,78,17,13,9,5,5
5,0,0,0,0,0,6,6,0,19,72,87,110,108,109,105,90,104,104,101,70,13,9,9,6,6
7,0,0,0,6,0,8,0,0,12,75,100,110,110,107,102,102,105,103,101,66,14,11,8,9,11
10,5,5,6,7,6,9,0,0,13,84,100,106,106,104,83,101,104,101,97,73,14,12,12,8,9
9,0,5,0,10,4,8,0,0,14,90,103,107,105,109,88,97,106,102,74,61,38,25,13,9,9
10,0,0,9,10,9,10,7,6,29,103,103,112,112,108,95,103,114,106,100,79,53,25,12,9,14
9,0,7,14,25,10,14,0,0,54,113,138,117,114,121,107,107,115,106,97,74,55,18,12,9,11
6,0,3,6,10,7,7,10,5,13,82,106,98,91,89,74,73,84,84,83,70,52,18,9,6,7
0,0,5,8,11,7,8,0,0,38,89,107,104,92,87,87,77,74,72,87,69,51,15,9,8,9
8,6,7,9,8,6,0,0,0,52,77,100,93,90,90,92,84,90,77,90,81,37,11,9,0,13
7,6,7,8,6,0,6,0,0,54,95,106,102,90,86,103,93,92,104,84,81,54,12,12,6,9
9,0,6,9,9,5,0,0,0,44,77,97,89,87,69,81,83,84,78,82,69,51,14,12,11,8
9,6,0,6,0,0,0,0,0,51,69,84,87,86,66,65,68,76,76,76,70,52,21,9,10,12
8,0,0,6,8,0,6,0,0,51,68,81,86,75,63,56,62,69,77,79,73,54,19,11,8,10
9,0,7,7,10,0,7,0,7,40,69,81,85,81,65,57,61,68,77,79,73,55,23,10,10,11
9,0,7,11,8,0,7,0,0,38,63,75,81,74,65,57,58,65,74,78,70,53,18,9,10,9
0,0,0,6,0,6,6,6,0,40,70,82,79,73,60,56,56,62,66,76,67,51,26,10,9,12
10,5,0,8,10,6,8,0,0,20,74,82,81,74,61,55,53,60,66,75,72,50,27,11,10,11
5,5,9,7,8,5,9,0,0,12,73,72,78,69,59,55,54,59,69,80,66,50,16,12,9,11
0,5,7,8,0,6,9,0,0,10,63,74,72,69,57,53,51,58,66,75,67,50,19,9,5,10
6,0,6,6,0,6,5,0,0,10,60,75,75,66,58,50,52,58,62,72,61,32,15,9,7,9
5,0,0,0,0,0,0,0,0,18,52,78,87,64,53,34,31,54,61,84,70,27,13,10,4,6
9,0,7,0,7,0,0,0,0,38,60,91,112,64,55,47,54,59,68,125,88,48,13,10,9,12
0,0,0,0,0,0,3,6,0,13,58,80,86,59,50,14,22,38,55,90,75,30,10,10,5,0
0,0,0,7,0,0,5,9,0,0,50,72,63,51,26,9,12,27,31,56,59,20,11,8,6,0
0,0,0,5,0,0,0,0,0,0,44,54,53,35,17,13,14,23,14,38,50,13,10,8,5,4
0,0,0,0,0,0,0,0,0,0,26,51,47,19,13,11,11,12,13,31,36,14,11,0,5,5
0,0,0,0,7,0,6,0,0,0,35,40,34,17,10,9,11,11,11,20,30,13,9,5,7,5
5,5,4,0,10,0,5,0,0,6,26,29,17,19,9,9,8,0,14,14,19,11,7,0,0,5
0,8,10,13,13,9,9,7,6,14,53,56,53,57,58,53,53,56,56,55,45,13,16,11,10,14
7,0,8,8,8,0,0,0,0,11,14,60,84,79,68,54,60,72,71,62,36,11,12,5,0,6
0,0,8,9,6,0,0,0,0,10,33,85,102,102,97,62,67,85,83,76,30,10,12,0,4,8
5,0,6,8,9,0,0,0,6,12,23,94,104,103,101,64,68,95,93,89,58,14,18,7,7,8
7,0,0,10,0,0,0,0,0,9,17,80,100,102,80,60,71,81,88,80,63,12,11,6,0,6
8,0,0,0,0,0,0,0,0,11,35,75,100,94,89,64,65,76,90,81,61,5,9,9,6,8
8,0,0,0,0,0,0,0,0,13,51,69,83,83,84,64,67,72,94,70,61,11,13,8,6,4
9,0,0,10,0,0,7,8,0,27,61,78,93,101,82,77,77,79,75,65,59,12,11,6,7,12
10,5,8,9,7,0,8,8,5,36,64,83,109,113,95,76,83,94,83,70,58,11,9,9,0,6
10,0,6,11,8,0,8,7,0,25,74,85,124,120,109,94,85,110,110,81,67,9,9,5,4,8
7,0,0,7,9,0,10,8,0,15,79,93,117,97,103,94,80,106,118,101,75,22,10,6,5,9
7,0,0,7,8,0,10,7,0,19,72,93,110,106,106,103,86,108,117,109,78,17,13,9,5,5
4,0,0,0,0,0,6,6,0,19,71,87,110,108,109,105,89,103,104,101,69,13,9,9,6,5
7,0,0,0,6,0,8,0,0,12,75,100,110,110,107,101,102,105,103,101,66,14,11,8,9,11
11,5,5,7,7,7,9,0,0,13,84,99,106,106,104,83,100,104,101,96,71,14,12,12,8,9
9,0,5,0,10,4,8,0,0,14,88,103,107,105,109,88,97,106,102,74,61,38,25,13,9,9
11,0,0,9,10,9,10,7,6,27,103,103,112,111,108,95,103,114,106,100,80,53,25,12,9,14
9,0,7,14,25,10,14,0,0,54,113,138,117,114,121,106,106,115,106,97,75,55,20,12,9,11
6,0,3,6,10,7,7,10,5,13,82,105,98,91,88,74,73,84,85,83,70,52,18,8,6,7
0,0,5,8,11,7,8,0,0,38,88,107,104,92,86,86,77,74,72,87,69,51,15,9,8,9
8,6,7,9,8,6,0,0,0,52,78,100,93,90,90,92,84,90,77,90,82,35,11,9,0,13
7,7,7,8,6,0,6,0,0,54,95,106,102,91,86,103,93,92,104,84,81,54,12,12,6,9
9,0,6,10,9,5,0,0,0,44,77,96,90,87,69,81,83,84,78,82,70,51,14,12,11,8
9,6,0,7,0,0,0,0,0,51,69,83,87,86,66,65,68,76,76,76,70,52,20,8,10,12
8,0,0,6,8,0,6,0,0,51,68,81,86,75,63,56,62,69,77,79,73,54,17,11,8,9
10,0,7,7,10,0,7,0,7,40,69,81,85,81,65,57,61,68,77,79,73,55,23,10,10,11
9,0,7,11,8,0,7,0,0,38,63,75,81,74,65,57,58,65,74,78,71,53,20,9,10,9
0,0,0,6,0,6,6,6,0,42,71,82,80,73,60,55,56,62,66,76,67,51,25,10,9,11
10,5,0,8,10,6,8,0,0,20,74,82,81,74,61,55,54,60,66,75,72,51,27,11,10,10
5,5,9,7,8,5,9,0,0,12,73,72,78,69,59,55,55,59,70,80,66,50,16,12,9,11
0,5,6,8,0,6,9,0,0,10,63,74,72,69,57,53,51,57,66,75,68,50,19,9,5,10
7,0,6,6,0,6,5,0,0,10,60,74,75,66,57,50,52,58,62,72,61,32,15,9,7,9
5,0,0,0,0,0,0,0,0,17,53,78,87,64,53,34,31,54,61,84,70,27,13,10,4,6
9,0,7,0,7,0,0,0,0,38,60,91,112,64,55,45,53,59,68,125,88,48,13,10,9,12
0,0,0,0,0,0,3,6,0,13,58,80,86,59,50,14,22,40,55,90,75,30,10,10,5,0
0,0,0,7,0,0,5,9,0,0,50,71,63,51,26,9,12,27,33,56,59,20,11,8,6,0
0,0,0,5,0,0,0,0,0,0,44,53,53,33,17,13,14,23,14,38,50,13,10,7,5,4
0,0,0,0,0,0,0,0,0,0,27,51,47,19,13,11,11,12,13,31,35,14,11,0,5,5
0,0,0,0,8,0,6,0,0,0,35,39,34,17,10,9,11,11,11,20,30,13,9,5,7,5
5,5,4,0,10,0,5,0,0,6,26,28,17,18,9,9,8,0,14,14,19,12,7,0,0,5
0,8,10,13,13,9,9,7,6,14,52,56,54,57,58,53,54,56,55,55,50,13,16,11,9,14
7,0,8,8,8,0,0,0,0,11,14,60,84,79,68,54,60,72,71,62,31,11,12,6,0,6
0,0,8,10,6,0,0,0,0,10,33,85,102,102,96,62,68,85,83,76,31,11,12,0,4,8
5,0,6,8,9,0,0,0,6,13,23,94,104,103,100,64,68,96,93,89,58,14,18,7,7,7
7,0,0,10,0,0,0,0,0,9,17,80,100,102,80,60,70,81,88,80,62,12,11,6,0,6
8,0,0,0,0,0,0,0,0,11,32,75,100,94,90,64,65,76,91,81,61,6,9,9,6,8
8,0,0,0,0,0,0,0,0,13,51,69,83,84,84,63,67,72,94,70,60,11,13,8,6,4
8,0,0,10,0,0,7,8,0,29,61,78,94,101,82,77,77,79,75,65,58,12,11,7,7,11
10,5,7,9,8,0,9,9,5,33,64,83,109,113,95,76,83,94,83,70,58,10,9,9,0,6
10,0,6,11,8,0,9,7,0,25,73,86,124,120,109,94,85,110,110,81,63,9,9,5,4,8
7,0,0,7,9,0,10,8,0,15,79,93,117,96,103,93,81,107,118,101,75,25,11,6,5,9
7,0,0,7,8,0,10,7,0,20,72,94,110,107,107,103,86,108,118,109,79,17,13,9,5,5
5,0,0,0,0,0,6,6,0,19,72,87,110,108,109,104,89,104,104,101,69,13,9,9,6,5
7,0,0,0,6,0,8,0,0,12,74,100,110,110,107,101,102,105,103,101,66,14,11,8,9,11
11,5,0,7,7,6,9,0,0,13,84,99,106,106,104,83,101,104,101,96,73,14,12,12,8,9
9,0,5,0,10,4,8,0,0,14,88,104,107,105,108,88,97,106,102,74,61,39,25,13,9,9
11,0,0,9,10,9,10,7,7,27,103,103,112,112,108,95,103,114,106,100,80,52,26,12,9,14
9,0,7,14,25,10,14,0,0,54,113,139,117,114,121,106,106,115,106,97,75,55,18,12,9,11
6,0,3,6,10,7,7,10,5,13,81,106,98,91,89,74,73,84,85,83,70,51,16,8,6,7
0,0,4,8,11,7,8,0,0,38,88,107,104,92,86,86,77,75,72,87,69,51,15,9,8,9
8,6,7,9,8,6,0,0,0,52,77,100,93,90,90,92,83,90,77,89,82,32,11,9,0,13
7,7,8,8,6,0,6,0,0,54,95,105,102,91,86,102,93,93,104,84,81,54,12,12,6,9
9,0,6,10,9,5,0,0,0,44,77,96,89,86,69,81,83,84,79,82,70,51,14,12,11,8
9,6,0,7,0,0,0,0,0,51,69,84,87,86,65,65,68,76,76,76,70,52,20,8,10,12
8,0,0,6,8,0,6,0,0,51,68,81,86,75,63,56,62,69,77,79,73,54,17,11,8,9
10,0,7,7,10,0,7,0,7,41,69,81,85,81,65,57,61,68,77,79,73,55,23,10,10,11
8,0,7,11,8,0,7,0,0,38,63,75,81,74,65,57,58,65,74,78,71,53,18,9,10,9
0,0,0,6,0,6,6,7,0,40,70,82,80,74,60,55,56,62,66,77,67,51,25,10,9,11
10,5,0,8,10,6,8,0,0,20,74,82,81,74,61,55,54,60,66,75,72,51,27,12,10,10
4,5,9,7,8,4,9,0,0,12,73,72,78,68,59,55,55,59,70,79,66,50,16,12,9,11
0,6,7,8,0,6,9,0,0,10,63,74,72,69,57,53,51,58,66,75,67,50,19,9,5,10
6,0,6,6,0,6,6,0,0,10,60,75,75,66,57,50,52,58,62,71,61,32,14,9,7,9
6,0,0,0,0,0,0,0,0,17,52,78,88,64,53,34,31,54,61,83,70,29,13,10,4,6
8,0,7,0,7,0,0,0,0,38,60,90,113,64,55,42,53,59,68,125,88,48,13,10,9,12
0,0,0,0,0,0,3,6,0,13,57,80,87,59,51,14,22,40,55,91,75,30,10,10,5,0
0,0,0,6,0,0,5,9,0,0,50,72,63,51,26,9,12,29,35,55,59,20,11,8,6,0
0,0,0,5,0,0,0,0,0,0,44,54,53,33,16,13,14,23,15,38,50,13,10,7,5,4
0,0,0,0,0,0,0,0,0,0,27,51,47,21,13,11,11,12,13,31,36,14,11,0,5,5
0,0,0,0,8,0,6,0,0,0,35,39,34,17,10,8,11,11,11,20,30,13,9,5,7,5
5,5,4,0,10,0,5,0,0,6,25,28,17,18,9,9,8,0,14,13,19,11,7,0,0,6
0,8,10,13,13,9,9,7,6,14,51,56,54,57,58,52,54,56,55,55,50,13,16,11,9,14
7,0,8,7,8,0,0,0,0,11,14,59,85,79,68,54,60,72,70,62,29,11,12,6,0,6
0,0,8,10,6,0,0,0,0,10,36,84,102,102,96,62,68,85,82,75,31,11,12,0,4,8
5,0,6,8,9,0,0,0,6,13,23,94,104,103,101,64,68,95,93,89,58,14,18,7,7,8
7,0,0,10,0,0,0,0,0,9,15,80,100,102,81,59,71,81,87,79,62,12,11,6,0,6
8,0,0,0,0,0,0,0,0,11,32,75,100,94,90,64,65,76,88,81,60,6,9,9,7,8
8,0,0,0,0,0,0,0,0,13,51,69,84,84,84,64,67,72,94,70,59,11,13,8,6,4
8,0,0,10,0,0,7,8,0,29,60,78,94,101,83,77,77,79,75,65,58,12,11,7,7,12
10,5,8,9,8,0,9,9,5,36,65,83,109,113,95,76,83,94,83,70,58,10,9,9,0,6
10,0,6,11,8,0,9,7,0,25,73,85,123,120,109,95,85,110,110,81,62,9,9,5,4,8
7,0,0,7,9,0,10,8,0,15,79,93,117,96,103,94,81,107,118,101,74,22,11,6,5,9
7,0,0,0,8,0,10,7,0,20,71,93,110,107,107,103,86,107,117,109,79,17,13,9,5,5
5,0,0,0,0,0,6,6,0,17,72,87,110,108,109,105,89,104,103,101,69,13,9,9,6,5
7,0,0,0,6,0,8,0,0,12,74,99,110,110,107,101,102,105,103,101,66,14,11,8,9,11
11,5,0,6,7,7,9,0,0,13,83,99,106,106,104,83,100,104,101,96,73,14,12,12,8,9
9,0,5,0,10,4,8,0,0,14,88,104,107,105,108,88,97,106,102,73,61,39,25,13,9,9
11,0,0,9,10,9,10,7,7,29,103,102,113,112,108,95,103,114,106,100,79,53,25,12,9,14
9,0,7,14,25,9,14,0,0,54,113,139,118,114,121,106,106,115,106,97,75,55,20,12,9,11
6,0,0,6,10,7,7,10,5,13,82,105,99,92,89,74,73,84,85,83,70,52,18,8,6,7
0,0,4,8,11,7,8,0,0,38,88,107,104,92,87,86,78,75,71,87,69,51,16,9,8,9
8,6,7,9,8,6,0,0,0,52,77,100,93,90,90,92,84,90,77,89,81,32,11,9,0,13
7,7,8,8,6,0,6,0,0,54,95,105,101,91,86,102,93,93,104,83,81,54,12,12,6,9
9,0,6,9,9,5,0,0,0,44,77,96,89,86,69,81,83,84,78,82,70,51,14,13,11,8
9,6,0,7,0,0,0,0,0,51,69,84,88,86,65,65,68,76,75,76,70,52,21,9,10,12
8,0,0,6,8,0,6,0,0,51,68,81,86,75,63,57,62,69,77,79,73,54,17,11,8,9
10,0,7,7,10,0,7,0,7,41,69,81,85,81,65,57,61,68,77,79,74,55,23,10,10,11
9,0,7,11,8,0,7,0,0,38,63,75,81,74,65,57,58,65,74,78,70,53,20,9,10,9
4,0,0,5,0,6,6,7,0,40,70,82,80,74,60,55,56,62,66,76,67,51,25,10,9,11
10,5,0,8,10,6,8,0,0,20,74,81,82,74,61,55,54,60,65,75,72,51,27,12,10,11
5,5,9,7,8,5,9,0,0,12,73,72,78,68,59,55,55,59,69,79,66,50,16,12,9,11
0,6,7,8,0,6,9,0,0,10,63,74,72,70,57,53,51,58,66,75,67,50,19,9,5,10
7,0,6,6,0,6,6,0,0,10,60,75,75,66,57,50,52,58,62,71,61,32,14,9,7,9
6,0,0,0,0,0,0,0,0,17,53,78,88,64,53,34,31,54,61,83,70,29,13,10,4,6
9,0,7,0,7,0,0,0,0,38,60,90,113,64,55,45,54,59,67,125,88,48,13,10,9,12
0,0,0,0,0,0,3,6,0,13,57,80,87,60,51,14,22,43,55,91,75,30,10,10,5,0
0,0,0,6,0,0,5,9,0,0,50,72,63,51,28,9,12,29,33,55,59,20,11,8,6,0
0,0,0,5,0,0,0,0,0,0,44,53,53,35,15,13,14,21,15,38,50,13,10,7,5,4
0,0,0,0,0,0,0,0,0,0,26,51,50,21,13,11,11,13,13,31,36,14,11,0,5,5
0,0,0,0,8,0,6,0,0,0,34,39,36,16,10,9,11,11,11,20,30,13,9,5,7,5
5,5,4,0,10,0,5,0,0,6,25,28,17,19,9,9,8,0,14,13,19,12,7,0,0,6
