0,8,13,12,11,12,19,17,60,80,90,90,115,144,153,130,99,76,13,0,23,14,34,0,10,13
13,7,13,12,11,15,15,13,75,104,110,116,133,138,138,122,105,113,76,0,59,58,47,0,9,8
0,0,9,16,12,15,12,22,72,103,112,120,131,127,128,115,103,111,50,0,42,43,55,0,19,9
9,7,13,20,11,12,12,14,68,100,107,122,134,123,118,87,72,83,12,0,41,34,42,0,14,12
10,4,0,13,13,11,8,0,22,92,104,118,126,120,110,69,57,53,5,0,13,11,19,0,8,8
9,0,0,7,0,0,8,10,50,79,105,115,121,118,111,74,52,42,0,0,7,4,6,0,11,9
12,0,0,6,0,0,9,18,54,70,92,112,113,117,120,82,54,43,0,0,9,0,14,0,10,7
5,0,8,11,0,11,12,12,50,78,107,117,120,120,110,83,52,43,0,0,11,9,8,0,10,10
10,4,9,11,8,10,12,13,53,90,104,114,120,118,106,69,52,34,10,0,12,9,7,0,6,5
9,0,7,13,11,10,13,14,66,102,114,115,124,117,108,76,51,22,0,0,0,6,10,0,4,0
6,0,0,12,11,8,13,13,53,91,114,119,123,112,102,75,49,21,5,0,0,0,5,0,8,7
8,0,0,11,10,10,14,31,67,101,116,123,127,116,111,83,49,15,0,0,7,7,11,0,8,6
5,0,6,10,7,7,13,17,61,106,119,120,125,122,107,84,54,14,0,0,9,9,8,0,4,8
8,5,0,7,6,7,12,16,59,106,117,117,121,108,102,70,58,17,7,0,10,9,9,0,7,5
11,6,5,10,7,5,13,20,79,106,116,115,116,102,87,64,52,18,8,0,10,10,10,0,9,4
10,6,6,10,12,9,13,28,84,110,120,115,114,102,100,71,54,14,7,0,8,8,12,0,8,9
12,8,8,12,12,10,14,52,100,117,129,120,119,105,92,73,47,14,7,0,10,9,12,0,8,7
7,0,6,13,14,13,31,46,76,104,135,130,119,94,73,59,38,14,4,0,6,7,10,0,9,8
10,0,8,12,14,13,50,59,100,125,157,165,114,88,65,38,45,21,0,0,10,11,13,0,6,4
5,0,8,15,19,13,50,65,112,129,152,161,135,98,71,57,42,13,6,0,12,13,12,0,8,7
10,8,10,12,13,13,53,83,119,137,138,138,124,94,65,58,12,6,0,0,9,8,9,0,7,9
10,7,11,13,13,22,55,79,118,146,148,142,120,97,76,62,45,12,7,0,10,11,12,0,5,7
12,0,10,14,13,13,52,72,108,145,153,137,109,91,68,56,50,11,0,0,13,12,11,0,8,8
11,6,8,13,13,12,50,62,91,117,138,130,106,91,67,58,53,19,0,0,12,6,13,0,7,12
11,0,8,14,11,11,23,58,83,107,125,113,102,89,67,57,53,20,7,0,12,0,12,0,8,8
13,0,10,14,11,11,14,25,71,87,104,105,102,90,68,55,48,14,0,0,12,7,11,0,10,6
11,0,10,14,11,12,13,34,61,82,89,99,99,86,71,55,44,23,0,0,9,0,8,0,9,9
5,0,7,11,8,10,9,10,56,78,98,100,102,86,71,54,41,13,8,0,9,8,8,0,5,8
10,6,5,11,11,7,10,0,51,68,89,93,103,89,70,53,32,10,6,0,10,8,11,0,5,7
5,4,7,8,8,5,8,0,15,62,78,78,91,83,66,54,28,10,0,0,8,0,7,0,0,0
0,4,5,8,0,8,6,0,14,55,69,77,86,78,66,54,14,11,0,0,10,0,0,0,0,7
6,0,6,0,0,7,0,0,10,47,67,74,82,77,67,53,12,7,6,0,8,0,7,0,0,5
0,0,0,0,0,0,0,0,6,26,57,70,80,74,60,50,9,7,0,0,7,4,0,0,0,3
0,0,0,0,5,0,0,0,0,38,47,69,76,69,57,37,9,6,0,0,7,0,6,0,5,0
0,0,0,0,0,0,5,0,7,31,43,66,81,85,58,30,12,9,0,0,0,0,0,0,0,0
0,0,0,8,0,0,6,8,11,51,57,69,86,84,61,28,12,11,0,0,0,0,9,0,0,0
5,0,0,6,5,0,6,6,11,27,58,72,108,82,54,30,13,10,0,0,0,0,9,0,0,0
0,0,0,0,0,7,6,5,12,54,61,82,100,72,38,14,10,9,0,0,7,0,10,0,4,0
0,0,5,6,9,7,6,0,12,39,69,90,91,67,12,13,11,10,0,0,8,0,6,0,5,6
9,8,7,7,11,0,8,9,11,43,68,88,83,60,19,10,12,9,0,0,9,0,9,0,0,0
0,7,12,12,11,12,19,8,57,77,88,90,115,144,154,131,98,74,57,0,25,14,34,0,10,14
13,6,13,12,11,14,15,7,70,102,109,115,132,139,140,124,105,112,90,0,60,57,48,0,8,8
0,0,9,15,12,14,12,8,66,102,110,119,131,128,129,116,104,111,67,0,44,42,55,0,19,9
9,7,13,20,11,12,12,0,64,94,106,121,135,124,120,91,73,82,19,0,50,34,42,0,14,12
9,0,0,13,13,11,8,0,14,85,103,117,126,122,113,72,58,50,9,0,14,11,20,0,8,8
9,0,0,7,0,0,8,0,38,74,104,114,122,120,115,78,53,40,0,0,9,4,6,0,12,10
11,0,0,6,0,0,8,8,52,67,88,111,114,119,125,88,55,39,0,0,10,0,14,0,11,7
5,0,8,11,0,10,12,0,42,74,105,116,121,122,114,89,53,36,9,0,11,9,9,0,10,10
9,0,8,11,8,9,12,0,46,85,102,113,121,120,110,73,52,29,13,0,12,8,7,0,6,5
9,0,7,13,11,10,13,0,60,100,112,115,124,119,111,80,51,14,9,0,0,7,10,0,5,0
6,0,0,11,11,8,14,0,50,86,112,119,124,114,104,78,50,14,8,0,0,0,5,0,8,7
8,0,0,11,10,10,14,0,64,98,115,123,127,118,113,86,50,14,8,0,8,7,11,0,8,6
5,0,6,9,7,0,13,0,57,105,119,120,126,122,109,88,56,14,7,0,9,9,8,0,4,8
8,5,0,7,0,6,12,15,54,105,116,117,121,108,103,73,58,14,9,0,10,9,9,0,7,5
11,6,0,9,7,4,13,20,72,104,115,114,116,103,90,65,50,14,10,0,10,10,10,0,9,4
9,5,6,10,12,8,13,28,77,108,118,115,114,103,101,73,54,13,10,0,7,7,12,0,8,9
12,7,8,12,11,9,14,50,92,114,127,118,118,105,94,73,41,12,9,0,10,8,12,0,8,7
8,0,5,12,14,13,34,44,71,101,132,127,118,95,76,60,42,13,7,0,6,7,10,0,9,8
10,0,8,12,14,13,50,56,93,121,153,160,112,87,68,41,45,20,9,0,11,11,13,0,6,4
5,0,8,17,19,13,50,63,109,125,147,157,133,98,73,58,40,12,9,0,12,13,12,0,7,7
11,9,10,12,13,14,52,78,116,132,134,136,122,94,67,58,13,6,10,0,10,9,9,0,7,10
10,8,12,14,14,35,53,76,115,141,145,140,120,97,78,63,42,11,12,0,11,11,12,0,6,7
12,0,10,14,14,14,51,70,105,142,148,134,109,92,70,56,45,11,6,0,13,12,11,0,8,8
11,6,8,14,14,13,50,62,87,114,135,128,106,91,69,59,52,15,7,0,12,5,12,0,7,12
11,0,8,14,12,11,21,56,80,104,123,112,102,90,70,58,53,17,11,0,12,0,10,0,8,8
13,0,10,14,11,11,14,37,68,84,102,105,103,91,71,56,50,13,7,0,12,6,11,0,10,6
10,0,10,14,11,12,14,39,57,79,87,99,100,87,74,56,44,19,9,0,10,0,8,0,9,10
4,0,7,11,9,11,9,13,53,74,96,100,103,88,75,56,41,13,12,0,10,8,9,0,5,9
10,5,0,10,11,7,10,0,43,64,86,93,105,91,73,54,31,10,9,0,10,8,12,0,5,7
5,4,7,8,9,4,9,0,13,59,75,78,94,86,69,55,30,10,6,0,8,0,7,0,0,0
0,0,0,8,0,8,6,6,12,53,67,77,88,81,69,56,14,10,6,0,10,0,0,0,0,7
6,0,5,0,0,7,4,7,9,34,65,74,84,81,72,55,12,6,8,0,9,0,8,0,0,5
0,0,0,0,0,0,0,8,5,21,56,71,82,78,64,52,9,8,0,0,7,4,4,0,0,3
0,0,0,0,5,0,0,7,0,36,43,69,78,73,62,50,9,7,0,0,7,0,6,0,5,0
0,0,0,0,0,0,5,7,0,27,42,64,83,92,63,42,12,10,4,0,0,0,0,0,0,0
0,0,0,8,0,0,6,12,10,50,57,68,89,92,67,40,12,11,0,0,0,0,9,0,0,0
5,0,0,6,5,0,7,7,10,21,58,71,115,90,59,39,14,9,5,0,0,0,9,0,0,0
0,0,0,0,0,7,8,7,11,53,60,81,106,79,48,20,10,9,0,0,8,0,10,0,3,0
0,0,4,6,9,8,7,7,10,36,67,91,96,74,16,14,11,10,0,0,8,0,6,0,5,6
9,8,7,7,11,0,8,11,10,40,66,90,90,65,26,11,13,8,0,0,9,0,9,0,0,0
0,8,12,12,11,12,20,8,58,77,87,90,115,144,154,131,97,75,58,0,25,14,34,0,10,14
12,6,13,12,11,14,17,7,72,102,109,115,132,139,140,124,105,113,95,0,60,57,48,0,8,8
0,0,9,16,12,14,12,8,68,102,110,119,131,128,129,116,104,111,85,0,44,42,54,0,19,9
9,7,13,20,11,12,12,0,67,95,106,121,135,124,120,91,74,83,42,0,51,34,43,0,14,12
9,0,0,13,13,11,8,0,17,85,103,117,127,122,113,73,59,52,13,0,14,11,20,0,8,8
9,0,0,7,0,0,9,0,41,75,104,114,122,121,116,80,54,47,11,0,9,4,6,0,12,10
11,0,0,6,0,0,8,8,52,68,88,111,114,120,126,90,55,45,6,0,10,0,14,0,11,7
5,0,8,11,0,11,12,0,44,74,105,116,121,123,115,92,53,43,10,0,11,8,9,0,10,10
9,4,8,11,8,9,12,0,51,85,102,113,121,121,111,74,53,34,13,0,12,8,6,0,6,5
9,0,7,13,11,11,13,0,61,100,112,114,124,119,112,82,51,20,8,0,0,6,10,0,5,0
6,0,0,12,11,9,14,0,51,86,112,119,124,115,105,80,50,15,8,0,0,0,5,0,8,7
8,0,0,11,10,10,14,0,64,98,115,123,128,118,113,87,50,15,7,0,8,7,11,0,8,6
5,0,6,9,7,6,13,0,60,105,119,121,126,122,109,89,57,14,6,0,9,9,8,0,4,8
8,5,0,7,0,6,12,14,56,105,116,117,121,108,103,73,58,15,8,0,10,9,9,0,7,5
11,6,0,9,7,5,13,18,75,104,115,114,116,103,90,65,50,15,10,0,10,10,10,0,9,4
10,5,6,10,12,9,14,31,80,109,118,115,114,103,101,73,55,13,10,0,7,7,11,0,8,9
12,7,8,12,12,9,16,50,97,115,127,118,118,105,94,73,44,13,9,0,10,8,12,0,8,7
8,0,5,13,15,13,36,45,75,103,133,127,118,95,76,60,44,14,6,0,6,7,9,0,9,8
10,0,8,12,14,14,51,58,99,123,155,160,113,87,68,42,46,25,9,0,10,11,14,0,6,4
5,0,8,17,21,14,51,65,111,126,146,156,133,98,73,58,42,13,9,0,12,14,13,0,7,7
11,9,10,13,14,17,55,81,118,133,134,135,122,94,67,58,13,7,11,0,11,9,10,0,7,10
11,8,12,14,14,39,56,78,118,143,145,139,120,98,77,63,47,12,13,0,11,11,12,0,6,7
12,5,10,14,14,14,52,72,107,145,150,134,109,92,70,57,50,12,6,0,13,12,10,0,8,8
11,6,8,14,14,13,51,62,89,115,136,127,105,91,69,59,53,19,8,0,12,5,12,0,7,12
11,0,8,14,12,12,25,57,81,104,123,111,101,89,69,57,53,17,12,0,13,0,8,0,8,8
13,0,10,14,11,11,16,39,69,84,101,104,103,91,70,56,50,15,8,0,12,6,12,0,10,6
10,0,10,14,11,12,14,38,58,80,87,98,99,87,74,56,46,21,9,0,10,0,8,0,9,10
4,0,7,11,9,11,9,13,54,75,95,99,103,88,74,56,42,13,12,0,10,8,9,0,5,9
10,5,0,10,11,7,10,0,45,65,86,92,104,91,73,54,32,11,9,0,10,8,12,0,5,7
4,4,7,8,9,5,9,0,13,60,75,77,93,86,69,55,32,10,6,0,8,0,7,0,0,0
0,0,0,8,0,8,7,6,12,53,67,76,87,80,69,56,15,10,6,0,10,0,0,0,0,7
6,0,5,0,0,7,4,8,9,34,65,73,83,80,71,55,11,6,7,0,9,0,8,0,0,4
0,0,0,0,0,0,0,8,6,22,56,70,81,78,64,52,9,9,0,0,7,4,0,0,0,3
0,0,0,0,6,0,4,7,0,38,43,69,78,73,62,50,9,7,0,0,6,0,6,0,5,0
0,0,0,0,0,0,5,7,6,31,42,63,82,91,62,42,12,10,4,0,0,0,0,0,0,0
0,0,0,8,0,0,6,11,10,50,56,67,88,90,67,39,12,11,0,0,0,0,9,0,0,0
5,0,0,6,5,0,7,6,10,19,57,69,114,89,59,39,13,10,5,0,0,0,9,0,0,0
0,0,0,0,0,7,7,7,11,53,60,80,105,79,47,20,10,9,0,0,8,0,10,0,3,0
0,0,4,7,9,8,7,6,11,38,67,90,96,74,16,14,12,10,0,0,8,0,6,0,5,6
9,8,7,7,11,0,8,11,10,42,67,90,89,65,26,11,13,9,0,0,9,0,9,0,0,0
0,8,12,12,11,12,20,7,58,77,87,89,114,144,154,131,97,75,58,0,24,14,34,0,10,13
12,7,13,12,11,15,19,7,74,102,109,115,132,139,140,124,105,113,95,0,60,57,48,0,8,8
0,0,9,15,12,14,12,8,68,102,110,118,131,128,129,116,104,111,85,0,44,42,54,0,19,9
9,7,13,20,11,12,12,0,67,97,106,121,135,124,120,91,74,84,45,0,51,32,42,0,14,12
9,0,0,13,13,11,8,0,17,87,103,117,126,122,114,74,59,52,13,0,14,11,20,0,8,8
9,0,0,7,0,0,9,0,44,76,104,114,122,121,117,81,54,50,11,0,10,4,6,0,12,10
11,0,0,6,0,0,9,8,53,68,89,110,114,119,127,91,56,45,7,0,11,0,14,0,11,7
5,0,8,11,0,11,12,0,44,75,105,116,120,123,115,94,53,43,10,0,11,8,9,0,10,10
9,4,8,11,8,9,12,0,51,86,102,113,121,121,111,75,53,34,12,0,12,8,6,0,6,5
9,0,7,13,11,11,13,0,61,100,112,114,124,120,112,83,51,17,8,0,0,6,10,0,4,0
6,0,0,11,11,9,14,0,52,87,112,119,124,115,105,80,50,15,8,0,0,0,5,0,8,7
8,0,0,11,10,10,14,0,65,100,115,123,128,118,114,87,50,15,7,0,8,6,10,0,8,6
5,0,6,9,7,6,13,0,60,105,119,121,126,122,109,89,57,14,6,0,9,9,8,0,4,8
8,5,0,7,0,6,12,16,58,105,116,117,121,108,104,73,58,15,8,0,10,9,9,0,7,5
11,6,0,9,8,5,13,21,77,105,115,114,116,103,90,65,50,15,10,0,10,10,10,0,9,4
10,5,6,10,12,9,14,37,82,109,118,115,114,103,101,73,55,13,10,0,0,6,11,0,8,9
12,7,8,12,11,9,19,51,98,116,128,118,118,105,94,73,44,13,9,0,9,8,11,0,8,7
8,0,5,13,15,13,37,48,77,103,134,127,117,96,77,61,44,14,6,0,5,7,9,0,9,8
10,0,8,12,15,14,51,59,100,123,155,160,113,87,68,43,46,26,10,0,10,11,14,0,6,4
5,0,8,17,23,14,52,67,112,126,147,155,133,99,73,59,42,14,9,0,12,14,13,0,7,7
11,9,10,13,14,19,56,84,119,134,135,135,121,95,67,59,13,7,12,0,11,10,10,0,7,10
11,8,12,14,14,42,57,80,118,144,146,139,120,98,78,64,50,12,13,0,11,11,12,0,5,7
12,5,10,14,14,14,53,74,108,146,150,134,109,93,70,57,50,12,6,0,13,12,10,0,8,8
11,6,9,14,14,13,51,63,90,116,136,127,105,91,69,59,53,19,8,0,12,4,11,0,7,12
11,0,8,14,12,12,27,58,81,105,123,111,101,89,69,57,53,14,12,0,13,0,7,0,8,8
13,0,10,14,11,11,18,42,69,85,102,104,103,91,70,56,50,21,9,0,12,6,12,0,10,6
10,0,10,14,12,13,14,39,58,80,87,98,99,86,74,56,46,21,9,0,10,0,8,0,9,10
4,0,7,11,9,11,9,13,54,75,95,99,102,87,75,56,42,13,12,0,10,8,8,0,5,9
10,5,0,10,12,7,10,0,47,65,86,92,104,91,73,54,32,12,9,0,10,8,12,0,5,7
4,4,7,8,9,5,9,0,14,60,76,77,93,85,69,56,32,10,6,0,8,0,7,0,0,0
0,0,5,8,0,8,7,7,12,54,67,76,87,79,69,56,15,10,6,0,10,0,0,0,0,7
6,0,6,0,0,7,4,8,10,36,65,73,82,80,71,55,11,6,7,0,9,0,7,0,0,4
0,0,0,0,0,0,0,8,6,22,56,70,81,78,64,52,9,10,0,0,7,4,0,0,0,3
0,0,0,0,6,0,4,7,0,40,44,69,77,73,62,50,9,8,0,0,6,0,6,0,5,0
0,0,0,0,0,0,5,8,7,34,42,64,82,91,62,42,12,10,4,0,0,0,0,0,0,0
0,0,0,8,0,0,6,11,11,50,56,67,88,90,67,39,12,11,0,0,0,0,9,0,0,0
5,0,0,6,5,0,7,6,10,19,58,69,114,89,59,39,13,10,5,0,0,0,9,0,0,0
0,0,0,0,0,7,8,7,11,53,60,80,104,79,47,20,10,9,0,0,8,0,10,0,3,0
0,0,4,7,9,8,7,7,11,38,67,90,95,73,16,14,12,10,0,0,8,0,6,0,5,6
9,8,7,7,11,0,8,11,10,42,67,89,89,65,27,11,13,9,0,0,9,0,9,0,0,0
0,8,12,11,11,12,22,7,57,77,87,89,114,144,154,131,97,75,58,0,24,14,34,0,10,13
12,7,13,12,11,14,19,6,74,102,109,115,132,139,140,124,105,113,96,0,59,57,47,0,8,8
0,0,9,15,12,14,12,7,69,103,110,118,131,128,130,116,104,111,86,0,43,41,54,0,19,9
9,7,13,20,11,12,13,0,68,97,106,121,135,124,121,91,74,84,47,0,50,32,42,0,14,12
9,0,0,13,13,11,8,0,20,88,103,117,127,122,114,75,59,53,13,0,14,11,20,0,8,8
9,0,0,7,0,0,9,0,47,76,104,114,122,121,117,81,54,50,11,0,10,4,6,0,12,10
11,0,0,6,0,0,9,7,53,68,89,110,114,119,127,91,56,50,8,0,11,0,14,0,11,7
5,0,8,11,0,10,12,0,46,75,105,116,120,123,115,94,54,45,10,0,11,8,9,0,10,10
9,4,8,11,8,9,12,0,52,87,103,113,120,121,111,75,53,35,12,0,12,7,6,0,6,5
9,0,7,13,11,11,13,0,62,100,112,114,124,120,112,83,51,20,8,0,0,6,10,0,4,0
6,0,0,11,11,9,14,0,52,87,112,119,124,115,105,80,50,15,8,0,0,0,5,0,8,7
8,0,0,11,10,10,14,0,65,100,115,124,128,118,114,87,50,20,7,0,8,6,10,0,8,6
5,0,6,9,7,7,14,0,61,105,119,122,126,122,109,89,57,14,6,0,9,9,8,0,4,8
8,5,0,7,0,6,12,14,58,105,116,117,121,109,104,73,58,17,8,0,10,8,9,0,6,5
11,6,0,9,8,5,13,18,78,105,115,114,116,103,91,65,50,15,10,0,10,10,10,0,9,4
10,5,6,10,12,9,15,31,82,110,118,115,114,103,101,73,55,13,11,0,0,6,12,0,8,9
12,8,8,12,11,9,20,47,100,116,128,119,119,106,95,74,45,13,10,0,9,8,11,0,8,7
8,0,5,12,15,14,38,46,77,104,134,127,117,96,77,61,44,14,6,0,5,6,9,0,9,8
10,0,8,12,15,14,52,58,101,124,156,160,113,88,69,44,46,28,10,0,10,10,14,0,6,4
6,0,8,17,23,14,53,66,112,127,147,155,133,100,74,59,43,14,9,0,12,14,13,0,7,7
11,9,11,13,14,21,57,84,119,134,135,135,122,95,68,59,14,7,12,0,11,10,10,0,7,10
11,8,12,14,15,42,58,80,119,145,146,139,120,98,78,64,50,12,13,0,11,11,12,0,5,7
12,5,10,14,14,14,54,73,109,147,151,134,109,93,71,57,50,13,6,0,13,12,10,0,8,8
11,6,9,14,14,13,52,63,91,116,136,127,105,91,69,59,53,21,8,0,12,4,10,0,7,12
10,0,8,14,12,12,27,57,82,105,123,110,101,89,69,57,53,14,12,0,13,0,5,0,8,8
13,0,10,14,11,11,20,41,69,85,101,104,102,91,71,56,50,21,9,0,12,6,12,0,10,6
10,0,10,14,12,13,14,36,59,80,87,98,99,86,74,56,48,21,9,0,10,0,9,0,9,10
4,0,7,11,9,11,9,13,54,75,95,99,102,87,74,56,42,13,12,0,10,8,9,0,5,9
10,5,0,10,12,7,10,0,50,65,86,92,104,91,73,54,33,12,8,0,10,8,12,0,5,6
0,4,7,8,9,5,9,0,14,60,75,77,93,85,69,56,34,11,6,0,8,0,7,0,0,0
0,0,5,8,0,8,7,7,12,54,67,76,87,79,69,56,15,10,6,0,9,0,0,0,0,7
6,0,6,0,0,7,5,8,10,36,65,73,82,80,71,55,11,6,7,0,8,0,7,0,0,4
0,0,0,0,0,0,0,8,6,22,57,70,81,78,64,52,9,10,0,0,7,4,0,0,0,3
0,0,0,0,6,0,4,7,0,40,45,69,78,73,62,50,9,8,0,0,6,0,6,0,5,0
0,0,0,0,0,0,6,7,7,36,43,64,82,91,63,42,12,10,4,0,0,0,0,0,0,0
0,0,0,8,0,0,6,11,11,50,56,67,88,89,67,39,12,11,0,0,0,0,9,0,0,0
5,0,0,6,5,0,7,6,10,20,58,69,114,88,59,39,13,10,5,0,0,0,9,0,0,0
0,0,0,0,0,7,8,7,11,53,60,80,104,79,47,21,10,9,0,0,8,0,10,0,3,0
0,0,4,6,9,8,7,6,12,39,68,90,95,73,17,14,12,10,0,0,8,0,6,0,5,6
9,8,7,7,11,0,8,11,10,42,67,89,89,65,28,11,13,9,0,0,9,0,9,0,0,0
0,8,12,11,11,12,22,13,57,77,87,89,115,144,154,131,97,75,58,0,23,14,34,0,10,13
12,6,13,12,11,14,19,11,74,102,109,115,132,139,140,124,105,113,95,0,58,57,47,0,9,9
0,0,9,15,12,14,12,14,69,103,110,118,131,128,130,116,104,111,88,0,43,42,55,0,19,9
9,7,13,17,11,12,13,12,68,98,106,121,135,124,121,91,74,85,47,0,50,32,43,0,14,12
9,0,0,13,13,11,8,0,17,88,103,117,127,122,114,75,59,53,13,0,14,11,20,0,8,8
9,0,0,7,0,0,9,9,47,77,104,114,122,121,118,81,54,50,11,0,10,4,6,0,12,10
11,0,0,6,0,0,9,13,53,68,89,110,114,119,127,92,56,50,8,0,10,0,14,0,11,7
5,0,8,11,0,10,12,10,44,75,105,116,120,123,115,94,54,45,10,0,11,8,9,0,10,10
9,4,8,11,8,9,12,12,52,87,103,113,121,121,112,76,53,35,12,0,12,7,6,0,6,5
9,0,7,13,11,11,12,12,62,100,112,114,124,120,113,83,52,20,8,0,0,6,10,0,4,0
6,0,0,11,11,8,14,11,53,87,112,119,124,115,106,80,50,18,8,0,0,0,5,0,8,7
8,0,0,11,10,10,14,17,66,100,115,124,128,119,114,87,51,25,7,0,8,6,10,0,8,6
5,0,6,9,7,7,14,14,61,105,119,122,126,123,109,89,55,15,6,0,9,9,8,0,4,8
8,5,0,7,0,6,12,14,58,105,116,117,121,109,104,73,58,17,8,0,10,8,8,0,6,5
11,6,0,9,8,6,13,15,78,105,115,114,116,103,92,64,52,16,10,0,10,10,10,0,8,4
10,5,6,10,12,9,14,28,82,110,118,115,114,103,101,73,54,13,11,0,0,0,12,0,8,9
12,8,9,13,12,9,20,44,100,116,128,119,119,105,95,74,47,13,10,0,9,8,11,0,7,7
7,0,5,12,14,14,38,45,78,104,134,127,117,96,78,61,42,14,6,0,5,6,9,0,9,8
10,0,8,12,15,14,52,58,101,124,156,161,113,87,69,44,48,28,10,0,10,10,13,0,5,4
6,0,8,17,23,14,53,65,112,126,147,156,134,100,74,59,46,14,9,0,11,14,13,0,6,6
11,9,11,13,14,21,57,84,120,134,135,135,122,95,69,60,13,7,13,0,11,10,10,0,7,10
11,8,12,14,15,42,58,79,119,145,146,139,120,98,79,65,50,12,13,0,11,11,12,0,5,7
12,5,10,15,14,15,54,73,109,147,151,134,109,93,71,58,50,13,7,0,13,12,10,0,8,8
11,6,9,14,14,13,52,62,91,117,137,127,105,91,70,59,53,23,8,0,12,4,10,0,7,12
10,0,8,14,12,12,27,57,82,104,123,110,101,89,69,57,53,14,12,0,13,0,5,0,8,8
13,0,10,14,11,12,21,39,70,85,101,104,103,91,71,56,50,18,10,0,12,6,12,0,10,6
10,0,10,14,11,13,14,35,58,80,87,97,99,86,74,56,50,21,9,0,9,0,9,0,9,10
4,0,7,11,9,11,9,13,54,75,95,99,102,87,74,56,43,13,12,0,10,8,8,0,5,9
10,5,0,10,11,7,10,0,50,65,86,91,103,90,73,54,35,12,8,0,10,8,12,0,5,6
0,4,7,8,9,5,9,0,14,60,75,77,93,85,69,56,34,11,6,0,8,0,7,0,0,0
0,0,5,8,0,8,7,6,12,54,67,76,86,79,69,56,17,10,6,0,9,0,0,0,0,7
5,0,6,0,0,7,5,8,10,36,65,73,83,80,71,55,11,6,7,0,8,0,7,0,0,4
0,0,0,0,0,0,0,7,6,22,57,70,81,77,65,52,9,10,0,0,7,4,0,0,0,3
0,0,0,0,6,0,4,6,0,40,45,69,78,73,62,50,8,8,0,0,6,0,6,0,5,0
0,0,0,0,0,0,6,7,7,38,45,64,82,91,63,44,12,10,4,0,0,0,0,0,0,0
0,0,0,8,0,0,6,11,11,50,56,67,88,89,68,39,12,11,5,0,0,0,9,0,0,0
5,0,0,6,5,0,7,6,10,20,58,69,114,88,59,40,13,10,5,0,0,0,9,0,0,0
0,0,0,0,0,7,8,7,11,53,60,80,104,78,48,21,10,9,0,0,7,0,10,0,3,0
0,0,4,6,9,8,7,6,12,40,68,89,95,73,18,14,12,10,0,0,8,0,6,0,5,6
9,8,7,7,11,0,8,10,11,42,67,89,89,64,30,11,13,9,0,0,9,0,9,0,0,0
0,8,12,11,10,12,19,13,57,77,87,89,114,144,155,131,97,75,58,0,24,14,33,0,10,13
13,6,13,12,11,15,17,11,74,102,109,115,132,139,141,124,105,113,93,0,58,57,47,0,9,9
0,0,9,15,12,14,12,14,69,103,110,119,131,128,130,116,104,111,86,0,43,41,55,0,19,9
9,7,13,15,11,12,12,13,68,100,106,121,135,124,121,91,74,85,50,0,47,34,42,0,14,12
9,0,0,13,13,11,8,0,17,90,103,117,127,122,115,75,59,53,13,0,14,11,20,0,8,8
9,0,0,7,0,0,9,9,47,78,104,114,122,121,118,81,54,50,12,0,10,4,6,0,12,10
11,0,0,6,0,0,8,14,53,69,89,110,114,119,128,92,56,50,9,0,11,0,14,0,11,7
6,0,8,11,0,10,11,10,44,76,105,116,120,123,116,95,54,45,11,0,10,8,9,0,10,10
9,4,8,11,8,9,12,12,52,87,103,112,121,120,112,76,53,35,12,0,12,7,6,0,6,5
9,0,7,13,11,10,12,12,61,101,112,114,124,120,113,84,52,20,7,0,0,6,10,0,4,0
6,0,0,11,10,8,13,11,53,87,113,119,124,115,106,80,50,18,8,0,0,0,0,0,8,7
8,0,0,11,10,10,14,20,65,100,115,124,128,119,114,87,50,25,7,0,8,6,10,0,8,6
5,0,6,9,7,7,13,15,61,105,119,122,126,122,110,89,55,15,6,0,9,9,8,0,4,8
8,5,0,7,0,6,11,14,58,105,116,117,121,109,104,73,58,17,8,0,10,8,8,0,6,5
11,6,0,9,8,6,13,16,78,105,115,114,116,103,92,64,52,17,10,0,10,9,10,0,9,4
10,5,7,10,12,9,14,34,83,110,118,115,114,103,102,73,54,13,11,0,0,0,12,0,8,9
12,8,9,13,11,9,17,50,100,116,128,119,120,105,96,74,47,14,10,0,9,8,11,0,7,7
8,0,5,12,14,14,36,47,79,104,135,127,118,96,78,61,42,14,6,0,4,6,9,0,9,8
10,0,8,12,15,14,51,58,101,124,157,160,113,87,70,45,47,30,10,0,10,10,13,0,5,4
6,0,8,17,21,14,52,67,113,127,147,156,134,100,75,59,46,15,9,0,11,14,13,0,6,6
11,9,10,13,14,23,57,85,120,135,135,135,122,95,70,60,14,7,13,0,11,10,10,0,7,10
11,8,12,14,14,42,57,80,119,145,146,139,120,98,80,65,50,13,13,0,11,11,12,0,5,7
13,5,10,14,14,18,54,73,109,147,151,135,110,93,72,58,50,13,7,0,13,12,10,0,8,8
11,6,9,14,14,13,51,63,91,117,137,127,105,91,70,59,53,25,9,0,12,4,10,0,7,12
11,0,8,14,12,12,23,57,82,105,124,110,101,89,70,58,53,14,12,0,13,0,5,0,8,7
13,0,10,14,11,12,18,41,69,85,102,104,103,91,71,56,50,21,10,0,12,7,12,0,10,5
10,0,10,14,11,13,14,35,58,80,87,98,99,86,74,56,50,21,10,0,10,0,8,0,9,10
4,0,7,11,9,11,9,13,55,75,94,99,102,87,75,56,43,14,12,0,10,8,9,0,5,9
10,5,0,10,11,7,10,0,50,65,86,91,103,90,73,54,35,12,8,0,9,8,12,0,5,6
5,4,7,8,9,5,9,0,14,60,75,77,93,85,69,56,32,11,6,0,8,0,7,0,0,0
0,0,5,7,0,8,7,7,12,54,67,76,86,79,70,56,15,10,6,0,9,0,0,0,0,7
5,0,6,0,0,7,4,8,10,38,65,73,83,80,71,55,11,6,7,0,8,0,8,0,0,4
0,0,0,0,0,0,0,7,6,23,57,71,81,77,65,52,9,10,0,0,7,4,0,0,0,3
0,0,0,0,6,0,4,7,0,43,45,69,78,73,62,50,8,8,0,0,6,0,6,0,5,0
0,0,0,0,0,0,5,7,7,40,45,64,83,91,64,46,12,10,4,0,0,0,0,0,0,0
0,0,0,8,0,0,6,11,11,51,56,68,89,89,68,40,12,11,5,0,0,0,9,0,0,0
5,0,0,6,5,0,7,6,10,20,58,70,114,88,59,40,13,10,5,0,0,0,9,0,0,0
0,0,0,0,0,7,7,7,11,54,60,80,104,78,49,21,10,9,0,0,8,0,10,0,3,0
0,0,4,6,9,8,7,6,12,40,68,89,95,73,19,14,12,11,0,0,8,0,6,0,5,6
9,8,7,7,11,0,8,11,11,43,67,89,88,64,31,11,13,9,0,0,9,0,9,0,0,0
0,8,12,11,10,12,19,14,57,77,87,89,114,144,155,131,97,75,58,0,24,14,33,0,10,14
13,7,13,12,11,15,15,12,74,102,109,115,132,139,141,124,105,113,93,0,58,58,47,0,9,9
0,0,9,15,12,14,11,17,71,103,110,119,131,128,130,117,104,111,88,0,43,41,54,0,19,9
9,7,13,17,11,12,12,13,70,100,106,121,135,125,122,91,74,85,47,0,47,32,42,0,14,12
9,0,0,13,13,11,8,0,17,90,103,117,127,122,115,76,59,53,13,0,14,11,20,0,8,8
9,0,0,7,0,0,8,10,47,78,104,115,121,121,118,82,54,50,12,0,10,4,6,0,12,10
11,0,0,6,0,0,8,14,53,69,90,110,114,119,128,92,56,51,9,0,11,0,14,0,11,7
6,0,8,11,0,10,11,11,44,76,106,116,120,123,116,95,54,47,11,0,10,7,8,0,10,10
9,0,8,11,8,9,12,13,52,87,103,112,121,120,112,76,53,35,12,0,12,7,0,0,5,5
9,0,7,13,11,10,12,13,62,101,112,114,124,120,113,84,52,22,7,0,0,6,10,0,4,0
6,0,0,12,10,8,13,12,53,87,112,119,124,115,107,80,50,18,7,0,0,0,0,0,8,7
8,0,0,11,10,10,14,25,65,100,115,124,128,119,114,87,50,25,7,0,8,6,9,0,8,6
5,0,6,9,7,7,13,19,61,105,119,122,126,122,110,90,55,18,6,0,9,9,8,0,4,8
8,5,0,7,0,6,11,16,58,105,116,117,121,108,104,73,58,17,8,0,10,8,8,0,6,5
11,6,0,9,8,6,13,20,78,105,115,114,116,103,92,65,52,17,10,0,10,9,10,0,8,4
10,5,7,10,12,9,14,40,83,110,118,115,114,103,102,73,54,13,11,0,0,0,12,0,8,9
12,8,9,13,12,9,17,52,100,116,128,119,120,106,96,74,47,14,10,0,9,7,11,0,8,7
7,0,5,13,14,14,35,50,79,105,134,128,118,95,78,61,42,14,6,0,4,6,9,0,9,8
10,0,8,12,15,14,51,60,102,125,157,160,114,87,70,46,47,32,10,0,10,9,13,0,5,4
6,0,8,17,23,14,52,68,113,127,147,156,134,100,76,60,46,16,10,0,12,14,13,0,6,6
11,10,10,13,14,23,57,88,120,135,135,136,123,96,70,61,14,8,13,0,11,10,10,0,6,10
11,8,12,14,15,46,57,82,119,146,146,139,120,98,80,65,50,13,13,0,11,11,12,0,5,7
13,5,10,15,14,18,54,74,109,148,151,135,110,94,72,58,50,14,7,0,13,12,10,0,7,8
11,6,9,14,14,13,51,64,91,117,137,127,105,91,70,59,53,29,9,0,12,4,9,0,7,12
11,0,8,14,12,12,23,58,83,105,124,111,101,88,70,58,53,15,12,0,13,0,5,0,8,7
13,0,10,14,11,12,18,44,69,85,102,104,102,91,71,56,50,21,10,0,12,7,12,0,10,5
10,0,10,14,11,13,14,38,59,80,87,98,99,86,74,56,50,21,10,0,10,0,8,0,9,10
4,0,7,11,9,11,9,14,55,75,94,99,102,87,75,56,43,14,12,0,10,8,8,0,5,9
10,5,0,10,11,7,10,0,50,65,86,91,103,90,73,54,35,12,8,0,9,8,11,0,5,6
5,4,7,8,9,5,8,0,14,60,75,77,93,84,69,56,32,11,6,0,8,0,7,0,0,0
0,0,5,7,0,8,6,7,12,54,67,76,87,79,70,56,15,10,6,0,9,0,0,0,0,7
6,0,6,0,0,7,0,9,10,38,65,73,83,80,71,55,11,6,6,0,9,0,7,0,0,4
0,0,0,0,0,0,0,8,6,23,57,71,81,77,65,52,9,10,0,0,7,4,0,0,0,3
0,0,0,0,6,0,4,7,0,43,46,69,78,73,62,50,8,8,0,0,6,0,6,0,5,0
0,0,0,0,0,0,5,8,7,40,45,65,83,90,64,46,12,10,4,0,0,0,0,0,0,0
0,0,0,8,0,0,6,11,11,51,57,68,89,88,68,40,12,11,5,0,0,0,8,0,0,0
5,0,0,6,5,0,7,7,10,20,58,70,114,88,59,42,13,10,5,0,0,0,9,0,0,0
0,0,0,0,0,7,7,7,11,54,60,80,104,78,49,21,10,9,0,0,8,0,10,0,3,0
0,0,5,6,9,8,7,7,12,41,68,89,95,73,20,14,12,11,0,0,8,0,6,0,5,6
9,8,7,7,11,0,8,11,11,43,66,89,88,64,31,11,13,9,0,0,9,0,9,0,0,0
0,8,12,11,10,12,17,14,58,77,87,89,114,144,155,132,97,75,58,0,25,14,33,0,11,14
13,7,13,12,11,15,14,12,74,102,110,115,131,139,141,123,105,113,93,0,59,58,48,0,9,9
0,0,9,16,12,16,11,20,71,103,110,119,131,128,130,117,104,111,88,0,44,41,53,0,19,9
9,7,13,17,11,12,12,14,71,100,106,121,135,124,122,92,74,86,47,0,51,32,42,0,14,12
9,0,0,13,13,11,7,0,17,91,103,118,126,122,115,75,59,53,13,0,14,11,20,0,8,8
9,0,0,7,0,0,8,10,50,78,104,115,121,121,118,82,55,50,12,0,11,4,7,0,12,10
11,0,0,6,0,0,8,14,53,69,90,110,112,120,128,93,56,50,9,0,11,0,14,0,11,7
6,0,8,11,0,11,11,12,46,75,106,116,122,123,117,96,54,45,11,0,11,7,8,0,10,10
10,0,8,11,8,9,12,13,53,88,103,112,121,120,113,76,53,35,11,0,12,7,0,0,6,5
9,0,7,13,11,10,12,13,62,101,112,114,123,121,114,84,52,22,7,0,0,5,9,0,4,0
6,0,0,12,11,9,13,12,54,88,112,119,124,115,107,80,50,15,7,0,0,0,0,0,8,7
8,0,0,11,10,10,13,31,65,100,115,124,128,119,114,87,50,25,7,0,8,6,9,0,8,6
5,0,6,9,7,7,13,21,61,105,119,122,126,122,110,90,55,21,6,0,9,8,8,0,4,8
8,5,0,7,0,6,11,18,58,105,116,117,121,108,104,73,58,17,8,0,10,8,8,0,6,5
11,6,0,9,8,6,13,21,79,105,115,115,117,103,94,65,52,18,10,0,10,10,10,0,8,4
10,5,7,10,12,9,14,43,84,110,118,115,113,103,102,72,54,13,11,0,0,0,12,0,8,9
12,8,9,13,12,9,16,53,100,116,128,120,118,105,97,74,47,14,10,0,9,7,11,0,7,8
7,0,5,13,14,14,35,51,79,105,134,128,117,95,79,62,42,14,6,0,5,6,9,0,9,8
10,0,8,12,15,14,51,60,102,125,157,161,113,87,70,46,48,32,10,0,10,9,13,0,5,4
6,0,8,19,23,14,51,68,113,127,148,156,135,100,76,60,47,17,10,0,12,14,13,0,6,6
11,10,10,13,14,25,57,88,120,135,136,136,123,96,71,61,14,8,13,0,12,10,10,0,7,10
11,8,12,15,15,46,58,83,119,146,146,140,120,98,79,65,50,13,13,0,11,11,12,0,6,7
12,5,10,15,14,21,54,75,109,148,152,135,110,93,72,58,50,14,7,0,13,12,11,0,8,8
12,6,9,14,14,13,50,65,91,117,137,127,105,90,71,59,53,29,10,0,12,4,9,0,7,12
11,0,8,14,12,12,23,58,82,105,124,110,101,88,69,58,53,15,13,0,13,0,5,0,8,7
13,0,10,14,11,12,16,46,69,85,102,104,102,91,71,56,50,21,10,0,12,7,12,0,10,6
11,0,10,14,11,13,14,39,59,80,87,98,98,86,74,56,50,21,10,0,10,0,8,0,9,10
5,0,7,11,9,11,9,14,55,75,94,99,102,87,74,56,42,16,12,0,11,8,9,0,5,9
10,5,0,10,11,7,10,0,50,65,86,91,103,90,74,55,35,13,8,0,10,8,11,0,5,6
5,4,7,8,9,5,8,0,14,60,76,77,92,84,69,56,32,11,6,0,8,0,7,0,0,0
0,0,5,7,0,8,6,8,12,55,67,77,86,79,71,57,14,10,6,0,9,0,0,0,0,7
5,0,6,0,0,7,0,9,10,38,65,74,82,79,72,55,11,6,6,0,9,0,7,0,0,4
0,0,0,0,0,0,0,9,6,25,57,71,80,77,65,52,9,10,0,0,7,4,0,0,0,3
0,0,0,0,6,0,4,8,0,45,46,69,78,73,62,50,8,8,0,0,6,0,6,0,5,0
0,0,0,0,0,0,5,8,7,40,46,65,83,90,64,46,12,11,0,0,0,0,0,0,0,0
0,0,0,8,0,0,6,12,11,51,57,68,88,88,69,42,12,11,5,0,0,0,8,0,0,0
5,0,0,6,5,0,7,7,10,20,58,70,114,87,60,42,13,10,5,0,0,0,9,0,0,0
0,0,0,0,0,7,7,7,11,55,60,80,104,78,51,21,10,9,0,0,8,0,10,0,3,0
0,0,4,7,9,8,6,7,12,41,68,90,95,72,19,14,12,11,0,0,8,0,6,0,5,6
9,8,7,7,11,0,8,11,11,44,66,88,88,64,34,11,13,9,0,0,9,0,9,0,0,0
0,8,12,11,10,12,17,14,58,77,88,89,114,144,155,132,97,75,58,0,25,14,33,0,11,13
13,7,13,13,11,15,14,12,72,102,110,115,131,139,141,123,105,113,93,0,60,58,48,0,9,8
0,0,9,16,12,16,11,20,71,103,110,119,130,128,130,117,104,112,86,0,45,40,53,0,17,9
9,7,13,17,11,12,12,14,70,100,106,121,135,124,122,92,73,86,47,0,51,34,41,0,14,12
9,0,0,13,13,11,7,0,20,91,104,118,126,122,115,75,59,54,13,0,14,11,20,0,8,8
10,0,0,7,0,0,8,10,50,78,104,115,120,121,118,82,55,51,12,0,11,4,6,0,12,10
11,0,0,6,0,0,8,14,54,69,90,110,112,120,129,94,56,50,9,0,12,0,14,0,11,7
6,0,8,11,0,11,11,12,48,76,106,116,121,123,116,97,54,50,11,0,11,7,8,0,10,10
10,4,8,11,8,9,12,13,53,88,103,113,120,120,113,77,53,37,11,0,12,7,0,0,5,5
9,0,7,13,11,10,12,13,62,101,112,114,123,121,114,84,52,22,7,0,0,5,9,0,4,0
6,0,0,12,11,9,13,12,54,88,112,118,124,116,107,81,50,14,6,0,0,0,0,0,8,7
8,0,0,11,10,10,13,31,65,100,116,123,127,119,114,87,50,25,6,0,9,6,9,0,8,6
5,0,6,9,7,7,13,21,61,105,119,122,126,122,110,89,55,18,6,0,9,8,8,0,4,7
8,5,0,7,0,6,11,18,59,105,116,117,121,108,104,73,58,20,8,0,10,8,8,0,6,5
11,6,0,9,8,6,13,23,79,105,115,114,117,103,95,66,53,18,10,0,10,9,10,0,8,4
10,5,7,10,12,9,14,43,84,110,119,115,113,103,102,73,54,13,11,0,0,0,12,0,8,9
12,8,9,13,12,9,17,53,100,116,128,120,118,106,97,74,48,14,10,0,10,7,11,0,7,7
7,0,5,13,15,14,35,52,80,105,134,128,117,96,79,62,42,14,6,0,5,6,9,0,9,8
10,0,8,12,15,14,51,61,102,125,157,161,113,88,70,47,48,32,10,0,10,9,13,0,5,0
6,0,8,19,23,14,52,69,113,128,148,156,134,100,76,60,48,20,10,0,12,13,13,0,6,6
12,10,11,13,14,25,57,89,120,135,136,136,122,96,71,61,14,8,13,0,12,10,10,0,7,10
11,8,12,15,15,46,58,83,120,146,147,139,120,98,79,65,50,13,13,0,11,10,12,0,6,7
13,5,10,15,14,21,54,75,110,148,152,135,109,93,72,58,50,14,8,0,13,12,11,0,8,8
12,6,9,14,14,13,50,65,91,117,137,127,104,91,71,59,53,33,10,0,13,4,9,0,7,12
11,0,8,14,12,12,25,59,82,105,124,110,100,88,69,58,54,17,13,0,14,0,5,0,8,7
13,0,10,14,11,12,18,46,69,85,102,104,102,91,71,56,50,26,11,0,12,7,12,0,10,6
11,0,10,14,11,13,14,40,59,80,87,97,98,86,74,57,50,23,10,0,10,0,8,0,9,10
4,0,7,11,9,11,9,14,55,75,94,98,101,87,74,56,42,19,12,0,11,8,9,0,5,9
10,5,0,10,11,7,10,0,50,65,86,91,102,90,73,55,35,13,8,0,10,7,11,0,5,6
5,4,7,8,9,5,8,0,14,61,76,77,92,84,69,56,32,11,6,0,8,0,7,0,0,0
0,0,5,7,0,8,6,8,13,55,67,77,86,79,70,57,14,10,6,0,9,0,0,0,0,7
6,0,6,0,0,7,0,9,10,40,66,74,82,79,72,55,11,6,6,0,9,0,8,0,0,4
0,0,0,0,0,0,0,9,6,25,57,71,80,77,65,52,9,10,0,0,7,4,0,0,0,3
0,0,0,0,6,0,4,8,0,47,47,69,77,73,62,51,9,8,0,0,6,0,6,0,5,0
0,0,0,0,0,0,5,8,7,40,46,65,82,91,64,46,12,11,0,0,0,0,0,0,0,0
0,0,0,8,0,0,6,12,11,51,57,68,88,88,70,40,12,11,5,0,0,0,8,0,0,0
5,0,0,5,4,0,7,7,10,21,58,69,113,87,60,42,13,10,5,0,0,0,9,0,0,0
0,0,0,0,0,7,7,7,11,55,61,80,103,78,51,21,10,9,0,0,8,0,10,0,3,0
0,0,4,7,9,8,6,7,13,41,67,89,95,72,19,14,12,11,0,0,9,0,6,0,5,6
9,8,7,7,11,0,8,11,11,45,67,88,88,65,34,11,13,9,0,0,9,0,9,0,0,0
0,8,12,11,11,12,20,14,58,77,88,89,114,144,154,132,97,75,58,0,26,14,34,0,11,13
13,7,13,12,11,14,15,12,74,102,110,115,131,139,141,123,105,113,93,0,60,59,48,0,9,8
0,0,9,16,12,15,11,22,72,103,110,118,130,128,130,117,104,112,89,0,45,40,52,0,16,9
9,7,13,20,11,12,12,14,71,100,106,121,135,124,122,92,73,85,47,0,52,34,41,0,14,12
9,0,0,13,13,11,8,0,20,90,104,117,126,122,115,75,59,54,13,0,14,11,19,0,8,8
10,0,0,7,0,0,9,11,50,77,104,114,120,121,118,83,55,51,12,0,11,4,6,0,12,10
11,0,0,6,0,0,8,15,54,69,90,110,112,120,129,94,57,50,9,0,12,0,13,0,11,7
6,0,8,11,0,11,11,12,50,76,106,115,122,123,117,97,55,50,11,0,11,7,8,0,10,10
10,4,8,11,8,10,12,14,54,88,103,113,120,121,113,77,53,37,11,0,12,7,0,0,5,5
8,0,7,13,11,11,12,13,63,100,112,114,123,121,114,85,53,22,8,0,0,5,9,0,4,0
6,0,0,12,11,9,13,12,55,88,112,118,124,115,107,81,50,14,6,0,0,0,0,0,8,7
8,0,0,11,10,10,13,31,66,100,116,123,128,119,114,87,51,25,6,0,9,6,9,0,8,6
5,0,6,9,7,7,13,23,61,105,119,122,126,122,110,90,55,18,6,0,9,8,7,0,4,7
7,5,0,7,0,6,12,18,62,105,116,116,121,108,104,73,59,20,8,0,10,8,8,0,6,5
11,6,0,9,8,6,13,23,81,105,115,114,117,103,94,66,53,20,10,0,10,9,10,0,8,4
10,6,6,10,12,9,14,43,86,110,119,115,113,103,102,73,55,13,11,0,0,0,12,0,8,9
12,8,9,13,12,9,20,54,101,117,128,120,118,106,97,74,48,14,10,0,9,7,11,0,7,8
7,0,5,13,15,14,37,53,80,105,135,129,117,96,79,62,44,15,6,0,5,6,9,0,9,8
10,0,8,12,15,14,52,62,103,125,157,162,113,88,70,46,48,32,10,0,10,9,13,0,5,0
6,0,8,19,23,14,53,69,114,128,148,157,135,100,76,61,48,20,10,0,12,13,13,0,6,6
12,10,11,13,14,25,58,90,121,135,136,136,122,96,72,62,14,9,14,0,12,10,10,0,7,10
12,9,12,15,15,46,59,84,120,146,147,140,120,98,79,65,51,13,13,0,11,10,12,0,5,7
13,5,10,17,14,21,54,75,110,148,153,135,109,93,72,59,50,14,8,0,13,12,11,0,8,8
12,6,9,14,14,13,51,66,91,117,137,127,105,91,71,60,54,35,10,0,13,4,9,0,7,12
11,0,8,14,12,12,27,59,82,105,124,111,100,89,69,58,54,17,13,0,14,0,5,0,8,7
13,0,10,14,11,12,20,50,70,85,102,104,102,91,71,56,50,25,11,0,12,7,12,0,10,6
11,0,10,14,12,13,14,42,59,80,87,97,98,86,74,57,50,23,10,0,10,0,8,0,9,10
4,0,7,11,9,11,9,14,55,75,94,98,101,87,74,56,43,19,12,0,11,8,8,0,5,9
10,5,5,11,11,7,10,0,50,65,86,91,102,90,73,55,35,13,8,0,10,7,11,0,5,6
5,4,7,8,9,5,8,0,15,61,76,77,91,84,69,56,34,12,6,0,8,0,7,0,0,0
0,0,5,7,0,8,7,8,13,55,67,77,86,79,70,57,15,10,6,0,9,0,0,0,0,7
6,0,6,0,0,7,0,9,10,40,66,74,82,79,72,55,11,6,6,0,9,0,7,0,0,4
0,0,0,0,0,0,0,9,6,25,57,71,80,77,65,52,9,10,0,0,7,4,0,0,0,3
0,0,0,0,6,0,4,8,0,45,48,69,77,73,63,51,9,8,0,0,6,0,6,0,5,0
0,0,0,0,0,0,5,8,8,40,46,65,82,91,64,46,12,11,0,0,0,0,0,0,0,0
0,0,0,8,0,0,6,12,11,51,58,68,88,88,69,40,12,11,5,0,0,0,9,0,0,0
5,0,0,5,5,0,7,7,10,21,59,69,113,87,60,40,14,10,5,0,0,0,9,0,0,0
0,0,0,0,0,7,7,7,11,54,61,80,103,78,50,21,10,9,0,0,8,0,10,0,3,0
0,0,4,7,9,8,7,8,13,41,68,89,95,72,19,14,12,10,0,0,9,0,6,0,5,6
9,8,7,7,11,0,8,12,11,44,67,88,88,64,34,11,13,9,0,0,9,0,9,0,0,0
0,8,12,11,11,12,19,14,58,77,88,89,114,144,154,132,97,75,58,0,27,14,35,0,11,13
13,7,13,12,11,14,17,12,72,102,110,115,131,139,141,123,105,113,93,0,60,57,48,0,9,8
0,0,9,16,12,15,11,22,72,103,110,118,131,128,130,116,104,112,89,0,45,40,53,0,16,9
9,7,13,17,11,12,12,14,70,100,106,121,135,124,122,92,73,86,50,0,52,34,42,0,14,12
9,0,0,13,13,11,8,0,20,90,104,117,126,122,115,73,59,55,13,0,14,11,20,0,8,8
10,0,0,7,0,0,9,10,50,77,104,114,120,121,118,83,55,52,12,0,11,4,6,0,11,10
11,0,0,6,0,0,8,14,54,68,90,110,112,119,129,95,57,50,9,0,12,0,14,0,11,7
5,0,8,11,0,11,11,12,48,76,106,115,121,123,117,97,54,50,11,0,11,7,8,0,10,10
10,4,8,11,8,10,12,13,54,88,103,113,120,121,113,77,54,39,11,0,12,7,0,0,5,5
9,0,7,13,11,11,12,13,62,101,112,114,123,121,114,86,52,20,8,0,0,5,9,0,4,0
6,0,0,11,11,9,13,12,54,88,113,118,124,116,107,81,50,14,6,0,0,0,0,0,8,7
8,0,0,11,10,10,13,28,66,100,116,124,127,119,114,87,51,25,6,0,9,6,9,0,8,6
5,0,6,9,7,7,13,21,62,105,119,122,126,122,110,89,55,18,5,0,9,8,7,0,0,7
8,5,0,8,0,6,12,18,62,105,116,116,121,108,104,73,59,20,8,0,10,8,8,0,6,5
11,6,0,9,8,6,13,23,81,105,115,114,117,103,94,65,53,20,10,0,10,10,10,0,8,4
10,6,7,10,12,9,14,40,86,110,119,115,113,103,102,73,55,13,11,0,0,0,12,0,8,9
12,8,9,13,12,9,20,53,101,117,128,120,118,106,97,74,50,14,10,0,9,7,11,0,7,7
7,0,5,13,15,14,38,53,80,105,135,129,117,97,79,62,44,14,6,0,5,6,9,0,9,8
11,0,8,12,17,15,52,61,103,125,157,162,114,88,70,46,48,32,10,0,10,9,13,0,5,0
6,0,8,19,23,14,53,69,114,127,148,157,134,100,76,61,48,20,10,0,12,13,14,0,6,6
12,9,11,13,14,28,58,90,121,135,136,135,122,96,72,62,15,9,14,0,12,10,10,0,7,10
12,9,12,15,15,46,60,83,120,146,147,140,120,98,79,65,51,13,13,0,11,10,12,0,6,7
13,5,11,17,14,21,54,76,110,148,153,135,109,93,72,59,50,14,8,0,13,12,11,0,8,8
12,6,9,14,14,14,51,66,91,117,137,127,105,91,71,60,53,35,11,0,13,4,9,0,7,12
11,0,8,14,12,12,30,59,82,105,124,111,100,88,69,58,54,20,13,0,14,0,5,0,8,7
13,0,10,14,11,12,21,48,70,85,102,103,102,91,71,56,50,25,11,0,12,7,12,0,10,6
11,0,10,14,12,13,14,42,59,80,87,97,98,86,74,57,50,23,10,0,10,0,8,0,9,10
5,0,7,11,9,11,9,14,55,75,94,98,101,87,74,56,43,20,12,0,11,8,8,0,5,9
10,5,0,10,12,7,10,0,50,65,86,91,102,90,74,55,35,13,8,0,10,7,11,0,5,6
5,4,7,8,9,5,8,0,15,61,76,76,91,84,69,56,34,12,6,0,8,0,7,0,0,0
0,4,5,8,0,8,6,8,13,55,68,77,86,79,70,57,15,10,7,0,10,0,0,0,0,7
6,0,6,0,0,7,4,9,10,40,66,74,82,79,72,55,12,6,7,0,9,0,7,0,0,4
4,0,0,0,0,0,0,9,6,25,58,71,80,77,65,53,9,10,0,0,7,4,0,0,0,3
0,0,0,0,6,0,4,8,0,45,48,69,77,73,63,51,9,8,0,0,6,0,6,0,5,0
0,0,0,0,0,0,6,8,8,43,48,64,82,90,64,46,12,11,4,0,0,0,0,0,0,0
0,0,0,8,0,0,6,12,11,51,58,68,88,88,70,40,12,11,5,0,0,0,9,0,0,0
5,0,0,5,5,0,7,7,10,21,59,69,113,87,60,40,13,10,5,0,0,0,9,0,0,0
0,0,0,0,0,7,7,7,11,54,61,79,103,78,51,21,10,9,0,0,8,0,10,0,3,0
0,0,4,7,9,8,7,7,13,40,68,89,95,72,20,14,12,11,0,0,9,0,5,0,5,6
9,8,7,7,11,0,8,12,11,43,67,88,88,64,34,11,13,9,0,0,9,0,9,0,0,0
0,8,12,11,11,12,19,13,58,77,88,89,114,144,155,130,97,75,58,0,26,14,35,0,11,13
12,7,13,12,11,14,19,12,72,102,110,115,132,139,141,124,105,113,93,0,59,57,47,0,9,8
0,0,9,15,12,15,12,17,72,103,110,119,130,128,130,116,104,112,89,0,45,38,53,0,17,9
9,7,13,20,11,12,12,13,68,100,106,121,135,124,122,92,74,86,50,0,52,34,42,0,14,12
9,0,0,13,13,11,8,0,20,90,104,117,126,123,115,75,60,54,13,0,14,11,20,0,8,9
10,0,0,7,0,0,9,10,50,78,104,114,121,121,119,83,55,52,12,0,11,4,7,0,12,10
11,0,0,6,0,0,8,14,54,69,90,110,113,120,129,95,57,50,10,0,12,0,14,0,11,7
5,0,8,11,0,11,11,12,50,76,106,115,120,123,117,98,55,50,11,0,11,7,8,0,10,10
9,4,8,11,8,10,12,13,54,88,103,113,120,121,113,78,54,39,12,0,12,6,0,0,5,4
8,0,7,13,11,11,12,12,63,101,112,114,123,121,114,86,52,20,7,0,0,5,9,0,4,0
6,0,0,11,11,9,13,11,54,88,112,118,124,116,107,82,51,14,6,0,0,0,0,0,8,7
8,0,0,11,10,11,13,22,66,100,116,124,128,119,115,87,51,27,6,0,9,6,8,0,8,6
5,0,6,9,7,6,13,19,62,105,119,122,126,122,110,90,55,15,0,0,9,8,7,0,0,7
7,5,0,8,0,6,12,16,63,105,116,117,121,108,104,72,58,20,7,0,9,8,8,0,6,5
11,6,0,9,8,6,13,21,81,105,115,114,115,103,92,65,53,18,10,0,10,9,10,0,8,4
10,6,6,10,12,9,15,37,86,110,119,115,113,103,102,73,55,13,11,0,0,0,12,0,8,9
12,8,9,13,11,9,22,52,101,117,128,120,119,106,97,75,48,14,11,0,9,7,11,0,7,7
7,0,6,12,15,14,39,52,80,105,135,129,117,97,79,62,44,14,6,0,5,6,9,0,9,8
11,0,8,12,15,15,52,61,103,125,158,162,114,88,71,47,47,32,10,0,10,9,13,0,5,0
6,0,8,19,23,15,53,68,113,127,148,157,135,100,77,61,50,20,10,0,12,13,14,0,6,6
12,10,11,13,14,28,59,89,121,135,136,136,123,96,71,62,15,9,14,0,12,10,10,0,7,10
12,9,12,20,14,46,60,83,120,146,147,140,120,99,81,66,51,13,13,0,12,10,12,0,5,7
13,5,11,17,14,18,55,75,109,148,154,135,109,93,72,59,50,14,8,0,13,11,11,0,7,8
12,6,9,14,14,14,51,65,91,117,137,127,105,91,71,60,53,37,11,0,13,4,8,0,7,12
11,0,8,14,12,12,32,58,82,105,124,111,100,88,70,58,54,20,13,0,14,0,5,0,8,7
13,0,10,14,11,12,21,46,70,85,102,103,102,91,71,56,50,25,11,0,12,7,12,0,10,6
10,0,10,14,12,13,15,40,59,80,87,97,97,86,74,57,50,23,10,0,10,0,8,0,9,10
5,0,7,11,9,11,10,14,55,75,94,98,101,87,75,56,44,22,12,0,11,8,8,0,5,8
10,5,0,11,12,7,10,0,50,65,85,90,102,90,73,55,35,13,8,0,10,7,11,0,5,6
5,4,7,8,9,5,9,0,17,61,76,76,91,84,69,56,34,12,6,0,8,0,7,0,0,0
0,0,5,8,0,8,7,8,13,55,68,76,86,79,69,57,15,10,7,0,10,0,0,0,0,7
6,0,6,0,0,7,4,9,10,43,66,73,82,79,71,55,12,6,7,0,9,0,7,0,0,4
0,0,0,0,0,0,0,8,6,25,58,70,80,77,65,53,9,10,0,0,7,4,0,0,0,3
0,0,0,0,6,0,4,7,0,47,50,69,77,74,63,51,9,8,0,0,6,0,6,0,5,0
0,0,0,0,0,0,6,8,8,43,48,64,82,91,64,46,12,11,4,0,0,0,0,0,0,0
0,0,0,8,0,0,6,12,11,51,58,68,88,88,68,42,12,11,5,0,0,0,9,0,0,0
5,0,0,6,5,0,7,7,10,22,59,69,113,87,59,40,13,10,5,0,0,0,9,0,0,0
0,0,0,0,0,7,7,7,12,54,61,80,103,78,50,21,10,9,0,0,8,0,10,0,3,0
0,0,4,7,9,8,7,7,13,40,68,89,95,73,20,14,12,11,0,0,9,0,5,0,5,6
9,8,7,7,11,0,8,11,11,43,67,88,88,64,31,11,13,10,0,0,9,0,9,0,0,0
0,8,12,11,11,12,19,5,58,77,88,90,114,144,155,130,97,75,58,0,26,14,35,0,11,13
13,7,13,12,11,15,19,5,74,102,110,115,132,139,141,124,105,113,93,0,60,57,47,0,9,8
0,0,9,18,12,15,12,6,72,102,110,118,130,128,131,117,104,112,89,0,45,38,52,0,19,9
9,7,13,20,11,12,12,0,70,100,106,121,135,124,122,92,74,86,50,0,53,32,42,0,14,12
9,0,0,13,13,11,8,0,20,90,104,117,126,123,115,76,60,53,13,0,14,11,20,0,9,9
10,0,0,7,0,0,9,0,50,77,104,114,121,121,119,83,55,52,12,0,11,4,7,0,11,10
11,0,0,6,0,0,8,8,54,69,90,110,113,120,129,95,57,50,10,0,12,0,14,0,11,7
6,0,8,11,0,11,12,0,50,76,106,116,120,123,117,98,54,50,11,0,11,6,8,0,10,10
9,4,8,11,8,10,12,0,55,88,104,112,120,121,113,78,54,40,12,0,12,6,0,0,5,4
8,0,7,13,11,11,12,0,63,101,112,113,123,121,114,86,52,20,7,0,0,5,9,0,4,0
6,0,0,11,11,9,13,0,55,88,113,118,124,116,107,82,51,14,6,0,0,0,0,0,8,7
8,0,0,11,10,11,14,7,66,100,116,124,128,119,115,87,51,25,6,0,9,6,8,0,8,6
5,0,6,9,7,0,13,8,62,105,119,122,126,122,110,90,55,15,0,0,9,8,7,0,0,7
7,5,0,8,0,6,12,0,63,105,116,117,121,108,104,72,59,20,8,0,10,8,8,0,6,5
11,6,5,10,8,6,13,8,82,105,115,114,116,103,92,65,53,18,10,0,10,9,10,0,8,4
10,6,6,10,12,9,14,9,87,110,119,115,114,103,102,73,54,13,11,0,0,0,12,0,8,9
12,8,9,13,11,9,22,12,101,117,128,120,120,106,97,75,48,14,11,0,9,7,11,0,7,8
7,0,5,13,16,14,39,22,81,105,135,129,118,97,78,62,44,14,6,0,5,6,9,0,9,8
10,0,8,12,17,15,52,30,103,125,158,162,114,88,71,47,48,32,10,0,10,9,12,0,5,4
6,0,8,19,25,14,53,52,114,127,148,157,135,100,77,61,50,20,10,0,12,13,13,0,6,6
11,10,11,13,14,28,59,65,121,135,136,136,123,96,71,62,15,9,14,0,12,10,10,0,7,10
11,9,13,20,15,46,60,66,120,146,147,140,120,99,81,66,51,13,13,0,12,10,12,0,5,7
13,5,11,17,15,21,55,61,110,148,154,135,110,93,73,59,50,14,8,0,13,11,11,0,7,8
12,6,9,15,14,14,52,51,91,117,137,127,105,91,71,60,53,35,11,0,13,4,8,0,7,12
11,0,8,14,12,12,32,43,83,105,124,110,100,88,70,58,53,20,13,0,14,0,5,0,8,7
13,0,10,14,11,12,20,10,70,85,102,103,102,91,71,57,50,21,11,0,13,7,12,0,10,6
10,0,10,14,12,12,15,11,59,80,87,97,98,86,74,57,50,23,10,0,10,0,8,0,9,10
5,0,7,11,9,11,10,7,55,75,95,98,101,87,75,56,44,22,12,0,11,8,8,0,5,9
10,5,0,11,12,7,10,0,50,65,86,91,102,90,74,55,36,13,8,0,10,7,11,0,5,6
5,4,7,8,9,5,9,0,15,61,76,76,92,84,69,56,34,12,6,0,8,0,7,0,0,0
0,0,6,8,0,8,6,0,13,55,68,76,86,79,69,57,15,10,7,0,9,0,0,0,0,7
6,0,6,0,0,7,4,0,10,43,66,73,82,79,71,55,12,6,6,0,9,0,7,0,0,4
0,0,0,0,0,0,0,0,6,25,58,70,80,77,65,52,9,10,0,0,7,4,0,0,0,3
0,0,0,0,6,0,4,0,0,47,50,69,78,73,63,51,9,8,0,0,6,0,6,0,5,0
0,0,0,0,0,0,6,0,8,45,50,65,83,90,64,48,12,11,4,0,0,0,0,0,0,0
0,0,0,8,0,0,6,7,11,51,58,69,89,88,68,43,12,11,5,0,0,0,9,0,0,0
5,0,0,6,5,0,7,0,10,22,59,69,113,87,60,42,13,10,5,0,0,0,9,0,0,0
0,0,0,0,0,7,7,0,12,54,61,79,104,78,50,21,10,9,0,0,8,0,10,0,3,0
0,0,5,7,9,8,7,0,13,40,68,88,95,72,21,14,12,11,0,0,9,0,5,0,5,6
9,8,7,7,11,0,8,5,11,43,67,88,88,64,32,11,13,10,0,0,9,0,9,0,0,0
0,8,12,11,11,12,19,0,58,77,88,90,114,144,155,130,97,75,58,0,26,14,32,0,11,13
12,7,13,12,11,15,19,0,74,102,110,115,132,139,141,124,105,113,93,0,60,56,47,0,9,8
0,0,9,18,12,15,12,0,72,102,110,118,130,128,131,117,104,112,88,0,44,38,53,0,19,10
9,7,13,20,11,12,12,0,68,100,106,121,134,124,122,92,74,86,50,0,53,31,42,0,14,12
9,0,0,13,13,11,8,0,20,90,104,117,126,122,115,76,60,52,13,0,14,11,20,0,9,9
9,0,0,7,0,0,9,0,50,78,104,114,121,121,119,83,55,51,12,0,12,4,7,0,11,10
11,0,0,6,0,0,8,0,54,69,90,110,113,120,129,95,57,50,10,0,13,0,14,0,11,7
6,0,8,11,0,11,11,0,50,76,106,116,119,124,117,98,54,50,11,0,11,6,8,0,10,10
9,4,8,11,8,10,12,0,56,88,104,113,120,121,113,78,53,40,11,0,12,6,0,0,5,5
8,0,7,13,11,11,12,0,65,101,112,114,123,121,114,86,52,20,7,0,0,0,9,0,4,0
6,0,0,11,11,9,13,0,54,88,113,118,124,116,107,82,50,14,5,0,0,0,0,0,8,7
8,0,0,11,10,10,14,0,67,100,116,124,128,119,115,87,50,20,6,0,9,6,8,0,8,6
5,0,6,9,6,6,13,0,62,105,119,122,126,122,110,90,55,14,0,0,9,8,7,0,0,7
8,5,0,8,0,6,12,0,63,105,116,117,121,108,104,72,58,20,7,0,9,8,8,0,6,5
11,5,5,10,8,6,13,0,82,105,115,114,116,103,92,65,53,17,10,0,10,9,10,0,8,4
10,6,6,10,12,9,14,0,87,110,119,115,114,103,102,73,54,13,11,0,0,0,12,0,8,9
12,8,9,13,11,9,23,6,101,117,128,120,119,106,97,75,48,14,11,0,9,7,11,0,7,7
7,0,5,13,15,14,39,0,81,105,135,129,118,97,78,62,44,14,6,0,5,5,9,0,9,8
10,0,8,12,15,15,52,9,103,125,158,162,114,88,71,48,47,30,10,0,10,9,12,0,5,4
6,0,8,19,23,15,53,10,114,127,148,157,135,100,77,61,50,20,10,0,12,13,14,0,6,6
11,9,11,13,14,28,59,17,121,135,136,136,123,96,71,62,15,9,14,0,12,10,10,0,7,10
11,8,13,20,15,46,60,43,120,146,147,140,120,99,81,66,51,13,13,0,12,10,12,0,6,7
13,6,11,17,15,21,55,31,110,148,154,135,110,94,73,59,50,14,8,0,13,11,11,0,7,8
12,6,9,14,14,13,52,11,91,117,137,127,105,91,71,60,54,33,11,0,13,4,8,0,7,12
10,0,8,14,12,12,32,10,83,105,124,110,100,88,70,58,53,20,13,0,14,0,5,0,8,7
13,0,10,14,11,12,21,0,70,85,102,103,102,91,72,57,50,21,11,0,13,7,12,0,10,6
11,0,10,14,12,13,15,0,59,80,87,97,98,86,74,57,50,21,10,0,10,0,8,0,9,10
5,0,7,11,9,11,10,0,55,75,95,98,101,87,75,56,44,22,12,0,11,8,8,0,5,8
10,5,0,11,12,7,10,0,50,65,85,91,102,90,74,55,35,13,8,0,10,7,11,0,5,6
5,4,7,8,9,5,9,0,15,61,76,76,91,84,69,56,34,12,6,0,8,0,8,0,0,0
0,0,5,8,0,8,7,0,13,55,68,76,86,79,69,57,15,10,7,0,9,0,0,0,0,7
6,0,6,0,0,7,4,0,11,43,66,73,82,79,71,55,12,6,7,0,9,0,7,0,0,4
0,0,0,0,0,0,0,0,6,25,58,70,80,77,65,53,9,10,0,0,7,4,0,0,0,3
0,0,0,0,6,0,4,0,6,47,50,69,78,73,63,51,8,8,0,0,6,0,6,0,5,0
0,0,0,0,0,0,6,0,8,45,48,65,82,90,64,50,12,10,4,0,0,0,0,0,0,0
0,0,0,8,0,0,6,0,11,51,58,69,88,88,68,43,12,11,5,0,0,0,9,0,0,0
5,0,0,6,5,0,7,0,10,22,59,69,113,87,59,42,13,10,5,0,0,0,9,0,0,0
0,0,0,0,0,7,8,0,12,55,61,79,103,78,50,21,10,9,0,0,8,0,10,0,3,0
0,0,5,7,9,8,7,0,13,40,68,89,95,72,20,14,12,11,0,0,9,0,5,0,5,6
9,8,7,7,11,0,8,0,11,44,67,88,88,64,32,11,13,9,0,0,9,0,9,0,0,0
0,8,12,11,11,12,19,0,58,77,88,90,114,144,156,130,97,75,58,0,26,14,32,0,11,13
12,7,13,12,11,17,19,0,77,103,110,115,131,139,141,124,105,113,93,0,61,56,47,0,9,8
0,0,9,16,12,15,12,0,72,102,110,119,130,128,130,117,104,112,86,0,44,38,52,0,19,10
9,7,13,20,11,12,12,0,70,100,107,121,134,124,122,92,74,85,45,0,53,31,42,0,14,12
10,0,0,13,14,11,8,0,20,90,104,117,126,122,115,76,60,52,14,0,14,11,19,0,8,9
9,0,0,7,0,0,9,0,51,78,104,114,121,121,119,83,55,51,12,0,12,4,7,0,11,10
11,0,0,6,0,0,9,0,54,69,90,111,113,120,129,95,57,50,10,0,13,0,14,0,11,7
5,0,8,11,0,11,12,0,50,77,107,116,120,124,117,98,55,50,11,0,10,6,8,0,10,10
9,4,8,11,8,9,12,0,56,88,104,113,120,121,113,78,53,40,11,0,12,6,0,0,5,5
8,0,7,13,11,11,12,0,65,101,112,114,123,121,114,85,52,20,7,0,0,0,9,0,4,0
6,0,0,12,11,9,13,0,55,88,112,118,124,116,108,82,50,14,5,0,0,0,0,0,8,7
8,0,0,12,10,10,14,0,67,100,115,124,128,119,115,86,51,20,6,0,9,6,8,0,8,6
5,0,6,9,7,6,13,0,62,105,118,122,126,122,110,90,55,14,0,0,9,8,7,0,0,7
8,5,0,8,0,6,12,0,63,105,116,117,121,109,104,72,58,20,7,0,9,8,8,0,6,5
11,5,5,10,8,6,13,0,83,105,115,114,116,103,94,65,53,17,10,0,10,9,10,0,8,4
10,6,6,10,12,9,14,0,87,110,119,116,114,103,102,73,54,13,11,0,0,0,12,0,8,9
12,8,9,13,11,9,23,0,101,117,129,120,120,106,97,75,48,14,10,0,9,7,11,0,7,8
7,0,5,13,15,14,38,0,82,105,135,129,118,97,78,62,44,14,6,0,5,5,9,0,9,8
10,0,9,12,15,15,52,0,104,126,158,162,114,88,71,48,47,32,10,0,10,9,12,0,5,4
6,0,8,19,23,15,53,0,114,128,148,157,135,100,77,61,50,22,10,0,12,13,13,0,6,6
11,10,11,13,14,25,59,0,122,136,135,136,123,96,71,62,15,9,13,0,12,10,10,0,7,10
11,9,13,20,15,46,60,9,120,146,148,140,120,99,81,66,52,13,12,0,11,9,12,0,6,7
13,6,11,17,15,21,55,7,110,148,153,135,110,93,72,60,50,14,8,0,12,10,11,0,8,8
11,6,9,14,14,13,52,0,91,118,137,128,105,91,71,60,54,33,10,0,13,0,8,0,7,12
11,0,8,14,12,12,30,0,83,105,125,111,100,89,70,58,54,20,13,0,14,0,5,0,8,7
13,0,10,14,11,12,21,0,70,85,101,103,102,91,72,57,50,21,11,0,13,7,12,0,10,6
10,0,10,14,12,13,15,0,59,80,87,98,98,86,74,57,50,23,10,0,10,0,8,0,9,10
4,0,7,11,9,11,10,0,55,75,95,98,101,87,75,57,45,22,12,0,11,8,8,0,5,9
10,5,5,11,11,7,10,0,50,65,85,91,102,90,74,55,36,13,8,0,10,7,11,0,5,6
5,4,7,8,9,5,9,0,15,61,76,76,91,84,69,56,34,12,6,0,8,0,8,0,0,0
0,0,5,8,0,8,7,0,13,55,68,76,86,79,70,57,15,10,7,0,9,0,0,0,0,7
6,0,6,0,0,7,4,0,11,43,66,73,82,79,71,55,12,6,6,0,9,0,7,0,0,4
0,0,0,0,0,0,0,0,6,26,58,70,80,77,65,53,9,10,0,0,7,4,0,0,0,3
0,0,0,0,6,0,5,0,6,47,50,69,78,73,63,51,8,8,0,0,6,0,6,0,5,0
0,0,0,0,0,0,6,0,9,45,48,65,83,90,64,50,12,10,4,0,0,0,0,0,0,0
0,0,0,8,0,0,6,0,12,51,58,69,88,87,68,43,12,11,5,0,0,0,9,0,0,0
5,0,0,6,5,0,7,0,10,23,59,69,113,87,60,40,13,10,5,0,0,0,9,0,0,0
0,0,0,0,0,7,7,0,12,56,61,79,104,77,50,23,10,9,0,0,8,0,10,0,3,0
0,0,5,7,9,8,7,0,14,40,68,89,95,73,20,15,12,11,0,0,9,0,5,0,5,6
9,8,7,7,11,0,8,0,12,44,67,88,88,64,32,11,13,9,0,0,9,0,9,0,0,0
0,8,12,11,11,12,20,0,58,77,88,89,114,144,156,130,97,75,57,0,26,14,32,0,11,13
12,7,13,12,11,15,19,0,77,103,110,115,131,138,141,124,105,113,93,0,61,56,47,0,9,8
0,0,9,16,12,14,12,0,72,102,110,118,130,127,130,116,104,112,86,0,44,38,53,0,19,10
9,7,13,17,11,12,12,0,71,100,107,121,135,124,122,92,74,86,45,0,53,31,41,0,14,12
9,0,5,13,13,11,8,0,20,90,104,117,126,122,115,76,60,53,13,0,14,11,19,0,8,9
9,0,0,7,0,0,9,0,50,78,104,114,121,121,118,83,55,51,12,0,12,0,6,0,11,10
11,0,0,6,0,0,9,0,54,69,90,110,113,120,129,95,57,50,10,0,12,0,14,0,11,7
6,0,8,11,0,11,12,0,50,77,107,116,120,124,117,98,54,50,11,0,10,6,8,0,10,10
9,4,8,11,8,9,12,0,55,88,104,113,120,121,113,78,53,40,11,0,12,6,0,0,5,5
9,0,7,13,11,11,12,0,65,101,112,114,124,121,114,85,52,20,7,0,0,0,9,0,4,0
6,0,0,12,11,9,13,0,55,88,113,118,124,116,107,82,50,14,5,0,0,0,0,0,7,7
8,0,0,11,10,10,14,0,69,100,115,124,128,119,115,86,51,20,0,0,9,6,8,0,8,6
5,0,6,9,7,7,13,0,62,105,118,122,126,122,110,90,55,14,0,0,9,8,7,0,0,7
8,5,0,8,0,6,12,0,63,105,116,117,121,109,104,72,58,17,7,0,10,8,8,0,6,5
11,5,5,10,8,6,14,0,83,105,115,114,116,103,93,66,53,18,10,0,10,9,10,0,8,4
10,6,7,10,12,9,15,0,87,110,119,115,114,103,102,73,54,13,11,0,0,0,12,0,8,9
12,8,9,13,12,9,23,0,101,117,129,120,120,106,97,75,50,14,10,0,9,7,11,0,7,8
7,0,5,12,15,14,38,0,83,105,135,129,118,97,78,62,42,14,6,0,5,5,9,0,9,8
10,0,9,12,15,14,52,0,104,126,158,162,114,88,71,47,47,33,10,0,10,9,12,0,5,4
6,0,8,19,23,15,53,0,114,128,148,157,135,100,77,61,50,22,10,0,12,13,13,0,6,6
11,10,11,13,14,23,60,0,122,136,135,136,123,96,71,61,17,9,13,0,12,10,10,0,7,10
11,9,13,15,15,46,60,0,120,147,148,140,120,99,82,66,52,13,12,0,11,9,12,0,6,7
13,6,11,17,14,21,55,0,110,148,153,135,110,93,72,59,50,15,8,0,11,10,11,0,8,8
12,6,9,14,14,13,52,0,91,118,137,129,105,91,71,60,54,33,10,0,13,0,9,0,7,12
11,0,8,14,12,12,32,0,83,105,125,111,100,89,70,58,54,22,12,0,14,0,5,0,8,7
13,0,10,14,11,12,21,0,70,85,101,103,102,91,72,57,51,21,11,0,13,7,12,0,9,6
10,0,10,14,11,13,15,0,59,80,87,98,98,86,74,57,50,23,10,0,10,0,8,0,9,10
4,0,7,11,9,11,10,0,56,75,95,97,101,87,75,57,45,22,11,0,11,8,8,0,5,9
10,5,0,10,11,7,10,0,50,65,86,92,102,89,74,55,36,13,8,0,10,7,11,0,5,6
5,4,7,8,9,5,9,0,15,61,76,76,91,84,70,56,32,12,6,0,8,0,8,0,0,0
0,0,5,7,0,8,7,0,13,55,68,75,86,79,70,57,15,10,7,0,10,0,0,0,0,8
6,0,6,0,0,7,4,0,11,43,66,73,82,79,71,55,12,6,6,0,9,0,7,0,0,4
0,0,0,0,0,0,0,0,6,25,58,70,80,77,65,53,9,10,0,0,7,4,0,0,0,3
0,0,0,0,6,0,5,0,6,45,50,69,78,73,63,51,8,8,0,0,6,0,6,0,5,0
0,0,0,0,0,0,6,0,9,45,48,65,83,90,64,50,12,10,4,0,0,0,0,0,0,0
0,0,0,8,0,0,6,0,11,51,58,69,88,87,68,43,12,11,5,0,0,0,9,0,0,0
5,0,0,6,5,0,7,0,10,23,59,69,113,87,60,40,13,10,5,0,0,0,9,0,0,0
0,0,0,0,0,7,7,0,12,56,61,78,103,77,50,23,10,9,0,0,8,0,10,0,3,0
0,0,5,7,9,8,7,0,14,40,68,89,95,72,20,15,12,11,0,0,9,0,5,0,5,6
9,8,7,7,11,0,8,0,12,44,67,89,88,64,32,11,13,9,0,0,10,0,9,0,0,0
0,8,12,11,11,12,20,0,58,77,88,89,114,144,156,130,97,75,58,0,26,14,32,0,11,13
12,7,13,12,11,15,19,0,77,103,109,115,131,139,141,125,105,113,93,0,60,56,47,0,9,8
0,0,9,14,12,14,12,0,72,103,110,118,130,128,130,117,104,112,86,0,44,38,53,0,19,10
8,7,13,17,11,12,12,0,70,100,107,121,135,124,122,92,74,86,47,0,53,31,42,0,14,12
9,4,0,13,13,11,8,0,20,91,104,117,126,122,115,76,60,54,14,0,14,11,20,0,8,9
9,0,0,7,0,0,9,0,50,79,104,115,121,121,118,83,55,51,12,0,12,0,7,0,11,10
11,0,0,6,0,0,9,0,54,69,90,110,114,120,129,95,57,50,10,0,12,0,14,0,11,7
5,0,8,11,0,11,12,0,50,77,107,116,120,124,117,98,54,50,12,0,10,6,8,0,10,10
9,4,8,11,8,9,12,0,55,88,104,113,120,121,113,78,54,40,12,0,12,6,0,0,5,5
9,0,7,13,11,11,12,0,65,101,112,114,124,121,114,86,52,20,7,0,0,0,9,0,4,0
6,0,0,12,11,9,13,0,55,88,113,118,124,116,108,82,50,14,5,0,0,0,0,0,7,7
8,0,0,11,10,10,14,0,69,100,115,124,128,119,115,86,51,20,0,0,9,6,8,0,8,6
5,0,6,9,7,7,13,0,64,105,118,122,126,122,110,90,55,15,0,0,9,8,7,0,0,7
8,5,0,8,0,6,12,0,63,105,116,117,121,108,104,73,58,20,7,0,9,8,8,0,6,5
11,5,0,10,8,6,14,0,82,105,115,114,116,103,94,66,52,18,10,0,10,9,10,0,8,3
9,6,7,10,12,9,15,0,87,110,119,115,114,103,102,73,54,13,11,0,0,0,12,0,8,9
12,8,9,13,12,9,23,0,101,117,129,120,120,106,97,74,50,14,10,0,9,7,11,0,7,8
7,0,5,13,14,14,38,0,82,105,135,129,118,97,79,62,44,14,6,0,5,5,9,0,9,8
10,0,9,12,15,15,53,0,104,126,158,162,114,88,71,47,47,33,10,0,10,9,12,0,5,4
6,0,8,19,23,16,54,0,114,128,148,157,136,100,78,61,50,23,10,0,12,13,14,0,6,6
11,10,11,13,14,25,59,0,122,136,135,136,123,96,71,61,17,9,14,0,12,10,10,0,7,10
11,9,13,15,15,50,60,0,120,147,148,140,121,99,81,66,52,13,12,0,11,8,12,0,6,7
13,6,11,17,14,18,55,0,110,148,152,135,110,93,72,59,50,15,8,0,11,10,11,0,7,8
11,6,9,14,14,14,52,0,92,118,137,129,105,91,71,60,54,35,11,0,13,0,9,0,7,12
11,0,8,14,12,12,32,0,83,105,125,111,100,89,70,58,54,25,13,0,14,0,5,0,8,7
13,0,10,14,11,12,21,0,70,85,101,103,102,91,72,57,50,25,11,0,13,7,12,0,9,6
10,0,10,14,11,13,15,0,59,80,87,98,98,86,74,57,50,25,10,0,10,0,9,0,9,10
4,0,7,11,9,11,10,0,56,75,95,98,101,87,75,57,45,23,11,0,11,8,9,0,5,9
10,5,0,10,11,7,10,0,50,65,86,92,102,89,73,55,36,13,8,0,10,7,11,0,5,6
5,5,7,8,9,5,9,0,17,61,76,76,91,84,69,56,34,12,6,0,8,0,8,0,0,0
0,0,5,7,0,8,7,0,13,55,68,76,87,78,69,57,15,10,7,0,10,0,0,0,0,8
5,0,6,0,0,7,4,0,11,43,66,73,82,79,71,55,12,6,6,0,9,0,7,0,0,4
0,0,0,0,0,0,0,0,6,26,58,70,81,77,65,53,9,10,0,0,7,4,0,0,0,3
0,0,0,0,6,0,5,0,6,45,50,69,78,73,63,51,8,8,0,0,6,0,6,0,5,0
0,0,0,0,0,0,6,0,9,45,48,65,83,90,64,50,12,11,4,0,0,0,0,0,0,0
0,0,0,8,0,0,6,0,11,51,58,69,88,87,68,43,12,11,5,0,0,0,9,0,0,0
5,0,0,6,5,0,7,0,10,23,59,69,113,87,60,42,13,10,5,0,0,0,9,0,0,0
0,0,0,0,0,7,7,0,12,56,61,79,104,77,50,23,10,10,0,0,8,0,10,0,3,0
0,0,4,7,9,8,7,0,14,41,68,89,95,72,19,15,12,11,0,0,9,0,5,0,5,7
9,8,7,7,11,0,8,0,11,44,67,89,88,64,32,11,13,9,0,0,9,0,9,0,0,0
0,8,12,11,11,12,20,0,58,77,88,89,114,144,155,130,97,75,57,0,26,14,33,0,11,13
12,7,13,12,11,15,21,0,77,103,110,115,132,139,141,125,105,113,93,0,60,56,47,0,9,8
0,0,9,14,12,14,12,0,72,103,110,118,130,128,130,116,104,112,88,0,45,38,53,0,17,10
9,7,13,17,11,12,12,0,71,100,107,121,135,124,122,92,74,87,47,0,52,32,42,0,14,12
9,4,5,13,13,11,8,0,22,91,104,117,126,122,116,76,60,55,13,0,14,11,20,0,8,9
9,0,0,7,0,0,9,0,50,79,104,114,121,121,119,83,55,53,12,0,12,0,7,0,12,10
11,0,0,6,0,0,9,0,54,69,90,110,114,120,129,95,57,50,10,0,12,0,14,0,11,7
5,0,8,11,0,11,12,0,50,77,107,116,120,123,117,99,54,50,11,0,10,6,8,0,10,10
9,4,8,11,8,9,12,0,55,88,104,113,120,121,113,78,54,40,12,0,12,6,0,0,6,4
9,0,7,13,11,11,13,0,65,101,112,114,124,121,114,86,52,22,7,0,0,0,9,0,4,0
6,0,0,12,11,9,13,0,55,89,113,118,124,116,108,83,50,14,5,0,0,0,0,0,7,7
8,0,0,11,10,10,14,0,69,100,115,124,128,119,115,87,51,25,0,0,9,6,8,0,8,6
5,0,6,9,7,6,13,0,64,105,118,122,126,122,110,91,55,15,0,0,9,8,7,0,0,7
8,5,0,8,0,6,12,0,63,105,116,117,121,108,104,73,58,20,7,0,9,8,8,0,6,5
11,6,5,10,8,6,14,0,83,105,115,114,116,103,94,66,53,20,10,0,10,9,10,0,8,3
9,6,7,10,12,9,16,0,87,110,119,115,114,103,102,73,54,14,11,0,0,0,12,0,8,9
12,8,9,13,12,9,23,0,101,117,129,120,120,106,97,75,50,14,10,0,9,7,11,0,7,8
7,0,5,13,14,14,38,0,83,105,135,129,119,97,78,62,44,15,6,0,5,5,9,0,9,8
10,0,9,12,15,15,53,0,104,126,158,162,114,88,71,47,47,35,10,0,10,9,12,0,5,0
6,0,8,19,23,16,54,0,114,128,148,157,136,100,78,61,50,25,11,0,12,13,14,0,6,6
11,10,11,13,14,25,59,0,122,136,136,136,124,97,72,61,17,9,14,0,12,10,10,0,7,10
11,9,12,15,15,50,60,0,120,147,148,140,121,99,81,66,52,13,12,0,11,8,11,0,6,7
12,5,11,15,14,18,55,0,110,149,152,135,110,93,72,59,50,17,8,0,10,9,11,0,7,8
11,6,9,14,14,14,52,0,92,118,137,128,105,91,71,60,54,37,11,0,13,0,9,0,7,12
11,0,8,14,12,12,32,0,83,105,125,111,101,89,70,58,54,27,13,0,14,0,5,0,8,7
13,0,10,14,11,12,21,0,70,85,102,103,102,91,71,57,50,26,11,0,13,7,12,0,9,6
10,0,10,14,11,13,15,0,59,80,87,98,98,86,74,57,50,25,10,0,10,0,9,0,9,10
4,0,7,11,9,11,10,0,56,75,95,98,101,87,75,57,45,25,11,0,11,8,8,0,5,9
10,5,0,10,11,7,10,0,50,65,86,91,102,89,73,55,36,14,8,0,10,7,11,0,5,6
5,4,7,8,9,5,8,0,17,61,76,76,92,84,69,56,34,12,6,0,8,0,7,0,0,0
0,0,5,8,0,8,7,0,13,55,68,76,86,78,69,57,15,10,7,0,10,0,0,0,0,8
5,0,6,0,0,7,4,0,11,43,66,73,82,79,71,55,12,6,6,0,9,0,7,0,0,4
0,0,0,0,0,0,0,0,7,25,58,70,81,77,65,53,9,10,0,0,7,4,0,0,0,3
0,0,0,0,6,0,5,0,6,45,50,68,78,73,63,51,9,8,0,0,6,0,6,0,5,0
0,0,0,0,0,0,6,0,9,47,48,65,83,90,64,50,12,11,4,0,0,0,0,0,0,0
0,0,0,8,0,0,6,0,11,51,58,69,89,87,68,43,12,11,5,0,0,0,9,0,0,0
5,0,0,6,5,0,8,0,10,23,59,69,113,87,60,42,13,10,5,0,0,0,9,0,0,0
0,0,0,0,0,7,7,0,12,56,61,79,104,77,50,23,10,10,0,0,8,0,10,0,3,0
0,0,4,7,9,8,7,0,14,41,68,89,95,72,20,15,12,11,0,0,9,0,5,0,5,7
9,8,7,7,11,0,8,0,11,45,67,89,88,64,32,11,13,10,0,0,9,0,9,0,0,0
0,8,12,12,11,12,20,0,58,77,88,89,115,144,155,130,97,76,57,0,26,14,33,0,11,13
12,6,13,12,11,15,21,0,75,103,109,115,132,139,141,125,105,114,93,0,60,54,48,0,9,8
0,0,9,15,12,14,12,0,72,103,110,118,130,128,131,117,104,112,88,0,45,38,53,0,17,10
9,7,13,20,11,12,12,0,71,100,106,121,135,124,122,92,74,87,51,0,53,32,42,0,14,12
9,4,0,13,13,11,8,0,20,91,104,117,127,122,116,77,60,55,13,0,14,11,20,0,9,9
9,0,0,7,0,0,9,0,50,79,104,114,121,121,119,83,55,53,12,0,12,0,7,0,12,10
11,0,0,6,0,0,9,0,54,69,91,110,114,120,129,96,57,51,10,0,12,0,14,0,11,7
5,0,9,11,0,11,12,0,50,77,106,116,120,123,117,99,54,50,11,0,10,6,9,0,10,10
9,4,8,11,8,10,12,0,55,88,103,113,120,121,113,78,54,42,12,0,12,6,0,0,6,4
9,0,7,13,11,11,13,0,63,101,113,114,124,121,114,86,52,22,7,0,0,0,9,0,4,0
6,0,0,11,11,9,14,0,54,89,113,118,124,116,107,82,50,14,5,0,0,0,0,0,7,7
8,0,0,11,10,10,14,0,67,100,116,124,128,119,115,88,51,27,0,0,9,6,8,0,8,6
5,0,6,9,7,6,13,0,64,105,119,122,126,122,110,90,55,18,0,0,9,8,7,0,0,7
8,5,0,8,0,6,12,0,63,105,116,117,121,108,104,74,59,22,7,0,9,8,8,0,6,5
11,6,5,10,8,6,14,0,82,106,115,114,116,103,93,66,53,20,10,0,10,9,10,0,8,3
10,6,7,10,12,9,16,0,87,110,119,115,114,103,102,73,54,14,12,0,0,0,12,0,8,9
12,8,9,13,12,9,23,0,101,117,128,120,120,106,97,75,50,15,10,0,9,7,11,0,8,8
7,0,5,13,14,14,39,0,83,105,135,129,118,97,78,62,45,15,6,0,5,5,8,0,9,8
10,0,9,12,14,15,53,0,104,126,159,162,115,88,71,48,48,33,10,0,10,9,12,0,5,0
6,0,8,19,23,16,54,0,114,128,148,158,136,100,78,61,50,26,11,0,12,13,14,0,6,6
11,10,11,12,14,28,60,0,122,136,136,136,124,97,72,61,19,10,14,0,12,10,10,0,7,10
11,9,12,15,15,50,60,8,120,147,147,140,121,100,81,66,52,13,12,0,11,8,11,0,6,7
12,5,11,15,14,18,56,6,110,149,153,135,110,94,72,59,50,17,8,0,10,9,11,0,7,8
11,6,9,14,14,14,52,0,92,118,137,128,105,91,71,60,54,39,11,0,13,0,9,0,7,12
10,0,8,14,12,12,35,0,83,105,124,111,101,89,70,58,54,27,13,0,14,0,5,0,8,7
12,0,10,14,11,12,23,0,70,85,102,103,102,90,71,57,51,26,11,0,13,7,12,0,9,6
10,0,10,14,11,13,15,0,59,80,87,98,98,86,75,57,50,27,10,0,10,0,9,0,9,10
4,0,7,11,9,11,10,0,56,75,94,98,101,87,75,57,45,25,12,0,11,8,8,0,5,9
10,5,5,10,11,7,10,0,50,65,86,91,102,90,73,55,37,14,8,0,10,7,11,0,5,6
4,5,7,8,9,5,9,0,17,61,76,76,92,84,69,56,34,12,6,0,8,0,8,0,0,0
0,0,5,8,0,8,7,0,13,55,68,76,86,79,69,57,15,11,7,0,10,0,0,0,0,8
5,0,6,0,0,7,4,0,11,40,66,73,82,79,71,55,12,6,6,0,9,0,7,0,0,4
0,0,0,0,0,0,0,0,6,25,59,70,81,77,65,53,9,10,0,0,7,4,0,0,0,3
0,0,0,0,6,0,5,0,6,45,50,68,78,73,63,51,9,8,0,0,6,0,6,0,5,0
0,0,0,0,0,0,6,0,9,47,48,65,83,90,64,50,12,11,4,0,0,0,0,0,0,0
0,0,0,8,0,0,7,0,11,52,58,68,89,87,68,43,12,11,5,0,0,0,9,0,0,0
4,0,0,6,5,0,8,0,10,23,59,69,113,87,60,42,13,10,5,0,0,0,9,0,0,0
0,0,0,0,0,7,8,0,12,55,61,79,104,77,50,23,10,10,0,0,8,0,10,0,3,0
0,0,5,7,9,8,7,0,14,41,68,89,95,72,20,15,12,11,0,0,9,0,5,0,5,7
9,8,7,7,11,0,8,0,11,45,67,89,88,64,32,11,13,10,0,0,10,0,9,0,0,0
0,8,12,11,11,12,20,0,58,77,87,89,115,144,156,130,97,75,58,0,27,14,33,0,11,13
12,6,13,12,11,14,19,0,75,103,109,115,132,139,141,125,106,114,93,0,61,54,47,0,9,8
0,0,9,15,12,15,12,0,71,103,110,118,130,128,131,117,104,112,89,0,46,38,53,0,17,10
9,7,13,20,11,12,12,0,71,100,106,121,135,124,122,92,75,87,51,0,53,32,41,0,14,12
9,4,5,13,13,11,8,0,20,90,104,117,126,122,116,77,60,56,14,0,15,11,20,0,8,9
9,0,0,7,0,0,9,0,51,78,104,114,121,121,119,83,55,53,12,0,12,4,7,0,12,10
11,0,0,6,0,0,9,6,54,69,90,111,114,120,129,95,58,51,10,0,13,0,14,0,11,7
5,0,9,12,6,10,12,0,50,76,106,116,120,123,117,99,55,50,11,0,10,6,9,0,10,10
9,4,8,11,8,10,12,0,55,88,104,113,120,121,113,78,54,42,12,0,12,6,0,0,5,4
9,0,7,13,11,11,13,0,63,101,112,114,123,121,114,86,52,25,7,0,0,0,9,0,4,0
6,0,0,12,11,9,14,0,55,88,113,119,124,116,107,82,51,14,5,0,0,0,0,0,7,7
8,0,0,11,10,10,14,0,67,100,116,124,128,119,115,88,51,27,0,0,9,6,8,0,8,6
5,0,6,9,7,6,13,6,64,105,119,122,126,122,110,90,56,18,0,0,9,8,7,0,0,7
8,6,0,8,0,6,12,0,63,105,116,117,121,108,105,74,58,25,7,0,10,8,8,0,6,5
11,6,5,10,8,6,14,0,82,105,115,115,116,103,93,66,53,20,10,0,10,9,10,0,8,4
10,6,7,10,12,9,16,8,88,110,119,116,114,103,102,73,55,14,12,0,7,0,12,0,8,8
12,8,9,13,12,9,25,11,102,117,128,120,120,106,97,75,50,15,10,0,10,7,11,0,8,7
8,0,5,13,16,14,40,17,83,105,135,129,118,97,79,63,47,15,6,0,5,5,9,0,9,8
10,0,9,12,15,15,53,15,104,126,159,162,114,88,71,49,48,33,10,0,10,9,12,0,5,0
6,4,8,19,25,18,54,50,114,128,148,158,136,101,78,61,50,27,11,0,12,13,14,0,6,6
12,9,11,13,14,28,60,63,122,136,137,136,124,97,72,61,19,10,14,0,12,10,10,0,7,10
11,9,12,15,17,46,60,64,121,147,148,140,121,100,82,66,52,13,12,0,12,9,11,0,6,7
12,5,11,17,14,21,56,59,110,148,153,135,110,94,72,59,50,20,7,0,11,9,11,0,7,8
11,6,9,14,14,14,52,51,92,118,137,127,105,91,71,60,54,39,11,0,13,0,8,0,6,12
10,0,8,14,12,12,35,39,83,105,124,111,101,88,70,58,54,29,13,0,14,0,5,0,8,7
13,0,10,14,11,12,23,10,70,85,102,104,102,90,71,57,51,26,11,0,13,7,12,0,9,6
10,0,10,14,12,13,16,10,59,80,87,97,98,86,75,57,50,27,10,0,10,0,8,0,9,10
5,0,7,11,9,11,10,7,56,75,94,98,101,87,75,57,46,26,12,0,11,8,8,0,5,9
10,5,5,11,11,7,10,0,50,65,85,90,102,89,73,55,37,14,8,0,10,6,11,0,5,6
4,4,7,8,9,5,9,0,17,61,76,76,92,84,69,56,34,12,6,0,8,0,8,0,0,0
0,4,5,8,0,8,7,0,13,55,68,76,86,78,69,57,17,11,7,0,10,0,0,0,0,7
6,0,6,0,0,7,4,0,11,40,66,73,82,79,71,55,12,6,6,0,9,0,7,0,0,4
0,0,0,0,0,0,0,0,7,26,59,70,80,77,65,53,9,10,0,0,7,4,0,0,0,3
0,0,0,0,6,0,5,0,6,45,50,69,78,73,63,51,9,8,0,0,6,0,6,0,5,0
0,0,0,0,0,0,6,0,9,45,48,65,83,90,64,48,12,11,4,0,0,0,0,0,0,0
0,0,0,8,0,0,7,6,11,51,58,69,88,87,68,43,12,12,5,0,0,0,9,0,0,0
4,0,0,6,5,0,8,0,10,23,59,69,113,86,60,42,14,10,5,0,0,0,9,0,0,0
0,0,0,0,0,7,8,0,12,55,61,80,103,77,50,25,10,10,0,0,8,0,10,0,3,0
0,0,5,7,9,8,7,0,14,41,68,89,95,71,22,15,12,11,0,0,9,0,5,0,5,6
9,8,7,7,11,0,8,0,12,44,67,89,88,64,31,11,13,10,0,0,10,0,9,0,0,0
