0,0,0,0,7,7,6,0,0,11,34,47,52,58,53,41,43,30,19,11,15,9,8,0,4,10
0,0,0,0,6,0,0,0,0,6,12,25,61,77,63,53,52,17,15,38,12,10,10,0,0,0
0,0,0,0,5,0,0,0,0,8,36,57,69,78,71,58,55,51,18,33,6,6,8,0,0,5
0,0,0,0,5,0,0,0,8,25,66,82,93,100,95,65,60,58,27,21,0,4,6,0,0,5
0,0,0,0,0,0,0,0,0,12,52,65,70,76,65,62,60,59,22,21,12,0,0,0,0,0
5,0,0,0,0,0,0,0,0,32,74,82,83,84,85,69,63,66,19,47,9,0,10,0,0,0
8,0,0,0,0,0,0,0,0,32,59,68,70,67,87,69,73,63,57,50,9,6,9,0,0,0
7,0,0,6,0,0,0,0,0,43,72,85,89,85,90,82,75,67,56,52,14,10,5,0,6,10
7,0,0,0,0,0,0,0,5,30,76,88,98,100,96,89,80,73,66,52,41,9,0,0,0,8
8,0,0,9,6,0,0,0,0,25,102,107,108,106,106,103,96,97,90,51,17,5,5,0,4,0
0,0,0,0,0,0,0,0,0,34,106,103,105,98,105,102,84,105,96,62,28,10,5,0,5,9
4,0,0,0,0,0,9,0,0,15,101,89,108,112,110,107,92,107,101,79,40,12,9,0,0,5
6,0,0,0,0,0,5,0,0,14,100,99,114,117,116,110,99,104,98,79,34,9,0,0,0,5
8,0,0,0,6,7,6,0,4,13,90,105,113,119,114,107,105,104,101,89,51,6,11,0,4,9
10,0,0,0,6,7,7,0,0,28,84,102,110,117,112,98,103,104,100,90,60,12,12,0,5,5
6,0,0,0,10,11,8,0,0,16,87,104,107,114,114,102,101,105,101,67,53,32,19,0,5,4
8,0,0,7,9,10,9,0,5,36,82,85,109,113,107,99,106,114,106,103,75,37,14,0,6,0
7,0,4,11,16,13,0,0,0,48,83,94,109,122,127,108,111,115,104,97,68,50,16,0,7,12
0,0,0,5,9,6,0,0,0,13,72,87,85,93,91,70,70,82,80,78,64,30,13,0,5,5
0,0,0,7,10,6,0,0,0,13,70,88,91,92,88,84,76,71,66,80,62,28,13,0,5,7
6,0,0,6,6,0,0,0,0,16,58,79,73,78,85,86,78,81,69,81,70,21,10,0,0,9
0,0,5,0,0,0,0,0,0,11,67,83,83,82,82,100,87,85,101,77,77,50,11,0,4,9
8,0,0,7,7,0,0,0,0,10,58,79,79,79,68,81,84,81,75,79,67,38,13,4,9,7
8,0,0,7,0,0,0,0,0,12,59,73,80,86,67,68,70,75,73,74,68,48,15,0,9,10
7,0,0,7,7,0,0,0,0,18,58,71,81,75,65,58,62,66,75,76,73,52,14,0,6,10
8,0,0,7,9,6,0,0,8,11,57,72,81,84,70,58,62,67,75,77,74,53,14,0,8,11
6,0,6,10,9,7,0,0,0,9,53,68,81,80,74,58,58,63,73,78,71,53,16,0,9,11
0,0,0,0,0,7,0,7,0,11,56,74,83,80,70,56,54,60,64,76,68,48,14,0,8,9
9,0,0,6,10,6,6,0,0,6,55,76,79,84,73,56,51,58,64,74,72,46,16,0,6,10
0,0,7,7,7,5,6,0,0,0,51,67,76,77,70,57,50,56,67,78,67,43,14,4,0,8
0,4,0,7,0,7,6,0,0,0,35,65,72,82,70,57,48,55,64,74,66,37,14,0,0,9
6,0,0,0,0,6,0,0,0,6,13,60,75,78,70,57,44,53,57,68,58,17,14,0,4,6
4,0,0,0,0,0,0,0,0,6,16,54,76,83,65,53,33,48,55,75,63,14,9,0,0,4
7,0,5,0,7,4,0,0,0,11,32,55,77,111,79,54,25,56,57,108,86,34,11,0,6,9
0,0,0,0,0,0,5,5,0,0,13,55,74,122,71,55,31,50,50,79,78,25,9,0,0,0
0,0,0,5,0,0,6,7,0,0,14,28,64,75,54,28,12,13,14,51,55,14,9,0,0,0
0,0,0,0,0,0,0,0,0,0,11,14,52,53,27,17,14,13,12,25,19,12,8,0,0,0
0,0,0,0,0,0,0,0,0,0,10,14,45,50,21,13,12,11,11,18,25,13,9,0,3,0
0,0,0,0,6,0,4,0,0,0,9,18,51,47,18,11,12,9,9,14,23,13,7,0,5,4
5,0,0,0,9,0,3,0,0,0,0,17,41,35,10,11,9,0,12,8,14,10,5,0,0,0
0,0,0,0,7,7,6,0,0,11,36,50,53,57,52,41,43,30,19,11,16,9,8,0,4,10
0,0,0,0,6,0,0,0,0,6,13,27,62,74,63,53,52,20,15,38,12,10,10,0,0,0
0,0,0,0,5,0,0,0,0,9,38,59,71,76,71,58,54,52,18,36,6,6,8,0,0,5
0,0,0,0,5,0,0,0,7,25,66,84,93,100,95,64,60,58,30,21,0,4,5,0,0,6
0,0,0,0,0,0,0,0,0,13,54,67,70,75,65,61,60,59,22,23,12,0,0,0,0,0
5,0,0,0,0,0,0,0,0,35,75,82,82,82,85,69,63,66,21,47,9,0,10,0,0,0
9,0,0,0,0,0,0,0,0,32,59,69,70,65,86,69,73,64,57,50,9,7,9,0,0,0
7,0,0,6,0,0,0,0,0,43,72,85,88,83,89,82,75,67,55,52,14,11,5,0,6,10
8,0,0,0,0,0,0,0,5,30,76,90,97,100,95,88,79,73,66,52,41,8,0,0,0,8
8,0,0,10,7,5,5,0,0,25,101,106,108,105,105,103,96,96,90,51,19,6,5,0,4,0
0,0,0,0,0,0,0,0,0,34,105,105,105,96,104,102,86,106,95,63,28,10,5,0,5,9
5,0,0,0,0,0,9,0,0,15,101,92,108,111,109,106,91,108,101,80,40,13,9,0,0,5
5,0,0,0,0,0,5,0,0,14,101,99,114,116,114,109,96,104,98,79,34,9,0,0,0,5
8,0,0,0,5,7,6,0,5,13,90,105,113,117,113,106,104,104,101,89,51,6,11,0,4,9
10,0,0,0,6,7,8,0,0,25,84,102,109,115,111,95,102,103,100,90,60,12,12,0,5,5
6,0,0,0,10,11,8,0,0,20,88,103,107,113,113,101,100,105,101,67,53,32,19,0,5,4
9,0,0,7,9,10,9,0,6,38,85,85,108,111,106,97,105,114,106,103,76,37,14,0,6,0
7,0,4,11,16,14,0,0,0,50,87,97,108,121,126,107,110,115,104,100,69,51,18,0,7,12
0,0,0,5,10,7,0,0,0,15,77,91,86,91,89,69,69,81,80,80,65,32,13,0,5,5
0,0,0,7,10,6,0,0,0,14,72,92,92,91,88,83,75,71,66,81,63,30,14,0,6,7
6,0,0,6,6,0,0,0,0,20,60,81,74,77,84,85,78,82,69,81,71,23,11,0,0,9
5,0,5,0,0,0,0,0,0,11,69,85,84,82,82,100,87,85,101,77,78,50,12,3,4,9
7,0,0,7,7,0,0,0,0,11,60,80,80,79,68,81,84,82,75,79,67,39,13,4,9,8
8,0,0,7,0,0,0,0,0,13,59,74,80,86,67,68,70,75,73,74,67,50,15,0,9,10
8,0,0,7,7,0,0,0,0,21,59,72,81,74,65,58,62,67,75,77,73,52,14,0,6,10
7,0,0,7,9,6,0,0,9,12,57,72,81,83,70,58,62,67,75,77,74,53,14,0,8,11
6,0,7,10,9,7,0,0,0,10,53,69,81,79,74,58,58,64,73,77,71,53,18,0,9,10
0,0,0,0,0,7,0,7,0,11,56,75,83,79,70,56,55,60,64,76,68,50,14,0,8,9
10,0,0,6,10,6,6,0,0,6,56,76,80,83,73,56,51,58,64,74,72,46,17,0,7,10
0,0,8,7,8,5,6,0,0,0,51,67,76,77,70,57,50,56,67,78,66,43,14,4,0,8
0,4,0,7,0,7,6,0,0,0,37,65,72,81,69,57,48,55,63,73,66,37,15,0,0,9
6,0,0,0,0,6,4,0,0,6,13,61,75,78,69,57,44,53,57,68,58,17,14,0,4,6
4,0,0,0,0,0,0,0,0,6,18,54,76,82,65,53,33,48,55,76,63,14,9,0,0,4
7,0,5,0,7,5,0,0,0,11,35,55,76,110,78,54,25,57,58,109,86,34,11,0,6,10
0,0,0,0,0,0,5,5,0,0,13,55,74,121,70,55,31,50,50,80,78,25,9,0,0,0
0,0,0,5,0,0,6,7,0,0,14,30,64,74,54,26,12,13,14,51,55,14,9,0,0,0
0,0,0,0,0,0,0,0,0,0,11,15,52,52,26,17,14,13,12,25,20,12,8,0,0,0
0,0,0,0,0,0,0,0,0,0,10,14,47,48,21,13,12,11,11,18,25,14,9,0,3,0
0,0,0,0,6,0,4,0,0,0,9,20,51,45,17,11,12,10,9,14,23,13,7,0,5,4
5,0,0,0,9,0,3,0,0,0,6,17,41,33,9,11,9,0,12,8,14,10,5,0,0,0
0,0,0,0,7,7,6,0,0,12,36,51,53,57,52,40,43,33,21,11,17,9,8,0,4,10
0,0,0,0,6,0,0,0,0,6,13,30,62,74,63,53,52,17,15,38,12,10,10,0,0,3
0,0,0,0,5,0,0,0,0,9,38,59,71,76,71,57,54,52,18,36,6,6,8,0,0,5
0,0,0,0,5,0,0,0,8,25,67,84,95,100,95,64,60,58,32,21,0,5,5,0,0,6
5,0,0,0,0,0,0,0,0,13,55,68,70,75,65,61,60,59,27,25,12,0,0,0,0,0
5,0,0,0,0,0,0,0,0,37,74,83,83,82,85,69,62,67,25,50,9,0,10,0,0,0
9,0,0,0,0,0,0,0,0,32,59,69,70,65,87,69,74,64,58,51,10,7,10,0,0,0
7,0,0,6,0,0,0,0,0,43,72,85,88,83,89,81,75,68,55,52,14,11,5,0,6,10
8,0,0,0,0,0,0,0,5,30,76,90,97,99,95,88,78,73,66,52,43,9,0,0,0,8
8,0,0,10,7,5,6,0,0,25,100,105,109,104,105,103,97,95,90,51,21,6,5,0,4,0
0,0,0,0,0,0,0,0,0,37,104,107,105,95,103,101,88,107,95,63,31,10,5,0,5,9
5,0,0,0,0,0,9,0,0,15,101,96,107,110,108,105,90,110,101,80,43,13,10,0,0,5
5,0,0,0,0,0,5,0,0,14,101,100,113,115,113,108,94,103,100,79,37,9,0,0,4,5
8,0,0,0,0,7,6,0,5,13,90,106,112,116,111,105,102,104,101,88,51,6,11,0,3,9
10,0,0,0,6,7,8,0,0,25,84,102,109,114,110,93,101,103,100,88,61,12,12,0,5,5
6,0,0,0,10,11,8,0,0,23,90,103,106,112,112,100,100,105,101,67,54,32,19,0,5,4
9,0,0,6,8,10,9,0,6,45,86,86,108,110,105,96,104,114,106,103,77,39,14,0,6,0
7,0,4,11,16,14,0,0,0,51,91,99,108,120,125,106,109,114,104,102,70,52,20,0,7,12
0,0,0,5,9,7,0,0,0,25,80,95,86,90,88,69,68,81,81,82,65,37,13,0,5,5
0,0,0,7,10,6,0,0,0,17,74,95,94,90,87,83,75,71,67,82,64,32,14,0,6,7
6,0,0,7,6,0,0,0,0,25,61,83,74,78,85,85,78,82,69,82,71,23,11,0,0,10
5,0,5,0,0,0,0,0,0,12,72,87,85,82,82,100,87,85,101,78,78,50,12,3,4,9
7,0,0,7,7,0,0,0,0,11,61,81,80,79,68,81,84,82,75,79,67,41,13,5,9,8
8,0,0,7,0,0,0,0,0,14,60,75,80,86,67,67,69,75,73,74,68,50,16,0,9,10
8,0,0,7,8,0,0,0,0,23,59,72,82,74,65,58,62,67,75,77,73,52,15,0,6,10
7,0,0,7,9,6,0,0,9,12,58,72,82,83,70,58,62,67,75,77,74,53,14,0,8,11
6,0,6,9,9,7,0,0,0,10,54,69,81,79,74,58,58,64,73,77,71,53,18,0,10,10
0,0,0,0,0,7,0,7,0,12,57,75,83,79,70,56,55,60,64,76,68,48,15,0,8,9
9,0,0,6,10,6,6,0,0,6,56,77,80,83,73,56,51,58,64,74,72,46,18,0,7,10
0,0,8,7,7,5,6,0,0,0,52,67,76,76,70,57,50,56,67,78,67,44,14,4,0,9
0,4,0,7,0,7,6,0,0,0,39,65,72,81,69,57,46,55,64,73,66,39,15,0,0,9
6,0,0,0,0,6,4,0,0,6,13,61,75,78,69,57,44,53,57,68,58,20,14,0,4,6
4,0,0,0,0,0,0,0,0,6,18,55,76,81,65,53,33,50,55,76,64,14,9,0,0,4
7,0,5,0,7,5,0,0,0,12,37,55,76,110,78,54,27,57,58,110,86,36,11,0,6,10
0,0,0,0,0,0,5,5,0,0,13,56,74,121,70,55,31,50,50,80,78,27,9,0,0,0
0,0,0,5,0,0,6,7,0,0,14,31,64,73,54,26,12,13,14,51,55,14,9,0,0,0
0,0,0,0,0,0,0,0,0,0,11,16,52,52,26,16,14,13,12,26,22,12,9,0,0,0
0,0,0,0,0,0,0,0,0,0,10,14,47,48,21,13,12,12,11,18,26,14,10,0,3,3
0,0,0,0,6,0,4,0,0,0,9,21,51,45,17,11,12,10,10,14,25,13,7,0,5,4
5,0,0,0,9,0,3,0,0,0,0,18,41,33,9,11,9,0,12,9,14,10,6,0,0,0
0,0,0,6,7,7,6,0,0,12,38,51,53,57,52,41,43,33,21,11,18,9,8,0,4,10
0,0,0,0,6,6,0,0,0,7,13,33,64,72,63,53,52,17,18,40,12,10,10,0,0,0
0,0,0,0,5,0,0,0,0,9,41,59,71,75,70,57,54,51,18,38,7,7,8,0,0,5
0,0,0,0,5,0,0,0,8,27,69,84,95,100,94,64,59,58,37,23,0,6,5,0,0,5
6,0,0,0,0,0,0,0,0,13,55,67,70,74,63,61,60,59,30,27,12,0,0,0,0,0
5,0,0,0,0,0,0,0,0,40,74,82,84,81,84,69,62,67,28,50,8,0,9,0,0,0
9,0,0,0,0,0,0,0,0,35,59,70,71,64,87,69,74,65,59,51,10,7,10,0,0,0
7,0,0,7,0,0,0,0,0,45,71,85,89,83,89,81,76,69,56,52,14,11,6,0,7,10
8,0,0,0,0,5,5,0,6,36,76,91,98,99,96,89,78,74,67,53,45,9,0,0,0,8
8,0,0,10,8,7,7,0,0,27,100,104,111,104,105,103,97,94,90,52,21,6,5,0,5,0
0,0,0,0,0,0,0,0,0,37,102,111,106,93,102,101,91,107,94,64,28,10,5,0,5,9
5,0,0,0,0,0,10,0,0,15,101,101,106,109,107,104,89,112,101,80,46,13,10,0,0,5
5,0,0,0,0,0,6,0,0,14,101,100,112,114,112,107,90,103,98,78,37,9,0,0,4,5
8,0,0,0,0,7,6,0,5,13,92,106,111,114,110,104,101,103,101,88,50,6,11,0,3,9
10,0,0,0,6,7,8,0,4,25,86,102,108,112,109,91,100,102,100,88,61,12,12,0,5,5
6,0,0,0,10,11,8,0,0,27,91,102,106,110,111,98,98,104,101,67,55,32,19,0,5,4
9,0,0,6,9,11,10,0,7,51,88,86,107,109,104,94,104,113,106,104,78,41,14,0,6,0
7,0,4,11,16,14,0,0,0,52,95,100,108,118,124,105,107,114,105,103,70,53,21,0,7,12
0,0,0,5,10,7,0,0,0,38,84,99,86,88,87,68,68,80,81,83,66,42,13,0,5,5
0,0,0,7,10,6,0,0,0,25,77,99,96,89,86,82,74,70,67,83,64,35,14,0,6,7
6,0,0,7,6,0,0,0,0,32,62,86,76,78,85,85,78,82,70,83,72,25,10,0,0,9
5,0,5,0,0,0,0,0,0,12,73,89,86,82,83,100,87,86,101,78,78,51,12,3,4,9
7,0,0,7,7,0,0,0,0,12,62,82,81,80,68,81,84,82,75,79,67,42,13,4,9,8
8,0,0,7,0,0,0,0,0,15,61,76,81,86,67,67,70,75,72,74,68,50,16,0,9,10
8,0,0,7,8,0,0,0,0,26,60,73,82,74,65,58,62,67,75,76,72,52,14,0,6,10
7,0,0,7,9,6,0,0,9,12,58,73,82,82,70,58,62,67,75,77,74,53,15,0,8,10
6,0,6,10,8,7,0,0,0,10,54,69,82,78,73,58,58,64,73,77,71,53,16,0,10,10
0,0,0,0,0,7,0,7,0,12,57,76,83,79,70,56,55,61,64,76,67,48,14,0,8,9
9,0,0,7,10,6,6,0,0,7,57,77,80,83,73,56,52,58,64,74,72,47,18,0,7,10
0,0,8,7,7,5,6,0,0,0,52,68,76,76,69,57,50,56,67,78,66,44,14,4,0,8
0,4,0,7,0,7,6,0,0,0,39,66,73,80,69,57,48,55,63,73,66,39,15,0,0,9
6,0,0,0,0,6,4,0,0,6,13,62,75,77,69,57,42,54,57,68,58,22,14,0,4,6
4,0,0,0,0,0,0,0,0,7,21,55,76,81,65,54,33,50,55,76,64,14,9,0,0,4
7,0,5,0,7,5,0,0,0,12,39,56,76,110,78,54,27,57,58,110,86,36,11,0,6,10
0,0,0,0,0,0,5,5,0,0,14,56,73,120,70,55,31,50,50,81,78,27,9,0,0,0
0,0,0,5,0,0,6,7,0,5,14,33,64,72,54,26,11,13,14,51,55,14,9,0,0,0
0,0,0,0,0,0,0,0,0,0,11,19,52,52,25,16,14,13,12,28,22,12,9,0,0,0
0,0,0,0,0,0,0,0,0,0,10,14,50,46,21,13,12,12,11,20,26,14,10,0,3,0
0,0,0,0,6,0,4,0,0,0,9,22,52,45,17,11,12,10,10,14,25,13,7,0,5,4
5,0,0,0,9,0,3,0,0,0,0,18,41,33,9,12,9,0,12,9,14,11,6,0,0,0
0,0,0,6,7,7,6,0,0,12,38,51,53,57,52,41,43,33,21,11,18,9,8,0,4,10
0,0,0,0,6,6,0,0,0,7,13,33,64,72,63,53,52,17,18,40,12,10,10,0,0,0
0,0,0,0,5,0,0,0,0,9,41,59,71,75,70,57,54,51,18,38,7,7,8,0,0,5
0,0,0,0,5,0,0,0,8,27,69,84,95,100,94,64,59,58,37,23,0,6,5,0,0,6
6,0,0,0,0,0,0,0,0,13,55,67,70,74,63,61,60,59,30,27,12,0,0,0,0,0
5,0,0,0,0,0,0,0,0,40,74,82,84,81,84,69,62,67,28,50,8,0,9,0,0,0
9,0,0,0,0,0,0,0,0,35,59,70,71,64,87,69,74,65,59,51,10,7,10,0,3,0
7,0,0,7,0,0,0,0,0,45,71,85,89,83,89,81,76,69,56,52,14,11,6,0,7,10
8,0,0,0,0,5,5,0,6,36,76,91,98,99,96,89,78,74,67,53,45,9,0,0,0,8
8,0,0,10,8,7,7,0,0,27,100,104,111,104,105,103,97,94,90,52,21,6,5,0,5,0
0,0,0,0,0,0,0,0,0,37,102,111,106,93,102,101,91,107,94,64,28,10,5,0,5,9
5,0,0,0,0,0,10,0,0,15,101,101,106,109,107,104,89,112,101,80,46,13,10,0,0,5
5,0,0,0,0,0,6,0,0,14,101,100,112,114,112,107,90,103,98,78,37,9,0,0,4,5
8,0,0,0,0,7,6,0,5,13,92,106,111,114,110,104,101,103,101,88,50,6,11,0,3,9
10,0,0,0,6,7,8,0,4,25,86,102,108,112,109,91,100,102,100,88,61,12,12,0,5,5
6,0,0,0,10,11,8,0,0,27,91,102,106,110,111,98,98,104,101,67,55,32,19,0,5,4
9,0,0,6,9,11,10,0,7,51,88,86,107,109,104,94,104,113,106,104,78,41,14,0,6,0
7,0,4,11,16,14,0,0,0,52,95,100,108,118,124,105,107,114,105,103,70,53,21,0,7,12
0,0,0,5,10,7,0,0,0,38,84,99,86,88,87,68,68,80,81,83,66,42,13,0,5,5
0,0,0,7,10,6,0,0,0,25,77,99,96,89,86,82,74,70,67,83,64,35,14,0,6,7
6,0,0,7,6,0,0,0,0,32,62,86,76,78,85,85,78,82,70,83,72,25,10,0,0,10
5,0,5,0,0,0,0,0,0,12,73,89,86,82,83,100,87,86,101,78,78,51,12,3,4,9
7,0,0,7,7,0,0,0,0,12,62,82,81,80,68,81,84,82,75,79,67,42,13,4,9,8
8,0,0,7,0,0,0,0,0,15,61,76,81,86,67,67,70,75,72,74,68,50,16,0,9,10
8,0,0,7,8,0,0,0,0,26,60,73,82,74,65,58,62,67,75,76,72,52,14,0,6,10
7,0,0,7,9,6,0,0,9,12,58,73,82,82,70,58,62,67,75,77,74,53,15,0,8,11
6,0,6,10,8,7,0,0,0,10,54,69,82,78,73,58,58,64,73,77,71,53,16,0,10,10
0,0,0,0,0,7,0,7,0,12,57,76,83,79,70,56,55,61,64,76,67,48,14,0,8,9
9,0,0,7,10,6,6,0,0,7,57,77,80,83,73,56,52,58,64,74,72,47,18,0,7,10
0,0,8,7,7,5,6,0,0,0,52,68,76,76,69,57,50,56,67,78,66,44,14,4,0,9
0,4,0,7,0,7,6,0,0,0,39,66,73,80,69,57,48,55,63,73,66,39,15,0,0,9
6,0,0,0,0,6,4,0,0,6,13,62,75,77,69,57,42,54,57,68,58,22,14,0,4,6
4,0,0,0,0,0,0,0,0,7,21,55,76,81,65,54,33,50,55,76,64,14,9,0,0,4
7,0,5,0,7,5,0,0,0,12,39,56,76,110,78,54,27,57,58,110,86,36,11,0,6,10
0,0,0,0,0,0,5,5,0,0,14,56,73,120,70,55,31,50,50,81,78,27,9,0,0,0
0,0,0,5,0,0,6,7,0,5,14,33,64,72,54,26,11,13,14,51,55,14,9,0,0,0
0,0,0,0,0,0,0,0,0,0,11,19,52,52,25,16,14,13,12,28,22,12,9,0,0,0
0,0,0,0,0,0,0,0,0,0,10,14,50,46,21,13,12,12,11,20,26,14,9,0,3,0
0,0,0,0,6,0,4,0,0,0,9,22,52,45,17,11,12,10,10,14,25,13,7,0,5,4
5,0,0,0,9,0,3,0,0,0,0,18,41,33,9,12,9,0,12,9,14,11,6,0,0,0
0,0,0,6,7,7,6,0,0,12,40,51,53,53,53,41,43,30,19,11,17,9,8,0,4,10
5,0,0,0,6,6,0,0,0,7,13,36,64,67,63,53,52,17,18,40,12,10,11,0,0,0
0,0,0,0,5,0,0,0,0,10,44,60,73,68,70,57,54,51,20,41,7,8,9,0,0,5
0,0,0,0,4,5,0,0,8,27,69,84,96,94,95,64,59,57,40,25,0,7,6,0,0,5
5,0,0,0,0,0,0,0,0,13,55,68,70,66,64,61,60,60,35,27,11,0,0,0,0,0
0,0,0,0,0,0,0,0,0,40,75,82,85,77,85,69,62,67,37,47,7,0,9,0,0,0
8,0,0,0,0,0,0,0,0,35,60,70,71,62,88,69,74,65,60,51,10,7,10,0,3,0
7,0,0,7,0,0,0,0,0,47,72,85,89,80,89,82,76,69,56,52,14,12,5,0,7,10
7,0,0,0,0,5,6,0,6,38,76,91,98,94,97,89,78,74,68,53,43,9,0,0,0,8
8,0,0,10,9,7,7,0,0,27,100,105,111,103,105,103,98,95,91,52,21,6,5,0,5,0
0,0,0,0,0,0,0,0,0,37,102,111,107,90,103,101,91,108,94,65,28,10,0,0,5,9
4,0,0,0,0,0,10,0,0,16,101,102,107,108,108,104,90,112,102,82,46,13,10,0,0,5
5,0,0,0,0,0,6,0,0,14,101,100,112,112,112,107,90,103,98,79,31,9,0,0,4,5
8,0,0,0,0,7,6,0,6,13,93,106,111,113,110,104,101,103,101,88,47,6,11,0,4,9
10,0,0,0,6,7,8,0,4,28,86,102,108,111,109,91,100,102,100,88,60,12,12,0,5,4
6,0,0,6,10,11,9,0,0,30,91,103,106,109,111,98,98,104,101,68,55,32,18,0,5,4
8,0,0,7,9,11,10,0,7,51,89,86,107,107,104,95,104,113,106,103,77,41,14,0,6,0
7,0,4,11,15,14,0,0,0,52,95,100,108,116,124,105,107,114,104,102,69,52,21,0,7,12
0,0,0,5,10,7,0,0,0,38,83,99,86,85,88,68,68,80,81,83,65,42,13,0,5,5
0,0,0,7,10,6,0,0,0,25,77,99,96,86,87,82,74,70,67,82,64,35,14,0,6,7
6,0,0,7,6,0,0,0,0,32,62,86,76,75,85,85,78,80,71,83,72,27,10,0,0,10
0,0,5,0,0,0,0,0,0,12,74,89,86,80,83,100,88,86,101,78,78,51,12,3,4,9
8,0,0,7,7,0,0,0,0,12,62,82,81,77,68,81,84,81,75,79,67,42,13,4,9,8
8,0,0,7,0,0,0,0,0,15,61,76,81,83,67,67,70,75,72,74,67,50,16,0,9,10
7,0,0,7,8,0,0,0,0,26,60,73,82,72,65,58,62,67,75,77,72,52,14,0,6,10
8,0,0,7,9,6,0,0,9,12,58,73,81,80,70,58,62,66,75,77,73,53,15,0,8,11
6,0,6,10,8,7,0,0,0,11,54,69,81,76,73,58,58,63,73,77,70,52,15,0,10,10
0,0,0,0,0,7,0,7,0,12,57,75,82,76,70,57,55,60,64,75,67,50,14,0,8,9
9,0,0,6,10,7,6,0,0,7,57,77,79,81,73,56,52,58,64,74,71,47,18,0,7,10
0,0,7,7,7,5,7,0,0,0,52,68,76,74,69,57,50,56,67,78,65,44,14,4,0,8
0,4,0,7,0,7,7,0,0,0,39,65,72,78,69,57,50,55,63,73,66,39,15,0,0,9
6,0,0,0,0,6,4,0,0,6,13,62,75,74,69,57,44,54,57,68,58,22,14,0,4,6
4,0,0,0,0,0,0,0,0,7,21,55,76,79,65,54,35,50,55,76,64,14,10,0,0,4
7,0,5,0,7,5,0,0,0,12,39,57,76,107,79,55,29,57,58,110,85,38,11,0,7,10
0,0,0,0,0,0,5,5,0,0,14,57,73,119,71,55,33,50,51,81,78,30,9,0,0,0
0,0,0,5,0,0,6,7,0,0,15,35,64,71,54,28,12,13,14,51,55,14,9,0,0,0
0,0,0,0,0,0,0,0,0,0,11,20,52,50,26,17,14,13,12,28,22,12,9,0,0,0
0,0,0,0,0,0,0,0,0,0,10,15,50,38,21,13,12,12,11,21,26,14,10,0,3,0
0,0,0,0,6,0,4,0,0,0,9,23,52,38,18,11,12,10,10,14,25,13,7,0,5,4
5,0,0,0,9,0,4,0,0,0,6,19,41,28,9,12,9,0,12,10,14,11,6,0,0,0
0,0,0,6,7,7,6,0,0,12,40,51,53,53,53,41,43,30,19,11,17,9,8,0,4,10
5,0,0,0,6,6,0,0,0,7,13,36,64,67,63,53,52,17,18,40,12,10,11,0,0,0
0,0,0,0,5,0,0,0,0,10,44,60,73,68,70,57,54,51,20,41,7,8,9,0,0,5
0,0,0,0,4,5,0,0,8,27,69,84,96,94,95,64,59,57,40,25,0,7,6,0,0,5
5,0,0,0,0,0,0,0,0,13,55,68,70,66,64,61,60,60,35,27,11,0,0,0,0,0
0,0,0,0,0,0,0,0,0,40,75,82,85,77,85,69,62,67,37,47,7,0,9,0,0,0
8,0,0,0,0,0,0,0,0,35,60,70,71,62,88,69,74,65,60,51,10,7,10,0,3,0
7,0,0,7,0,0,0,0,0,47,72,85,89,80,89,82,76,69,56,52,14,12,5,0,7,10
7,0,0,0,0,5,6,0,6,38,76,91,98,94,97,89,78,74,68,53,43,9,0,0,0,8
8,0,0,10,9,7,7,0,0,27,100,105,111,103,105,103,98,95,91,52,21,6,5,0,5,0
0,0,0,0,0,0,0,0,0,37,102,111,107,90,103,101,91,108,94,65,28,10,0,0,5,9
4,0,0,0,0,0,10,0,0,16,101,102,107,108,108,104,90,112,102,82,46,13,10,0,0,5
5,0,0,0,0,0,6,0,0,14,101,100,112,112,112,107,90,103,98,79,31,9,0,0,4,5
8,0,0,0,0,7,6,0,6,13,93,106,111,113,110,104,101,103,101,88,47,6,11,0,4,9
10,0,0,0,6,7,8,0,4,28,86,102,108,111,109,91,100,102,100,88,60,12,12,0,5,4
6,0,0,6,10,11,9,0,0,30,91,103,106,109,111,98,98,104,101,68,55,32,18,0,5,4
8,0,0,7,9,11,10,0,7,51,89,86,107,107,104,95,104,113,106,103,77,41,14,0,6,0
7,0,4,11,15,14,0,0,0,52,95,100,108,116,124,105,107,114,104,102,69,52,21,0,7,12
0,0,0,5,10,7,0,0,0,38,83,99,86,85,88,68,68,80,81,83,65,42,13,0,5,5
0,0,0,7,10,6,0,0,0,25,77,99,96,86,87,82,74,70,67,82,64,35,14,0,6,7
6,0,0,7,6,0,0,0,0,32,62,86,76,75,85,85,78,80,71,83,72,27,10,0,0,10
0,0,5,0,0,0,0,0,0,12,74,89,86,80,83,100,88,86,101,78,78,51,12,3,4,9
8,0,0,7,7,0,0,0,0,12,62,82,81,77,68,81,84,81,75,79,67,42,13,4,9,8
8,0,0,7,0,0,0,0,0,15,61,76,81,83,67,67,70,75,72,74,67,50,16,0,9,10
7,0,0,7,8,0,0,0,0,26,60,73,82,72,65,58,62,67,75,77,72,52,14,0,6,10
8,0,0,7,9,6,0,0,9,12,58,73,81,80,70,58,62,66,75,77,73,53,15,0,8,11
6,0,6,10,8,7,0,0,0,11,54,69,81,76,73,58,58,63,73,77,70,52,15,0,10,10
0,0,0,0,0,7,0,7,0,12,57,75,82,76,70,57,55,60,64,75,67,50,14,0,8,9
9,0,0,6,10,7,6,0,0,7,57,77,79,81,73,56,52,58,64,74,71,47,18,0,7,10
0,0,7,7,7,5,7,0,0,0,52,68,76,74,69,57,50,56,67,78,65,44,14,4,0,8
0,4,0,7,0,7,7,0,0,0,39,65,72,78,69,57,50,55,63,73,66,39,15,0,0,9
6,0,0,0,0,6,4,0,0,6,13,62,75,74,69,57,44,54,57,68,58,22,14,0,4,6
4,0,0,0,0,0,0,0,0,7,21,55,76,79,65,54,35,50,55,76,64,14,10,0,0,4
7,0,5,0,7,5,0,0,0,12,39,57,76,107,79,55,29,57,58,110,85,38,11,0,7,10
0,0,0,0,0,0,5,5,0,0,14,57,73,119,71,55,33,50,51,81,78,30,9,0,0,0
0,0,0,5,0,0,6,7,0,0,15,35,64,71,54,28,12,13,14,51,55,14,9,0,0,0
0,0,0,0,0,0,0,0,0,0,11,20,52,50,26,17,14,13,12,28,22,12,9,0,0,0
0,0,0,0,0,0,0,0,0,0,10,15,50,38,21,13,12,12,11,21,26,14,10,0,3,0
0,0,0,0,6,0,4,0,0,0,9,23,52,38,18,11,12,10,10,14,25,13,7,0,5,4
5,0,0,0,9,0,4,0,0,0,6,19,41,28,9,12,9,0,12,10,14,11,6,0,0,0
0,0,0,0,7,7,6,0,0,12,36,51,53,6,52,40,41,23,21,12,17,9,9,0,4,10
4,0,0,0,5,0,0,0,0,7,14,36,60,58,60,51,51,12,21,34,12,10,11,0,0,0
0,0,0,0,4,0,0,0,0,10,50,64,73,64,70,57,54,47,20,36,7,9,9,0,0,5
0,0,0,0,4,0,0,0,7,27,72,86,95,84,93,64,59,55,37,21,0,7,5,0,0,5
5,0,0,0,0,0,0,0,0,14,62,74,72,65,63,61,60,60,42,32,11,0,5,0,0,0
0,0,0,0,0,0,0,0,0,40,77,87,85,73,82,69,62,66,51,47,7,0,9,0,0,0
7,0,0,0,0,0,0,0,0,36,61,72,74,60,83,70,73,64,61,50,10,7,10,0,3,0
6,0,0,6,0,4,0,0,0,47,73,88,91,76,87,83,76,68,56,52,14,12,7,0,7,10
6,0,0,0,0,5,6,0,7,41,77,93,100,90,95,90,79,72,67,52,41,9,0,0,0,7
8,0,0,10,9,7,6,0,0,30,100,105,114,102,105,103,97,95,91,53,23,6,6,0,4,4
0,0,0,0,0,0,0,0,0,40,102,111,108,86,102,101,90,107,94,64,28,11,0,0,5,8
4,0,0,0,0,0,10,0,0,15,100,104,107,106,108,104,90,112,102,82,46,13,10,0,0,5
5,0,0,0,0,0,6,0,0,14,101,101,112,109,112,107,90,103,100,79,28,9,0,0,4,5
8,0,0,0,0,7,6,0,6,13,95,106,111,111,110,104,101,102,101,88,47,7,11,0,4,10
10,0,0,0,6,7,8,0,4,34,87,101,108,108,109,91,100,101,100,87,58,12,12,0,5,5
6,0,0,0,10,11,9,0,0,35,92,103,105,107,111,98,97,104,101,67,55,32,18,0,5,4
8,0,0,6,8,11,10,0,6,52,93,86,107,105,104,94,103,112,106,103,77,41,14,0,7,0
7,0,5,11,15,14,0,0,0,54,100,102,108,114,123,105,107,114,104,102,69,53,20,0,8,12
0,0,0,5,10,8,0,0,0,45,87,101,87,82,88,69,68,80,82,83,65,42,14,0,5,5
0,0,0,7,10,7,0,0,0,30,80,101,97,83,86,83,74,70,67,83,64,37,16,0,6,7
6,0,4,7,6,0,0,0,0,34,65,89,76,73,85,86,78,81,71,83,72,30,11,0,0,10
5,0,6,0,0,0,0,0,0,13,77,91,88,79,84,100,88,86,101,78,77,51,12,3,5,9
7,0,0,7,7,0,0,0,0,12,64,83,82,76,68,81,84,81,75,79,66,42,14,5,9,8
8,0,0,6,0,0,0,0,0,21,62,77,81,82,67,67,70,75,73,74,67,50,15,0,9,10
7,0,0,6,7,0,0,0,0,28,60,73,82,71,65,58,62,67,75,76,72,52,15,0,7,10
8,0,0,7,9,6,0,0,9,13,59,73,82,79,70,58,63,67,75,77,73,54,14,0,9,11
6,0,6,10,8,6,4,0,0,11,55,69,81,75,73,58,58,63,73,77,70,53,20,0,10,11
0,0,0,0,0,7,0,7,0,12,58,76,83,75,70,57,55,60,64,75,67,50,16,0,9,10
9,0,0,6,10,6,6,0,0,8,58,77,80,79,72,56,52,58,64,74,71,48,18,0,7,9
0,0,7,7,7,5,7,0,0,0,53,68,76,73,69,58,51,56,66,77,65,44,14,4,0,8
0,5,0,7,0,7,7,0,0,0,43,66,72,76,69,57,50,55,63,73,66,41,18,0,0,9
6,0,0,0,0,6,4,0,0,7,14,62,75,73,69,57,42,54,57,68,58,25,14,0,4,7
4,0,0,0,0,0,0,0,0,8,22,56,76,78,65,54,35,50,55,76,64,14,10,0,0,4
7,0,5,0,7,5,0,0,0,12,42,57,76,106,78,55,29,57,58,111,85,40,10,0,7,10
0,0,0,0,0,0,5,5,0,0,15,57,73,117,70,55,33,50,51,81,78,30,9,0,0,0
0,0,0,5,0,0,6,7,0,0,15,36,65,69,54,29,12,13,14,51,55,14,10,0,0,0
0,0,0,4,0,0,0,0,0,0,11,20,52,50,26,17,14,13,12,28,22,12,9,0,0,0
0,0,0,0,0,0,0,0,0,0,10,17,50,36,21,13,12,11,11,20,26,14,10,0,3,3
0,0,0,0,6,0,4,0,0,0,10,24,52,36,18,11,12,10,10,14,25,13,7,0,5,3
5,0,0,0,9,0,4,0,0,0,6,19,41,26,9,11,9,0,13,10,14,11,5,0,0,0
0,0,0,0,7,7,6,0,0,12,36,51,53,6,52,40,41,23,21,12,17,9,9,0,4,10
4,0,0,0,5,0,0,0,0,7,14,36,60,58,60,51,51,12,21,34,12,10,11,0,0,0
0,0,0,0,4,0,0,0,0,10,50,64,73,64,70,57,54,47,20,36,7,9,9,0,0,5
0,0,0,0,4,0,0,0,7,27,72,86,95,84,93,64,59,55,37,21,0,7,5,0,0,5
5,0,0,0,0,0,0,0,0,14,62,74,72,65,63,61,60,60,42,32,11,0,5,0,0,0
0,0,0,0,0,0,0,0,0,40,77,87,85,73,82,69,62,66,51,47,7,0,9,0,0,0
7,0,0,0,0,0,0,0,0,36,61,72,74,60,83,70,73,64,61,50,10,7,10,0,3,0
6,0,0,6,0,4,0,0,0,47,73,88,91,76,87,83,76,68,56,52,14,12,7,0,7,10
6,0,0,0,0,5,6,0,7,41,77,93,100,90,95,90,79,72,67,52,41,9,0,0,0,7
8,0,0,10,9,7,6,0,0,30,100,105,114,102,105,103,97,95,91,53,23,6,6,0,4,4
0,0,0,0,0,0,0,0,0,40,102,111,108,86,102,101,90,107,94,64,28,11,0,0,5,8
4,0,0,0,0,0,10,0,0,15,100,104,107,106,108,104,90,112,102,82,46,13,10,0,0,5
5,0,0,0,0,0,6,0,0,14,101,101,112,109,112,107,90,103,100,79,28,9,0,0,4,5
8,0,0,0,0,7,6,0,6,13,95,106,111,111,110,104,101,102,101,88,47,7,11,0,4,10
10,0,0,0,6,7,8,0,4,34,87,101,108,108,109,91,100,101,100,87,58,12,12,0,5,5
6,0,0,0,10,11,9,0,0,35,92,103,105,107,111,98,97,104,101,67,55,32,18,0,5,4
8,0,0,6,8,11,10,0,6,52,93,86,107,105,104,94,103,112,106,103,77,41,14,0,7,0
7,0,5,11,15,14,0,0,0,54,100,102,108,114,123,105,107,114,104,102,69,53,20,0,8,12
0,0,0,5,10,8,0,0,0,45,87,101,87,82,88,69,68,80,82,83,65,42,14,0,5,5
0,0,0,7,10,7,0,0,0,30,80,101,97,83,86,83,74,70,67,83,64,37,16,0,6,7
6,0,4,7,6,0,0,0,0,34,65,89,76,73,85,86,78,81,71,83,72,30,11,0,0,10
5,0,6,0,0,0,0,0,0,13,77,91,88,79,84,100,88,86,101,78,77,51,12,3,5,9
7,0,0,7,7,0,0,0,0,12,64,83,82,76,68,81,84,81,75,79,66,42,14,5,9,8
8,0,0,6,0,0,0,0,0,21,62,77,81,82,67,67,70,75,73,74,67,50,15,0,9,10
7,0,0,6,7,0,0,0,0,28,60,73,82,71,65,58,62,67,75,76,72,52,15,0,7,10
8,0,0,7,9,6,0,0,9,13,59,73,82,79,70,58,63,67,75,77,73,54,14,0,9,11
6,0,6,10,8,6,4,0,0,11,55,69,81,75,73,58,58,63,73,77,70,53,20,0,10,11
0,0,0,0,0,7,0,7,0,12,58,76,83,75,70,57,55,60,64,75,67,50,16,0,9,10
9,0,0,6,10,6,6,0,0,8,58,77,80,79,72,56,52,58,64,74,71,48,18,0,7,9
0,0,7,7,7,5,7,0,0,0,53,68,76,73,69,58,51,56,66,77,65,44,14,4,0,8
0,5,0,7,0,7,7,0,0,0,43,66,72,76,69,57,50,55,63,73,66,41,18,0,0,9
6,0,0,0,0,6,4,0,0,7,14,62,75,73,69,57,42,54,57,68,58,25,14,0,4,7
4,0,0,0,0,0,0,0,0,8,22,56,76,78,65,54,35,50,55,76,64,14,10,0,0,4
7,0,5,0,7,5,0,0,0,12,42,57,76,106,78,55,29,57,58,111,85,40,10,0,7,10
0,0,0,0,0,0,5,5,0,0,15,57,73,117,70,55,33,50,51,81,78,30,9,0,0,0
0,0,0,5,0,0,6,7,0,0,15,36,65,69,54,29,12,13,14,51,55,14,10,0,0,0
0,0,0,4,0,0,0,0,0,0,11,20,52,50,26,17,14,13,12,28,22,12,9,0,0,0
0,0,0,0,0,0,0,0,0,0,10,17,50,36,21,13,12,11,11,20,26,14,10,0,3,3
0,0,0,0,6,0,4,0,0,0,10,24,52,36,18,11,12,10,10,14,25,13,7,0,5,3
5,0,0,0,9,0,4,0,0,0,6,19,41,26,9,11,9,0,13,10,14,11,5,0,0,0
0,0,0,0,6,6,7,0,0,11,25,47,53,8,51,40,38,14,25,15,16,9,10,0,4,10
0,0,0,0,4,0,0,0,0,8,17,36,56,64,58,50,50,9,27,25,12,9,11,0,0,0
0,0,0,0,4,0,0,0,0,11,53,71,75,73,69,56,52,38,18,30,7,9,10,0,0,4
0,0,0,0,5,0,0,0,7,27,73,90,93,88,87,62,58,54,35,18,0,7,5,0,0,5
5,0,0,3,0,0,0,0,0,15,68,84,82,82,61,61,60,62,50,37,11,4,6,0,0,0
0,0,0,0,0,0,0,0,0,37,81,93,90,80,78,68,61,66,58,51,6,0,10,0,0,0
7,0,0,0,0,0,0,0,0,36,61,75,80,66,77,70,70,65,63,51,10,7,11,0,3,0
6,0,0,6,0,5,0,0,0,50,75,91,96,81,82,85,75,66,57,53,13,12,8,0,7,10
6,0,0,0,0,0,7,0,8,41,78,97,102,97,90,91,78,69,68,53,40,9,6,0,0,7
8,0,0,10,9,7,7,6,0,33,100,107,118,106,104,103,95,93,91,54,23,7,6,0,5,5
0,0,0,0,0,0,0,0,0,40,101,112,111,92,102,101,87,107,97,66,28,11,0,0,5,8
4,0,0,0,0,0,10,0,0,14,95,108,108,108,108,104,89,111,102,83,50,13,10,0,0,5
5,0,0,0,0,0,6,0,0,14,100,102,112,111,112,107,90,103,100,81,28,9,0,0,4,6
8,0,0,0,0,7,7,0,6,14,95,107,111,112,110,104,101,102,101,88,44,7,11,0,4,10
10,0,0,0,6,7,8,0,4,40,88,102,108,110,108,90,100,101,100,87,58,12,12,0,5,5
6,0,0,0,10,10,9,0,0,35,93,104,106,109,111,97,97,104,101,67,55,32,18,0,5,4
8,0,0,6,8,10,10,0,6,53,96,88,107,107,104,94,103,112,106,102,76,39,14,0,7,0
7,0,5,11,16,13,0,0,0,55,103,105,110,117,123,105,107,113,104,101,69,53,20,0,8,12
0,0,0,5,10,7,0,0,0,50,90,105,89,86,88,69,68,80,82,82,65,40,14,0,5,5
0,0,0,7,10,7,0,0,0,33,82,103,100,88,86,83,73,70,68,82,64,35,16,0,6,7
6,0,5,7,6,0,0,0,0,38,67,92,78,79,86,86,78,81,71,83,72,27,11,0,0,11
5,4,6,0,0,0,0,0,0,14,79,94,90,83,84,100,88,85,101,78,77,51,12,3,5,9
7,0,0,8,7,0,0,0,0,12,66,85,83,80,68,81,84,81,75,79,66,42,14,5,9,8
8,0,0,6,0,0,0,0,0,23,62,78,82,85,67,67,69,75,73,74,67,50,16,0,9,10
7,0,0,6,6,0,0,0,0,30,61,75,83,74,65,58,62,66,75,76,72,52,15,0,7,10
8,0,0,7,8,0,0,0,9,13,60,75,83,82,70,58,62,67,75,77,73,53,14,0,9,11
6,0,6,10,8,0,5,0,0,11,55,70,82,77,73,58,58,63,72,76,70,53,20,0,10,10
0,0,0,5,0,7,0,7,0,12,59,77,84,77,69,57,55,60,64,75,66,50,16,0,9,9
9,0,0,6,10,6,6,5,0,8,59,78,80,81,72,56,52,58,64,73,71,48,17,0,8,9
0,0,7,7,7,5,7,0,0,0,53,69,77,75,69,57,51,56,67,77,65,44,14,4,0,8
0,5,5,7,0,7,7,0,0,0,45,67,73,79,68,57,50,55,64,73,65,39,18,0,0,9
6,0,0,0,0,6,4,0,0,6,15,63,77,76,68,57,40,54,58,68,58,22,14,0,4,7
4,0,0,0,0,0,0,0,0,8,21,57,77,80,64,53,33,50,55,77,64,14,11,0,0,4
7,0,5,0,7,4,0,0,0,12,43,58,77,108,77,54,31,57,59,111,85,40,10,0,7,10
0,0,0,0,0,0,5,5,0,0,15,58,75,119,69,55,31,50,51,82,77,27,9,0,0,0
0,0,0,5,0,0,6,7,0,0,14,38,65,72,53,28,12,13,14,51,55,14,10,0,0,0
0,0,0,4,0,0,0,0,0,0,11,22,53,51,25,16,14,13,12,28,20,12,9,0,0,0
0,0,0,0,0,0,0,0,0,0,10,19,50,46,20,13,12,11,11,20,26,14,10,0,3,3
0,0,0,0,6,0,4,0,0,0,10,26,53,42,17,11,12,9,10,14,25,13,7,0,5,3
5,0,0,0,9,0,4,0,0,0,6,20,44,32,9,11,9,0,13,10,14,11,6,0,0,0
0,0,0,0,6,6,7,0,0,11,25,47,53,8,51,40,38,14,25,15,16,9,10,0,4,10
0,0,0,0,4,0,0,0,0,8,17,36,56,64,58,50,50,9,27,25,12,9,11,0,0,0
0,0,0,0,4,0,0,0,0,11,53,71,75,73,69,56,52,38,18,30,7,9,10,0,0,4
0,0,0,0,5,0,0,0,7,27,73,90,93,88,87,62,58,54,35,18,0,7,5,0,0,5
5,0,0,3,0,0,0,0,0,15,68,84,82,82,61,61,60,62,50,37,11,4,6,0,0,0
0,0,0,0,0,0,0,0,0,37,81,93,90,80,78,68,61,66,58,51,6,0,10,0,0,0
7,0,0,0,0,0,0,0,0,36,61,75,80,66,77,70,70,65,63,51,10,7,11,0,3,0
6,0,0,6,0,5,0,0,0,50,75,91,96,81,82,85,75,66,57,53,13,12,8,0,7,10
6,0,0,0,0,0,7,0,8,41,78,97,102,97,90,91,78,69,68,53,40,9,6,0,0,7
8,0,0,10,9,7,7,6,0,33,100,107,118,106,104,103,95,93,91,54,23,7,6,0,5,5
0,0,0,0,0,0,0,0,0,40,101,112,111,92,102,101,87,107,97,66,28,11,0,0,5,8
4,0,0,0,0,0,10,0,0,14,95,108,108,108,108,104,89,111,102,83,50,13,10,0,0,5
5,0,0,0,0,0,6,0,0,14,100,102,112,111,112,107,90,103,100,81,28,9,0,0,4,6
8,0,0,0,0,7,7,0,6,14,95,107,111,112,110,104,101,102,101,88,44,7,11,0,4,10
10,0,0,0,6,7,8,0,4,40,88,102,108,110,108,90,100,101,100,87,58,12,12,0,5,5
6,0,0,0,10,10,9,0,0,35,93,104,106,109,111,97,97,104,101,67,55,32,18,0,5,4
8,0,0,6,8,10,10,0,6,53,96,88,107,107,104,94,103,112,106,102,76,39,14,0,7,0
7,0,5,11,16,13,0,0,0,55,103,105,110,117,123,105,107,113,104,101,69,53,20,0,8,12
0,0,0,5,10,7,0,0,0,50,90,105,89,86,88,69,68,80,82,82,65,40,14,0,5,5
0,0,0,7,10,7,0,0,0,33,82,103,100,88,86,83,73,70,68,82,64,35,16,0,6,7
6,0,5,7,6,0,0,0,0,38,67,92,78,79,86,86,78,81,71,83,72,27,11,0,0,11
5,4,6,0,0,0,0,0,0,14,79,94,90,83,84,100,88,85,101,78,77,51,12,3,5,9
7,0,0,8,7,0,0,0,0,12,66,85,83,80,68,81,84,81,75,79,66,42,14,5,9,8
8,0,0,6,0,0,0,0,0,23,62,78,82,85,67,67,69,75,73,74,67,50,16,0,9,10
7,0,0,6,6,0,0,0,0,30,61,75,83,74,65,58,62,66,75,76,72,52,15,0,7,10
8,0,0,7,8,0,0,0,9,13,60,75,83,82,70,58,62,67,75,77,73,53,14,0,9,11
6,0,6,10,8,0,5,0,0,11,55,70,82,77,73,58,58,63,72,76,70,53,20,0,10,10
0,0,0,5,0,7,0,7,0,12,59,77,84,77,69,57,55,60,64,75,66,50,16,0,9,9
9,0,0,6,10,6,6,5,0,8,59,78,80,81,72,56,52,58,64,73,71,48,17,0,8,9
0,0,7,7,7,5,7,0,0,0,53,69,77,75,69,57,51,56,67,77,65,44,14,4,0,8
0,5,5,7,0,7,7,0,0,0,45,67,73,79,68,57,50,55,64,73,65,39,18,0,0,9
6,0,0,0,0,6,4,0,0,6,15,63,77,76,68,57,40,54,58,68,58,22,14,0,4,7
4,0,0,0,0,0,0,0,0,8,21,57,77,80,64,53,33,50,55,77,64,14,11,0,0,4
7,0,5,0,7,4,0,0,0,12,43,58,77,108,77,54,31,57,59,111,85,40,10,0,7,10
0,0,0,0,0,0,5,5,0,0,15,58,75,119,69,55,31,50,51,82,77,27,9,0,0,0
0,0,0,5,0,0,6,7,0,0,14,38,65,72,53,28,12,13,14,51,55,14,10,0,0,0
0,0,0,4,0,0,0,0,0,0,11,22,53,51,25,16,14,13,12,28,20,12,9,0,0,0
0,0,0,0,0,0,0,0,0,0,10,19,50,46,20,13,12,11,11,20,26,14,10,0,3,3
0,0,0,0,6,0,4,0,0,0,10,26,53,42,17,11,12,9,10,14,25,13,7,0,5,3
5,0,0,0,9,0,4,0,0,0,6,20,44,32,9,11,9,0,13,10,14,11,6,0,0,0
0,0,0,0,6,6,7,0,0,11,20,45,53,58,51,41,39,13,25,28,15,9,10,0,5,10
0,0,0,0,0,0,0,0,0,9,21,41,53,75,59,50,50,7,33,20,11,9,11,0,0,0
0,0,0,0,4,0,0,0,0,11,54,75,77,82,71,56,53,38,20,27,7,9,10,0,0,4
0,0,0,0,5,0,0,0,7,27,73,93,93,94,86,62,58,55,35,18,0,7,0,0,0,0
5,0,0,5,0,0,0,0,0,20,69,89,88,96,60,61,60,63,51,40,11,4,6,0,0,0
5,0,0,0,0,0,0,0,0,32,81,94,93,86,76,67,60,66,63,54,6,0,10,0,0,0
8,0,0,0,0,0,0,0,0,35,61,76,82,72,74,68,68,65,64,51,10,7,11,0,3,0
6,0,0,6,6,5,0,6,5,50,74,93,98,85,79,85,74,65,57,54,13,11,9,0,8,10
6,0,0,0,0,0,8,0,8,38,78,98,103,101,88,91,77,67,69,53,40,9,6,0,0,8
9,0,0,11,10,7,7,6,0,36,100,107,120,110,104,102,94,93,92,55,23,6,6,0,6,4
0,0,0,0,4,0,0,0,0,40,101,114,113,98,103,101,85,106,100,67,28,10,0,0,5,9
4,0,0,0,0,0,10,0,0,15,94,110,109,111,108,105,90,111,103,84,51,13,10,0,0,5
6,0,0,0,0,0,7,0,0,14,100,104,112,114,113,107,92,103,100,81,25,9,0,0,4,5
8,0,0,0,5,7,7,0,6,14,95,108,112,115,110,104,102,102,101,89,41,7,11,0,4,9
10,0,0,0,7,7,9,0,5,40,88,103,109,113,109,91,100,101,100,88,60,12,12,0,5,4
6,0,4,6,10,10,9,0,0,35,93,105,106,111,111,98,97,104,101,67,54,32,18,0,5,4
8,0,0,7,8,10,11,4,6,54,96,89,108,110,105,94,104,112,105,101,74,39,14,0,6,0
7,0,5,11,16,13,0,0,0,55,103,105,111,119,124,105,107,113,104,98,68,52,21,0,8,12
0,0,0,5,10,7,0,0,0,47,88,105,89,91,88,69,69,80,81,80,64,35,13,0,5,5
0,0,0,7,10,7,0,0,0,33,82,103,100,92,86,82,74,70,67,81,63,32,14,0,6,7
6,0,5,7,7,0,0,0,0,38,66,93,78,83,86,86,78,80,70,82,71,25,10,0,0,10
0,0,5,0,0,0,0,0,0,14,79,94,91,86,84,100,88,85,101,77,76,51,12,3,4,9
8,0,0,8,8,0,0,0,0,12,65,86,83,82,68,81,83,80,74,78,65,41,13,4,9,7
8,0,0,6,0,0,0,0,0,21,62,78,83,87,67,67,69,74,73,73,66,50,16,0,9,10
7,0,0,7,7,0,0,0,0,32,61,75,83,75,65,58,62,66,75,76,71,52,14,0,7,9
8,0,0,7,9,0,0,0,9,14,60,75,83,84,70,58,62,66,75,77,72,53,15,0,8,10
6,0,6,10,8,0,5,0,0,12,55,71,82,79,73,58,58,63,72,76,69,52,16,0,10,9
0,0,0,6,0,6,0,7,0,12,58,78,84,79,69,56,55,60,64,75,65,48,14,0,9,9
9,0,0,6,10,6,6,5,0,8,58,79,80,83,72,56,52,57,63,73,70,46,18,0,8,9
0,0,7,7,7,4,7,0,0,0,53,70,77,76,69,57,52,56,67,77,65,43,14,4,0,9
0,5,5,7,0,6,7,0,0,0,45,68,73,81,68,56,50,55,64,72,65,39,16,0,0,10
6,0,0,0,0,5,4,0,0,6,15,64,77,77,68,56,40,54,58,68,58,22,14,0,4,6
5,0,0,0,0,0,0,0,0,8,20,58,78,82,64,53,33,50,55,78,64,14,10,0,0,4
7,0,5,0,7,0,0,0,0,12,42,58,77,109,77,54,33,57,59,111,85,38,11,0,7,10
0,0,0,0,0,0,5,5,0,0,14,59,75,120,69,55,31,47,51,82,77,27,10,0,0,0
0,0,0,5,0,0,6,7,0,0,13,41,66,73,53,28,12,13,14,52,55,14,10,0,0,0
0,0,0,4,0,0,0,0,0,0,11,25,54,52,25,16,14,13,12,28,22,12,9,0,0,0
0,0,0,0,0,0,0,0,0,0,10,21,51,50,20,13,12,11,11,20,26,14,10,0,3,3
0,0,0,0,6,0,4,0,0,0,10,28,53,46,17,11,12,9,10,14,25,13,7,0,5,3
5,0,0,0,9,0,4,0,0,0,6,21,45,34,10,11,9,0,13,11,14,11,6,0,0,0
0,0,0,0,6,6,7,0,0,11,22,47,52,58,51,41,40,14,25,28,16,9,10,0,5,10
0,0,0,0,0,0,0,0,0,9,23,41,55,75,59,50,50,7,33,20,11,9,11,0,0,0
0,0,0,0,4,0,0,0,0,11,56,75,77,84,73,57,54,41,21,30,7,10,10,0,0,4
0,0,0,0,6,0,0,0,7,27,75,93,93,96,87,62,58,56,37,20,5,7,0,0,0,0
5,0,0,5,0,0,0,0,0,20,70,89,88,96,61,61,61,64,52,40,11,4,6,0,0,0
5,0,0,0,0,0,0,0,0,32,82,94,93,86,76,68,61,66,63,54,6,0,10,0,0,0
8,0,0,0,0,0,0,0,0,35,61,76,82,71,74,69,69,65,64,51,10,7,11,0,3,0
6,0,0,6,6,5,0,6,5,50,74,93,98,85,79,85,74,65,57,54,13,11,9,0,8,10
6,0,0,0,0,0,8,0,8,41,78,97,103,101,88,91,78,67,69,53,40,9,6,0,0,8
9,0,0,11,10,7,7,6,0,36,100,107,119,110,104,102,94,93,92,55,23,7,6,0,6,4
0,0,0,0,4,0,0,0,0,40,101,114,113,99,102,101,85,106,100,67,25,11,0,0,5,9
4,0,0,0,0,0,10,0,0,16,94,110,109,111,108,105,90,111,103,84,51,13,10,0,0,5
6,0,0,0,0,0,7,0,0,15,101,104,112,114,113,107,92,103,100,81,25,9,0,0,4,5
8,0,0,0,5,7,7,0,6,14,95,108,112,115,110,105,102,102,101,89,41,7,11,0,4,9
10,0,0,5,7,7,9,0,4,40,88,103,109,113,109,91,100,102,100,87,60,12,12,0,5,5
6,0,0,6,10,10,9,0,0,35,93,105,106,111,111,98,98,104,101,67,54,32,19,0,5,4
8,0,0,7,8,10,11,4,6,54,97,89,108,110,104,94,103,112,105,101,74,39,14,0,6,0
7,0,5,11,16,13,0,0,0,55,103,105,111,119,124,105,107,113,104,98,67,52,21,0,8,12
0,0,0,5,10,7,0,0,0,47,89,105,89,91,88,69,69,80,81,80,63,37,13,0,5,5
0,0,0,7,10,6,0,0,0,33,82,103,100,92,86,82,74,70,67,81,62,33,14,0,6,7
6,0,5,7,7,0,0,0,0,40,66,94,78,83,86,86,79,80,70,82,71,27,10,0,0,11
5,0,5,0,0,0,0,0,0,14,80,94,90,86,84,100,88,85,100,77,76,51,12,0,4,9
8,0,0,8,8,0,0,0,0,12,66,86,83,82,68,81,83,80,74,78,65,42,13,4,9,7
8,0,0,6,0,0,0,0,0,23,62,78,82,87,67,67,69,74,72,73,66,50,16,0,9,10
8,0,0,7,7,0,0,0,0,32,62,75,83,76,65,58,62,66,75,76,71,52,15,0,7,9
8,0,0,7,9,0,0,0,9,14,60,75,83,84,70,58,62,66,75,76,72,53,15,0,8,10
6,0,6,10,8,0,5,0,0,12,55,71,82,79,73,58,58,63,72,76,69,53,16,0,10,9
0,0,0,5,0,6,0,7,0,12,58,77,83,79,69,56,55,60,64,75,65,50,14,0,9,9
9,0,0,6,10,6,6,5,0,8,59,79,80,83,72,56,52,57,63,73,70,47,20,0,8,9
0,0,8,7,7,4,7,0,0,0,53,70,77,76,69,57,52,56,67,77,64,44,14,4,0,9
0,5,5,7,0,6,7,0,0,0,47,68,73,80,68,56,50,55,64,72,65,39,16,0,0,10
6,0,0,0,0,5,4,0,0,6,17,64,76,77,68,56,40,54,58,68,58,22,14,0,4,6
5,0,0,0,0,0,0,0,0,8,20,58,78,82,64,54,35,50,55,77,64,15,10,0,0,4
7,0,5,0,7,0,0,0,0,12,42,58,77,109,77,54,33,57,59,111,84,40,11,0,7,10
0,0,0,0,0,0,5,5,0,0,14,59,75,120,69,55,33,50,51,82,77,30,10,0,0,0
0,0,0,5,0,0,6,8,0,0,13,41,66,73,53,28,12,13,14,52,55,15,10,0,0,0
0,0,0,4,0,0,0,0,0,0,11,25,54,52,26,16,14,13,12,28,22,12,9,0,0,0
0,0,0,0,0,0,0,0,0,0,10,23,51,50,20,13,12,11,11,20,26,14,10,0,3,3
0,0,0,0,6,0,4,0,0,0,10,28,53,46,18,11,12,9,10,14,25,13,8,0,5,3
5,0,0,0,9,0,4,0,0,0,7,21,45,34,10,11,9,0,13,11,14,11,6,0,0,0
0,0,0,0,6,6,7,0,0,11,22,45,53,58,51,43,40,14,25,26,16,9,10,0,5,10
0,0,0,0,3,0,0,0,0,9,23,41,55,75,59,50,50,7,33,20,11,9,11,0,0,0
0,0,0,0,4,0,0,0,0,12,56,75,77,82,73,57,54,44,23,30,8,9,10,0,0,4
0,0,0,0,6,0,0,0,7,27,75,93,95,96,87,62,58,56,40,20,5,7,0,0,0,0
5,0,0,5,0,0,0,0,0,22,70,89,89,97,61,61,61,64,52,42,11,4,7,0,0,0
5,0,0,0,0,0,0,0,0,35,82,94,94,86,75,68,61,66,64,54,6,0,10,0,0,0
8,0,0,0,0,0,0,0,0,36,61,76,82,72,74,69,69,65,64,51,10,7,11,0,3,0
6,0,0,0,6,5,0,6,5,50,74,93,98,86,79,85,74,65,58,54,13,12,9,0,8,10
6,0,0,0,0,0,8,0,8,41,78,97,103,101,88,91,78,67,69,53,41,10,6,0,0,8
9,0,0,11,10,7,7,6,0,38,100,107,119,110,103,102,94,93,92,55,25,6,6,0,6,4
0,0,0,0,4,0,0,0,0,43,101,113,113,98,102,101,85,106,100,67,25,10,0,0,5,9
5,0,0,0,0,0,11,0,0,16,94,110,109,111,108,105,90,111,103,84,51,14,10,0,0,5
6,0,0,0,0,0,7,0,0,15,100,104,112,114,112,107,92,103,100,81,25,9,0,0,4,5
8,0,0,0,5,7,7,0,6,14,95,108,112,115,110,104,102,102,101,88,41,7,11,0,4,9
10,0,0,0,7,7,9,0,5,43,88,103,109,113,109,90,100,102,100,87,60,12,12,0,5,4
6,0,0,6,10,10,9,0,0,37,92,105,106,111,111,98,97,104,101,67,54,32,19,0,5,4
8,0,0,7,8,10,11,4,6,54,97,89,108,110,104,94,103,112,105,101,74,39,14,0,6,0
7,0,5,11,16,13,0,0,0,55,103,105,111,119,124,104,107,113,104,98,67,52,21,0,8,12
0,0,0,5,10,7,0,0,0,47,89,105,89,91,88,69,69,80,81,80,64,37,13,0,5,5
0,0,0,7,10,6,0,0,0,33,82,103,100,92,86,82,74,70,67,81,63,33,14,0,6,7
6,0,5,7,7,0,0,0,0,40,67,94,78,83,85,86,79,81,70,82,71,27,10,0,0,11
5,0,5,0,0,0,0,0,0,14,80,94,91,86,84,100,88,85,101,77,76,51,12,0,4,9
8,0,0,8,8,0,0,0,0,12,66,86,83,82,68,81,83,80,75,78,66,42,13,4,9,7
8,0,0,6,0,0,0,0,0,23,62,78,83,87,67,67,69,74,73,73,66,50,16,0,9,10
7,0,0,7,7,0,0,0,0,32,62,75,84,76,65,58,62,66,75,76,70,52,15,0,7,9
8,0,0,7,9,0,0,0,9,14,60,75,83,84,70,58,62,66,75,76,71,53,16,0,8,10
6,0,7,10,8,0,5,0,0,12,55,71,82,79,73,58,58,63,72,76,69,53,16,0,10,9
0,0,0,5,0,6,0,7,0,12,58,77,84,79,69,57,55,60,64,75,65,50,14,0,9,9
9,0,0,6,10,6,7,5,0,8,59,79,80,83,72,56,52,57,64,73,70,47,20,0,8,9
0,0,8,7,7,4,8,0,0,0,54,70,77,76,69,57,52,56,67,76,64,44,14,4,0,8
0,5,5,7,0,6,7,0,0,0,47,68,73,80,68,56,50,55,64,72,66,39,15,0,0,10
6,0,0,0,0,5,4,0,0,6,17,64,77,77,68,56,40,54,58,67,58,22,14,0,4,6
4,0,0,0,0,0,0,0,0,8,20,58,78,81,64,54,35,50,55,77,64,15,10,0,0,4
7,0,6,0,7,0,0,0,0,12,42,59,77,109,77,54,33,57,59,111,85,40,11,0,7,10
0,0,0,0,0,0,5,5,0,0,14,59,75,120,69,55,33,50,51,82,76,30,10,0,0,0
0,0,0,5,0,0,6,8,0,0,13,41,66,73,53,28,12,13,14,51,55,14,10,0,0,0
0,0,0,4,0,0,0,0,0,0,12,25,54,53,26,16,14,13,12,28,30,12,9,0,0,0
0,0,0,0,0,0,0,0,0,0,10,23,51,50,21,13,12,11,11,20,26,14,10,0,3,3
0,0,0,0,6,0,4,0,0,0,10,28,53,47,18,11,12,9,10,14,26,13,8,0,5,0
5,0,0,0,9,0,4,0,0,0,7,21,45,34,9,11,9,0,13,11,15,11,6,0,0,0
0,0,0,0,6,6,7,0,0,12,25,47,53,58,51,43,40,14,25,28,16,9,10,0,5,10
0,0,0,0,3,0,0,0,0,9,23,38,56,74,59,50,50,7,33,20,11,9,11,0,0,0
0,0,0,0,4,0,0,0,0,12,56,75,78,82,73,56,53,44,23,30,8,10,10,0,0,4
0,0,0,0,6,0,0,0,7,30,75,94,95,96,88,63,58,56,40,20,6,7,0,0,0,0
5,0,0,6,0,0,0,0,0,22,70,87,89,97,61,62,61,65,53,42,11,4,7,0,0,0
5,0,0,0,0,0,0,0,0,35,83,94,94,86,76,68,61,67,64,54,6,0,10,0,0,0
8,0,0,0,0,0,0,0,0,36,62,76,83,72,75,70,70,65,64,51,10,7,11,0,3,0
6,0,0,0,7,5,0,6,5,50,74,93,99,86,80,86,75,66,58,54,13,12,9,0,8,10
6,0,0,0,0,0,8,0,8,41,78,97,103,101,88,92,78,67,68,53,40,10,6,0,0,8
9,0,0,11,10,7,7,6,0,36,100,107,119,110,103,102,94,93,92,54,25,6,6,0,6,5
0,0,0,0,4,0,0,0,0,43,101,113,113,98,102,101,85,106,100,66,28,11,0,0,5,9
5,0,0,0,0,0,11,0,0,15,92,110,109,110,107,104,90,111,103,83,50,14,10,0,0,5
6,0,0,0,0,0,7,0,0,15,100,104,112,114,112,107,91,103,100,81,23,9,0,0,4,5
8,0,0,0,5,7,7,0,6,14,95,108,112,114,110,104,101,102,101,88,41,7,11,0,4,9
10,0,0,0,7,7,9,0,5,43,87,102,109,112,108,90,100,101,100,86,60,12,12,0,5,5
6,0,0,6,10,10,9,0,0,37,93,105,106,111,111,97,97,104,101,67,54,32,19,0,5,4
8,0,0,7,9,10,11,4,6,54,97,89,108,109,104,94,103,112,106,101,75,39,14,0,6,0
7,0,5,11,16,13,0,0,0,55,104,105,111,119,124,104,107,113,104,98,68,52,21,0,8,12
0,0,0,5,10,7,0,0,0,50,91,106,90,91,88,69,69,80,82,80,64,40,13,0,5,5
0,0,0,7,10,6,0,0,0,36,83,103,100,91,86,82,74,69,67,81,63,35,14,0,6,7
6,0,5,7,7,0,0,0,0,42,67,94,79,83,86,86,79,81,71,81,71,27,10,0,0,11
5,4,5,0,0,0,0,0,0,15,80,94,91,86,84,100,88,85,101,77,76,51,12,0,4,9
8,0,5,8,8,0,0,0,0,12,66,86,83,82,69,81,84,81,75,78,66,44,13,4,9,7
8,0,0,7,0,0,0,0,0,23,62,78,83,87,67,67,69,74,73,73,66,50,16,0,9,10
8,0,0,7,7,0,0,0,0,32,62,75,84,76,65,58,62,66,75,76,70,52,14,0,7,9
8,0,0,7,9,0,0,0,9,14,60,75,83,84,70,58,62,66,75,76,71,53,15,0,8,11
6,0,6,10,8,0,5,0,0,12,55,71,82,78,73,58,58,63,72,76,69,53,16,0,10,9
0,0,0,5,0,6,0,7,0,12,58,77,84,79,69,57,55,59,64,75,65,50,14,0,9,9
9,0,0,6,10,6,7,5,0,8,59,79,80,83,72,56,52,57,64,73,70,47,20,0,8,9
0,0,8,7,7,5,8,0,0,0,54,70,77,76,69,57,52,56,67,76,64,45,14,4,0,9
0,5,5,7,0,6,7,0,0,0,47,67,73,80,68,57,50,55,64,72,66,39,15,0,0,10
6,0,0,0,0,5,4,0,0,6,17,64,77,77,68,56,40,54,58,67,58,25,14,0,4,6
5,0,0,0,0,0,0,0,0,8,21,58,78,81,64,54,33,50,55,77,64,15,10,0,0,4
7,0,6,0,7,0,0,0,0,12,43,58,77,109,76,54,33,56,59,111,85,42,11,0,7,10
0,0,0,0,0,0,5,5,0,0,15,59,75,120,69,54,33,50,51,82,76,30,10,0,0,0
0,0,0,5,0,0,6,8,0,0,13,40,66,73,53,28,12,13,14,51,55,14,10,0,0,0
0,0,0,5,0,0,0,0,0,0,12,25,54,52,26,17,14,13,12,28,30,13,9,0,0,0
0,0,0,0,0,0,0,0,0,0,10,23,51,50,21,13,12,11,11,20,26,14,10,0,3,3
0,0,0,0,6,0,4,0,0,0,10,28,53,46,18,11,12,9,10,14,26,13,8,0,5,0
5,0,0,0,9,0,4,0,0,0,7,20,45,34,9,11,9,0,13,11,15,11,6,0,0,0
0,0,0,0,6,6,7,0,0,12,25,47,53,58,52,43,40,14,27,28,16,9,10,0,5,10
0,0,0,0,3,0,0,0,0,9,23,38,56,74,59,50,50,7,33,20,11,9,11,0,0,0
0,0,0,0,4,0,0,0,0,12,56,75,77,82,73,57,53,47,25,30,8,10,10,0,0,4
0,0,0,0,6,0,0,0,7,27,75,94,96,96,88,63,59,56,42,21,6,7,0,0,0,0
5,0,0,6,0,0,0,0,0,25,70,89,89,97,61,62,61,65,55,45,11,4,7,0,0,0
5,0,0,0,0,0,0,0,0,35,83,94,94,85,76,68,61,67,65,54,6,0,10,0,0,0
8,0,0,0,0,0,0,0,0,36,63,76,83,72,75,70,70,65,65,51,10,7,11,0,3,0
6,0,0,0,7,5,0,6,5,50,74,93,99,86,80,86,75,66,59,54,13,12,9,0,8,10
6,0,0,0,0,0,8,0,8,41,78,97,103,101,88,91,78,67,68,53,40,10,6,0,0,8
9,0,0,11,10,7,7,6,0,36,100,107,119,110,103,102,94,93,92,54,23,6,6,0,6,5
0,0,0,0,4,0,0,0,0,43,100,113,114,98,102,100,85,107,98,66,28,11,0,0,5,9
5,0,0,0,0,0,11,0,0,15,92,110,109,110,107,104,90,111,103,83,50,14,10,0,0,5
6,0,0,0,0,0,7,0,0,14,100,104,112,113,112,107,91,103,100,81,23,9,0,0,4,6
8,0,0,0,5,7,7,0,6,14,95,108,112,114,110,104,101,102,101,86,41,7,11,0,4,9
10,0,0,0,7,7,9,0,5,43,88,102,108,112,108,90,100,101,100,87,60,12,12,0,5,5
6,0,0,6,10,10,9,0,0,37,93,105,106,110,111,97,97,104,101,67,54,32,19,0,5,4
8,0,0,7,9,10,11,4,6,54,98,89,108,109,104,94,103,112,106,101,75,39,14,0,6,0
7,0,5,12,18,13,0,0,0,56,104,105,111,118,123,104,107,113,104,99,68,52,23,0,8,12
0,0,0,6,10,7,0,0,0,50,91,106,90,90,88,69,69,80,82,80,64,40,13,0,5,5
0,0,0,7,10,7,0,0,0,36,83,103,100,91,85,82,74,69,67,81,63,33,14,0,6,7
6,0,5,7,6,0,0,0,0,42,67,94,79,83,86,86,79,81,71,81,71,27,10,0,0,11
5,4,5,0,0,0,0,0,0,18,81,94,91,86,84,100,88,85,101,77,77,51,12,0,4,9
8,0,5,8,8,0,0,0,0,13,66,87,83,82,69,81,84,81,75,78,66,44,13,4,9,7
8,0,0,7,0,0,0,0,0,23,62,78,83,87,67,67,69,74,73,73,66,50,16,0,9,10
8,0,0,7,7,0,0,0,0,32,62,75,84,76,65,58,62,66,75,76,70,52,15,0,7,9
8,0,0,8,9,0,0,0,9,14,60,75,83,84,70,58,62,66,75,76,71,53,16,0,8,10
6,0,6,10,8,0,5,0,0,12,55,71,82,78,73,58,58,63,72,76,69,52,16,0,10,9
0,0,0,6,0,6,4,7,0,12,58,77,84,79,69,57,55,60,64,75,65,50,15,0,9,9
9,0,0,6,10,6,7,5,0,8,59,79,81,82,72,56,52,57,64,73,70,47,20,0,8,9
0,0,8,7,7,5,8,0,0,0,54,70,77,76,69,57,52,56,67,76,64,45,14,4,0,9
0,5,5,7,0,7,7,0,0,0,47,68,73,80,68,56,50,55,63,73,66,39,15,0,0,10
6,0,0,0,0,5,4,0,0,6,17,64,77,77,68,56,40,54,58,67,58,25,14,0,4,6
5,0,0,0,0,0,0,0,0,8,21,58,78,81,64,54,35,50,55,77,64,15,10,0,0,4
7,0,6,0,7,0,0,0,0,12,43,59,77,108,76,54,33,56,59,111,84,42,11,0,7,10
0,0,0,0,0,0,5,5,0,0,14,58,75,120,69,54,35,50,51,82,77,30,10,0,0,0
0,0,0,5,0,0,6,7,0,0,13,40,66,73,53,28,12,13,14,51,55,15,10,0,0,0
0,0,0,4,0,0,0,0,0,0,12,25,54,52,26,17,14,13,12,28,30,12,9,0,0,0
0,0,0,0,0,0,0,0,0,0,10,23,51,50,21,13,12,11,11,20,26,14,10,0,3,3
0,0,0,0,6,0,4,0,0,0,10,28,53,46,18,11,12,9,10,14,26,13,8,0,5,0
5,0,0,0,9,0,4,0,0,0,7,21,45,34,9,11,9,0,13,11,15,11,6,0,0,0
0,0,0,0,6,6,7,0,0,12,25,50,53,58,52,43,40,14,27,28,16,9,10,0,5,10
0,0,0,0,3,0,0,0,0,9,23,38,56,72,59,50,50,7,33,20,12,9,11,0,0,0
0,0,0,0,4,0,0,0,0,12,57,75,77,82,73,57,53,47,25,30,8,10,10,0,0,4
0,0,0,0,6,0,0,0,8,27,75,96,96,96,88,63,59,55,42,21,6,7,0,0,0,0
5,0,0,6,0,0,0,0,0,25,72,89,89,96,61,62,61,64,55,45,11,4,7,0,0,0
5,0,0,0,0,0,0,0,0,35,83,94,95,85,76,68,61,67,65,54,6,0,10,0,0,0
8,0,0,0,0,0,0,0,0,36,63,76,83,72,75,70,70,65,64,51,10,7,11,0,3,4
6,0,0,0,7,5,0,6,5,50,75,93,99,86,80,86,75,66,58,54,13,12,9,0,8,10
6,0,0,0,0,0,8,0,8,41,78,98,103,101,89,91,78,67,68,53,40,10,6,0,0,8
9,0,0,11,10,7,7,6,0,36,100,107,119,109,103,102,94,93,92,55,25,6,6,0,6,5
0,0,0,0,4,0,0,0,0,40,101,113,114,98,102,101,85,107,100,67,25,10,0,0,5,9
5,0,0,0,0,0,11,0,0,15,92,110,109,110,107,104,90,111,103,83,51,14,10,0,0,5
6,0,0,0,0,0,7,0,0,14,100,104,112,113,112,106,90,103,100,81,25,9,0,0,4,5
8,0,0,0,5,6,7,0,6,14,95,108,112,114,109,104,101,102,101,88,41,7,11,0,4,9
10,0,0,0,7,7,9,0,5,43,88,102,108,112,108,90,99,101,100,87,60,12,12,0,5,4
6,0,0,6,10,10,9,0,0,37,93,105,106,110,111,97,97,104,101,67,54,32,19,0,5,4
8,0,0,7,9,10,11,4,6,54,98,88,108,109,104,94,103,111,106,101,74,39,14,0,6,0
7,0,5,12,18,13,0,0,0,56,104,106,111,118,123,104,107,113,104,99,68,52,21,0,8,12
0,0,0,5,10,7,0,0,0,50,92,107,90,91,88,69,69,80,81,80,64,40,13,0,5,5
0,0,0,7,10,7,0,0,0,38,83,104,100,91,85,82,74,69,67,81,63,33,14,0,6,7
6,0,5,7,6,0,0,0,0,42,67,94,79,82,86,86,79,81,71,81,71,25,10,0,0,11
5,4,6,0,0,0,0,0,0,18,81,94,91,86,84,100,88,85,101,77,76,51,12,0,4,9
8,0,5,8,8,0,0,0,0,13,66,87,83,82,69,81,83,80,75,78,66,44,13,4,9,7
8,0,0,7,0,0,0,0,0,23,62,79,83,87,67,67,69,74,73,73,66,50,16,0,9,10
8,0,0,7,7,0,0,0,0,32,62,76,84,75,65,58,62,66,75,76,70,52,14,0,7,9
8,0,0,7,9,0,0,0,9,14,60,75,84,84,70,58,62,66,75,76,71,53,16,0,8,11
6,0,6,10,8,0,5,0,0,12,55,70,82,78,73,58,58,63,72,76,69,52,16,0,10,9
0,0,0,6,0,6,4,7,0,12,58,77,84,79,69,57,55,59,64,74,65,48,15,0,9,9
9,0,0,6,10,6,7,5,0,9,59,79,81,82,72,56,52,57,64,73,70,46,20,0,8,9
0,0,8,7,7,5,8,0,0,0,54,70,77,76,69,57,52,56,67,76,64,45,14,4,0,9
0,5,5,7,0,7,7,0,0,0,47,68,73,80,68,57,50,55,63,72,66,39,15,0,0,10
6,0,0,0,0,5,4,0,0,6,17,64,77,77,68,56,40,54,57,67,58,25,14,0,4,6
5,0,0,0,0,0,0,0,0,8,21,58,78,80,64,54,35,50,55,77,64,14,11,0,0,4
7,0,6,0,7,0,0,0,0,12,43,59,77,109,76,54,35,56,60,111,84,40,11,0,7,10
0,0,0,0,0,0,5,5,6,0,15,59,75,120,69,55,33,50,51,82,77,30,10,0,0,0
0,0,0,5,0,0,6,7,0,0,13,41,66,73,53,28,12,13,14,51,55,14,10,0,0,0
0,0,0,4,0,0,0,0,0,0,12,27,54,52,26,17,14,13,12,28,30,12,9,0,0,0
0,0,0,0,0,0,0,0,0,0,10,25,51,50,21,13,12,11,11,21,26,14,10,0,3,3
0,0,0,0,6,0,4,0,0,0,11,29,53,46,18,11,12,9,10,14,26,13,8,0,5,0
5,0,3,0,9,0,4,0,0,0,7,21,45,34,9,11,9,0,13,11,16,11,6,0,0,0
0,0,0,0,6,6,7,0,0,12,25,50,53,58,52,43,40,14,25,30,16,9,10,0,5,10
0,0,0,0,3,0,0,0,0,9,25,41,56,72,59,50,50,7,33,20,11,9,11,0,0,0
0,0,0,0,5,0,0,0,0,12,57,76,77,82,73,57,53,50,25,30,8,10,10,0,0,4
0,0,0,0,6,0,0,0,8,25,75,94,96,94,89,64,59,55,42,21,6,7,0,0,0,0
5,0,0,6,0,0,0,0,0,22,72,90,89,96,61,62,61,65,55,47,11,4,7,0,0,0
5,0,0,0,0,0,0,0,0,35,83,94,95,85,76,68,61,67,65,54,6,0,10,0,0,0
8,0,0,0,0,0,0,0,0,36,63,77,83,72,75,70,69,66,64,51,10,7,11,0,3,4
6,0,0,0,7,5,0,6,5,47,75,93,99,86,80,87,75,66,58,54,13,12,9,0,8,10
6,0,0,0,0,0,9,0,8,41,78,98,103,101,89,92,78,67,68,53,41,9,6,0,0,8
9,0,0,11,10,7,7,6,0,38,100,107,119,109,103,102,94,94,92,55,23,7,6,0,6,5
0,0,0,0,4,0,0,0,0,40,101,113,114,98,102,101,85,107,100,67,25,11,0,0,6,9
5,0,0,0,0,0,11,0,0,16,92,110,109,110,108,105,90,111,103,84,51,13,10,0,0,5
6,0,0,0,0,0,7,0,0,15,100,104,112,113,112,107,90,103,100,82,25,9,0,0,4,5
8,0,0,0,5,6,7,0,6,14,96,108,112,114,110,104,101,102,101,88,41,7,11,0,4,9
10,0,0,5,7,7,9,0,5,40,90,103,109,112,108,91,100,101,100,88,60,12,12,0,5,5
6,0,0,6,10,10,9,0,0,37,95,105,106,111,111,97,97,103,101,67,54,32,18,0,5,4
8,0,0,7,9,10,11,4,6,54,97,89,108,109,104,94,103,111,105,101,74,39,14,0,6,0
7,0,5,12,18,13,0,0,0,55,103,105,111,118,123,104,107,113,104,98,68,52,23,0,8,12
0,0,0,6,10,7,0,0,0,50,91,106,90,91,88,69,69,80,81,80,64,40,13,0,5,5
0,0,0,8,10,7,0,0,0,36,83,103,100,91,86,82,74,69,67,81,63,33,14,0,6,7
6,0,5,7,6,0,0,0,0,42,67,94,79,82,86,86,78,81,71,82,71,25,10,0,0,11
5,4,6,0,0,0,0,0,0,18,81,94,91,86,84,100,88,85,101,77,76,51,12,0,4,9
8,0,5,8,8,0,0,0,0,13,66,86,83,81,69,81,83,80,75,78,65,44,13,4,9,7
8,0,0,7,0,0,0,0,0,25,62,79,82,87,67,67,69,74,73,73,67,50,16,0,9,10
8,0,0,7,7,0,0,0,0,32,62,76,83,76,65,58,62,66,75,76,70,52,14,0,7,10
8,0,5,7,9,0,0,0,9,14,60,75,83,84,70,58,62,66,75,76,72,53,15,0,8,11
6,0,6,10,8,0,5,0,0,12,55,70,82,78,73,58,58,63,72,76,69,52,15,0,10,9
0,0,0,5,0,6,4,7,0,12,59,77,84,79,69,57,55,59,63,74,65,50,15,0,9,9
9,0,0,6,10,6,7,5,0,9,59,79,80,82,72,56,52,57,63,73,70,46,20,0,8,9
0,0,8,7,7,5,8,0,0,0,54,70,77,76,69,57,52,56,67,76,64,45,14,4,0,9
0,5,5,7,0,7,7,0,0,0,47,68,73,80,68,57,50,55,63,72,65,39,15,0,0,10
6,0,0,0,0,5,4,0,0,6,17,64,76,77,68,56,40,54,57,67,58,25,14,0,4,6
5,0,0,0,0,0,0,0,0,8,21,58,77,80,64,54,33,50,55,77,64,14,11,0,0,4
7,0,6,0,7,0,0,0,0,12,43,58,77,109,76,54,35,56,60,111,84,40,11,0,7,10
0,0,0,0,0,0,5,5,0,0,15,59,75,120,69,55,33,50,51,82,77,30,10,0,0,0
0,0,0,5,0,0,6,7,0,0,13,43,66,73,53,29,12,13,14,51,55,14,10,0,0,0
0,0,0,4,0,0,0,0,0,0,12,29,54,52,26,18,14,13,12,28,22,13,9,0,0,0
0,0,0,0,0,0,0,0,0,0,10,25,51,50,21,13,12,11,11,21,26,14,10,0,3,3
0,0,0,0,6,0,4,0,0,0,11,29,53,46,18,11,12,9,10,14,25,13,8,0,5,0
5,0,3,0,9,0,4,0,0,0,7,21,46,34,9,11,9,0,13,11,14,11,6,0,0,0
0,0,0,0,6,6,7,0,0,12,25,50,53,58,53,43,40,14,27,30,16,9,10,0,5,10
0,0,0,0,3,0,0,0,0,9,25,41,56,72,60,51,50,8,33,21,12,9,11,0,0,0
0,0,0,0,4,0,0,0,0,12,57,76,77,82,73,57,53,50,25,33,8,10,10,0,0,4
0,0,0,0,6,0,0,0,8,27,76,94,95,96,89,64,59,56,42,23,6,7,0,0,0,0
6,0,0,6,0,0,0,0,0,22,72,90,90,96,61,62,60,65,55,47,11,4,7,0,0,0
5,0,0,0,0,0,0,0,0,35,83,95,95,86,77,69,61,67,65,55,6,0,10,0,0,0
8,0,0,0,0,0,0,0,0,38,63,77,83,72,75,70,69,66,65,51,10,7,11,0,3,4
6,0,0,0,7,5,0,6,5,50,75,93,100,86,80,87,75,66,58,54,13,12,9,0,8,10
6,0,0,0,0,0,9,0,8,41,78,98,103,101,89,92,78,67,68,53,41,9,6,0,0,8
9,0,0,11,10,7,7,6,0,38,100,106,119,109,103,102,94,93,92,55,23,7,6,0,6,4
0,0,0,0,4,0,0,0,0,40,101,113,114,98,102,101,85,107,100,68,25,10,0,0,6,9
5,0,0,0,0,0,11,0,0,16,92,110,109,110,108,104,90,111,103,85,51,13,10,0,0,5
5,0,0,0,0,0,7,0,0,15,100,104,112,113,112,106,90,103,100,82,25,9,0,0,4,5
8,0,0,0,0,7,7,0,6,14,96,108,112,114,110,104,101,102,101,88,41,7,11,0,4,9
10,0,0,5,7,7,9,0,5,43,90,103,108,111,108,90,99,101,100,88,61,12,12,0,5,5
6,0,0,6,10,10,9,0,0,37,95,105,106,110,111,97,96,104,101,67,54,32,18,0,5,4
8,0,0,7,9,10,11,4,6,54,97,89,108,109,104,94,103,111,105,101,75,39,14,0,6,0
7,0,5,12,18,13,0,0,0,55,104,106,111,118,123,104,107,113,104,99,68,52,23,0,8,12
0,0,0,6,10,7,0,0,0,50,91,107,90,91,88,69,69,81,81,80,64,40,14,0,5,5
0,0,0,7,10,6,0,0,0,36,83,104,100,92,85,82,74,69,68,81,63,33,14,0,6,7
6,0,5,7,6,0,0,0,0,42,68,94,79,82,86,86,78,81,71,83,71,25,10,0,0,11
5,4,6,0,0,0,0,0,0,15,81,95,91,86,84,100,88,85,101,77,76,51,12,0,4,9
8,0,0,8,8,0,0,0,0,13,66,87,83,81,69,81,83,81,75,78,65,44,13,0,9,7
8,0,0,7,0,0,0,0,0,25,63,79,83,87,67,67,69,74,73,73,67,50,16,0,9,10
8,0,0,7,7,0,0,0,0,32,62,76,84,76,65,58,62,66,75,76,71,52,14,0,7,10
8,0,0,7,9,0,5,0,9,14,60,75,84,84,70,58,62,66,75,76,72,53,15,0,8,11
6,0,6,10,8,0,5,0,0,12,55,70,82,78,72,58,58,63,72,76,69,52,16,0,10,9
0,0,0,5,0,6,4,7,0,12,59,77,84,78,69,57,55,60,63,74,65,50,15,0,9,9
9,0,0,6,10,6,7,5,0,9,59,79,81,82,72,56,52,57,64,73,70,46,20,0,8,9
0,0,8,7,7,5,8,0,0,0,54,70,77,76,69,57,52,56,67,76,65,45,14,0,0,9
0,5,5,7,0,7,7,0,0,0,50,68,73,80,68,57,50,55,63,72,65,39,16,0,0,10
6,0,0,0,0,5,4,0,0,6,17,64,77,77,68,57,40,55,57,68,58,25,14,0,4,6
5,0,0,0,0,0,0,0,0,8,21,58,77,80,64,54,33,50,55,77,64,14,11,0,0,4
7,0,6,0,7,0,0,0,0,12,43,59,77,109,76,54,35,57,60,112,84,40,11,0,7,10
0,0,0,0,0,0,5,5,0,0,16,59,75,120,69,55,33,50,51,82,77,30,10,0,0,0
0,0,0,5,0,0,6,7,0,0,13,45,66,72,53,28,12,13,14,51,55,14,10,0,0,0
0,0,0,4,0,0,0,0,0,0,12,29,54,52,26,17,14,13,12,30,22,13,9,0,0,0
0,0,0,0,0,0,0,0,0,0,10,25,51,50,21,13,12,11,11,21,26,14,10,0,3,3
0,0,0,0,6,0,5,0,0,0,11,29,53,46,18,11,12,9,10,15,25,13,8,0,5,3
5,0,3,0,9,0,4,0,0,0,7,22,46,34,9,11,9,0,13,11,15,11,6,0,0,0
0,0,0,0,6,6,7,0,0,12,25,50,52,58,52,43,40,14,27,30,17,9,10,0,4,10
0,0,0,0,3,0,0,0,0,9,25,41,55,72,59,51,50,7,33,21,12,9,11,0,0,0
0,0,0,0,4,0,0,0,0,12,57,76,77,82,73,57,53,50,25,33,8,10,10,0,0,4
0,0,0,0,6,0,0,0,8,27,76,94,95,96,89,64,58,56,40,23,6,7,0,0,0,0
6,0,0,6,0,0,0,0,0,25,72,90,90,96,61,62,60,65,55,47,11,4,7,0,0,0
5,0,0,0,0,0,0,0,0,35,83,95,95,86,76,69,61,67,65,55,6,0,10,0,0,0
8,0,0,0,0,0,0,0,0,38,63,77,83,72,75,70,69,66,65,51,11,7,11,0,3,4
6,0,0,0,7,5,0,6,6,50,75,93,99,86,80,87,75,66,58,54,13,12,9,0,8,10
6,0,0,0,0,0,9,0,9,41,78,98,103,101,89,92,78,67,69,53,43,9,6,0,0,8
9,0,0,11,10,7,7,6,0,38,100,106,119,110,103,102,94,93,92,55,25,7,6,0,6,4
0,0,0,0,4,0,0,0,0,40,101,113,114,98,102,101,85,107,100,68,25,11,0,0,5,9
5,0,0,0,0,0,11,0,0,16,92,110,109,110,108,104,90,111,103,85,52,13,10,0,0,5
5,0,0,0,0,0,7,0,0,15,100,104,111,113,112,106,90,103,100,81,28,9,0,0,4,5
8,0,0,0,0,7,7,0,6,14,96,108,112,114,110,104,101,102,101,88,41,7,11,0,4,9
10,0,0,5,7,7,9,0,5,40,88,103,108,112,108,90,99,101,100,88,61,12,12,0,5,5
6,0,0,6,10,10,9,0,0,37,95,105,106,110,111,97,96,104,101,67,54,32,18,0,5,4
8,0,0,7,8,10,11,4,6,54,97,89,108,109,104,94,103,112,105,101,75,39,14,0,6,0
7,0,5,11,18,13,0,0,0,55,104,105,111,118,123,104,106,113,104,98,68,52,21,0,7,12
0,0,0,6,10,7,0,0,0,51,91,107,90,91,88,69,68,80,81,80,64,37,13,0,5,5
0,0,0,8,10,6,0,0,0,36,83,104,100,92,86,82,74,69,68,81,63,33,14,0,6,7
6,0,5,7,6,0,0,0,0,42,68,94,79,82,86,86,78,80,71,82,71,25,10,0,0,11
5,4,6,0,0,0,0,0,0,18,82,95,91,86,84,100,88,85,101,77,77,51,12,0,4,9
8,0,5,8,8,0,0,0,0,13,66,86,83,81,69,81,83,80,75,78,65,44,13,0,9,7
8,0,0,7,0,0,0,0,0,27,63,79,83,87,67,67,69,74,73,73,67,50,16,0,9,10
8,0,0,7,7,0,0,0,0,32,62,75,84,75,65,58,62,66,75,76,71,52,14,0,7,9
8,0,0,7,9,0,0,0,9,14,60,75,83,84,70,58,62,66,75,76,72,53,15,0,8,11
6,0,6,10,8,0,5,0,0,12,55,70,82,78,72,58,58,63,72,76,69,52,16,0,10,9
0,0,0,5,0,6,4,7,0,12,59,77,83,78,68,57,55,59,64,74,65,50,15,0,9,9
9,0,0,6,10,6,7,5,0,9,59,79,81,82,72,56,52,57,64,73,70,46,20,0,8,9
0,0,8,7,7,5,8,0,0,0,54,70,76,76,69,57,52,56,67,76,65,45,14,0,0,9
0,5,5,7,0,7,7,0,0,0,50,68,73,80,68,57,50,55,63,72,65,39,16,0,0,10
6,0,0,0,0,5,4,0,0,6,17,64,77,77,68,57,40,55,57,68,58,25,14,0,4,6
5,0,0,0,0,0,0,0,0,8,21,58,77,81,64,54,33,50,56,77,64,14,11,0,0,4
7,0,6,0,7,0,0,0,0,12,43,59,76,109,76,55,35,57,60,111,84,40,11,0,7,10
0,0,0,0,0,0,5,5,0,0,16,59,75,120,69,55,33,50,51,82,77,30,9,0,0,0
0,0,0,5,0,0,6,8,0,0,13,45,66,72,53,28,12,13,14,51,55,14,10,0,0,0
0,0,0,4,0,0,0,0,0,0,12,29,54,52,27,17,14,13,12,30,23,13,9,0,0,0
0,0,0,0,0,0,0,0,0,0,10,25,51,50,21,13,12,12,11,21,27,14,10,0,3,3
0,0,0,0,6,0,5,0,0,0,11,29,53,46,18,11,12,9,10,15,26,13,8,0,5,0
5,0,3,0,9,0,4,0,0,0,7,22,46,34,10,11,9,0,13,11,15,11,6,0,0,0
